-20 0
0 0.0124851
20 0.025173
40 0.0382645
60 0.0519566
80 0.0664406
100 0.0818998
120 0.098507
140 0.116423
160 0.135792
180 0.156743
200 0.179381
220 0.20379
240 0.230027
260 0.258118
280 0.288061
300 0.319817
320 0.353311
340 0.388434
360 0.425036
380 0.462929
400 0.501888
420 0.541651
440 0.581924
460 0.62238
480 0.662666
500 0.702407
520 0.741214
540 0.778685
560 0.814417
580 0.848012
600 0.87908
620 0.907256
640 0.932197
660 0.953594
680 0.971181
700 0.984735
720 0.994083
740 0.999107
760 0.999745
780 0.995993
800 0.987904
820 0.975588
840 0.959209
860 0.938981
880 0.915164
900 0.888058
920 0.857996
940 0.825341
960 0.790473
980 0.753785
1000 0.715677
1020 0.676546
1040 0.636781
1060 0.596755
1080 0.556825
1100 0.517319
1120 0.478538
1140 0.440754
1160 0.404202
1180 0.369083
1200 0.335564
1220 0.303777
1240 0.273819
1260 0.245755
1280 0.219621
1300 0.195424
1320 0.173149
1340 0.152756
1360 0.134188
1380 0.117374
1400 0.102228
1420 0.0886573
1440 0.0765602
1460 0.0658323
1480 0.0563667
1500 0.048057
1520 0.0407984
1540 0.0344891
1560 0.0290319
1580 0.0243347
1600 0.0203111
1620 0.0168812
1640 0.0139711
1660 0.0115139
1680 0.00944883
1700 0.00772146
1720 0.0062833
1740 0.00509149
1760 0.0041084
1780 0.0033012
1800 0.00264147
1820 0.00210472
1840 0.00167001
1860 0.00131955
1880 0.00103827
1900 0.000813547
1920 0.000634809
1940 0.000493284
1960 0.000381729
1980 0.000294191
2000 0.000225808
2020 0.00017263
2040 0.000131466
2060 9.97508e-05
2080 7.54321e-05
2100 5.68791e-05
2120 4.28011e-05
2140 3.21827e-05
2160 2.42291e-05
2180 1.83216e-05
2200 1.39811e-05
2220 1.08389e-05
2240 8.61267e-06
2260 7.08756e-06
2280 6.10101e-06
2300 5.53068e-06
2320 5.28491e-06
2340 5.29522e-06
2360 5.51051e-06
2380 5.89237e-06
2400 6.41147e-06
2420 7.04476e-06
2440 7.77325e-06
2460 8.5803e-06
2480 9.45029e-06
2500 1.03675e-05
2520 1.13156e-05
2540 1.22765e-05
2560 1.32309e-05
2580 1.41572e-05
2600 1.50318e-05
2620 1.58295e-05
2640 1.65233e-05
2660 1.70849e-05
2680 1.74856e-05
2700 1.76963e-05
2720 1.76889e-05
2740 1.74367e-05
2760 1.69156e-05
2780 1.61046e-05
2800 1.49874e-05
2820 1.35528e-05
2840 1.17956e-05
2860 9.71781e-06
2880 7.3286e-06
2900 4.64513e-06
2920 1.6926e-06
2940 -1.49569e-06
2960 -4.87871e-06
2980 -8.40826e-06
3000 -1.20297e-05
3020 -1.56833e-05
3040 -1.9305e-05
3060 -2.28285e-05
3080 -2.61867e-05
3100 -2.93134e-05
3120 -3.2145e-05
3140 -3.46228e-05
3160 -3.66939e-05
3180 -3.83136e-05
3200 -3.94462e-05
3220 -4.00662e-05
3240 -4.01592e-05
3260 -3.97224e-05
3280 -3.87646e-05
3300 -3.73059e-05
3320 -3.53772e-05
3340 -3.30195e-05
3360 -3.02822e-05
3380 -2.72221e-05
3400 -2.39014e-05
3420 -2.03863e-05
3440 -1.67448e-05
3460 -1.30449e-05
3480 -9.35331e-06
3500 -5.73316e-06
3520 -2.24287e-06
3540 1.06512e-06
3560 4.14543e-06
3580 6.96046e-06
3600 9.48079e-06
3620 1.16854e-05
3640 1.35617e-05
3660 1.5105e-05
3680 1.63181e-05
3700 1.72104e-05
3720 1.77974e-05
3740 1.80995e-05
3760 1.81411e-05
3780 1.79493e-05
3800 1.75534e-05
3820 1.69835e-05
3840 1.627e-05
3860 1.54424e-05
3880 1.45291e-05
3900 1.35565e-05
3920 1.25488e-05
3940 1.15276e-05
3960 1.05117e-05
3980 9.51719e-06
4000 8.55716e-06
4020 7.64216e-06
4040 6.78009e-06
4060 5.9765e-06
4080 5.23486e-06
4100 4.55677e-06
4120 3.94226e-06
4140 3.39008e-06
4160 2.89791e-06
4180 2.46264e-06
4200 2.08059e-06
4220 1.74772e-06
4240 1.45974e-06
4260 1.21233e-06
4280 1.00122e-06
4300 8.22274e-07
4320 6.71585e-07
4340 5.45513e-07
4360 4.4068e-07
4380 3.54071e-07
4400 2.82952e-07
4420 2.24897e-07
4440 1.77806e-07
4460 1.39826e-07
4480 1.09372e-07
4500 8.51035e-08
4520 6.58703e-08
4540 5.0715e-08
4560 3.88432e-08
4580 2.95967e-08
4600 2.24316e-08
4620 1.6913e-08
4640 1.26896e-08
4660 9.46638e-09
4680 7.02781e-09
4700 5.19363e-09
4720 3.81107e-09
4740 2.78804e-09
4760 2.02883e-09
4780 1.46164e-09
4800 1.05571e-09
4820 7.52903e-10
4840 5.29169e-10
4860 3.76516e-10
4880 2.54305e-10
4900 1.66629e-10
4920 1.063e-10
4940 4.48932e-11
4960 0
