-20 0
0 -1.51819e-05
20 -3.01264e-05
40 -4.46005e-05
60 -5.83812e-05
80 -7.12591e-05
100 -8.30433e-05
120 -9.35645e-05
140 -0.000102679
160 -0.00011027
180 -0.000116253
200 -0.000120571
220 -0.000123202
240 -0.000124155
260 -0.000123469
280 -0.000121214
300 -0.000117484
320 -0.000112402
340 -0.000106107
360 -9.87585e-05
380 -9.05276e-05
400 -8.15945e-05
420 -7.21437e-05
440 -6.23596e-05
460 -5.24227e-05
480 -4.25056e-05
500 -3.27693e-05
520 -2.33608e-05
540 -1.44099e-05
560 -6.02813e-06
580 1.69313e-06
600 8.68289e-06
620 1.48908e-05
640 2.02865e-05
660 2.48587e-05
680 2.86139e-05
700 3.1574e-05
720 3.37752e-05
740 3.52648e-05
760 3.60995e-05
780 3.6343e-05
800 3.60632e-05
820 3.53307e-05
840 3.42166e-05
860 3.27904e-05
880 3.11192e-05
900 2.92656e-05
920 2.72876e-05
940 2.52373e-05
960 2.31605e-05
980 2.10968e-05
1000 1.90796e-05
1020 1.71357e-05
1040 1.52864e-05
1060 1.35474e-05
1080 1.19294e-05
1100 1.04389e-05
1120 9.07859e-06
1140 7.84793e-06
1160 6.74387e-06
1180 5.76127e-06
1200 4.89345e-06
1220 4.13268e-06
1240 3.47057e-06
1260 2.89831e-06
1280 2.40705e-06
1300 1.98812e-06
1320 1.63323e-06
1340 1.33449e-06
1360 1.08456e-06
1380 8.76748e-07
1400 7.05029e-07
1420 5.63996e-07
1440 4.4883e-07
1460 3.55315e-07
1480 2.79815e-07
1500 2.19229e-07
1520 1.709e-07
1540 1.32565e-07
1560 1.02311e-07
1580 7.85488e-08
1600 5.99824e-08
1620 4.55598e-08
1640 3.44278e-08
1660 2.58928e-08
1680 1.93922e-08
1700 1.44741e-08
1720 1.07811e-08
1740 8.03535e-09
1760 6.02628e-09
1780 4.59931e-09
1800 3.64784e-09
1820 3.10861e-09
1840 2.96075e-09
1860 3.22926e-09
1880 3.99371e-09
1900 5.40359e-09
1920 7.70261e-09
1940 1.12651e-08
1960 1.66492e-08
1980 2.46728e-08
2000 3.65221e-08
2020 5.39029e-08
2040 7.9253e-08
2060 1.16036e-07
2080 1.69146e-07
2100 2.45462e-07
2120 3.54606e-07
2140 5.09962e-07
2160 7.30058e-07
2180 1.04041e-06
2200 1.47596e-06
2220 2.08437e-06
2240 2.93022e-06
2260 4.10068e-06
2280 5.71268e-06
2300 7.92235e-06
2320 1.0937e-05
2340 1.50306e-05
2360 2.05629e-05
2380 2.80044e-05
2400 3.79666e-05
2420 5.12404e-05
2440 6.8843e-05
2460 9.20753e-05
2480 0.000122593
2500 0.000162489
2520 0.000214398
2540 0.000281617
2560 0.000368246
2580 0.000479357
2600 0.000621186
2620 0.00080136
2640 0.00102915
2660 0.00131575
2680 0.00167461
2700 0.00212178
2720 0.0026763
2740 0.0033606
2760 0.00420095
2780 0.00522792
2800 0.0064768
2820 0.0079881
2840 0.00980795
2860 0.0119885
2880 0.0145884
2900 0.0176728
2920 0.0213136
2940 0.0255897
2960 0.0305865
2980 0.0363959
3000 0.0431155
3020 0.0508481
3040 0.0597001
3060 0.069781
3080 0.081201
3100 0.0940692
3120 0.108492
3140 0.124569
3160 0.142393
3180 0.162045
3200 0.183589
3220 0.207073
3240 0.232526
3260 0.259948
3280 0.289315
3300 0.320573
3320 0.353634
3340 0.388377
3360 0.424644
3380 0.462243
3400 0.500945
3420 0.540487
3440 0.580572
3460 0.620875
3480 0.661042
3500 0.700701
3520 0.739461
3540 0.776923
3560 0.812682
3580 0.84634
3600 0.877509
3620 0.905818
3640 0.930924
3660 0.952514
3680 0.970318
3700 0.984109
3720 0.993707
3740 0.998991
3760 0.999891
3780 0.996398
3800 0.98856
3820 0.976481
3840 0.960319
3860 0.940285
3880 0.916635
3900 0.889666
3920 0.85971
3940 0.827126
3960 0.792296
3980 0.755614
4000 0.717479
4020 0.678293
4040 0.638446
4060 0.598316
4080 0.558261
4100 0.518615
4120 0.479683
4140 0.44174
4160 0.405025
4180 0.369745
4200 0.336067
4220 0.304128
4240 0.274027
4260 0.245831
4280 0.219577
4300 0.195275
4320 0.172909
4340 0.152439
4360 0.133809
4380 0.116946
4400 0.101766
4420 0.0881713
4440 0.076062
4460 0.0653315
4480 0.0558717
4500 0.0475749
4520 0.0403349
4540 0.0340487
4560 0.0286179
4580 0.0239494
4600 0.0199559
4620 0.0165565
4640 0.0136768
4660 0.0112493
4680 0.00921268
4700 0.00751226
4720 0.00609929
4740 0.00493075
4760 0.00396891
4780 0.00318094
4800 0.00253844
4820 0.002017
4840 0.00159578
4860 0.0012571
4880 0.000986042
4900 0.000770108
4920 0.000598879
4940 0.000463722
4960 0.000357527
4980 0.000274469
5000 0.000209804
5020 0.000159686
5040 0.000121019
5060 9.13228e-05
5080 6.86185e-05
5100 5.13381e-05
5120 3.82452e-05
5140 2.83696e-05
5160 2.09541e-05
5180 1.54108e-05
5200 1.12855e-05
5220 8.22926e-06
5240 5.97506e-06
5260 4.31983e-06
5280 3.10981e-06
5300 2.22919e-06
5320 1.59113e-06
5340 1.13086e-06
5360 8.00312e-07
5380 5.63972e-07
5400 3.95734e-07
5420 2.76502e-07
5440 1.92372e-07
5460 1.33271e-07
5480 9.1935e-08
5500 6.31506e-08
5520 4.31943e-08
5540 2.9419e-08
5560 1.99518e-08
5580 1.34739e-08
5600 9.0606e-09
5620 6.06704e-09
5640 4.04532e-09
5660 2.68588e-09
5680 1.77574e-09
5700 1.16904e-09
5720 7.66367e-10
5740 5.00271e-10
5760 3.25188e-10
5780 2.10487e-10
5800 1.35668e-10
5820 8.70747e-11
5840 5.56506e-11
5860 3.5417e-11
5880 2.24449e-11
5900 1.41641e-11
5920 8.90077e-12
5940 5.5697e-12
5960 3.47059e-12
5980 2.15349e-12
6000 1.33061e-12
6020 8.18708e-13
6040 5.01622e-13
6060 3.06052e-13
6080 1.85945e-13
6100 1.12499e-13
6120 6.77769e-14
6140 4.06621e-14
6160 2.42925e-14
6180 1.4452e-14
6200 8.56173e-15
6220 5.05091e-15
6240 2.96726e-15
6260 1.73587e-15
6280 1.01125e-15
6300 5.86649e-16
6320 3.38904e-16
6340 1.94965e-16
6360 1.11691e-16
6380 6.37174e-17
6400 3.61977e-17
6420 2.0478e-17
6440 1.15366e-17
6460 6.4722e-18
6480 3.61585e-18
6500 2.01166e-18
6520 1.11451e-18
6540 6.14897e-19
6560 3.37837e-19
6580 1.84841e-19
6600 1.00712e-19
6620 5.46452e-20
6640 2.95265e-20
6660 1.58878e-20
6680 8.51349e-21
6700 4.543e-21
6720 2.41418e-21
6740 1.27759e-21
6760 6.73298e-22
6780 3.5336e-22
6800 1.84681e-22
6820 9.61223e-23
6840 4.98221e-23
6860 2.57168e-23
6880 1.32194e-23
6900 6.7671e-24
6920 3.4498e-24
6940 1.7514e-24
6960 8.85476e-25
6980 4.4583e-25
7000 2.23545e-25
7020 1.11625e-25
7040 5.55088e-26
7060 2.74895e-26
7080 1.35574e-26
7100 6.6587e-27
7120 3.25693e-27
7140 1.58648e-27
7160 7.69605e-28
7180 3.718e-28
7200 1.78878e-28
7220 8.5707e-29
7240 4.08963e-29
7260 1.9434e-29
7280 9.19711e-30
7300 4.33463e-30
7320 2.03453e-30
7340 9.51021e-31
7360 4.4272e-31
7380 2.0525e-31
7400 9.47655e-32
7420 4.35746e-32
7440 1.99542e-32
7460 9.10017e-33
7480 4.13317e-33
7500 1.86954e-33
7520 8.42179e-34
7540 3.77827e-34
7560 1.68812e-34
7580 7.51159e-35
7600 3.32876e-35
7620 1.46911e-35
7640 6.45729e-36
7660 2.82662e-36
7680 1.23228e-36
7700 5.35026e-37
7720 2.31348e-37
7740 9.96282e-38
7760 4.27292e-38
7780 1.82513e-38
7800 7.7641e-39
7820 3.28939e-39
7840 1.38794e-39
7860 5.83247e-40
7880 2.44099e-40
7900 1.01744e-40
7920 4.2236e-41
7940 1.74618e-41
7960 7.19e-42
7980 2.9485e-42
8000 1.20422e-42
8020 4.89831e-43
8040 1.98437e-43
8060 8.00631e-44
8080 3.21721e-44
8100 1.28755e-44
8120 5.13197e-45
8140 2.03724e-45
8160 8.05454e-46
8180 3.1716e-46
8200 1.24381e-46
8220 4.85817e-47
8240 1.88987e-47
8260 7.32204e-48
8280 2.82537e-48
8300 1.08583e-48
8320 4.15615e-49
8340 1.5844e-49
8360 6.01566e-50
8380 2.27482e-50
8400 8.56758e-51
8420 3.21377e-51
8440 1.20066e-51
8460 4.46758e-52
8480 1.65567e-52
8500 6.11115e-53
8520 2.24658e-53
8540 8.2257e-54
8560 2.99967e-54
8580 1.0895e-54
8600 3.94123e-55
8620 1.42e-55
8640 5.09567e-56
8660 1.82124e-56
8680 6.48315e-57
8700 2.29859e-57
8720 8.11695e-58
8740 2.85483e-58
8760 1.00006e-58
8780 3.48921e-59
8800 1.21252e-59
8820 4.19669e-60
8840 1.44673e-60
8860 4.96736e-61
8880 1.69873e-61
8900 5.7861e-62
8920 1.96295e-62
8940 6.63277e-63
8960 2.23225e-63
8980 7.48265e-64
9000 2.49823e-64
9020 8.30757e-65
9040 2.75157e-65
9060 9.07724e-66
9080 2.98259e-66
9100 9.76115e-67
9120 3.18182e-67
9140 1.03305e-67
9160 3.34066e-68
9180 1.07601e-68
9200 3.45197e-69
9220 1.10304e-69
9240 3.51064e-70
9260 1.11289e-70
9280 3.51393e-71
9300 1.10511e-71
9320 3.46173e-72
9340 1.08007e-72
9360 3.35653e-73
9380 1.03897e-73
9400 3.20325e-74
9420 9.83683e-75
9440 3.00883e-75
9460 9.16681e-76
9480 2.78174e-76
9500 8.40804e-77
9520 2.53135e-77
9540 7.59086e-78
9560 2.26731e-78
9580 6.74545e-79
9600 1.99891e-79
9620 5.90009e-80
9640 1.73463e-80
9660 5.07972e-81
9680 1.48169e-81
9700 4.30486e-82
9720 1.24579e-82
9740 3.59104e-83
9760 1.03105e-83
9780 2.94869e-84
9800 8.39971e-85
9820 2.38335e-85
9840 6.736e-86
9860 1.89629e-86
9880 5.31721e-87
9900 1.48454e-87
9920 4.10818e-88
9940 1.05815e-88
9960 0
