-10 0
0 1.36899e-15
10 -4.76483e-15
20 1.38242e-15
30 4.10747e-15
40 1.91888e-14
50 1.26332e-14
60 9.0602e-15
70 1.04154e-14
80 1.15286e-14
90 1.164e-14
100 1.08097e-14
110 1.54492e-14
120 1.08436e-15
130 1.19884e-15
140 9.57933e-15
150 8.55069e-15
160 1.0837e-14
170 9.72809e-15
180 -3.05457e-15
190 1.12424e-14
200 3.3931e-15
210 1.21869e-14
220 1.11392e-14
230 1.26124e-14
240 1.46485e-14
250 1.6769e-14
260 1.04976e-14
270 1.33452e-14
280 1.36464e-14
290 4.73982e-15
300 2.0525e-14
310 2.17074e-14
320 1.61826e-14
330 1.01464e-14
340 9.98002e-15
350 1.62596e-14
360 2.26243e-14
370 2.82467e-14
380 2.80312e-14
390 1.81782e-14
400 2.2021e-14
410 2.3756e-14
420 2.26026e-14
430 1.11086e-14
440 9.53222e-15
450 3.33928e-15
460 1.98084e-14
470 2.04531e-14
480 1.77417e-14
490 1.26487e-14
500 1.36114e-14
510 1.46522e-14
520 4.65958e-15
530 5.70601e-15
540 1.25032e-14
550 1.51852e-14
560 1.17984e-14
570 2.32063e-14
580 2.36113e-14
590 2.7107e-14
600 2.05828e-14
610 1.90062e-14
620 1.743e-14
630 2.69622e-14
640 2.19142e-14
650 1.64908e-14
660 1.74703e-14
670 1.72785e-14
680 1.72023e-14
690 1.98433e-14
700 2.16011e-14
710 1.69141e-14
720 2.36074e-14
730 2.49673e-14
740 2.51962e-14
750 1.77642e-14
760 1.67239e-14
770 2.64194e-14
780 1.86809e-14
790 2.15503e-14
800 2.16661e-14
810 -1.944e-15
820 1.00521e-15
830 6.6046e-15
840 6.6825e-15
850 5.1408e-15
860 -2.58227e-16
870 6.11634e-15
880 9.20735e-15
890 7.3329e-15
900 8.15028e-15
910 4.14796e-15
920 3.59896e-15
930 1.61826e-14
940 6.03409e-15
950 1.55002e-14
960 2.80785e-14
970 2.45036e-14
980 2.34697e-14
990 2.0076e-14
1000 1.93078e-14
1010 1.94261e-14
1020 2.08126e-14
1030 2.91478e-14
1040 2.77844e-14
1050 2.82518e-14
1060 2.08734e-14
1070 2.42978e-14
1080 1.34517e-14
1090 1.42029e-14
1100 1.63201e-14
1110 1.09943e-14
1120 1.70715e-14
1130 1.76817e-14
1140 1.47404e-14
1150 1.9191e-14
1160 2.2976e-14
1170 1.68459e-14
1180 2.73838e-14
1190 2.66715e-14
1200 2.6777e-14
1210 2.12548e-14
1220 2.93272e-14
1230 2.39431e-14
1240 9.29098e-15
1250 1.52475e-14
1260 1.36468e-14
1270 5.91072e-15
1280 5.7055e-15
1290 1.22297e-14
1300 1.11437e-14
1310 1.40635e-14
1320 1.61011e-14
1330 1.33003e-14
1340 1.63323e-14
1350 1.60255e-14
1360 1.56971e-14
1370 1.57511e-14
1380 2.71943e-14
1390 2.91975e-14
1400 3.11781e-14
1410 3.08e-14
1420 3.56739e-14
1430 3.82101e-14
1440 3.86662e-14
1450 4.31294e-14
1460 3.37574e-14
1470 3.54843e-14
1480 2.71464e-14
1490 2.29598e-14
1500 2.28111e-14
1510 8.94727e-15
1520 1.00684e-14
1530 -1.07995e-15
1540 1.14714e-15
1550 -2.66993e-15
1560 -7.06692e-15
1570 7.39984e-16
1580 8.96401e-15
1590 3.70041e-15
1600 3.53751e-15
1610 -4.75874e-15
1620 2.59004e-15
1630 1.10462e-14
1640 5.60481e-15
1650 1.12306e-14
1660 1.0661e-14
1670 1.25048e-14
1680 8.16181e-16
1690 9.29296e-15
1700 1.09319e-14
1710 1.5309e-14
1720 1.87171e-14
1730 2.46434e-14
1740 3.05695e-14
1750 3.58254e-14
1760 2.65077e-14
1770 2.21127e-14
1780 2.49144e-14
1790 2.35111e-14
1800 2.18513e-14
1810 2.71509e-14
1820 1.24345e-14
1830 8.14199e-15
1840 4.61299e-15
1850 -1.29935e-14
1860 -2.46891e-14
1870 -5.97541e-14
1880 -4.29994e-14
1890 9.83727e-14
1900 5.33255e-13
1910 1.60415e-12
1920 3.80382e-12
1930 7.66685e-12
1940 1.31949e-11
1950 1.8183e-11
1960 1.41766e-11
1970 -2.24792e-11
1980 -1.49429e-10
1990 -4.95091e-10
2000 -1.32835e-09
2010 -3.1855e-09
2020 -7.09475e-09
2030 -1.49619e-08
2040 -3.02169e-08
2050 -5.88717e-08
2060 -1.11216e-07
2070 -2.04477e-07
2080 -3.66916e-07
2090 -6.44019e-07
2100 -1.10769e-06
2110 -1.86968e-06
2120 -3.10085e-06
2130 -5.05845e-06
2140 -8.12403e-06
2150 -1.28554e-05
2160 -2.0057e-05
2170 -3.08728e-05
2180 -4.69092e-05
2190 -7.0393e-05
2200 -0.000104372
2210 -0.000152969
2220 -0.00022169
2230 -0.00031781
2240 -0.000450819
2250 -0.000632966
2260 -0.000879875
2270 -0.00121125
2280 -0.00165168
2290 -0.00223147
2300 -0.00298759
2310 -0.00396465
2320 -0.00521581
2330 -0.00680375
2340 -0.00880154
2350 -0.0112933
2360 -0.0143748
2370 -0.0181535
2380 -0.0227489
2390 -0.0282916
2400 -0.0349225
2410 -0.0427913
2420 -0.0520547
2430 -0.0628731
2440 -0.0754077
2450 -0.0898169
2460 -0.106251
2470 -0.124848
2480 -0.145729
2490 -0.16899
2500 -0.194699
2510 -0.22289
2520 -0.253556
2530 -0.286649
2540 -0.322069
2550 -0.359668
2560 -0.399244
2570 -0.440543
2580 -0.48326
2590 -0.527039
2600 -0.571479
2610 -0.616141
2620 -0.660552
2630 -0.704216
2640 -0.746622
2650 -0.787254
2660 -0.825602
2670 -0.861174
2680 -0.893504
2690 -0.922165
2700 -0.946777
2710 -0.967017
2720 -0.982624
2730 -0.993406
2740 -0.999241
2750 -1.00008
2760 -0.995965
2770 -0.986982
2780 -0.973307
2790 -0.955174
2800 -0.932875
2810 -0.906752
2820 -0.87719
2830 -0.844606
2840 -0.809441
2850 -0.77215
2860 -0.733193
2870 -0.693024
2880 -0.652089
2890 -0.61081
2900 -0.569589
2910 -0.528791
2920 -0.488752
2930 -0.449766
2940 -0.412089
2950 -0.375936
2960 -0.341482
2970 -0.308862
2980 -0.278172
2990 -0.249477
3000 -0.222804
3010 -0.198154
3020 -0.175502
3030 -0.1548
3040 -0.135982
3050 -0.118965
3060 -0.103657
3070 -0.0899559
3080 -0.0777537
3090 -0.0669395
3100 -0.0574015
3110 -0.0490291
3120 -0.0417141
3130 -0.0353525
3140 -0.0298452
3150 -0.0250989
3160 -0.0210266
3170 -0.0175479
3180 -0.0145893
3190 -0.0120839
3200 -0.00997111
3210 -0.00819707
3220 -0.00671364
3230 -0.00547836
3240 -0.00445394
3250 -0.00360783
3260 -0.00291181
3270 -0.00234156
3280 -0.00187619
3290 -0.00149792
3300 -0.00119164
3310 -0.000944612
3320 -0.000746144
3330 -0.000587299
3340 -0.000460649
3350 -0.000360048
3360 -0.00028044
3370 -0.000217677
3380 -0.000168378
3390 -0.000129798
3400 -9.97153e-05
3410 -7.63443e-05
3420 -5.82529e-05
3430 -4.42988e-05
3440 -3.35741e-05
3450 -2.53607e-05
3460 -1.90928e-05
3470 -1.43263e-05
3480 -1.07143e-05
3490 -7.98653e-06
3500 -5.93373e-06
3510 -4.39418e-06
3520 -3.2435e-06
3530 -2.38638e-06
3540 -1.7501e-06
3550 -1.27935e-06
3560 -9.32225e-07
3570 -6.7712e-07
3580 -4.90263e-07
3590 -3.53847e-07
3600 -2.54583e-07
3610 -1.8259e-07
3620 -1.30546e-07
3630 -9.30454e-08
3640 -6.6111e-08
3650 -4.68281e-08
3660 -3.30672e-08
3670 -2.32783e-08
3680 -1.6337e-08
3690 -1.14306e-08
3700 -7.97335e-09
3710 -5.54493e-09
3720 -3.84448e-09
3730 -2.65751e-09
3740 -1.8315e-09
3750 -1.25847e-09
3760 -8.62166e-10
3770 -5.8892e-10
3780 -4.01089e-10
3790 -2.72382e-10
3800 -1.84439e-10
3810 -1.24528e-10
3820 -8.38438e-11
3830 -5.63139e-11
3840 -3.7716e-11
3850 -2.52049e-11
3860 -1.68221e-11
3870 -1.12061e-11
3880 -7.46164e-12
3890 -4.95478e-12
3900 -3.30065e-12
3910 -2.20149e-12
3920 -1.47536e-12
3930 -9.94463e-13
3940 -6.76574e-13
3950 -4.7749e-13
3960 -3.51801e-13
3970 -2.68398e-13
3980 -2.14907e-13
3990 -1.87171e-13
4000 -1.57797e-13
4010 -1.46539e-13
4020 -1.38671e-13
4030 -1.30362e-13
4040 -1.22567e-13
4050 -1.18976e-13
4060 -1.2301e-13
4070 -1.18539e-13
4080 -1.13784e-13
4090 -1.13e-13
4100 -1.03799e-13
4110 -1.05822e-13
4120 -1.00062e-13
4130 -1.04327e-13
4140 -1.05818e-13
4150 -9.89372e-14
4160 -8.82886e-14
4170 -8.42765e-14
4180 -8.69914e-14
4190 -7.91875e-14
4200 -7.924e-14
4210 -7.04273e-14
4220 -7.24508e-14
4230 -7.54526e-14
4240 -7.74415e-14
4250 -8.90587e-14
4260 -8.22285e-14
4270 -9.17399e-14
4280 -9.02905e-14
4290 -9.11608e-14
4300 -8.86977e-14
4310 -7.91469e-14
4320 -7.92867e-14
4330 -8.44659e-14
4340 -9.31185e-14
4350 -8.33211e-14
4360 -8.20816e-14
4370 -7.69141e-14
4380 -8.01684e-14
4390 -7.75188e-14
4400 -7.64099e-14
4410 -7.86756e-14
4420 -8.1901e-14
4430 -8.53382e-14
4440 -1.01862e-13
4450 -1.00803e-13
4460 -9.26923e-14
4470 -1.00804e-13
4480 -9.37142e-14
4490 -9.59299e-14
4500 -9.13621e-14
4510 -9.08127e-14
4520 -1.02982e-13
4530 -9.81365e-14
4540 -1.07447e-13
4550 -9.81326e-14
4560 -1.0601e-13
4570 -9.23207e-14
4580 -8.65748e-14
4590 -8.26062e-14
4600 -7.49542e-14
4610 -7.21961e-14
4620 -7.29104e-14
4630 -6.90089e-14
4640 -6.32721e-14
4650 -7.24544e-14
4660 -6.89142e-14
4670 -6.43788e-14
4680 -6.93161e-14
4690 -6.14481e-14
4700 -6.32351e-14
4710 -6.3607e-14
4720 -6.31127e-14
4730 -6.05547e-14
4740 -7.04305e-14
4750 -6.21971e-14
4760 -7.70273e-14
4770 -7.49404e-14
4780 -6.81825e-14
4790 -6.44494e-14
4800 -6.11579e-14
4810 -6.20246e-14
4820 -6.45179e-14
4830 -6.62816e-14
4840 -6.79133e-14
4850 -6.296e-14
4860 -6.74203e-14
4870 -7.90168e-14
4880 -8.11028e-14
4890 -9.23395e-14
4900 -7.44038e-14
4910 -7.56032e-14
4920 -7.40679e-14
4930 -7.66382e-14
4940 -7.33469e-14
4950 -7.90554e-14
4960 -7.67797e-14
4970 -6.87269e-14
4980 -7.25955e-14
4990 -7.61003e-14
5000 -7.40862e-14
5010 -7.10091e-14
5020 -7.92615e-14
5030 -8.11446e-14
5040 -8.85195e-14
5050 -8.76653e-14
5060 -8.21174e-14
5070 -8.30024e-14
5080 -8.94397e-14
5090 -9.23677e-14
5100 -8.2653e-14
5110 -7.26322e-14
5120 -8.09341e-14
5130 -7.55377e-14
5140 -7.99143e-14
5150 -8.1103e-14
5160 -1.01754e-13
5170 -9.47789e-14
5180 -1.03369e-13
5190 -1.08369e-13
5200 -1.02131e-13
5210 -1.03226e-13
5220 -1.06042e-13
5230 -1.06054e-13
5240 -1.00925e-13
5250 -9.84878e-14
5260 -9.88279e-14
5270 -9.42655e-14
5280 -9.57549e-14
5290 -1.03498e-13
5300 -1.03658e-13
5310 -1.16051e-13
5320 -1.23744e-13
5330 -1.24931e-13
5340 -1.34013e-13
5350 -1.31116e-13
5360 -1.33785e-13
5370 -1.33909e-13
5380 -1.31691e-13
5390 -1.16555e-13
5400 -1.18467e-13
5410 -1.12782e-13
5420 -1.2335e-13
5430 -1.24591e-13
5440 -1.20234e-13
5450 -1.18984e-13
5460 -1.21489e-13
5470 -1.30646e-13
5480 -1.1565e-13
5490 -1.28e-13
5500 -1.19652e-13
5510 -1.26089e-13
5520 -1.2758e-13
5530 -1.27718e-13
5540 -1.27555e-13
5550 -1.31121e-13
5560 -1.25832e-13
5570 -1.34647e-13
5580 -1.30762e-13
5590 -1.35773e-13
5600 -1.36116e-13
5610 -1.35284e-13
5620 -1.33167e-13
5630 -1.39107e-13
5640 -1.44176e-13
5650 -1.45724e-13
5660 -1.49371e-13
5670 -1.52573e-13
5680 -1.49006e-13
5690 -1.4762e-13
5700 -1.56604e-13
5710 -1.55331e-13
5720 -1.44284e-13
5730 -1.4775e-13
5740 -1.46676e-13
5750 -1.56351e-13
5760 -1.52859e-13
5770 -1.48009e-13
5780 -1.49764e-13
5790 -1.40756e-13
5800 -1.51244e-13
5810 -1.56075e-13
5820 -1.41159e-13
5830 -1.45257e-13
5840 -1.43426e-13
5850 -1.45796e-13
5860 -1.54178e-13
5870 -1.49452e-13
5880 -1.48615e-13
5890 -1.42191e-13
5900 -1.35284e-13
5910 -1.28294e-13
5920 -1.33839e-13
5930 -1.33601e-13
5940 -1.48565e-13
5950 -1.54024e-13
5960 -1.65941e-13
5970 -1.73225e-13
5980 -1.96292e-13
5990 -2.1143e-13
6000 -2.53136e-13
6010 -3.10719e-13
6020 -4.02704e-13
6030 -5.3547e-13
6040 -7.38122e-13
6050 -1.05495e-12
6060 -1.51059e-12
6070 -2.25098e-12
6080 -3.33749e-12
6090 -4.99423e-12
6100 -7.49976e-12
6110 -1.12526e-11
6120 -1.68752e-11
6130 -2.52724e-11
6140 -3.77886e-11
6150 -5.63752e-11
6160 -8.39136e-11
6170 -1.24603e-10
6180 -1.84495e-10
6190 -2.72441e-10
6200 -4.0115e-10
6210 -5.88976e-10
6220 -8.62213e-10
6230 -1.25853e-09
6240 -1.83155e-09
6250 -2.65755e-09
6260 -3.84454e-09
6270 -5.54496e-09
6280 -7.97338e-09
6290 -1.14306e-08
6300 -1.6337e-08
6310 -2.32783e-08
6320 -3.30672e-08
6330 -4.68281e-08
6340 -6.6111e-08
6350 -9.30454e-08
6360 -1.30546e-07
6370 -1.8259e-07
6380 -2.54583e-07
6390 -3.53847e-07
6400 -4.90263e-07
6410 -6.7712e-07
6420 -9.32225e-07
6430 -1.27935e-06
6440 -1.7501e-06
6450 -2.38638e-06
6460 -3.2435e-06
6470 -4.39418e-06
6480 -5.93373e-06
6490 -7.98653e-06
6500 -1.07143e-05
6510 -1.43263e-05
6520 -1.90928e-05
6530 -2.53607e-05
6540 -3.35741e-05
6550 -4.42988e-05
6560 -5.82529e-05
6570 -7.63443e-05
6580 -9.97153e-05
6590 -0.000129798
6600 -0.000168378
6610 -0.000217677
6620 -0.00028044
6630 -0.000360048
6640 -0.000460649
6650 -0.000587299
6660 -0.000746144
6670 -0.000944612
6680 -0.00119164
6690 -0.00149792
6700 -0.00187619
6710 -0.00234156
6720 -0.00291181
6730 -0.00360783
6740 -0.00445394
6750 -0.00547836
6760 -0.00671364
6770 -0.00819707
6780 -0.00997111
6790 -0.0120839
6800 -0.0145893
6810 -0.0175479
6820 -0.0210266
6830 -0.0250989
6840 -0.0298452
6850 -0.0353525
6860 -0.0417141
6870 -0.0490291
6880 -0.0574015
6890 -0.0669395
6900 -0.0777537
6910 -0.0899559
6920 -0.103657
6930 -0.118965
6940 -0.135982
6950 -0.1548
6960 -0.175502
6970 -0.198154
6980 -0.222804
6990 -0.249477
7000 -0.278172
7010 -0.308862
7020 -0.341482
7030 -0.375936
7040 -0.412089
7050 -0.449766
7060 -0.488752
7070 -0.528791
7080 -0.569589
7090 -0.61081
7100 -0.652089
7110 -0.693024
7120 -0.733193
7130 -0.77215
7140 -0.809441
7150 -0.844606
7160 -0.87719
7170 -0.906752
7180 -0.932875
7190 -0.955174
7200 -0.973307
7210 -0.986982
7220 -0.995965
7230 -1.00008
7240 -0.999241
7250 -0.993406
7260 -0.982624
7270 -0.967017
7280 -0.946777
7290 -0.922165
7300 -0.893504
7310 -0.861174
7320 -0.825602
7330 -0.787254
7340 -0.746622
7350 -0.704216
7360 -0.660552
7370 -0.616141
7380 -0.571479
7390 -0.527039
7400 -0.48326
7410 -0.440543
7420 -0.399244
7430 -0.359668
7440 -0.322069
7450 -0.286649
7460 -0.253556
7470 -0.22289
7480 -0.194699
7490 -0.16899
7500 -0.145729
7510 -0.124848
7520 -0.106251
7530 -0.0898169
7540 -0.0754077
7550 -0.0628731
7560 -0.0520547
7570 -0.0427913
7580 -0.0349225
7590 -0.0282916
7600 -0.0227489
7610 -0.0181535
7620 -0.0143748
7630 -0.0112933
7640 -0.00880154
7650 -0.00680375
7660 -0.00521581
7670 -0.00396465
7680 -0.00298759
7690 -0.00223147
7700 -0.00165168
7710 -0.00121125
7720 -0.000879875
7730 -0.000632966
7740 -0.000450819
7750 -0.00031781
7760 -0.00022169
7770 -0.000152969
7780 -0.000104372
7790 -7.0393e-05
7800 -4.69092e-05
7810 -3.08728e-05
7820 -2.0057e-05
7830 -1.28554e-05
7840 -8.12403e-06
7850 -5.05845e-06
7860 -3.10085e-06
7870 -1.86968e-06
7880 -1.10769e-06
7890 -6.44019e-07
7900 -3.66916e-07
7910 -2.04477e-07
7920 -1.11216e-07
7930 -5.88719e-08
7940 -3.0217e-08
7950 -1.49621e-08
7960 -7.09489e-09
7970 -3.18563e-09
7980 -1.32849e-09
7990 -4.9525e-10
8000 -1.49581e-10
8010 -2.26349e-11
8020 1.40291e-11
8030 1.80238e-11
8040 1.30609e-11
8050 7.53253e-12
8060 3.67805e-12
8070 1.47007e-12
8080 3.87751e-13
8090 -6.03334e-14
8100 -2.03739e-13
8110 -2.19304e-13
8120 -1.97086e-13
8130 -1.76401e-13
8140 -1.60818e-13
8150 -1.5735e-13
8160 -1.60067e-13
8170 -1.53498e-13
8180 -1.51419e-13
8190 -1.61112e-13
8200 -1.56818e-13
8210 -1.54181e-13
8220 -1.57859e-13
8230 -1.63212e-13
8240 -1.61349e-13
8250 -1.72049e-13
8260 -1.60435e-13
8270 -1.55278e-13
8280 -1.57834e-13
8290 -1.52813e-13
8300 -1.50847e-13
8310 -1.54485e-13
8320 -1.66682e-13
8330 -1.61562e-13
8340 -1.62132e-13
8350 -1.58764e-13
8360 -1.65218e-13
8370 -1.72966e-13
8380 -1.6753e-13
8390 -1.80952e-13
8400 -1.82655e-13
8410 -1.70835e-13
8420 -1.78885e-13
8430 -1.81841e-13
8440 -1.7383e-13
8450 -1.6935e-13
8460 -1.67744e-13
8470 -1.82112e-13
8480 -1.8234e-13
8490 -1.70959e-13
8500 -1.77122e-13
8510 -1.75448e-13
8520 -1.75846e-13
8530 -1.7393e-13
8540 -1.78464e-13
8550 -1.7601e-13
8560 -1.77133e-13
8570 -1.63176e-13
8580 -1.67618e-13
8590 -1.6442e-13
8600 -1.71107e-13
8610 -1.60631e-13
8620 -1.66433e-13
8630 -1.6991e-13
8640 -1.67467e-13
8650 -1.70202e-13
8660 -1.64201e-13
8670 -1.70464e-13
8680 -1.66561e-13
8690 -1.73355e-13
8700 -1.79199e-13
8710 -1.69593e-13
8720 -1.70732e-13
8730 -1.66987e-13
8740 -1.69619e-13
8750 -1.73545e-13
8760 -1.67094e-13
8770 -1.68182e-13
8780 -1.67981e-13
8790 -1.6918e-13
8800 -1.64838e-13
8810 -1.6118e-13
8820 -1.69708e-13
8830 -1.72455e-13
8840 -1.70743e-13
8850 -1.70373e-13
8860 -1.81855e-13
8870 -1.72369e-13
8880 -1.62495e-13
8890 -1.65778e-13
8900 -1.66432e-13
8910 -1.7113e-13
8920 -1.70043e-13
8930 -1.69467e-13
8940 -1.56703e-13
8950 -1.48888e-13
8960 -1.49463e-13
8970 -1.54114e-13
8980 -1.57519e-13
8990 -1.47564e-13
9000 -1.57347e-13
9010 -1.58587e-13
9020 -1.61459e-13
9030 -1.57702e-13
9040 -1.56703e-13
9050 -1.56856e-13
9060 -1.55428e-13
9070 -1.58832e-13
9080 -1.64036e-13
9090 -1.589e-13
9100 -1.5943e-13
9110 -1.61102e-13
9120 -1.63499e-13
9130 -1.5929e-13
9140 -1.55337e-13
9150 -1.48794e-13
9160 -1.41137e-13
9170 -1.46175e-13
9180 -1.4285e-13
9190 -1.38295e-13
9200 -1.41759e-13
9210 -1.44598e-13
9220 -1.50142e-13
9230 -1.48059e-13
9240 -1.5104e-13
9250 -1.5067e-13
9260 -1.3455e-13
9270 -1.27383e-13
9280 -1.4285e-13
9290 -1.36363e-13
9300 -1.28671e-13
9310 -1.34488e-13
9320 -1.37609e-13
9330 -1.34586e-13
9340 -1.41606e-13
9350 -1.27725e-13
9360 -1.18982e-13
9370 -1.25579e-13
9380 -1.25761e-13
9390 -1.2599e-13
9400 -1.27825e-13
9410 -1.16031e-13
9420 -1.13393e-13
9430 -1.09782e-13
9440 -1.13036e-13
9450 -1.11151e-13
9460 -9.74578e-14
9470 -1.11343e-13
9480 -1.07487e-13
9490 -9.82721e-14
9500 -9.70049e-14
9510 -9.74936e-14
9520 -1.00265e-13
9530 -1.10509e-13
9540 -1.14552e-13
9550 -1.09574e-13
9560 -1.21629e-13
9570 -1.11215e-13
9580 -1.02482e-13
9590 -1.0436e-13
9600 -9.91293e-14
9610 -8.90491e-14
9620 -8.52595e-14
9630 -9.37105e-14
9640 -8.65195e-14
9650 -9.2836e-14
9660 -8.6603e-14
9670 -8.54854e-14
9680 -8.51926e-14
9690 -8.94053e-14
9700 -8.47685e-14
9710 -9.15539e-14
9720 -8.36081e-14
9730 -8.42466e-14
9740 -8.97645e-14
9750 -8.92483e-14
9760 -8.55172e-14
9770 -8.70986e-14
9780 -8.0814e-14
9790 -8.48209e-14
9800 -9.00406e-14
9810 -9.14798e-14
9820 -9.95644e-14
9830 -9.82916e-14
9840 -9.43854e-14
9850 -9.46942e-14
9860 -9.89697e-14
9870 -8.71629e-14
9880 -8.83809e-14
9890 -7.37563e-14
9900 -7.13812e-14
9910 -8.25013e-14
9920 -8.39875e-14
9930 -8.52095e-14
9940 -8.77772e-14
9950 -8.96711e-14
9960 -7.91206e-14
9970 -8.73156e-14
9980 -8.20734e-14
9990 -8.30947e-14
10000 -8.87318e-14
10010 -9.05735e-14
10020 -8.66455e-14
10030 -8.82726e-14
10040 -8.49343e-14
10050 -8.80828e-14
10060 -8.61916e-14
10070 -8.65509e-14
10080 -8.95629e-14
10090 -9.06899e-14
10100 -7.98204e-14
10110 -7.97862e-14
10120 -8.06414e-14
10130 -9.11689e-14
10140 -9.36029e-14
10150 -9.08173e-14
10160 -8.34365e-14
10170 -9.51778e-14
10180 -9.60212e-14
10190 -1.00554e-13
10200 -9.33693e-14
10210 -1.00374e-13
10220 -1.05613e-13
10230 -1.11382e-13
10240 -1.00509e-13
10250 -1.02762e-13
10260 -9.2208e-14
10270 -9.62794e-14
10280 -9.83181e-14
10290 -1.09196e-13
10300 -9.49394e-14
10310 -9.66603e-14
10320 -9.03702e-14
10330 -8.55e-14
10340 -8.25343e-14
10350 -8.42105e-14
10360 -8.00205e-14
10370 -8.02373e-14
10380 -7.41848e-14
10390 -7.50902e-14
10400 -7.55598e-14
10410 -6.83756e-14
10420 -7.65542e-14
10430 -7.76413e-14
10440 -9.39631e-14
10450 -8.27181e-14
10460 -8.38944e-14
10470 -8.11722e-14
10480 -9.06578e-14
10490 -8.14952e-14
10500 -8.01488e-14
10510 -7.44512e-14
10520 -7.4769e-14
10530 -7.57835e-14
10540 -8.20047e-14
10550 -8.46526e-14
10560 -8.38506e-14
10570 -8.49425e-14
10580 -9.0683e-14
10590 -8.75274e-14
10600 -8.72603e-14
10610 -9.1257e-14
10620 -8.66287e-14
10630 -8.76753e-14
10640 -9.12753e-14
10650 -8.54518e-14
10660 -9.33368e-14
10670 -8.53999e-14
10680 -8.36478e-14
10690 -8.17935e-14
10700 -8.19942e-14
10710 -7.79115e-14
10720 -7.23808e-14
10730 -7.10293e-14
10740 -6.94196e-14
10750 -7.45795e-14
10760 -6.72633e-14
10770 -6.44839e-14
10780 -6.63203e-14
10790 -6.20646e-14
10800 -7.28224e-14
10810 -6.85181e-14
10820 -6.78051e-14
10830 -6.39467e-14
10840 -5.67155e-14
10850 -5.86394e-14
10860 -5.64464e-14
10870 -4.75176e-14
10880 -5.10419e-14
10890 -5.08914e-14
10900 -6.30472e-14
10910 -6.73873e-14
10920 -5.57973e-14
10930 -4.97563e-14
10940 -4.24207e-14
10950 -4.10618e-14
10960 -4.24913e-14
10970 -4.30664e-14
10980 -4.55368e-14
10990 -4.06003e-14
11000 -4.02278e-14
11010 -4.16816e-14
11020 -4.05519e-14
11030 -3.89356e-14
11040 -3.11926e-14
11050 -3.26986e-14
11060 -2.29628e-14
11070 -3.04121e-14
11080 -2.14961e-14
11090 -2.73925e-14
11100 -3.01892e-14
11110 -2.86416e-14
11120 -2.47277e-14
11130 -2.37378e-14
11140 -1.66836e-14
11150 -2.74497e-14
11160 -3.21299e-14
11170 -3.468e-14
11180 -3.111e-14
11190 -2.10457e-14
11200 -2.29782e-14
11210 -2.34387e-14
11220 -2.9208e-14
11230 -4.25925e-14
11240 -3.77957e-14
11250 -3.12321e-14
11260 -3.60287e-14
11270 -2.74889e-14
11280 -3.00561e-14
11290 -3.17477e-14
11300 -2.93773e-14
11310 -3.14404e-14
11320 -3.31443e-14
11330 -2.93641e-14
11340 -3.4639e-14
11350 -3.5037e-14
11360 -4.51898e-14
11370 -4.20542e-14
11380 -4.39356e-14
11390 -4.83495e-14
11400 -5.95958e-14
11410 -5.70653e-14
11420 -5.05359e-14
11430 -4.83226e-14
11440 -4.67072e-14
11450 -5.33738e-14
11460 -5.72015e-14
11470 -5.82725e-14
11480 -5.96768e-14
11490 -5.10722e-14
11500 -5.54338e-14
11510 -5.94783e-14
11520 -5.8742e-14
11530 -5.61108e-14
11540 -5.25612e-14
11550 -5.33783e-14
11560 -7.05778e-14
11570 -6.16087e-14
11580 -6.35248e-14
11590 -5.44447e-14
11600 -6.52163e-14
11610 -4.8038e-14
11620 -6.27266e-14
11630 -7.79502e-14
11640 -9.4867e-14
11650 -8.95785e-14
11660 -8.30462e-14
11670 -8.23776e-14
11680 -7.61509e-14
11690 -8.76382e-14
11700 -8.91917e-14
11710 -9.57084e-14
11720 -9.1452e-14
11730 -9.19408e-14
11740 -8.48839e-14
11750 -8.66027e-14
11760 -8.57049e-14
11770 -8.2195e-14
11780 -8.13104e-14
11790 -8.8467e-14
11800 -9.31109e-14
11810 -9.15827e-14
11820 -9.00227e-14
11830 -7.7426e-14
11840 -8.005e-14
11850 -7.73147e-14
11860 -7.31988e-14
11870 -7.44808e-14
11880 -8.05828e-14
11890 -7.23008e-14
11900 -8.71978e-14
11910 -8.08198e-14
11920 -8.3473e-14
11930 -7.79645e-14
11940 -7.89863e-14
11950 -7.34993e-14
11960 -7.57444e-14
11970 -9.11865e-14
11980 -9.39006e-14
11990 -8.99781e-14
12000 -8.63579e-14
12010 -8.88301e-14
12020 -8.98415e-14
12030 -8.37199e-14
12040 -8.52391e-14
12050 -8.44492e-14
12060 -7.91197e-14
12070 -7.67453e-14
12080 -8.69996e-14
12090 -9.34669e-14
12100 -8.45784e-14
12110 -9.25734e-14
12120 -7.19928e-14
12130 -7.02556e-14
12140 -6.28737e-14
12150 -7.54228e-14
12160 -7.57521e-14
12170 -7.72307e-14
12180 -8.20652e-14
12190 -6.81168e-14
12200 -7.81155e-14
12210 -6.29412e-14
12220 -7.43639e-14
12230 -6.44236e-14
12240 -6.72487e-14
12250 -6.52837e-14
12260 -6.06359e-14
12270 -4.91145e-14
12280 -5.39374e-14
12290 -4.82527e-14
12300 -5.6733e-14
12310 -5.87015e-14
12320 -4.99274e-14
12330 -4.32582e-14
12340 -3.78723e-14
12350 -3.43332e-14
12360 -5.08435e-14
12370 -5.34149e-14
12380 -5.89867e-14
12390 -4.88167e-14
12400 -4.10261e-14
12410 -2.96354e-14
12420 -2.73745e-14
12430 -3.4407e-14
12440 -4.50862e-14
12450 -3.19042e-14
12460 -2.32166e-14
12470 -1.42958e-14
12480 -1.79271e-14
12490 -2.4315e-14
12500 -2.84976e-14
12510 -1.83404e-14
12520 -2.111e-14
12530 -1.00607e-14
12540 -1.15736e-14
12550 -1.11225e-14
12560 -1.26432e-14
12570 -1.88941e-14
12580 -1.9149e-14
12590 -1.94164e-14
12600 -2.34196e-14
12610 -5.74881e-15
12620 -1.3853e-14
12630 -1.47528e-14
12640 -2.22929e-14
12650 -2.99938e-14
12660 -2.63553e-14
12670 -1.91209e-14
12680 -9.27847e-15
12690 -3.78638e-15
12700 -3.56522e-15
12710 -1.73888e-14
12720 -2.70045e-14
12730 -2.6694e-14
12740 -1.42085e-14
12750 1.59412e-14
12760 7.13483e-14
12770 1.71348e-13
12780 3.03432e-13
12790 4.89509e-13
12800 6.88753e-13
12810 7.94386e-13
12820 5.66655e-13
12830 -5.40296e-13
12840 -3.60789e-12
12850 -1.0679e-11
12860 -2.555e-11
12870 -5.48844e-11
12880 -1.10206e-10
12890 -2.1096e-10
12900 -3.89296e-10
12910 -6.97518e-10
12920 -1.21931e-09
12930 -2.08666e-09
12940 -3.50504e-09
12950 -5.79033e-09
12960 -9.42256e-09
12970 -1.51233e-08
12980 -2.3966e-08
12990 -3.75324e-08
13000 -5.81308e-08
13010 -8.91002e-08
13020 -1.3523e-07
13030 -2.03331e-07
13040 -3.03015e-07
13050 -4.47742e-07
13060 -6.56217e-07
13070 -9.54252e-07
13080 -1.37721e-06
13090 -1.97323e-06
13100 -2.80735e-06
13110 -3.96697e-06
13120 -5.56867e-06
13130 -7.76712e-06
13140 -1.07662e-05
13150 -1.48329e-05
13160 -2.03153e-05
13170 -2.76642e-05
13180 -3.74599e-05
13190 -5.04461e-05
13200 -6.75699e-05
13210 -9.0031e-05
13220 -0.000119342
13230 -0.000157398
13240 -0.000206565
13250 -0.000269775
13260 -0.000350651
13270 -0.000453642
13280 -0.000584187
13290 -0.000748899
13300 -0.000955787
13310 -0.00121449
13320 -0.00153658
13330 -0.00193584
13340 -0.00242866
13350 -0.00303439
13360 -0.0037758
13370 -0.00467955
13380 -0.00577671
13390 -0.00710332
13400 -0.00870097
13410 -0.0106175
13420 -0.0129075
13430 -0.0156332
13440 -0.0188652
13450 -0.022683
13460 -0.0271758
13470 -0.0324432
13480 -0.038596
13490 -0.0457567
13500 -0.0540602
13510 -0.0636539
13520 -0.0746987
13530 -0.0873688
13540 -0.101852
13550 -0.118349
13560 -0.137075
13570 -0.158256
13580 -0.182132
13590 -0.208952
13600 -0.238977
13610 -0.272473
13620 -0.309717
13630 -0.350984
13640 -0.396556
13650 -0.446711
13660 -0.501723
13670 -0.56186
13680 -0.627375
13690 -0.698511
13700 -0.775488
13710 -0.858503
13720 -0.947728
13730 -1.0433
13740 -1.14532
13750 -1.25386
13760 -1.36892
13770 -1.49048
13780 -1.61846
13790 -1.75273
13800 -1.89308
13810 -2.03926
13820 -2.19097
13830 -2.34782
13840 -2.50939
13850 -2.67517
13860 -2.84461
13870 -3.01709
13880 -3.19195
13890 -3.36847
13900 -3.54587
13910 -3.72337
13920 -3.90011
13930 -4.07522
13940 -4.24783
13950 -4.41702
13960 -4.58188
13970 -4.74151
13980 -4.89502
13990 -5.04152
14000 -5.18018
14010 -5.31019
14020 -5.43076
14030 -5.54121
14040 -5.64086
14050 -5.72913
14060 -5.8055
14070 -5.86954
14080 -5.92087
14090 -5.95923
14100 -5.98442
14110 -5.99635
14120 -5.99499
14130 -5.98042
14140 -5.9528
14150 -5.91237
14160 -5.85946
14170 -5.79446
14180 -5.71785
14190 -5.63016
14200 -5.53199
14210 -5.42398
14220 -5.30684
14230 -5.1813
14240 -5.04813
14250 -4.90812
14260 -4.76208
14270 -4.61082
14280 -4.45518
14290 -4.29595
14300 -4.13396
14310 -3.96998
14320 -3.80478
14330 -3.6391
14340 -3.47363
14350 -3.30906
14360 -3.14599
14370 -2.98502
14380 -2.82669
14390 -2.67148
14400 -2.51984
14410 -2.37215
14420 -2.22878
14430 -2.09
14440 -1.95608
14450 -1.82721
14460 -1.70355
14470 -1.58523
14480 -1.47232
14490 -1.36485
14500 -1.26283
14510 -1.16624
14520 -1.07501
14530 -0.98906
14540 -0.908288
14550 -0.832561
14560 -0.761734
14570 -0.695646
14580 -0.634123
14590 -0.57698
14600 -0.524028
14610 -0.475068
14620 -0.429901
14630 -0.388324
14640 -0.350135
14650 -0.315134
14660 -0.283124
14670 -0.253911
14680 -0.227306
14690 -0.203128
14700 -0.1812
14710 -0.161354
14720 -0.143429
14730 -0.127272
14740 -0.112737
14750 -0.0996885
14760 -0.0879968
14770 -0.0775418
14780 -0.0682109
14790 -0.0598995
14800 -0.0525104
14810 -0.045954
14820 -0.0401476
14830 -0.0350151
14840 -0.0304869
14850 -0.0264993
14860 -0.0229944
14870 -0.0199195
14880 -0.0172268
14890 -0.0148732
14900 -0.0128197
14910 -0.0110313
14920 -0.00947662
14930 -0.00812757
14940 -0.00695905
14950 -0.00594872
14960 -0.00507672
14970 -0.00432544
14980 -0.00367931
14990 -0.0031246
15000 -0.00264921
15010 -0.0022425
15020 -0.00189516
15030 -0.00159903
15040 -0.00134701
15050 -0.00113288
15060 -0.000951269
15070 -0.000797494
15080 -0.000667512
15090 -0.000557828
15100 -0.000465427
15110 -0.000387718
15120 -0.000322473
15130 -0.000267786
15140 -0.000222024
15150 -0.000183793
15160 -0.000151908
15170 -0.000125359
15180 -0.000103288
15190 -8.49716e-05
15200 -6.97949e-05
15210 -5.72402e-05
15220 -4.68716e-05
15230 -3.83221e-05
15240 -3.1284e-05
15250 -2.54994e-05
15260 -2.07526e-05
15270 -1.68637e-05
15280 -1.36828e-05
15290 -1.1085e-05
15300 -8.96678e-06
15310 -7.2424e-06
15320 -5.84081e-06
15330 -4.70338e-06
15340 -3.78176e-06
15350 -3.03618e-06
15360 -2.43395e-06
15370 -1.94826e-06
15380 -1.55717e-06
15390 -1.24274e-06
15400 -9.90325e-07
15410 -7.88014e-07
15420 -6.26107e-07
15430 -4.96733e-07
15440 -3.93513e-07
15450 -3.11284e-07
15460 -2.45877e-07
15470 -1.9393e-07
15480 -1.52735e-07
15490 -1.20115e-07
15500 -9.43253e-08
15510 -7.39652e-08
15520 -5.79159e-08
15530 -4.52836e-08
15540 -3.53556e-08
15550 -2.75645e-08
15560 -2.14594e-08
15570 -1.66825e-08
15580 -1.29505e-08
15590 -1.0039e-08
15600 -7.77092e-09
15610 -6.00674e-09
15620 -4.63648e-09
15630 -3.57374e-09
15640 -2.75069e-09
15650 -2.11421e-09
15660 -1.62271e-09
15670 -1.24373e-09
15680 -9.51922e-10
15690 -7.2755e-10
15700 -5.55287e-10
15710 -4.23226e-10
15720 -3.22118e-10
15730 -2.44831e-10
15740 -1.85829e-10
15750 -1.40845e-10
15760 -1.06607e-10
15770 -8.05873e-11
15780 -6.08369e-11
15790 -4.58594e-11
15800 -3.45253e-11
15810 -2.59587e-11
15820 -1.94927e-11
15830 -1.46201e-11
15840 -1.09472e-11
15850 -8.19044e-12
15860 -6.12208e-12
15870 -4.57435e-12
15880 -3.40695e-12
15890 -2.54474e-12
15900 -1.89289e-12
15910 -1.41037e-12
15920 -1.04243e-12
15930 -7.7588e-13
15940 -5.78934e-13
15950 -4.30964e-13
15960 -3.18124e-13
15970 -2.43294e-13
15980 -1.81924e-13
15990 -1.38529e-13
16000 -1.08878e-13
16010 -8.3163e-14
16020 -6.64199e-14
16030 -5.29438e-14
16040 -4.5096e-14
16050 -3.82148e-14
16060 -3.45391e-14
16070 -3.15942e-14
16080 -3.09791e-14
16090 -3.64876e-14
16100 -3.12148e-14
16110 -2.84829e-14
16120 -3.2597e-14
16130 -3.51592e-14
16140 -3.99646e-14
16150 -4.01672e-14
16160 -4.35943e-14
16170 -3.9364e-14
16180 -3.13282e-14
16190 -3.12345e-14
16200 -2.80967e-14
16210 -3.19273e-14
16220 -2.84983e-14
16230 -2.92684e-14
16240 -2.95603e-14
16250 -2.8749e-14
16260 -2.86805e-14
16270 -2.95478e-14
16280 -3.31208e-14
16290 -2.72481e-14
16300 -2.44168e-14
16310 -2.19947e-14
16320 -2.73556e-14
16330 -3.21732e-14
16340 -3.70515e-14
16350 -3.79707e-14
16360 -3.6161e-14
16370 -3.29131e-14
16380 -3.72623e-14
16390 -3.41368e-14
16400 -2.73523e-14
16410 -3.56133e-14
16420 -3.35264e-14
16430 -3.61558e-14
16440 -3.50275e-14
16450 -3.2352e-14
16460 -2.99204e-14
16470 -3.0544e-14
16480 -2.86781e-14
16490 -3.06966e-14
16500 -2.34913e-14
16510 -1.87259e-14
16520 -1.99531e-14
16530 -1.55713e-14
16540 -1.32894e-14
16550 -1.65433e-14
16560 -1.661e-14
16570 -1.33685e-14
16580 -1.41276e-14
16590 -1.96697e-14
16600 -1.39991e-14
16610 -1.09261e-14
16620 -6.85617e-15
16630 -1.07868e-14
16640 -1.10624e-14
16650 -5.47555e-15
16660 4.25702e-15
16670 1.00357e-15
16680 -1.67058e-15
16690 -1.84663e-15
16700 2.26022e-15
16710 3.84701e-15
16720 7.40634e-15
16730 4.9791e-15
16740 1.34378e-14
16750 1.90389e-14
16760 1.75546e-14
16770 1.41708e-14
16780 1.74098e-14
16790 1.55003e-14
16800 1.29785e-14
16810 1.36011e-14
16820 1.18726e-14
16830 1.68001e-14
16840 1.56863e-14
16850 2.08761e-14
16860 2.1014e-14
16870 2.10374e-14
16880 1.65998e-14
16890 2.07491e-14
16900 1.97546e-14
16910 1.68617e-14
16920 1.58343e-14
16930 1.67057e-14
16940 1.38177e-14
16950 1.91207e-14
16960 1.73159e-14
16970 1.64072e-14
16980 1.30773e-14
16990 7.68634e-15
17000 2.49324e-15
17010 3.95857e-15
17020 2.12375e-15
17030 5.75069e-16
17040 4.10308e-15
17050 5.40415e-15
17060 6.93883e-15
17070 1.32018e-14
17080 1.51281e-14
17090 1.5118e-14
17100 1.93797e-14
17110 2.29376e-14
17120 2.74878e-14
17130 2.51963e-14
17140 2.66361e-14
17150 2.1541e-14
17160 2.20294e-14
17170 2.40618e-14
17180 2.8402e-14
17190 3.02366e-14
17200 2.49745e-14
17210 2.75188e-14
17220 2.84149e-14
17230 3.14806e-14
17240 3.15901e-14
17250 2.59606e-14
17260 3.6192e-14
17270 3.51358e-14
17280 3.4111e-14
17290 3.4651e-14
17300 2.83728e-14
17310 3.00761e-14
17320 3.60454e-14
17330 3.67571e-14
17340 2.84779e-14
17350 2.58069e-14
17360 2.608e-14
17370 2.71856e-14
17380 3.18343e-14
17390 2.29407e-14
17400 2.66985e-14
17410 2.18542e-14
17420 2.48408e-14
17430 3.02151e-14
17440 2.65522e-14
17450 3.23204e-14
17460 3.06677e-14
17470 2.89949e-14
17480 3.12754e-14
17490 3.64195e-14
17500 3.39047e-14
17510 3.37059e-14
17520 3.67534e-14
17530 4.01239e-14
17540 4.06879e-14
17550 4.25876e-14
17560 4.47803e-14
17570 4.20975e-14
17580 4.51929e-14
17590 3.82015e-14
17600 3.98502e-14
17610 3.80911e-14
17620 4.10844e-14
17630 4.20994e-14
17640 4.15288e-14
17650 4.08205e-14
17660 3.82334e-14
17670 4.08188e-14
17680 4.60262e-14
17690 4.74226e-14
17700 4.9343e-14
17710 4.90128e-14
17720 4.5856e-14
17730 4.47032e-14
17740 4.44948e-14
17750 4.60774e-14
17760 4.53169e-14
17770 4.22283e-14
17780 4.7026e-14
17790 4.3387e-14
17800 4.29604e-14
17810 3.24676e-14
17820 3.66339e-14
17830 3.52995e-14
17840 3.50277e-14
17850 3.75414e-14
17860 3.76011e-14
17870 4.69659e-14
17880 4.57329e-14
17890 5.24792e-14
17900 5.76608e-14
17910 5.34329e-14
17920 5.81412e-14
17930 5.36457e-14
17940 4.94294e-14
17950 4.89811e-14
17960 5.24026e-14
17970 4.92505e-14
17980 4.96105e-14
17990 5.10211e-14
18000 4.82314e-14
18010 5.17161e-14
18020 4.11102e-14
18030 4.77224e-14
18040 4.19195e-14
18050 4.21615e-14
18060 4.55889e-14
18070 4.55506e-14
18080 4.24318e-14
18090 3.43871e-14
18100 4.06042e-14
18110 3.76391e-14
18120 4.29267e-14
18130 4.39973e-14
18140 4.85784e-14
18150 4.94871e-14
18160 4.72468e-14
18170 4.97238e-14
18180 4.69521e-14
18190 4.34137e-14
18200 4.57304e-14
18210 5.22859e-14
18220 5.54175e-14
18230 5.77601e-14
18240 6.30494e-14
18250 5.65679e-14
18260 5.60074e-14
18270 5.57861e-14
18280 6.79908e-14
18290 6.8415e-14
18300 6.69999e-14
18310 6.95982e-14
18320 7.03333e-14
18330 7.56348e-14
18340 7.31812e-14
18350 7.78844e-14
18360 7.48292e-14
18370 7.36004e-14
18380 8.5909e-14
18390 8.56962e-14
18400 8.4927e-14
18410 8.92268e-14
18420 8.44167e-14
18430 7.82559e-14
18440 7.81095e-14
18450 8.05833e-14
18460 7.92259e-14
18470 8.01725e-14
18480 7.78137e-14
18490 8.15012e-14
18500 7.62894e-14
18510 6.96001e-14
18520 6.74942e-14
18530 7.11232e-14
18540 7.5511e-14
18550 7.17831e-14
18560 6.75115e-14
18570 6.58972e-14
18580 6.53277e-14
18590 6.85503e-14
18600 7.17827e-14
18610 7.23356e-14
18620 7.3136e-14
18630 8.05252e-14
18640 7.60052e-14
18650 7.40943e-14
18660 6.74084e-14
18670 7.51545e-14
18680 7.16228e-14
18690 7.35522e-14
18700 6.78328e-14
18710 6.96778e-14
18720 6.91151e-14
18730 7.2767e-14
18740 7.02085e-14
18750 7.39811e-14
18760 7.43711e-14
18770 7.45829e-14
18780 7.88886e-14
18790 7.68221e-14
18800 7.09732e-14
18810 7.19627e-14
18820 6.89674e-14
18830 7.13216e-14
18840 7.03845e-14
18850 6.8586e-14
18860 6.77341e-14
18870 6.21626e-14
18880 6.35442e-14
18890 6.5471e-14
18900 6.49435e-14
18910 6.42755e-14
18920 6.68202e-14
18930 6.07937e-14
18940 6.41035e-14
18950 6.76779e-14
18960 6.74068e-14
18970 6.51544e-14
18980 7.0736e-14
18990 7.2395e-14
19000 8.47198e-14
19010 7.68771e-14
19020 8.13515e-14
19030 8.12785e-14
19040 8.86944e-14
19050 9.50628e-14
19060 8.79955e-14
19070 8.5436e-14
19080 8.3375e-14
19090 8.03585e-14
19100 8.13548e-14
19110 7.58303e-14
19120 8.43676e-14
19130 7.52057e-14
19140 7.92537e-14
19150 7.91789e-14
19160 7.89264e-14
19170 8.06239e-14
19180 8.04762e-14
19190 7.60956e-14
19200 7.52662e-14
19210 7.84717e-14
19220 8.11241e-14
19230 8.34928e-14
19240 8.45696e-14
19250 8.51912e-14
19260 8.34177e-14
19270 8.52816e-14
19280 8.4355e-14
19290 8.57843e-14
19300 8.13491e-14
19310 8.35123e-14
19320 8.48363e-14
19330 7.76112e-14
19340 8.27501e-14
19350 7.74092e-14
19360 7.82417e-14
19370 8.65777e-14
19380 8.18534e-14
19390 8.27344e-14
19400 7.49034e-14
19410 7.85727e-14
19420 7.55691e-14
19430 7.22797e-14
19440 7.59775e-14
19450 8.17253e-14
19460 8.18024e-14
19470 7.89804e-14
19480 7.97083e-14
19490 7.88763e-14
19500 8.27494e-14
19510 8.14614e-14
19520 7.653e-14
19530 7.48456e-14
19540 7.86687e-14
19550 7.33427e-14
19560 7.62946e-14
19570 8.40073e-14
19580 8.4695e-14
19590 9.0459e-14
19600 8.79448e-14
19610 8.72123e-14
19620 9.12119e-14
19630 8.44916e-14
19640 9.46411e-14
19650 9.0542e-14
19660 9.15416e-14
19670 8.95703e-14
19680 8.65754e-14
19690 9.8168e-14
19700 1.02401e-13
19710 1.07025e-13
19720 1.11093e-13
19730 1.04805e-13
19740 1.01088e-13
19750 1.07214e-13
19760 1.06678e-13
19770 1.13008e-13
19780 1.04265e-13
19790 1.0512e-13
19800 1.11959e-13
19810 1.04209e-13
19820 1.10075e-13
19830 1.04911e-13
19840 1.06118e-13
19850 1.09926e-13
19860 1.08293e-13
19870 1.08886e-13
19880 1.09461e-13
19890 1.08646e-13
19900 1.11571e-13
19910 1.1138e-13
19920 1.12594e-13
19930 1.14541e-13
19940 1.13207e-13
19950 1.11943e-13
19960 1.00003e-13
19970 1.02161e-13
19980 1.00206e-13
19990 1.05244e-13
20000 1.00839e-13
20010 1.05056e-13
20020 1.06916e-13
20030 1.11931e-13
20040 1.05067e-13
20050 9.59537e-14
20060 1.02031e-13
20070 9.89955e-14
20080 8.99571e-14
20090 8.86361e-14
20100 8.39014e-14
20110 8.5478e-14
20120 8.46847e-14
20130 9.39807e-14
20140 9.0233e-14
20150 9.17947e-14
20160 9.32866e-14
20170 9.05881e-14
20180 9.6068e-14
20190 8.82431e-14
20200 9.78595e-14
20210 1.0278e-13
20220 1.02032e-13
20230 1.05128e-13
20240 1.02518e-13
20250 1.01671e-13
20260 1.01563e-13
20270 1.10277e-13
20280 1.06242e-13
20290 1.0614e-13
20300 1.04595e-13
20310 1.0168e-13
20320 1.02348e-13
20330 1.09133e-13
20340 1.10596e-13
20350 1.10802e-13
20360 1.13086e-13
20370 1.1e-13
20380 1.16451e-13
20390 1.11466e-13
20400 1.20045e-13
20410 1.16067e-13
20420 1.10459e-13
20430 1.10305e-13
20440 1.11215e-13
20450 1.0323e-13
20460 1.04979e-13
20470 1.00785e-13
20480 1.05044e-13
20490 9.5544e-14
20500 9.97116e-14
20510 9.89699e-14
20520 1.06832e-13
20530 1.04261e-13
20540 1.04151e-13
20550 1.02265e-13
20560 1.03313e-13
20570 1.02544e-13
20580 9.76687e-14
20590 9.27577e-14
20600 1.04423e-13
20610 1.02412e-13
20620 1.09471e-13
20630 1.04288e-13
20640 1.06981e-13
20650 1.04324e-13
20660 1.05734e-13
20670 1.03661e-13
20680 1.04001e-13
20690 1.06135e-13
20700 1.09768e-13
20710 1.06311e-13
20720 1.13001e-13
20730 1.10819e-13
20740 1.09947e-13
20750 1.09489e-13
20760 1.12198e-13
20770 1.19562e-13
20780 1.19216e-13
20790 1.2589e-13
20800 1.17627e-13
20810 1.22641e-13
20820 1.22518e-13
20830 1.16681e-13
20840 1.25589e-13
20850 1.28254e-13
20860 1.22668e-13
20870 1.36526e-13
20880 1.25036e-13
20890 1.21442e-13
20900 1.23064e-13
20910 1.16144e-13
20920 1.16155e-13
20930 1.11976e-13
20940 1.15197e-13
20950 1.1809e-13
20960 1.14733e-13
20970 1.16168e-13
20980 1.14556e-13
20990 1.14929e-13
21000 1.16839e-13
21010 1.10194e-13
21020 1.03169e-13
21030 1.05964e-13
21040 9.94029e-14
21050 9.96811e-14
21060 1.02015e-13
21070 9.95377e-14
21080 1.01393e-13
21090 1.04787e-13
21100 1.05483e-13
21110 1.10319e-13
21120 1.04252e-13
21130 1.06729e-13
21140 1.09683e-13
21150 1.12999e-13
21160 1.19274e-13
21170 1.17375e-13
21180 1.24398e-13
21190 1.29742e-13
21200 1.23985e-13
21210 1.23103e-13
21220 1.20523e-13
21230 1.19621e-13
21240 1.22336e-13
21250 1.13887e-13
21260 1.21327e-13
21270 1.15684e-13
21280 1.18947e-13
21290 1.12998e-13
21300 1.20253e-13
21310 1.12755e-13
21320 1.18755e-13
21330 1.15163e-13
21340 1.12361e-13
21350 1.20208e-13
21360 1.09308e-13
21370 1.20265e-13
21380 1.18005e-13
21390 1.17665e-13
21400 1.20692e-13
21410 1.19218e-13
21420 1.1909e-13
21430 1.24123e-13
21440 1.21803e-13
21450 1.245e-13
21460 1.26158e-13
21470 1.27402e-13
21480 1.25589e-13
21490 1.28464e-13
21500 1.22551e-13
21510 1.2258e-13
21520 1.19651e-13
21530 1.17666e-13
21540 1.1691e-13
21550 1.20581e-13
21560 1.28245e-13
21570 1.25129e-13
21580 1.27757e-13
21590 1.28394e-13
21600 1.35861e-13
21610 1.29739e-13
21620 1.29958e-13
21630 1.28609e-13
21640 1.22128e-13
21650 1.23514e-13
21660 1.18927e-13
21670 1.14598e-13
21680 1.18267e-13
21690 1.18947e-13
21700 1.1921e-13
21710 1.18903e-13
21720 1.18308e-13
21730 1.14334e-13
21740 1.168e-13
21750 1.19927e-13
21760 1.22759e-13
21770 1.16938e-13
21780 1.20017e-13
21790 1.21519e-13
21800 1.17852e-13
21810 1.27857e-13
21820 1.25652e-13
21830 1.22629e-13
21840 1.25865e-13
21850 1.24579e-13
21860 1.22169e-13
21870 1.25854e-13
21880 1.25013e-13
21890 1.24666e-13
21900 1.32833e-13
21910 1.30499e-13
21920 1.44377e-13
21930 1.40242e-13
21940 1.43712e-13
21950 1.44685e-13
21960 1.34129e-13
21970 1.46963e-13
21980 1.44223e-13
21990 1.43361e-13
22000 1.39111e-13
22010 1.4157e-13
22020 1.33717e-13
22030 1.37125e-13
22040 1.31252e-13
22050 1.32666e-13
22060 1.31239e-13
22070 1.32692e-13
22080 1.31428e-13
22090 1.26635e-13
22100 1.30376e-13
22110 1.32763e-13
22120 1.39743e-13
22130 1.38385e-13
22140 1.43176e-13
22150 1.52789e-13
22160 1.50902e-13
22170 1.55752e-13
22180 1.50239e-13
22190 1.45718e-13
22200 1.44484e-13
22210 1.51526e-13
22220 1.49311e-13
22230 1.4871e-13
22240 1.48518e-13
22250 1.44011e-13
22260 1.46285e-13
22270 1.40961e-13
22280 1.30707e-13
22290 1.32293e-13
22300 1.3114e-13
22310 1.32038e-13
22320 1.39028e-13
22330 1.37435e-13
22340 1.37659e-13
22350 1.35987e-13
22360 1.3284e-13
22370 1.2796e-13
22380 1.35431e-13
22390 1.31799e-13
22400 1.34546e-13
22410 1.35427e-13
22420 1.27968e-13
22430 1.3649e-13
22440 1.3161e-13
22450 1.38015e-13
22460 1.36157e-13
22470 1.39449e-13
22480 1.32437e-13
22490 1.35305e-13
22500 1.36437e-13
22510 1.39206e-13
22520 1.44661e-13
22530 1.45791e-13
22540 1.44031e-13
22550 1.42269e-13
22560 1.36602e-13
22570 1.39312e-13
22580 1.31641e-13
22590 1.43576e-13
22600 1.41584e-13
22610 1.41478e-13
22620 1.42387e-13
22630 1.35905e-13
22640 1.4074e-13
22650 1.35169e-13
22660 1.38807e-13
22670 1.31617e-13
22680 1.35638e-13
22690 1.28233e-13
22700 1.30734e-13
22710 1.27991e-13
22720 1.24547e-13
22730 1.26937e-13
22740 1.34442e-13
22750 1.32804e-13
22760 1.32618e-13
22770 1.32295e-13
22780 1.30738e-13
22790 1.32105e-13
22800 1.36827e-13
22810 1.46793e-13
22820 1.38646e-13
22830 1.40597e-13
22840 1.30309e-13
22850 1.36577e-13
22860 1.36449e-13
22870 1.37169e-13
22880 1.43221e-13
22890 1.41458e-13
22900 1.46385e-13
22910 1.47764e-13
22920 1.53518e-13
22930 1.52802e-13
22940 1.46478e-13
22950 1.57659e-13
22960 1.53314e-13
22970 1.53088e-13
22980 1.55165e-13
22990 1.55503e-13
23000 1.55452e-13
23010 1.61115e-13
23020 1.63508e-13
23030 1.56643e-13
23040 1.63024e-13
23050 1.61538e-13
23060 1.65469e-13
23070 1.63261e-13
23080 1.58824e-13
23090 1.61738e-13
23100 1.6761e-13
23110 1.62997e-13
23120 1.57734e-13
23130 1.61573e-13
23140 1.64027e-13
23150 1.6904e-13
23160 1.63105e-13
23170 1.63928e-13
23180 1.60431e-13
23190 1.59214e-13
23200 1.67256e-13
23210 1.56704e-13
23220 1.58971e-13
23230 1.6219e-13
23240 1.6035e-13
23250 1.66449e-13
23260 1.64647e-13
23270 1.67066e-13
23280 1.67093e-13
23290 1.66474e-13
23300 1.61995e-13
23310 1.58675e-13
23320 1.67818e-13
23330 1.70087e-13
23340 1.69387e-13
23350 1.68785e-13
23360 1.63332e-13
23370 1.70787e-13
23380 1.69212e-13
23390 1.64327e-13
23400 1.59927e-13
23410 1.58115e-13
23420 1.58564e-13
23430 1.62449e-13
23440 1.6504e-13
23450 1.55158e-13
23460 1.55875e-13
23470 1.6284e-13
23480 1.61716e-13
23490 1.67623e-13
23500 1.62053e-13
23510 1.56231e-13
23520 1.59886e-13
23530 1.58842e-13
23540 1.63043e-13
23550 1.61976e-13
23560 1.55325e-13
23570 1.62888e-13
23580 1.60948e-13
23590 1.6133e-13
23600 1.55779e-13
23610 1.49283e-13
23620 1.46041e-13
23630 1.52086e-13
23640 1.52567e-13
23650 1.51723e-13
23660 1.44671e-13
23670 1.47252e-13
23680 1.48023e-13
23690 1.50431e-13
23700 1.48721e-13
23710 1.48071e-13
23720 1.39039e-13
23730 1.44618e-13
23740 1.49027e-13
23750 1.4528e-13
23760 1.48799e-13
23770 1.40665e-13
23780 1.32311e-13
23790 1.39672e-13
23800 1.3972e-13
23810 1.36147e-13
23820 1.39993e-13
23830 1.40553e-13
23840 1.42167e-13
23850 1.40121e-13
23860 1.41089e-13
23870 1.34957e-13
23880 1.24814e-13
23890 1.24764e-13
23900 1.25543e-13
23910 1.28001e-13
23920 1.32247e-13
23930 1.43574e-13
23940 1.39201e-13
23950 1.42585e-13
23960 1.38877e-13
23970 1.32185e-13
23980 1.34784e-13
23990 1.39243e-13
24000 1.42802e-13
24010 1.34661e-13
24020 1.38469e-13
24030 1.38894e-13
24040 1.38026e-13
24050 1.40664e-13
24060 1.3689e-13
24070 1.34178e-13
24080 1.34752e-13
24090 1.48852e-13
24100 1.3284e-13
24110 1.34992e-13
24120 1.39848e-13
24130 1.33669e-13
24140 1.34289e-13
24150 1.3568e-13
24160 1.28108e-13
24170 1.32161e-13
24180 1.35719e-13
24190 1.35142e-13
24200 1.33597e-13
24210 1.37817e-13
24220 1.43321e-13
24230 1.44961e-13
24240 1.42874e-13
24250 1.41256e-13
24260 1.26278e-13
24270 1.26018e-13
24280 1.32094e-13
24290 1.25413e-13
24300 1.29561e-13
24310 1.21116e-13
24320 1.28151e-13
24330 1.28269e-13
24340 1.3208e-13
24350 1.33864e-13
24360 1.39177e-13
24370 1.3966e-13
24380 1.40837e-13
24390 1.45643e-13
24400 1.4135e-13
24410 1.42253e-13
24420 1.37948e-13
24430 1.39405e-13
24440 1.37436e-13
24450 1.33397e-13
24460 1.34141e-13
24470 1.33629e-13
24480 1.30271e-13
24490 1.29632e-13
24500 1.37615e-13
24510 1.4177e-13
24520 1.34868e-13
24530 1.32223e-13
24540 1.31997e-13
24550 1.36777e-13
24560 1.36368e-13
24570 1.35486e-13
24580 1.31818e-13
24590 1.27183e-13
24600 1.24165e-13
24610 1.29459e-13
24620 1.31836e-13
24630 1.39421e-13
24640 1.34843e-13
24650 1.41667e-13
24660 1.43952e-13
24670 1.42643e-13
24680 1.41507e-13
24690 1.40457e-13
24700 1.4367e-13
24710 1.41086e-13
24720 1.48286e-13
24730 1.46781e-13
24740 1.46517e-13
24750 1.46849e-13
24760 1.43231e-13
24770 1.35772e-13
24780 1.36908e-13
24790 1.3463e-13
24800 1.30825e-13
24810 1.27184e-13
24820 1.29732e-13
24830 1.19935e-13
24840 1.2467e-13
24850 1.26716e-13
24860 1.19637e-13
24870 1.27432e-13
24880 1.20613e-13
24890 1.27503e-13
24900 1.25186e-13
24910 1.17664e-13
24920 1.22542e-13
24930 1.28298e-13
24940 1.25225e-13
24950 1.23512e-13
24960 1.22605e-13
24970 1.23105e-13
24980 1.1435e-13
24990 1.19244e-13
25000 1.21045e-13
25010 1.24713e-13
25020 1.22973e-13
25030 1.16669e-13
25040 1.22793e-13
25050 1.22877e-13
25060 1.20925e-13
25070 1.20133e-13
25080 1.18123e-13
25090 1.19938e-13
25100 1.16797e-13
25110 1.24828e-13
25120 1.28352e-13
25130 1.31876e-13
25140 1.25197e-13
25150 1.24905e-13
25160 1.30277e-13
25170 1.32258e-13
25180 1.36936e-13
25190 1.42739e-13
25200 1.37981e-13
25210 1.4013e-13
25220 1.49104e-13
25230 1.47859e-13
25240 1.51549e-13
25250 1.50803e-13
25260 1.4994e-13
25270 1.4506e-13
25280 1.52426e-13
25290 1.49088e-13
25300 1.52623e-13
25310 1.49825e-13
25320 1.40404e-13
25330 1.43944e-13
25340 1.49082e-13
25350 1.51999e-13
25360 1.49658e-13
25370 1.47208e-13
25380 1.48e-13
25390 1.44677e-13
25400 1.44224e-13
25410 1.43532e-13
25420 1.31981e-13
25430 1.27484e-13
25440 1.34652e-13
25450 1.3999e-13
25460 1.38886e-13
25470 1.36695e-13
25480 1.38212e-13
25490 1.37728e-13
25500 1.46529e-13
25510 1.41976e-13
25520 1.23843e-13
25530 1.28958e-13
25540 1.45745e-13
25550 1.4427e-13
25560 1.32459e-13
25570 1.31197e-13
25580 1.31517e-13
25590 1.36412e-13
25600 1.40509e-13
25610 1.2862e-13
25620 1.22372e-13
25630 1.29531e-13
25640 1.26637e-13
25650 1.29087e-13
25660 1.32699e-13
25670 1.27724e-13
25680 1.27675e-13
25690 1.21833e-13
25700 1.22147e-13
25710 1.18902e-13
25720 1.24306e-13
25730 1.23829e-13
25740 1.24632e-13
25750 1.14164e-13
25760 1.2339e-13
25770 1.22176e-13
25780 1.21503e-13
25790 1.23457e-13
25800 1.17138e-13
25810 1.10186e-13
25820 1.09143e-13
25830 1.03536e-13
25840 1.12242e-13
25850 1.11675e-13
25860 9.5207e-14
25870 9.57653e-14
25880 9.55908e-14
25890 9.8268e-14
25900 9.88961e-14
25910 1.00612e-13
25920 1.10173e-13
25930 1.11425e-13
25940 1.08133e-13
25950 1.08539e-13
25960 1.01503e-13
25970 9.88579e-14
25980 9.86261e-14
25990 1.03135e-13
26000 8.95881e-14
26010 9.29017e-14
26020 9.27753e-14
26030 9.37369e-14
26040 9.53314e-14
26050 9.82667e-14
26060 9.33932e-14
26070 9.11365e-14
26080 9.07225e-14
26090 9.14079e-14
26100 9.48037e-14
26110 1.00048e-13
26120 9.57995e-14
26130 8.67415e-14
26140 8.71636e-14
26150 8.93439e-14
26160 9.54657e-14
26170 9.60563e-14
26180 1.01744e-13
26190 9.41319e-14
26200 1.0126e-13
26210 1.01493e-13
26220 1.10312e-13
26230 1.09384e-13
26240 1.08308e-13
26250 1.05311e-13
26260 9.84614e-14
26270 8.84987e-14
26280 8.25425e-14
26290 8.76168e-14
26300 9.30542e-14
26310 8.93672e-14
26320 9.38795e-14
26330 8.86114e-14
26340 9.17787e-14
26350 1.02422e-13
26360 9.32949e-14
26370 9.85449e-14
26380 9.8953e-14
26390 1.03039e-13
26400 1.03478e-13
26410 9.91809e-14
26420 9.99434e-14
26430 9.6234e-14
26440 9.39434e-14
26450 9.97334e-14
26460 9.64282e-14
26470 9.22616e-14
26480 9.10413e-14
26490 8.42993e-14
26500 9.21316e-14
26510 9.0574e-14
26520 8.90022e-14
26530 8.57315e-14
26540 9.01327e-14
26550 8.29457e-14
26560 8.67359e-14
26570 8.20072e-14
26580 6.98674e-14
26590 7.34968e-14
26600 7.63028e-14
26610 8.54884e-14
26620 7.35336e-14
26630 7.24538e-14
26640 7.06621e-14
26650 6.74771e-14
26660 6.9334e-14
26670 6.25931e-14
26680 6.25869e-14
26690 6.52942e-14
26700 7.40292e-14
26710 7.17338e-14
26720 6.23515e-14
26730 6.69819e-14
26740 7.40748e-14
26750 6.18931e-14
26760 6.59395e-14
26770 6.30139e-14
26780 5.59849e-14
26790 5.47813e-14
26800 4.86271e-14
26810 4.5805e-14
26820 5.49587e-14
26830 5.40742e-14
26840 4.26626e-14
26850 4.98252e-14
26860 5.30508e-14
26870 5.52588e-14
26880 5.9632e-14
26890 6.28553e-14
26900 6.37461e-14
26910 5.68053e-14
26920 6.29316e-14
26930 7.45645e-14
26940 6.92803e-14
26950 6.67005e-14
26960 6.67185e-14
26970 6.40376e-14
26980 6.19525e-14
26990 6.99252e-14
27000 6.67935e-14
27010 6.3896e-14
27020 6.48299e-14
27030 6.23883e-14
27040 7.17307e-14
27050 8.35013e-14
27060 8.24045e-14
27070 7.98926e-14
27080 6.81873e-14
27090 7.3411e-14
27100 7.72867e-14
27110 8.00508e-14
27120 8.4582e-14
27130 8.08021e-14
27140 7.65529e-14
27150 8.20302e-14
27160 8.25898e-14
27170 6.82242e-14
27180 6.71334e-14
27190 7.49438e-14
27200 8.66014e-14
27210 8.83214e-14
27220 7.94222e-14
27230 7.79005e-14
27240 7.5562e-14
27250 6.95131e-14
27260 7.91111e-14
27270 7.96605e-14
27280 8.3063e-14
27290 8.37377e-14
27300 7.42009e-14
27310 7.35458e-14
27320 8.09273e-14
27330 8.41479e-14
27340 8.70494e-14
27350 8.18415e-14
27360 7.81059e-14
27370 8.49686e-14
27380 7.13159e-14
27390 6.78266e-14
27400 7.46867e-14
27410 8.05274e-14
27420 7.63479e-14
27430 7.38049e-14
27440 7.83765e-14
27450 6.75486e-14
27460 7.59075e-14
27470 7.98882e-14
27480 8.632e-14
27490 9.27376e-14
27500 9.11725e-14
27510 9.17825e-14
27520 9.51668e-14
27530 9.88973e-14
27540 1.13471e-13
27550 1.28673e-13
27560 1.47329e-13
27570 1.93272e-13
27580 2.53524e-13
27590 3.52695e-13
27600 5.17271e-13
27610 7.62434e-13
27620 1.11831e-12
27630 1.68128e-12
27640 2.53423e-12
27650 3.81798e-12
27660 5.76884e-12
27670 8.70713e-12
27680 1.30854e-11
27690 1.963e-11
27700 2.93477e-11
27710 4.37356e-11
27720 6.49499e-11
27730 9.61393e-11
27740 1.41804e-10
27750 2.08407e-10
27760 3.05189e-10
27770 4.45323e-10
27780 6.47463e-10
27790 9.38032e-10
27800 1.35416e-09
27810 1.94797e-09
27820 2.7923e-09
27830 3.9885e-09
27840 5.67725e-09
27850 8.0529e-09
27860 1.13831e-08
27870 1.60348e-08
27880 2.251e-08
27890 3.1492e-08
27900 4.3908e-08
27910 6.10117e-08
27920 8.4492e-08
27930 1.16616e-07
27940 1.60415e-07
27950 2.1993e-07
27960 3.00527e-07
27970 4.09305e-07
27980 5.55625e-07
27990 7.51786e-07
28000 1.01389e-06
28010 1.36294e-06
28020 1.82625e-06
28030 2.43918e-06
28040 3.24741e-06
28050 4.30967e-06
28060 5.70126e-06
28070 7.51836e-06
28080 9.88341e-06
28090 1.29517e-05
28100 1.69197e-05
28110 2.20346e-05
28120 2.8607e-05
28130 3.70253e-05
28140 4.77739e-05
28150 6.14544e-05
28160 7.88118e-05
28170 0.000100765
28180 0.000128445
28190 0.000163236
28200 0.000206829
28210 0.000261282
28220 0.000329091
28230 0.00041327
28240 0.000517451
28250 0.000645992
28260 0.000804105
28270 0.000998
28280 0.00123505
28290 0.00152399
28300 0.00187511
28310 0.00230051
28320 0.00281434
28330 0.00343312
28340 0.00417607
28350 0.00506544
28360 0.0061269
28370 0.00739
28380 0.00888855
28390 0.0106612
28400 0.0127519
28410 0.0152103
28420 0.0180927
28430 0.0214623
28440 0.0253897
28450 0.0299538
28460 0.0352424
28470 0.0413525
28480 0.0483909
28490 0.056475
28500 0.0657331
28510 0.0763045
28520 0.0883402
28530 0.102003
28540 0.117468
28550 0.134921
28560 0.15456
28570 0.176595
28580 0.201245
28590 0.228739
28600 0.259316
28610 0.293222
28620 0.330707
28630 0.372027
28640 0.41744
28650 0.467202
28660 0.521568
28670 0.580785
28680 0.645093
28690 0.714719
28700 0.789872
28710 0.870746
28720 0.957506
28730 1.05029
28740 1.14922
28750 1.25436
28760 1.36574
28770 1.48337
28780 1.60718
28790 1.73708
28800 1.87291
28810 2.01446
28820 2.16147
28830 2.31362
28840 2.47053
28850 2.63175
28860 2.7968
28870 2.96511
28880 3.13609
28890 3.30906
28900 3.48333
28910 3.65814
28920 3.8327
28930 4.00618
28940 4.17774
28950 4.34649
28960 4.51156
28970 4.67205
28980 4.82708
28990 4.97577
29000 5.11725
29010 5.25071
29020 5.37534
29030 5.49039
29040 5.59516
29050 5.68901
29060 5.77136
29070 5.84171
29080 5.89963
29090 5.94476
29100 5.97685
29110 5.9957
29120 6.00124
29130 5.99346
29140 5.97244
29150 5.93836
29160 5.89148
29170 5.83213
29180 5.76074
29190 5.67779
29200 5.58384
29210 5.4795
29220 5.36546
29230 5.24242
29240 5.11116
29250 4.97245
29260 4.82713
29270 4.67601
29280 4.51995
29290 4.35979
29300 4.19636
29310 4.03049
29320 3.86298
29330 3.69462
29340 3.52615
29350 3.3583
29360 3.19173
29370 3.02708
29380 2.86493
29390 2.70583
29400 2.55025
29410 2.39864
29420 2.25138
29430 2.1088
29440 1.97119
29450 1.83878
29460 1.71174
29470 1.59023
29480 1.47432
29490 1.36409
29500 1.25953
29510 1.16064
29520 1.06734
29530 0.979569
29540 0.897204
29550 0.820114
29560 0.748145
29570 0.681128
29580 0.618877
29590 0.561195
29600 0.507879
29610 0.458716
29620 0.413493
29630 0.371993
29640 0.333998
29650 0.299294
29660 0.267669
29670 0.238917
29680 0.212836
29690 0.189232
29700 0.167917
29710 0.148713
29720 0.131449
29730 0.115962
29740 0.102101
29750 0.0897201
29760 0.078686
29770 0.0688724
29780 0.0601624
29790 0.0524472
29800 0.0456265
29810 0.0396079
29820 0.0343064
29830 0.029644
29840 0.0255495
29850 0.0219578
29860 0.0188097
29870 0.0160512
29880 0.0136333
29890 0.0115112
29900 0.00964444
29910 0.00799579
29920 0.00653129
29930 0.00521969
29940 0.00403201
29950 0.00294122
29960 0.00192176
29970 0.000949241
29980 0
