-20 0
0 -2.99373e-06
20 -5.91934e-06
40 -8.7109e-06
60 -1.13067e-05
80 -1.36511e-05
100 -1.56962e-05
120 -1.74032e-05
140 -1.87435e-05
160 -1.96991e-05
180 -2.0263e-05
200 -2.04389e-05
220 -2.02407e-05
240 -1.96914e-05
260 -1.88225e-05
280 -1.76718e-05
300 -1.62827e-05
320 -1.47018e-05
340 -1.29776e-05
360 -1.11588e-05
380 -9.29309e-06
400 -7.42523e-06
420 -5.59634e-06
440 -3.84285e-06
460 -2.1958e-06
480 -6.80397e-07
500 6.84136e-07
520 1.88452e-06
540 2.91318e-06
560 3.76788e-06
580 4.45118e-06
600 4.96974e-06
620 5.33363e-06
640 5.55558e-06
660 5.65029e-06
680 5.63371e-06
700 5.52237e-06
720 5.33283e-06
740 5.08113e-06
760 4.78246e-06
780 4.45081e-06
800 4.0987e-06
820 3.73712e-06
840 3.37544e-06
860 3.02139e-06
880 2.68114e-06
900 2.35936e-06
920 2.05937e-06
940 1.78334e-06
960 1.53239e-06
980 1.30681e-06
1000 1.10615e-06
1020 9.29439e-07
1040 7.75322e-07
1060 6.42136e-07
1080 5.28048e-07
1100 4.31154e-07
1120 3.49565e-07
1140 2.81439e-07
1160 2.25014e-07
1180 1.78645e-07
1200 1.4084e-07
1220 1.10262e-07
1240 8.57134e-08
1260 6.61452e-08
1280 5.0667e-08
1300 3.85301e-08
1320 2.90915e-08
1340 2.18025e-08
1360 1.6215e-08
1380 1.19727e-08
1400 8.77695e-09
1420 6.37788e-09
1440 4.58336e-09
1460 3.2592e-09
1480 2.29603e-09
1500 1.59829e-09
1520 1.09412e-09
1540 7.43447e-10
1560 5.09679e-10
1580 3.51957e-10
1600 2.38817e-10
1620 1.62982e-10
1640 1.16148e-10
1660 8.10303e-11
1680 4.53522e-11
1700 1.7417e-11
1720 1.32681e-12
1740 -1.20531e-11
1760 -2.94504e-11
1780 -4.01557e-11
1800 -3.93115e-11
1820 -3.71144e-11
1840 -3.97392e-11
1860 -3.70522e-11
1880 -2.4756e-11
1900 -1.37624e-11
1920 -7.1414e-12
1940 7.14425e-12
1960 3.53181e-11
1980 6.96098e-11
2000 1.16204e-10
2020 1.96962e-10
2040 3.31559e-10
2060 5.34875e-10
2080 8.52448e-10
2100 1.36107e-09
2120 2.16226e-09
2140 3.3993e-09
2160 5.31458e-09
2180 8.27363e-09
2200 1.2806e-08
2220 1.96954e-08
2240 3.01265e-08
2260 4.5835e-08
2280 6.93395e-08
2300 1.04303e-07
2320 1.56037e-07
2340 2.3215e-07
2360 3.43479e-07
2380 5.05404e-07
2400 7.39611e-07
2420 1.07646e-06
2440 1.5582e-06
2460 2.24334e-06
2480 3.21231e-06
2500 4.57508e-06
2520 6.48107e-06
2540 9.13206e-06
2560 1.27989e-05
2580 1.78429e-05
2600 2.47431e-05
2620 3.41309e-05
2640 4.6833e-05
2660 6.39256e-05
2680 8.68007e-05
2700 0.000117248
2720 0.000157552
2740 0.000210616
2760 0.0002801
2780 0.00037059
2800 0.000487801
2820 0.000638801
2840 0.00083228
2860 0.00107885
2880 0.00139138
2900 0.00178539
2920 0.00227943
2940 0.00289557
2960 0.00365984
2980 0.00460274
3000 0.00575975
3020 0.00717183
3040 0.00888591
3060 0.0109553
3080 0.0134402
3100 0.0164079
3120 0.0199328
3140 0.0240968
3160 0.028989
3180 0.0347052
3200 0.0413475
3220 0.0490234
3240 0.0578447
3260 0.0679258
3280 0.0793822
3300 0.092328
3320 0.106874
3340 0.123124
3360 0.141174
3380 0.161106
3400 0.182986
3420 0.206862
3440 0.232757
3460 0.260671
3480 0.290572
3500 0.322397
3520 0.35605
3540 0.391397
3560 0.42827
3580 0.46646
3600 0.505724
3620 0.545784
3640 0.586328
3660 0.627016
3680 0.66748
3700 0.707336
3720 0.746183
3740 0.783614
3760 0.81922
3780 0.852601
3800 0.88337
3820 0.911162
3840 0.93564
3860 0.956506
3880 0.973501
3900 0.986414
3920 0.995088
3940 0.999418
3960 0.999357
3980 0.994917
4000 0.986165
4020 0.973226
4040 0.956276
4060 0.93554
4080 0.911288
4100 0.883828
4120 0.853497
4140 0.82066
4160 0.785697
4180 0.749001
4200 0.710966
4220 0.671983
4240 0.632434
4260 0.592684
4280 0.553078
4300 0.513937
4320 0.475549
4340 0.438176
4360 0.402044
4380 0.367343
4400 0.334234
4420 0.302838
4440 0.273248
4460 0.245524
4480 0.219698
4500 0.195774
4520 0.173734
4540 0.153539
4560 0.135133
4580 0.118445
4600 0.103392
4620 0.0898832
4640 0.0778201
4660 0.0671014
4680 0.0576237
4700 0.0492838
4720 0.0419802
4740 0.0356143
4760 0.0300918
4780 0.0253232
4800 0.0212247
4820 0.017718
4840 0.0147315
4860 0.0121995
4880 0.0100623
4900 0.00826646
4920 0.00676415
4940 0.0055129
4960 0.00447531
4980 0.00361865
5000 0.00291442
5020 0.002338
5040 0.00186821
5060 0.00148696
5080 0.00117887
5100 0.000930966
5120 0.000732323
5140 0.00057382
5160 0.000447874
5180 0.000348214
5200 0.000269681
5220 0.000208052
5240 0.000159886
5260 0.000122397
5280 9.33381e-05
5300 7.09045e-05
5320 5.36561e-05
5340 4.04481e-05
5360 3.03748e-05
5380 2.27232e-05
5400 1.69342e-05
5420 1.25721e-05
5440 9.29813e-06
5460 6.8507e-06
5480 5.02837e-06
5500 3.67684e-06
5520 2.67844e-06
5540 1.94378e-06
5560 1.40533e-06
5580 1.01222e-06
5600 7.26342e-07
5620 5.19252e-07
5640 3.69822e-07
5660 2.62408e-07
5680 1.855e-07
5700 1.30647e-07
5720 9.16699e-08
5740 6.40823e-08
5760 4.46357e-08
5780 3.09698e-08
5800 2.14113e-08
5820 1.47503e-08
5840 1.01201e-08
5860 6.9199e-09
5880 4.7159e-09
5900 3.19909e-09
5920 2.1628e-09
5940 1.46043e-09
5960 9.76912e-10
5980 6.5471e-10
6000 4.38021e-10
6020 2.87983e-10
6040 1.92066e-10
6060 1.27456e-10
6080 8.18764e-11
6100 5.40471e-11
6120 3.73203e-11
6140 2.08502e-11
6160 1.56831e-11
6180 1.0824e-11
6200 3.99735e-12
6220 5.4375e-12
6240 2.68399e-12
6260 4.10371e-13
6280 1.76357e-12
6300 1.38427e-12
6320 -1.42941e-12
6340 1.70284e-12
6360 4.12375e-13
6380 -1.86156e-12
6400 2.41528e-12
6420 -1.13896e-12
6440 -5.22678e-13
6460 1.44969e-12
6480 -8.55023e-13
6500 -4.86719e-13
6520 1.34261e-12
6540 -7.95059e-13
6560 -7.66221e-13
6580 2.13309e-12
6600 -2.14091e-12
6620 7.41183e-13
6640 1.08207e-12
6660 -1.98692e-12
6680 1.45606e-12
6700 -5.19862e-14
6720 -9.69548e-13
6740 7.99965e-13
6760 3.91976e-13
6780 -1.50498e-12
6800 1.53121e-12
6820 -2.53536e-13
6840 -1.44618e-12
6860 2.37881e-12
6880 -1.859e-12
6900 2.99092e-13
6920 1.19486e-12
6940 -1.61205e-12
6960 8.28494e-13
6980 3.84613e-13
7000 -9.60143e-13
7020 4.10934e-13
7040 8.3653e-13
7060 -1.74836e-12
7080 1.51118e-12
7100 -1.34437e-13
7120 -1.51038e-12
7140 2.34258e-12
7160 -1.82654e-12
7180 3.52558e-13
7200 1.07076e-12
7220 -1.54735e-12
7240 9.14588e-13
7260 1.95286e-13
7280 -8.40175e-13
7300 5.06334e-13
7320 5.54564e-13
7340 -1.48154e-12
7360 1.48404e-12
7380 -3.89401e-13
7400 -1.17324e-12
7420 2.22755e-12
7440 -2.08628e-12
7460 8.32303e-13
7480 7.60253e-13
7500 -1.74175e-12
7520 1.61467e-12
7540 -6.25307e-13
7560 -4.4642e-13
7580 8.57555e-13
7600 -3.90593e-13
7620 -4.95222e-13
7640 1.04783e-12
7660 -7.32472e-13
7680 -3.49387e-13
7700 1.53588e-12
7720 -2.0171e-12
7740 1.39071e-12
7760 6.90476e-14
7780 -1.55978e-12
7800 2.26061e-12
7820 -1.80176e-12
7840 5.13737e-13
7860 8.4707e-13
7880 -1.52616e-12
7900 1.26958e-12
7920 -3.84195e-13
7940 -4.43799e-13
7960 6.79318e-13
7980 -2.1345e-13
8000 -5.28391e-13
8020 9.44202e-13
8040 -6.14427e-13
8060 -3.42465e-13
8080 1.39288e-12
8100 -1.8408e-12
8120 1.33494e-12
8140 -3.07062e-14
8160 -1.40113e-12
8180 2.23069e-12
8200 -1.99247e-12
8220 8.32095e-13
8240 6.65393e-13
8260 -1.72918e-12
8280 1.89767e-12
8300 -1.16738e-12
8320 4.3612e-14
8340 8.68396e-13
8360 -1.11723e-12
8380 7.20264e-13
8400 -2.93889e-14
8420 -4.38245e-13
8440 4.05244e-13
8460 8.56975e-14
8480 -6.28412e-13
8500 8.08731e-13
8520 -3.79887e-13
8540 -4.71178e-13
8560 1.30182e-12
8580 -1.5816e-12
8600 1.07114e-12
8620 8.2656e-14
8640 -1.33234e-12
8660 2.07739e-12
8680 -1.89105e-12
8700 8.37886e-13
8720 6.38461e-13
8740 -1.83645e-12
8760 2.23282e-12
8780 -1.63621e-12
8800 3.67118e-13
8820 1.00473e-12
8840 -1.84656e-12
8860 1.84779e-12
8880 -1.06202e-12
8900 -7.37796e-14
8920 1.04117e-12
8940 -1.42276e-12
8960 1.15069e-12
8980 -4.33665e-13
9000 -3.13013e-13
9020 7.57791e-13
9040 -7.36436e-13
9060 3.81265e-13
9080 6.06313e-14
9100 -3.03095e-13
9120 2.53175e-13
9140 2.06403e-14
9160 -2.80976e-13
9180 3.3295e-13
9200 -8.30765e-14
9220 -3.38593e-13
9240 6.9885e-13
9260 -7.41425e-13
9280 3.85423e-13
9300 2.68491e-13
9320 -9.04145e-13
9340 1.21758e-12
9360 -9.81096e-13
9380 2.66105e-13
9400 6.65831e-13
9420 -1.37818e-12
9440 1.54697e-12
9460 -1.03263e-12
9480 3.66066e-14
9500 1.04633e-12
9520 -1.72686e-12
9540 1.70498e-12
9560 -9.43052e-13
9580 -2.44555e-13
9600 1.37584e-12
9620 -1.95206e-12
9640 1.72564e-12
9660 -7.62704e-13
9680 -5.38215e-13
9700 1.63953e-12
9720 -2.07089e-12
9740 1.64636e-12
9760 -5.3049e-13
9780 -8.17992e-13
9800 1.83922e-12
9820 -2.10396e-12
9840 1.4988e-12
9860 -2.69393e-13
9880 -1.07649e-12
9900 1.98179e-12
9920 -2.07137e-12
9940 1.30499e-12
9960 0
