-10 0
0 0.0301829
10 0.0603042
20 0.0903025
30 0.120117
40 0.149686
50 0.178952
60 0.207854
70 0.236337
80 0.264344
90 0.29182
100 0.318713
110 0.344973
120 0.37055
130 0.395398
140 0.419473
150 0.442733
160 0.46514
170 0.486657
180 0.50725
190 0.526889
200 0.545547
210 0.563198
220 0.579822
230 0.595398
240 0.609913
250 0.623353
260 0.63571
270 0.646977
280 0.65715
290 0.666231
300 0.674222
310 0.681128
320 0.686958
330 0.691723
340 0.695437
350 0.698117
360 0.699781
370 0.70045
380 0.700147
390 0.698899
400 0.696731
410 0.693674
420 0.689757
430 0.685014
440 0.679476
450 0.673179
460 0.666159
470 0.658452
480 0.650095
490 0.641127
500 0.631585
510 0.621507
520 0.610934
530 0.599904
540 0.588454
550 0.576625
560 0.564453
570 0.551977
580 0.539233
590 0.526258
600 0.513088
610 0.499756
620 0.486298
630 0.472745
640 0.45913
650 0.445482
660 0.431831
670 0.418205
680 0.404631
690 0.391135
700 0.377739
710 0.364467
720 0.351339
730 0.338377
740 0.325598
750 0.313019
760 0.300656
770 0.288523
780 0.276633
790 0.264998
800 0.253627
810 0.242531
820 0.231717
830 0.221191
840 0.210958
850 0.201024
860 0.191392
870 0.182063
880 0.17304
890 0.164322
900 0.155909
910 0.147799
920 0.139992
930 0.132484
940 0.125272
950 0.118351
960 0.111718
970 0.105367
980 0.0992934
990 0.0934905
1000 0.0879524
1010 0.0826727
1020 0.0776444
1030 0.0728607
1040 0.0683143
1050 0.0639979
1060 0.059904
1070 0.056025
1080 0.0523535
1090 0.0488816
1100 0.045602
1110 0.0425069
1120 0.0395889
1130 0.0368406
1140 0.0342545
1150 0.0318235
1160 0.0295405
1170 0.0273985
1180 0.0253908
1190 0.0235107
1200 0.0217518
1210 0.0201078
1220 0.0185727
1230 0.0171406
1240 0.0158059
1250 0.014563
1260 0.0134069
1270 0.0123323
1280 0.0113345
1290 0.0104088
1300 0.00955086
1310 0.00875642
1320 0.00802144
1330 0.00734211
1340 0.00671478
1350 0.006136
1360 0.00560249
1370 0.00511116
1380 0.00465908
1390 0.0042435
1400 0.00386181
1410 0.00351157
1420 0.00319047
1430 0.00289635
1440 0.00262718
1450 0.00238108
1460 0.00215626
1470 0.00195106
1480 0.00176394
1490 0.00159346
1500 0.00143827
1510 0.00129713
1520 0.00116888
1530 0.00105244
1540 0.00094683
1550 0.000851115
1560 0.00076445
1570 0.000686045
1580 0.00061518
1590 0.000551184
1600 0.000493441
1610 0.000441385
1620 0.0003945
1630 0.000352306
1640 0.000314369
1650 0.000280284
1660 0.00024969
1670 0.000222256
1680 0.000197668
1690 0.000175659
1700 0.000155967
1710 0.00013837
1720 0.000122656
1730 0.000108634
1740 9.61351e-05
1750 8.50017e-05
1760 7.50951e-05
1770 6.62866e-05
1780 5.84608e-05
1790 5.15135e-05
1800 4.53562e-05
1810 3.98969e-05
1820 3.50662e-05
1830 3.07919e-05
1840 2.70143e-05
1850 2.36825e-05
1860 2.07378e-05
1870 1.81459e-05
1880 1.58615e-05
1890 1.38525e-05
1900 1.20864e-05
1910 1.05336e-05
1920 9.1712e-06
1930 7.97838e-06
1940 6.93147e-06
1950 6.01473e-06
1960 5.21458e-06
1970 4.51271e-06
1980 3.90443e-06
1990 3.36839e-06
2000 2.90399e-06
2010 2.50011e-06
2020 2.14689e-06
2030 1.84163e-06
2040 1.57405e-06
2050 1.34371e-06
2060 1.14419e-06
2070 9.70369e-07
2080 8.1861e-07
2090 6.90789e-07
2100 5.76827e-07
2110 4.81412e-07
2120 3.96465e-07
2130 3.23656e-07
2140 2.64128e-07
2150 2.08285e-07
2160 1.63263e-07
2170 1.23205e-07
2180 8.99032e-08
2190 6.08458e-08
2200 3.57443e-08
2210 1.31109e-08
2220 -2.68902e-09
2230 -1.97227e-08
2240 -3.35099e-08
2250 -4.36356e-08
2260 -5.49621e-08
2270 -6.07317e-08
2280 -7.02298e-08
2290 -7.55457e-08
2300 -7.97866e-08
2310 -8.43645e-08
2320 -8.90152e-08
2330 -9.10042e-08
2340 -9.44681e-08
2350 -9.56416e-08
2360 -9.80009e-08
2370 -1.01211e-07
2380 -9.93501e-08
2390 -1.02972e-07
2400 -1.03019e-07
2410 -1.04197e-07
2420 -1.04525e-07
2430 -1.0491e-07
2440 -1.05556e-07
2450 -1.07153e-07
2460 -1.05368e-07
2470 -1.06479e-07
2480 -1.08053e-07
2490 -1.0607e-07
2500 -1.08187e-07
2510 -1.06357e-07
2520 -1.08182e-07
2530 -1.07987e-07
2540 -1.07144e-07
2550 -1.07322e-07
2560 -1.09072e-07
2570 -1.07052e-07
2580 -1.07968e-07
2590 -1.0815e-07
2600 -1.07446e-07
2610 -1.09275e-07
2620 -1.06525e-07
2630 -1.08508e-07
2640 -1.08552e-07
2650 -1.07814e-07
2660 -1.07343e-07
2670 -1.09063e-07
2680 -1.07329e-07
2690 -1.08783e-07
2700 -1.07468e-07
2710 -1.07761e-07
2720 -1.09464e-07
2730 -1.06844e-07
2740 -1.0819e-07
2750 -1.08538e-07
2760 -1.08153e-07
2770 -1.07439e-07
2780 -1.08827e-07
2790 -1.07153e-07
2800 -1.09451e-07
2810 -1.07025e-07
2820 -1.07893e-07
2830 -1.09185e-07
2840 -1.07475e-07
2850 -1.07715e-07
2860 -1.08639e-07
2870 -1.08071e-07
2880 -1.07773e-07
2890 -1.086e-07
2900 -1.06981e-07
2910 -1.09747e-07
2920 -1.06963e-07
2930 -1.07933e-07
2940 -1.08778e-07
2950 -1.08168e-07
2960 -1.07135e-07
2970 -1.09027e-07
2980 -1.07654e-07
2990 -1.08249e-07
3000 -1.08276e-07
3010 -1.07153e-07
3020 -1.09473e-07
3030 -1.07394e-07
3040 -1.07661e-07
3050 -1.08625e-07
3060 -1.08627e-07
3070 -1.06654e-07
3080 -1.09419e-07
3090 -1.0731e-07
3100 -1.08575e-07
3110 -1.07912e-07
3120 -1.07704e-07
3130 -1.08657e-07
3140 -1.08294e-07
3150 -1.06996e-07
3160 -1.08902e-07
3170 -1.08623e-07
3180 -1.06627e-07
3190 -1.09286e-07
3200 -1.0763e-07
3210 -1.0827e-07
3220 -1.07868e-07
3230 -1.0827e-07
3240 -1.07762e-07
3250 -1.09126e-07
3260 -1.06456e-07
3270 -1.09216e-07
3280 -1.08324e-07
3290 -1.07122e-07
3300 -1.0844e-07
3310 -1.08778e-07
3320 -1.07212e-07
3330 -1.08341e-07
3340 -1.08447e-07
3350 -1.07455e-07
3360 -1.09004e-07
3370 -1.06998e-07
3380 -1.08748e-07
3390 -1.08316e-07
3400 -1.07637e-07
3410 -1.07572e-07
3420 -1.09801e-07
3430 -1.06368e-07
3440 -1.08677e-07
3450 -1.08472e-07
3460 -1.07777e-07
3470 -1.07796e-07
3480 -1.08726e-07
3490 -1.07462e-07
3500 -1.08664e-07
3510 -1.07791e-07
3520 -1.07645e-07
3530 -1.09259e-07
3540 -1.0714e-07
3550 -1.07946e-07
3560 -1.08933e-07
3570 -1.07919e-07
3580 -1.06897e-07
3590 -1.09869e-07
3600 -1.06982e-07
3610 -1.08239e-07
3620 -1.08212e-07
3630 -1.08341e-07
3640 -1.07444e-07
3650 -1.08969e-07
3660 -1.07028e-07
3670 -1.09097e-07
3680 -1.07733e-07
3690 -1.07563e-07
3700 -1.08768e-07
3710 -1.0835e-07
3720 -1.06832e-07
3730 -1.09138e-07
3740 -1.08385e-07
3750 -1.06751e-07
3760 -1.09164e-07
3770 -1.08075e-07
3780 -1.07539e-07
3790 -1.08252e-07
3800 -1.08679e-07
3810 -1.07081e-07
3820 -1.09141e-07
3830 -1.07188e-07
3840 -1.08647e-07
3850 -1.08036e-07
3860 -1.07984e-07
3870 -1.07582e-07
3880 -1.09561e-07
3890 -1.06427e-07
3900 -1.08753e-07
3910 -1.0865e-07
3920 -1.0746e-07
3930 -1.07565e-07
3940 -1.09658e-07
3950 -1.0679e-07
3960 -1.08154e-07
3970 -1.08901e-07
3980 -1.07527e-07
3990 -1.07828e-07
4000 -1.08807e-07
4010 -1.07615e-07
4020 -1.08023e-07
4030 -1.08608e-07
4040 -1.07346e-07
4050 -1.08775e-07
4060 -1.07836e-07
4070 -1.07815e-07
4080 -1.08378e-07
4090 -1.08602e-07
4100 -1.06635e-07
4110 -1.09582e-07
4120 -1.07653e-07
4130 -1.07514e-07
4140 -1.08435e-07
4150 -1.09071e-07
4160 -1.0615e-07
4170 -1.09554e-07
4180 -1.07994e-07
4190 -1.07463e-07
4200 -1.08068e-07
4210 -1.09327e-07
4220 -1.06423e-07
4230 -1.09053e-07
4240 -1.08121e-07
4250 -1.07771e-07
4260 -1.07899e-07
4270 -1.08936e-07
4280 -1.0706e-07
4290 -1.08793e-07
4300 -1.07913e-07
4310 -1.07894e-07
4320 -1.08301e-07
4330 -1.0827e-07
4340 -1.07396e-07
4350 -1.08909e-07
4360 -1.07843e-07
4370 -1.07492e-07
4380 -1.08951e-07
4390 -1.07935e-07
4400 -1.07287e-07
4410 -1.08982e-07
4420 -1.08246e-07
4430 -1.06822e-07
4440 -1.093e-07
4450 -1.08094e-07
4460 -1.07101e-07
4470 -1.08664e-07
4480 -1.08946e-07
4490 -1.06374e-07
4500 -1.09152e-07
4510 -1.08441e-07
4520 -1.07201e-07
4530 -1.0803e-07
4540 -1.09528e-07
4550 -1.06378e-07
4560 -1.08733e-07
4570 -1.08616e-07
4580 -1.07614e-07
4590 -1.07405e-07
4600 -1.09744e-07
4610 -1.06698e-07
4620 -1.08369e-07
4630 -1.08517e-07
4640 -1.08111e-07
4650 -1.07029e-07
4660 -1.09647e-07
4670 -1.07066e-07
4680 -1.08206e-07
4690 -1.08278e-07
4700 -1.08483e-07
4710 -1.0691e-07
4720 -1.09441e-07
4730 -1.07322e-07
4740 -1.08183e-07
4750 -1.08069e-07
4760 -1.08686e-07
4770 -1.06907e-07
4780 -1.09271e-07
4790 -1.07484e-07
4800 -1.08173e-07
4810 -1.07943e-07
4820 -1.08819e-07
4830 -1.06897e-07
4840 -1.0914e-07
4850 -1.07648e-07
4860 -1.08124e-07
4870 -1.07825e-07
4880 -1.08984e-07
4890 -1.06873e-07
4900 -1.08962e-07
4910 -1.07863e-07
4920 -1.08105e-07
4930 -1.07614e-07
4940 -1.09189e-07
4950 -1.06931e-07
4960 -1.08675e-07
4970 -1.08063e-07
4980 -1.08235e-07
4990 -1.0729e-07
5000 -1.09323e-07
5010 -1.07169e-07
5020 -1.08328e-07
5030 -1.08101e-07
5040 -1.08574e-07
5050 -1.06966e-07
5060 -1.09235e-07
5070 -1.07577e-07
5080 -1.08096e-07
5090 -1.0785e-07
5100 -1.09032e-07
5110 -1.06852e-07
5120 -1.08858e-07
5130 -1.07985e-07
5140 -1.08183e-07
5150 -1.07338e-07
5160 -1.09359e-07
5170 -1.07116e-07
5180 -1.08321e-07
5190 -1.08111e-07
5200 -1.08664e-07
5210 -1.06816e-07
5220 -1.09272e-07
5230 -1.07723e-07
5240 -1.07953e-07
5250 -1.07749e-07
5260 -1.0934e-07
5270 -1.06672e-07
5280 -1.0867e-07
5290 -1.08344e-07
5300 -1.08101e-07
5310 -1.06991e-07
5320 -1.0975e-07
5330 -1.07175e-07
5340 -1.07824e-07
5350 -1.08497e-07
5360 -1.08832e-07
5370 -1.06319e-07
5380 -1.09445e-07
5390 -1.0817e-07
5400 -1.07316e-07
5410 -1.07926e-07
5420 -1.097e-07
5430 -1.06355e-07
5440 -1.08415e-07
5450 -1.09019e-07
5460 -1.07615e-07
5470 -1.06977e-07
5480 -1.0994e-07
5490 -1.07309e-07
5500 -1.07305e-07
5510 -1.09038e-07
5520 -1.08525e-07
5530 -1.06523e-07
5540 -1.0912e-07
5550 -1.08576e-07
5560 -1.07002e-07
5570 -1.08234e-07
5580 -1.09108e-07
5590 -1.07217e-07
5600 -1.07772e-07
5610 -1.0908e-07
5620 -1.07714e-07
5630 -1.0757e-07
5640 -1.08501e-07
5650 -1.0862e-07
5660 -1.07138e-07
5670 -1.08402e-07
5680 -1.0847e-07
5690 -1.08103e-07
5700 -1.07053e-07
5710 -1.09338e-07
5720 -1.07836e-07
5730 -1.0752e-07
5740 -1.08037e-07
5750 -1.09553e-07
5760 -1.06308e-07
5770 -1.08581e-07
5780 -1.08853e-07
5790 -1.07838e-07
5800 -1.06653e-07
5810 -1.10219e-07
5820 -1.07192e-07
5830 -1.07445e-07
5840 -1.08608e-07
5850 -1.09127e-07
5860 -1.06183e-07
5870 -1.09096e-07
5880 -1.08459e-07
5890 -1.07684e-07
5900 -1.07371e-07
5910 -1.09357e-07
5920 -1.07623e-07
5930 -1.07666e-07
5940 -1.08198e-07
5950 -1.08911e-07
5960 -1.0734e-07
5970 -1.07658e-07
5980 -1.09155e-07
5990 -1.0796e-07
6000 -1.07022e-07
6010 -1.08755e-07
6020 -1.09135e-07
6030 -1.0627e-07
6040 -1.08697e-07
6050 -1.0902e-07
6060 -1.07458e-07
6070 -1.06975e-07
6080 -1.10067e-07
6090 -1.0717e-07
6100 -1.07691e-07
6110 -1.08236e-07
6120 -1.09216e-07
6130 -1.0665e-07
6140 -1.08534e-07
6150 -1.08274e-07
6160 -1.08688e-07
6170 -1.06606e-07
6180 -1.08957e-07
6190 -1.08659e-07
6200 -1.07402e-07
6210 -1.07279e-07
6220 -1.09849e-07
6230 -1.07497e-07
6240 -1.06861e-07
6250 -1.09372e-07
6260 -1.08446e-07
6270 -1.06876e-07
6280 -1.08183e-07
6290 -1.09409e-07
6300 -1.07013e-07
6310 -1.07998e-07
6320 -1.08227e-07
6330 -1.0913e-07
6340 -1.0665e-07
6350 -1.08382e-07
6360 -1.08677e-07
6370 -1.08507e-07
6380 -1.06119e-07
6390 -1.09775e-07
6400 -1.08315e-07
6410 -1.07012e-07
6420 -1.07832e-07
6430 -1.09789e-07
6440 -1.0699e-07
6450 -1.07563e-07
6460 -1.08875e-07
6470 -1.08451e-07
6480 -1.07409e-07
6490 -1.07553e-07
6500 -1.09403e-07
6510 -1.07829e-07
6520 -1.07168e-07
6530 -1.08178e-07
6540 -1.09908e-07
6550 -1.0609e-07
6560 -1.08276e-07
6570 -1.08995e-07
6580 -1.08351e-07
6590 -1.06385e-07
6600 -1.09308e-07
6610 -1.08288e-07
6620 -1.07937e-07
6630 -1.07033e-07
6640 -1.09112e-07
6650 -1.08707e-07
6660 -1.06763e-07
6670 -1.07965e-07
6680 -1.09549e-07
6690 -1.07704e-07
6700 -1.06457e-07
6710 -1.09788e-07
6720 -1.08048e-07
6730 -1.07607e-07
6740 -1.07268e-07
6750 -1.09625e-07
6760 -1.0772e-07
6770 -1.0755e-07
6780 -1.07481e-07
6790 -1.10097e-07
6800 -1.07e-07
6810 -1.07067e-07
6820 -1.09294e-07
6830 -1.08694e-07
6840 -1.06785e-07
6850 -1.07906e-07
6860 -1.09404e-07
6870 -1.07699e-07
6880 -1.07568e-07
6890 -1.07484e-07
6900 -1.10132e-07
6910 -1.06922e-07
6920 -1.07292e-07
6930 -1.08757e-07
6940 -1.09451e-07
6950 -1.06141e-07
6960 -1.08348e-07
6970 -1.08902e-07
6980 -1.08347e-07
6990 -1.07067e-07
7000 -1.0774e-07
7010 -1.09754e-07
7020 -1.07568e-07
7030 -1.06901e-07
7040 -1.08498e-07
7050 -1.09875e-07
7060 -1.06173e-07
7070 -1.08198e-07
7080 -1.08458e-07
7090 -1.09162e-07
7100 -1.06721e-07
7110 -1.07716e-07
7120 -1.09237e-07
7130 -1.08671e-07
7140 -1.06325e-07
7150 -1.08239e-07
7160 -1.09899e-07
7170 -1.0699e-07
7180 -1.07657e-07
7190 -1.07937e-07
7200 -1.09817e-07
7210 -1.07084e-07
7220 -1.07288e-07
7230 -1.08552e-07
7240 -1.09884e-07
7250 -1.06288e-07
7260 -1.07791e-07
7270 -1.09405e-07
7280 -1.08444e-07
7290 -1.07508e-07
7300 -1.07202e-07
7310 -1.1002e-07
7320 -1.08442e-07
7330 -1.07211e-07
7340 -1.07724e-07
7350 -1.1083e-07
7360 -1.0762e-07
7370 -1.0802e-07
7380 -1.08619e-07
7390 -1.10391e-07
7400 -1.09223e-07
7410 -1.07598e-07
7420 -1.10348e-07
7430 -1.11343e-07
7440 -1.09992e-07
7450 -1.09129e-07
7460 -1.12885e-07
7470 -1.12487e-07
7480 -1.13208e-07
7490 -1.11993e-07
7500 -1.16238e-07
7510 -1.17919e-07
7520 -1.1706e-07
7530 -1.19241e-07
7540 -1.23557e-07
7550 -1.26664e-07
7560 -1.27671e-07
7570 -1.32287e-07
7580 -1.37874e-07
7590 -1.45518e-07
7600 -1.48078e-07
7610 -1.57534e-07
7620 -1.68512e-07
7630 -1.79575e-07
7640 -1.91013e-07
7650 -2.06203e-07
7660 -2.27041e-07
7670 -2.4854e-07
7680 -2.72165e-07
7690 -3.01347e-07
7700 -3.40456e-07
7710 -3.79972e-07
7720 -4.28271e-07
7730 -4.84108e-07
7740 -5.53667e-07
7750 -6.32489e-07
7760 -7.21141e-07
7770 -8.28826e-07
7780 -9.55712e-07
7790 -1.10233e-06
7800 -1.26978e-06
7810 -1.46865e-06
7820 -1.70013e-06
7830 -1.97083e-06
7840 -2.27884e-06
7850 -2.64109e-06
7860 -3.06318e-06
7870 -3.54983e-06
7880 -4.11253e-06
7890 -4.76229e-06
7900 -5.51899e-06
7910 -6.39014e-06
7920 -7.39348e-06
7930 -8.5498e-06
7940 -9.88742e-06
7950 -1.1424e-05
7960 -1.31905e-05
7970 -1.52189e-05
7980 -1.75513e-05
7990 -2.02293e-05
8000 -2.32919e-05
8010 -2.68026e-05
8020 -3.08197e-05
8030 -3.54159e-05
8040 -4.06618e-05
8050 -4.6648e-05
8060 -5.34771e-05
8070 -6.12607e-05
8080 -7.01185e-05
8090 -8.01914e-05
8100 -9.16423e-05
8110 -0.000104645
8120 -0.000119399
8130 -0.000136117
8140 -0.000155056
8150 -0.000176489
8160 -0.000200722
8170 -0.000228096
8180 -0.000258991
8190 -0.000293839
8200 -0.000333104
8210 -0.000377308
8220 -0.000427028
8230 -0.000482913
8240 -0.000545668
8250 -0.000616076
8260 -0.000694998
8270 -0.000783395
8280 -0.000882322
8290 -0.000992927
8300 -0.00111649
8310 -0.0012544
8320 -0.0014082
8330 -0.00157957
8340 -0.00177034
8350 -0.00198253
8360 -0.00221835
8370 -0.0024802
8380 -0.00277069
8390 -0.00309267
8400 -0.00344926
8410 -0.00384383
8420 -0.00428003
8430 -0.00476185
8440 -0.0052936
8450 -0.00587992
8460 -0.00652588
8470 -0.00723689
8480 -0.00801884
8490 -0.00887804
8500 -0.00982131
8510 -0.0108559
8520 -0.0119898
8530 -0.0132313
8540 -0.0145895
8550 -0.0160741
8560 -0.0176953
8570 -0.0194641
8580 -0.0213924
8590 -0.0234925
8600 -0.0257779
8610 -0.0282626
8620 -0.0309617
8630 -0.033891
8640 -0.0370673
8650 -0.0405083
8660 -0.0442329
8670 -0.0482607
8680 -0.0526125
8690 -0.0573103
8700 -0.0623769
8710 -0.0678363
8720 -0.0737138
8730 -0.0800355
8740 -0.0868291
8750 -0.0941229
8760 -0.101947
8770 -0.110332
8780 -0.11931
8790 -0.128914
8800 -0.139178
8810 -0.150138
8820 -0.161831
8830 -0.174292
8840 -0.187562
8850 -0.201679
8860 -0.216684
8870 -0.232616
8880 -0.249519
8890 -0.267434
8900 -0.286404
8910 -0.306473
8920 -0.327683
8930 -0.350079
8940 -0.373704
8950 -0.398603
8960 -0.424818
8970 -0.452393
8980 -0.481371
8990 -0.511793
9000 -0.543701
9010 -0.577134
9020 -0.612132
9030 -0.64873
9040 -0.686966
9050 -0.726872
9060 -0.76848
9070 -0.811819
9080 -0.856917
9090 -0.903796
9100 -0.952477
9110 -1.00298
9120 -1.05532
9130 -1.1095
9140 -1.16553
9150 -1.22342
9160 -1.28316
9170 -1.34475
9180 -1.40817
9190 -1.47341
9200 -1.54045
9210 -1.60926
9220 -1.67982
9230 -1.75208
9240 -1.826
9250 -1.90154
9260 -1.97864
9270 -2.05724
9280 -2.13728
9290 -2.21868
9300 -2.30138
9310 -2.38528
9320 -2.4703
9330 -2.55634
9340 -2.64331
9350 -2.73111
9360 -2.81962
9370 -2.90872
9380 -2.99831
9390 -3.08825
9400 -3.17843
9410 -3.2687
9420 -3.35893
9430 -3.44899
9440 -3.53873
9450 -3.62802
9460 -3.7167
9470 -3.80463
9480 -3.89165
9490 -3.97763
9500 -4.06241
9510 -4.14584
9520 -4.22778
9530 -4.30807
9540 -4.38658
9550 -4.46314
9560 -4.53764
9570 -4.60992
9580 -4.67986
9590 -4.74731
9600 -4.81217
9610 -4.87429
9620 -4.93358
9630 -4.98991
9640 -5.04319
9650 -5.09331
9660 -5.14018
9670 -5.18373
9680 -5.22386
9690 -5.26052
9700 -5.29364
9710 -5.32317
9720 -5.34905
9730 -5.37127
9740 -5.38978
9750 -5.40456
9760 -5.41561
9770 -5.42291
9780 -5.42648
9790 -5.42632
9800 -5.42247
9810 -5.41494
9820 -5.40377
9830 -5.38901
9840 -5.37072
9850 -5.34894
9860 -5.32375
9870 -5.29522
9880 -5.26343
9890 -5.22845
9900 -5.1904
9910 -5.14935
9920 -5.10541
9930 -5.05868
9940 -5.00928
9950 -4.95731
9960 -4.9029
9970 -4.84615
9980 -4.78719
9990 -4.72614
10000 -4.66422
10010 -4.60149
10020 -4.53799
10030 -4.47378
10040 -4.40892
10050 -4.34346
10060 -4.27746
10070 -4.21098
10080 -4.14406
10090 -4.07676
10100 -4.00914
10110 -3.94125
10120 -3.87313
10130 -3.80485
10140 -3.73645
10150 -3.66798
10160 -3.5995
10170 -3.53105
10180 -3.46267
10190 -3.39442
10200 -3.32634
10210 -3.25848
10220 -3.19087
10230 -3.12356
10240 -3.05659
10250 -2.99001
10260 -2.92384
10270 -2.85812
10280 -2.7929
10290 -2.72821
10300 -2.66407
10310 -2.60052
10320 -2.53759
10330 -2.47532
10340 -2.41372
10350 -2.35282
10360 -2.29265
10370 -2.23324
10380 -2.17459
10390 -2.11674
10400 -2.0597
10410 -2.0035
10420 -1.94814
10430 -1.89364
10440 -1.84003
10450 -1.78729
10460 -1.73546
10470 -1.68454
10480 -1.63454
10490 -1.58546
10500 -1.53732
10510 -1.49011
10520 -1.44385
10530 -1.39853
10540 -1.35415
10550 -1.31073
10560 -1.26825
10570 -1.22671
10580 -1.18612
10590 -1.14647
10600 -1.10775
10610 -1.06997
10620 -1.03311
10630 -0.997168
10640 -0.96214
10650 -0.928017
10660 -0.89479
10670 -0.86245
10680 -0.830986
10690 -0.80039
10700 -0.770649
10710 -0.741753
10720 -0.71369
10730 -0.686448
10740 -0.660014
10750 -0.634375
10760 -0.609518
10770 -0.58543
10780 -0.562097
10790 -0.539505
10800 -0.517639
10810 -0.496485
10820 -0.476029
10830 -0.456255
10840 -0.43715
10850 -0.418698
10860 -0.400884
10870 -0.383694
10880 -0.367113
10890 -0.351124
10900 -0.335715
10910 -0.32087
10920 -0.306573
10930 -0.292811
10940 -0.279569
10950 -0.266833
10960 -0.254587
10970 -0.242819
10980 -0.231513
10990 -0.220657
11000 -0.210236
11010 -0.200238
11020 -0.190648
11030 -0.181454
11040 -0.172643
11050 -0.164202
11060 -0.15612
11070 -0.148383
11080 -0.140981
11090 -0.133901
11100 -0.127132
11110 -0.120664
11120 -0.114484
11130 -0.108583
11140 -0.10295
11150 -0.0975753
11160 -0.0924489
11170 -0.0875613
11180 -0.0829031
11190 -0.0784654
11200 -0.0742393
11210 -0.0702163
11220 -0.0663882
11230 -0.0627469
11240 -0.0592846
11250 -0.0559938
11260 -0.0528673
11270 -0.0498979
11280 -0.0470789
11290 -0.0444037
11300 -0.0418659
11310 -0.0394594
11320 -0.0371783
11330 -0.0350168
11340 -0.0329695
11350 -0.0310312
11360 -0.0291966
11370 -0.0274609
11380 -0.0258194
11390 -0.0242675
11400 -0.022801
11410 -0.0214157
11420 -0.0201075
11430 -0.0188727
11440 -0.0177075
11450 -0.0166086
11460 -0.0155724
11470 -0.0145957
11480 -0.0136756
11490 -0.012809
11500 -0.0119932
11510 -0.0112254
11520 -0.0105031
11530 -0.00982388
11540 -0.00918538
11550 -0.0085854
11560 -0.00802183
11570 -0.00749265
11580 -0.00699595
11590 -0.00652991
11600 -0.0060928
11610 -0.00568298
11620 -0.00529889
11630 -0.00493904
11640 -0.00460203
11650 -0.00428652
11660 -0.00399126
11670 -0.00371504
11680 -0.00345674
11690 -0.00321529
11700 -0.00298966
11710 -0.0027789
11720 -0.00258211
11730 -0.00239843
11740 -0.00222704
11750 -0.00206719
11760 -0.00191814
11770 -0.00177922
11780 -0.00164979
11790 -0.00152925
11800 -0.00141702
11810 -0.00131257
11820 -0.00121539
11830 -0.00112502
11840 -0.00104101
11850 -0.000962936
11860 -0.000890413
11870 -0.000823069
11880 -0.000760558
11890 -0.000702554
11900 -0.000648752
11910 -0.000598863
11920 -0.00055262
11930 -0.000509772
11940 -0.000470083
11950 -0.000433331
11960 -0.000399311
11970 -0.000367833
11980 -0.000338717
11990 -0.000311796
12000 -0.000286914
12010 -0.000263926
12020 -0.000242697
12030 -0.0002231
12040 -0.000205017
12050 -0.000188337
12060 -0.000172957
12070 -0.000158781
12080 -0.000145719
12090 -0.000133687
12100 -0.000122606
12110 -0.000112405
12120 -0.000103016
12130 -9.43768e-05
12140 -8.64291e-05
12150 -7.91206e-05
12160 -7.24027e-05
12170 -6.623e-05
12180 -6.05597e-05
12190 -5.53536e-05
12200 -5.05773e-05
12210 -4.61977e-05
12220 -4.21836e-05
12230 -3.8506e-05
12240 -3.51392e-05
12250 -3.20592e-05
12260 -2.92426e-05
12270 -2.6667e-05
12280 -2.43124e-05
12290 -2.21611e-05
12300 -2.0196e-05
12310 -1.84001e-05
12320 -1.67581e-05
12330 -1.5257e-05
12340 -1.38851e-05
12350 -1.26309e-05
12360 -1.1483e-05
12370 -1.04323e-05
12380 -9.47121e-06
12390 -8.59269e-06
12400 -7.7892e-06
12410 -7.05404e-06
12420 -6.38238e-06
12430 -5.77021e-06
12440 -5.21288e-06
12450 -4.70542e-06
12460 -4.24403e-06
12470 -3.82623e-06
12480 -3.44934e-06
12490 -3.10965e-06
12500 -2.80365e-06
12510 -2.52916e-06
12520 -2.2846e-06
12530 -2.06748e-06
12540 -1.87457e-06
12550 -1.70346e-06
12560 -1.55298e-06
12570 -1.42178e-06
12580 -1.30739e-06
12590 -1.20725e-06
12600 -1.12013e-06
12610 -1.04549e-06
12620 -9.81983e-07
12630 -9.27407e-07
12640 -8.80231e-07
12650 -8.40221e-07
12660 -8.07131e-07
12670 -7.79577e-07
12680 -7.55914e-07
12690 -7.35685e-07
12700 -7.19285e-07
12710 -7.06373e-07
12720 -6.95593e-07
12730 -6.86048e-07
12740 -6.78125e-07
12750 -6.72334e-07
12760 -6.68022e-07
12770 -6.64034e-07
12780 -6.60254e-07
12790 -6.57513e-07
12800 -6.5601e-07
12810 -6.54796e-07
12820 -6.53145e-07
12830 -6.51596e-07
12840 -6.50974e-07
12850 -6.50964e-07
12860 -6.50547e-07
12870 -6.49589e-07
12880 -6.4901e-07
12890 -6.4926e-07
12900 -6.4956e-07
12910 -6.49136e-07
12920 -6.48451e-07
12930 -6.48443e-07
12940 -6.48998e-07
12950 -6.49121e-07
12960 -6.4854e-07
12970 -6.48137e-07
12980 -6.48521e-07
12990 -6.49043e-07
13000 -6.48835e-07
13010 -6.48216e-07
13020 -6.48172e-07
13030 -6.48765e-07
13040 -6.49032e-07
13050 -6.48536e-07
13060 -6.48073e-07
13070 -6.48388e-07
13080 -6.48972e-07
13090 -6.48881e-07
13100 -6.4826e-07
13110 -6.48109e-07
13120 -6.48672e-07
13130 -6.49041e-07
13140 -6.48621e-07
13150 -6.48088e-07
13160 -6.48301e-07
13170 -6.48918e-07
13180 -6.48945e-07
13190 -6.48337e-07
13200 -6.48073e-07
13210 -6.48579e-07
13220 -6.4904e-07
13230 -6.48714e-07
13240 -6.48124e-07
13250 -6.48221e-07
13260 -6.4885e-07
13270 -6.48998e-07
13280 -6.48427e-07
13290 -6.48055e-07
13300 -6.48481e-07
13310 -6.49021e-07
13320 -6.48805e-07
13330 -6.4818e-07
13340 -6.48151e-07
13350 -6.48766e-07
13360 -6.49036e-07
13370 -6.48526e-07
13380 -6.48056e-07
13390 -6.48381e-07
13400 -6.4898e-07
13410 -6.4889e-07
13420 -6.48255e-07
13430 -6.48095e-07
13440 -6.48668e-07
13450 -6.49054e-07
13460 -6.48633e-07
13470 -6.48079e-07
13480 -6.48283e-07
13490 -6.48917e-07
13500 -6.48964e-07
13510 -6.48347e-07
13520 -6.48056e-07
13530 -6.48559e-07
13540 -6.4905e-07
13550 -6.4874e-07
13560 -6.48127e-07
13570 -6.48193e-07
13580 -6.48834e-07
13590 -6.49022e-07
13600 -6.48455e-07
13610 -6.48041e-07
13620 -6.48445e-07
13630 -6.4902e-07
13640 -6.48844e-07
13650 -6.48198e-07
13660 -6.48117e-07
13670 -6.48731e-07
13680 -6.49057e-07
13690 -6.48572e-07
13700 -6.48052e-07
13710 -6.48331e-07
13720 -6.48962e-07
13730 -6.48936e-07
13740 -6.48293e-07
13750 -6.48062e-07
13760 -6.48614e-07
13770 -6.49066e-07
13780 -6.48695e-07
13790 -6.48093e-07
13800 -6.48223e-07
13810 -6.48878e-07
13820 -6.49011e-07
13830 -6.48408e-07
13840 -6.48033e-07
13850 -6.48486e-07
13860 -6.49044e-07
13870 -6.48814e-07
13880 -6.48163e-07
13890 -6.48131e-07
13900 -6.4877e-07
13910 -6.4906e-07
13920 -6.48537e-07
13930 -6.48036e-07
13940 -6.48357e-07
13950 -6.48989e-07
13960 -6.48923e-07
13970 -6.48263e-07
13980 -6.48062e-07
13990 -6.48642e-07
14000 -6.49077e-07
14010 -6.48674e-07
14020 -6.48073e-07
14030 -6.48234e-07
14040 -6.48901e-07
14050 -6.4901e-07
14060 -6.48387e-07
14070 -6.48024e-07
14080 -6.48501e-07
14090 -6.49058e-07
14100 -6.48808e-07
14110 -6.48148e-07
14120 -6.48129e-07
14130 -6.48783e-07
14140 -6.49068e-07
14150 -6.4853e-07
14160 -6.48025e-07
14170 -6.48357e-07
14180 -6.48999e-07
14190 -6.48929e-07
14200 -6.48257e-07
14210 -6.48052e-07
14220 -6.48641e-07
14230 -6.49087e-07
14240 -6.48681e-07
14250 -6.48067e-07
14260 -6.48222e-07
14270 -6.48901e-07
14280 -6.49024e-07
14290 -6.48395e-07
14300 -6.48013e-07
14310 -6.48485e-07
14320 -6.49063e-07
14330 -6.48828e-07
14340 -6.48152e-07
14350 -6.48109e-07
14360 -6.48768e-07
14370 -6.49083e-07
14380 -6.48553e-07
14390 -6.48019e-07
14400 -6.48328e-07
14410 -6.48992e-07
14420 -6.48956e-07
14430 -6.48277e-07
14440 -6.48031e-07
14450 -6.48609e-07
14460 -6.49096e-07
14470 -6.48719e-07
14480 -6.48075e-07
14490 -6.48185e-07
14500 -6.48875e-07
14510 -6.49052e-07
14520 -6.48435e-07
14530 -6.48e-07
14540 -6.48438e-07
14550 -6.49055e-07
14560 -6.48875e-07
14570 -6.48181e-07
14580 -6.48072e-07
14590 -6.48721e-07
14600 -6.49102e-07
14610 -6.48611e-07
14620 -6.48024e-07
14630 -6.4827e-07
14640 -6.48961e-07
14650 -6.49004e-07
14660 -6.4833e-07
14670 -6.48004e-07
14680 -6.48542e-07
14690 -6.49095e-07
14700 -6.48788e-07
14710 -6.48106e-07
14720 -6.48126e-07
14730 -6.48818e-07
14740 -6.49089e-07
14750 -6.48511e-07
14760 -6.47995e-07
14770 -6.48356e-07
14780 -6.49026e-07
14790 -6.48947e-07
14800 -6.48242e-07
14810 -6.48024e-07
14820 -6.48637e-07
14830 -6.49115e-07
14840 -6.48704e-07
14850 -6.48051e-07
14860 -6.48185e-07
14870 -6.48897e-07
14880 -6.49064e-07
14890 -6.48423e-07
14900 -6.47982e-07
14910 -6.48437e-07
14920 -6.49072e-07
14930 -6.48887e-07
14940 -6.48172e-07
14950 -6.48053e-07
14960 -6.48718e-07
14970 -6.49121e-07
14980 -6.48627e-07
14990 -6.48012e-07
15000 -6.48244e-07
15010 -6.4896e-07
15020 -6.49033e-07
15030 -6.48348e-07
15040 -6.47981e-07
15050 -6.4851e-07
15060 -6.49104e-07
15070 -6.4883e-07
15080 -6.48117e-07
15090 -6.48085e-07
15100 -6.48785e-07
15110 -6.49119e-07
15120 -6.48561e-07
15130 -6.47986e-07
15140 -6.48298e-07
15150 -6.49007e-07
15160 -6.49002e-07
15170 -6.48288e-07
15180 -6.47986e-07
15190 -6.4857e-07
15200 -6.49125e-07
15210 -6.48781e-07
15220 -6.48075e-07
15230 -6.48114e-07
15240 -6.48838e-07
15250 -6.49113e-07
15260 -6.48507e-07
15270 -6.47969e-07
15280 -6.48342e-07
15290 -6.49043e-07
15300 -6.48975e-07
15310 -6.48243e-07
15320 -6.47992e-07
15330 -6.48616e-07
15340 -6.49139e-07
15350 -6.48742e-07
15360 -6.48045e-07
15370 -6.48138e-07
15380 -6.48877e-07
15390 -6.49107e-07
15400 -6.48468e-07
15410 -6.47957e-07
15420 -6.48374e-07
15430 -6.49068e-07
15440 -6.48955e-07
15450 -6.4821e-07
15460 -6.47996e-07
15470 -6.48648e-07
15480 -6.49149e-07
15490 -6.48717e-07
15500 -6.48025e-07
15510 -6.48153e-07
15520 -6.48903e-07
15530 -6.49105e-07
15540 -6.48443e-07
15550 -6.47948e-07
15560 -6.48392e-07
15570 -6.49085e-07
15580 -6.48946e-07
15590 -6.48191e-07
15600 -6.47996e-07
15610 -6.48665e-07
15620 -6.49158e-07
15630 -6.48706e-07
15640 -6.48012e-07
15650 -6.48156e-07
15660 -6.48915e-07
15670 -6.49109e-07
15680 -6.48435e-07
15690 -6.4794e-07
15700 -6.48395e-07
15710 -6.49093e-07
15720 -6.48949e-07
15730 -6.48186e-07
15740 -6.47989e-07
15750 -6.48665e-07
15760 -6.49166e-07
15770 -6.48711e-07
15780 -6.48007e-07
15790 -6.48146e-07
15800 -6.48914e-07
15810 -6.49119e-07
15820 -6.48442e-07
15830 -6.47932e-07
15840 -6.48381e-07
15850 -6.49094e-07
15860 -6.48965e-07
15870 -6.48194e-07
15880 -6.47974e-07
15890 -6.48649e-07
15900 -6.49173e-07
15910 -6.48734e-07
15920 -6.48011e-07
15930 -6.48123e-07
15940 -6.48898e-07
15950 -6.49137e-07
15960 -6.48468e-07
15970 -6.47926e-07
15980 -6.4835e-07
15990 -6.49085e-07
16000 -6.48995e-07
16010 -6.48217e-07
16020 -6.47954e-07
16030 -6.48613e-07
16040 -6.49177e-07
16050 -6.48774e-07
16060 -6.48025e-07
16070 -6.48088e-07
16080 -6.48866e-07
16090 -6.49159e-07
16100 -6.48513e-07
16110 -6.47924e-07
16120 -6.48301e-07
16130 -6.49064e-07
16140 -6.49036e-07
16150 -6.48259e-07
16160 -6.47931e-07
16170 -6.48558e-07
16180 -6.49176e-07
16190 -6.48831e-07
16200 -6.48054e-07
16210 -6.48041e-07
16220 -6.48814e-07
16230 -6.49183e-07
16240 -6.48579e-07
16250 -6.47931e-07
16260 -6.48236e-07
16270 -6.49026e-07
16280 -6.49087e-07
16290 -6.48323e-07
16300 -6.47908e-07
16310 -6.48481e-07
16320 -6.49162e-07
16330 -6.48904e-07
16340 -6.48102e-07
16350 -6.47988e-07
16360 -6.48738e-07
16370 -6.49202e-07
16380 -6.48667e-07
16390 -6.47952e-07
16400 -6.48156e-07
16410 -6.48966e-07
16420 -6.49141e-07
16430 -6.48411e-07
16440 -6.47894e-07
16450 -6.48384e-07
16460 -6.4913e-07
16470 -6.4899e-07
16480 -6.48176e-07
16490 -6.47935e-07
16500 -6.48637e-07
16510 -6.49208e-07
16520 -6.48774e-07
16530 -6.47997e-07
16540 -6.48067e-07
16550 -6.48877e-07
16560 -6.4919e-07
16570 -6.48525e-07
16580 -6.47898e-07
16590 -6.48268e-07
16600 -6.49071e-07
16610 -6.4908e-07
16620 -6.48281e-07
16630 -6.47892e-07
16640 -6.48509e-07
16650 -6.49191e-07
16660 -6.48897e-07
16670 -6.48074e-07
16680 -6.47977e-07
16690 -6.48756e-07
16700 -6.49223e-07
16710 -6.48666e-07
16720 -6.47932e-07
16730 -6.4814e-07
16740 -6.48975e-07
16750 -6.49165e-07
16760 -6.4842e-07
16770 -6.47873e-07
16780 -6.48357e-07
16790 -6.49137e-07
16800 -6.49026e-07
16810 -6.48191e-07
16820 -6.47902e-07
16830 -6.48599e-07
16840 -6.49224e-07
16850 -6.48827e-07
16860 -6.48009e-07
16870 -6.48013e-07
16880 -6.48835e-07
16890 -6.49226e-07
16900 -6.48593e-07
16910 -6.47894e-07
16920 -6.48191e-07
16930 -6.49034e-07
16940 -6.49146e-07
16950 -6.48355e-07
16960 -6.4786e-07
16970 -6.48412e-07
16980 -6.49176e-07
16990 -6.48994e-07
17000 -6.4814e-07
17010 -6.47907e-07
17020 -6.48648e-07
17030 -6.49244e-07
17040 -6.48791e-07
17050 -6.47974e-07
17060 -6.48028e-07
17070 -6.48873e-07
17080 -6.49232e-07
17090 -6.48562e-07
17100 -6.47873e-07
17110 -6.48208e-07
17120 -6.49062e-07
17130 -6.49146e-07
17140 -6.48331e-07
17150 -6.47847e-07
17160 -6.48424e-07
17170 -6.49194e-07
17180 -6.48995e-07
17190 -6.48126e-07
17200 -6.47896e-07
17210 -6.48653e-07
17220 -6.49258e-07
17230 -6.48798e-07
17240 -6.47965e-07
17250 -6.48013e-07
17260 -6.48871e-07
17270 -6.49249e-07
17280 -6.48577e-07
17290 -6.47864e-07
17300 -6.48183e-07
17310 -6.49056e-07
17320 -6.49171e-07
17330 -6.48354e-07
17340 -6.47831e-07
17350 -6.48389e-07
17360 -6.49191e-07
17370 -6.49033e-07
17380 -6.48151e-07
17390 -6.47867e-07
17400 -6.48609e-07
17410 -6.49265e-07
17420 -6.48851e-07
17430 -6.47986e-07
17440 -6.47966e-07
17450 -6.48823e-07
17460 -6.49274e-07
17470 -6.48642e-07
17480 -6.47873e-07
17490 -6.48117e-07
17500 -6.49011e-07
17510 -6.49218e-07
17520 -6.48427e-07
17530 -6.47819e-07
17540 -6.48304e-07
17550 -6.49159e-07
17560 -6.49107e-07
17570 -6.48224e-07
17580 -6.47828e-07
17590 -6.48511e-07
17600 -6.49255e-07
17610 -6.4895e-07
17620 -6.48048e-07
17630 -6.47895e-07
17640 -6.48719e-07
17650 -6.49294e-07
17660 -6.48762e-07
17670 -6.47914e-07
17680 -6.48013e-07
17690 -6.48914e-07
17700 -6.49276e-07
17710 -6.4856e-07
17720 -6.47829e-07
17730 -6.48171e-07
17740 -6.49079e-07
17750 -6.49204e-07
17760 -6.48358e-07
17770 -6.47797e-07
17780 -6.48355e-07
17790 -6.49205e-07
17800 -6.49085e-07
17810 -6.48172e-07
17820 -6.47819e-07
17830 -6.48551e-07
17840 -6.49285e-07
17850 -6.48931e-07
17860 -6.48013e-07
17870 -6.4789e-07
17880 -6.48746e-07
17890 -6.49315e-07
17900 -6.48754e-07
17910 -6.47891e-07
17920 -6.48003e-07
17930 -6.48926e-07
17940 -6.49296e-07
17950 -6.48565e-07
17960 -6.47812e-07
17970 -6.4815e-07
17980 -6.49081e-07
17990 -6.49231e-07
18000 -6.48377e-07
18010 -6.47777e-07
18020 -6.48318e-07
18030 -6.49203e-07
18040 -6.49128e-07
18050 -6.48201e-07
18060 -6.47788e-07
18070 -6.48498e-07
18080 -6.49287e-07
18090 -6.48994e-07
18100 -6.48047e-07
18110 -6.4784e-07
18120 -6.48678e-07
18130 -6.49331e-07
18140 -6.48838e-07
18150 -6.47922e-07
18160 -6.47928e-07
18170 -6.4885e-07
18180 -6.49334e-07
18190 -6.48669e-07
18200 -6.47829e-07
18210 -6.48046e-07
18220 -6.49004e-07
18230 -6.49299e-07
18240 -6.48498e-07
18250 -6.47772e-07
18260 -6.48186e-07
18270 -6.49135e-07
18280 -6.49231e-07
18290 -6.48331e-07
18300 -6.47751e-07
18310 -6.4834e-07
18320 -6.49239e-07
18330 -6.49134e-07
18340 -6.48176e-07
18350 -6.47764e-07
18360 -6.485e-07
18370 -6.49312e-07
18380 -6.49014e-07
18390 -6.4804e-07
18400 -6.47809e-07
18410 -6.4866e-07
18420 -6.49354e-07
18430 -6.48879e-07
18440 -6.47925e-07
18450 -6.47881e-07
18460 -6.48812e-07
18470 -6.49366e-07
18480 -6.48734e-07
18490 -6.47835e-07
18500 -6.47974e-07
18510 -6.48952e-07
18520 -6.49349e-07
18530 -6.48587e-07
18540 -6.47771e-07
18550 -6.48086e-07
18560 -6.49077e-07
18570 -6.49307e-07
18580 -6.48441e-07
18590 -6.47732e-07
18600 -6.48208e-07
18610 -6.49182e-07
18620 -6.49243e-07
18630 -6.48302e-07
18640 -6.47719e-07
18650 -6.48338e-07
18660 -6.49267e-07
18670 -6.49162e-07
18680 -6.48174e-07
18690 -6.47728e-07
18700 -6.4847e-07
18710 -6.49331e-07
18720 -6.49067e-07
18730 -6.48058e-07
18740 -6.47758e-07
18750 -6.48601e-07
18760 -6.49374e-07
18770 -6.48963e-07
18780 -6.47957e-07
18790 -6.47804e-07
18800 -6.48726e-07
18810 -6.49398e-07
18820 -6.48852e-07
18830 -6.47872e-07
18840 -6.47865e-07
18850 -6.48844e-07
18860 -6.49404e-07
18870 -6.4874e-07
18880 -6.47803e-07
18890 -6.47937e-07
18900 -6.48952e-07
18910 -6.49394e-07
18920 -6.48628e-07
18930 -6.4775e-07
18940 -6.48017e-07
18950 -6.49049e-07
18960 -6.4937e-07
18970 -6.48519e-07
18980 -6.47712e-07
18990 -6.48102e-07
19000 -6.49135e-07
19010 -6.49336e-07
19020 -6.48416e-07
19030 -6.47686e-07
19040 -6.4819e-07
19050 -6.49209e-07
19060 -6.49292e-07
19070 -6.48318e-07
19080 -6.47673e-07
19090 -6.48277e-07
19100 -6.49272e-07
19110 -6.49243e-07
19120 -6.48228e-07
19130 -6.47671e-07
19140 -6.48363e-07
19150 -6.49324e-07
19160 -6.49189e-07
19170 -6.48147e-07
19180 -6.47676e-07
19190 -6.48446e-07
19200 -6.49367e-07
19210 -6.49132e-07
19220 -6.48073e-07
19230 -6.47688e-07
19240 -6.48525e-07
19250 -6.494e-07
19260 -6.49075e-07
19270 -6.48008e-07
19280 -6.47706e-07
19290 -6.48598e-07
19300 -6.49426e-07
19310 -6.49019e-07
19320 -6.4795e-07
19330 -6.47726e-07
19340 -6.48665e-07
19350 -6.49445e-07
19360 -6.48966e-07
19370 -6.479e-07
19380 -6.47749e-07
19390 -6.48726e-07
19400 -6.49459e-07
19410 -6.48916e-07
19420 -6.47858e-07
19430 -6.47772e-07
19440 -6.48781e-07
19450 -6.49469e-07
19460 -6.4887e-07
19470 -6.47821e-07
19480 -6.47794e-07
19490 -6.48828e-07
19500 -6.49476e-07
19510 -6.48829e-07
19520 -6.4779e-07
19530 -6.47814e-07
19540 -6.48869e-07
19550 -6.49482e-07
19560 -6.48794e-07
19570 -6.47765e-07
19580 -6.47831e-07
19590 -6.48903e-07
19600 -6.49486e-07
19610 -6.48765e-07
19620 -6.47744e-07
19630 -6.47845e-07
19640 -6.48931e-07
19650 -6.49489e-07
19660 -6.48743e-07
19670 -6.47727e-07
19680 -6.47855e-07
19690 -6.48951e-07
19700 -6.49494e-07
19710 -6.48727e-07
19720 -6.47714e-07
19730 -6.4786e-07
19740 -6.48965e-07
19750 -6.49498e-07
19760 -6.48719e-07
19770 -6.47705e-07
19780 -6.4786e-07
19790 -6.48972e-07
19800 -6.49504e-07
19810 -6.48719e-07
19820 -6.47699e-07
19830 -6.47854e-07
19840 -6.48972e-07
19850 -6.49511e-07
19860 -6.48726e-07
19870 -6.47697e-07
19880 -6.47843e-07
19890 -6.48965e-07
19900 -6.49519e-07
19910 -6.48742e-07
19920 -6.47699e-07
19930 -6.47826e-07
19940 -6.4895e-07
19950 -6.49528e-07
19960 -6.48765e-07
19970 -6.47706e-07
19980 -6.47804e-07
19990 -6.48927e-07
20000 -6.49538e-07
20010 -6.48797e-07
20020 -6.47717e-07
20030 -6.47776e-07
20040 -6.48896e-07
20050 -6.49546e-07
20060 -6.48837e-07
20070 -6.47735e-07
20080 -6.47744e-07
20090 -6.48855e-07
20100 -6.49554e-07
20110 -6.48886e-07
20120 -6.4776e-07
20130 -6.47709e-07
20140 -6.48805e-07
20150 -6.49558e-07
20160 -6.48942e-07
20170 -6.47792e-07
20180 -6.4767e-07
20190 -6.48744e-07
20200 -6.49558e-07
20210 -6.49007e-07
20220 -6.47835e-07
20230 -6.47631e-07
20240 -6.48673e-07
20250 -6.49552e-07
20260 -6.49078e-07
20270 -6.47888e-07
20280 -6.47592e-07
20290 -6.48591e-07
20300 -6.49538e-07
20310 -6.49154e-07
20320 -6.47954e-07
20330 -6.47556e-07
20340 -6.48498e-07
20350 -6.49514e-07
20360 -6.49235e-07
20370 -6.48034e-07
20380 -6.47525e-07
20390 -6.48395e-07
20400 -6.49476e-07
20410 -6.49317e-07
20420 -6.48128e-07
20430 -6.47503e-07
20440 -6.48282e-07
20450 -6.49423e-07
20460 -6.49398e-07
20470 -6.48238e-07
20480 -6.47493e-07
20490 -6.48161e-07
20500 -6.49352e-07
20510 -6.49475e-07
20520 -6.48363e-07
20530 -6.47499e-07
20540 -6.48035e-07
20550 -6.4926e-07
20560 -6.49542e-07
20570 -6.48503e-07
20580 -6.47523e-07
20590 -6.47907e-07
20600 -6.49146e-07
20610 -6.49596e-07
20620 -6.48656e-07
20630 -6.47572e-07
20640 -6.4778e-07
20650 -6.49008e-07
20660 -6.49629e-07
20670 -6.48819e-07
20680 -6.47646e-07
20690 -6.47661e-07
20700 -6.48846e-07
20710 -6.49636e-07
20720 -6.48985e-07
20730 -6.47748e-07
20740 -6.47554e-07
20750 -6.48659e-07
20760 -6.49608e-07
20770 -6.49147e-07
20780 -6.47878e-07
20790 -6.47465e-07
20800 -6.48449e-07
20810 -6.49536e-07
20820 -6.49293e-07
20830 -6.48031e-07
20840 -6.47396e-07
20850 -6.48215e-07
20860 -6.4941e-07
20870 -6.49407e-07
20880 -6.48196e-07
20890 -6.47346e-07
20900 -6.47954e-07
20910 -6.49213e-07
20920 -6.49462e-07
20930 -6.48352e-07
20940 -6.47304e-07
20950 -6.47656e-07
20960 -6.48922e-07
20970 -6.4942e-07
20980 -6.48461e-07
20990 -6.47242e-07
21000 -6.47293e-07
21010 -6.48493e-07
21020 -6.49219e-07
21030 -6.48453e-07
21040 -6.47097e-07
21050 -6.46808e-07
21060 -6.47852e-07
21070 -6.48755e-07
21080 -6.48207e-07
21090 -6.46751e-07
21100 -6.46082e-07
21110 -6.46858e-07
21120 -6.47848e-07
21130 -6.47512e-07
21140 -6.45982e-07
21150 -6.44886e-07
21160 -6.45254e-07
21170 -6.46186e-07
21180 -6.46002e-07
21190 -6.44387e-07
21200 -6.42793e-07
21210 -6.42568e-07
21220 -6.43219e-07
21230 -6.43033e-07
21240 -6.41252e-07
21250 -6.39031e-07
21260 -6.37949e-07
21270 -6.37976e-07
21280 -6.3749e-07
21290 -6.35323e-07
21300 -6.32226e-07
21310 -6.29886e-07
21320 -6.28754e-07
21330 -6.27434e-07
21340 -6.24419e-07
21350 -6.19966e-07
21360 -6.15721e-07
21370 -6.12587e-07
21380 -6.09519e-07
21390 -6.04783e-07
21400 -5.9808e-07
21410 -5.90848e-07
21420 -5.84357e-07
21430 -5.78014e-07
21440 -5.69996e-07
21450 -5.59434e-07
21460 -5.47376e-07
21470 -5.35321e-07
21480 -5.23175e-07
21490 -5.09186e-07
21500 -4.91945e-07
21510 -4.71938e-07
21520 -4.50692e-07
21530 -4.28594e-07
21540 -4.04107e-07
21550 -3.75362e-07
21560 -3.42136e-07
21570 -3.05726e-07
21580 -2.66891e-07
21590 -2.24412e-07
21600 -1.76073e-07
21610 -1.20825e-07
21620 -5.94394e-08
21630 7.17306e-09
21640 7.9893e-08
21650 1.61174e-07
21660 2.52963e-07
21670 3.55344e-07
21680 4.676e-07
21690 5.90381e-07
21700 7.26312e-07
21710 8.78294e-07
21720 1.04761e-06
21730 1.23422e-06
21740 1.43884e-06
21750 1.6643e-06
21760 1.91453e-06
21770 2.1924e-06
21780 2.49914e-06
21790 2.83605e-06
21800 3.20645e-06
21810 3.61545e-06
21820 4.06793e-06
21830 4.56715e-06
21840 5.11582e-06
21850 5.71828e-06
21860 6.3812e-06
21870 7.11201e-06
21880 7.91696e-06
21890 8.80132e-06
21900 9.77144e-06
21910 1.08363e-05
21920 1.20066e-05
21930 1.32928e-05
21940 1.47043e-05
21950 1.6251e-05
21960 1.79454e-05
21970 1.98029e-05
21980 2.18397e-05
21990 2.40712e-05
22000 2.65133e-05
22010 2.91841e-05
22020 3.21055e-05
22030 3.53014e-05
22040 3.87965e-05
22050 4.26154e-05
22060 4.67853e-05
22070 5.13371e-05
22080 5.63062e-05
22090 6.17295e-05
22100 6.76451e-05
22110 7.40935e-05
22120 8.11197e-05
22130 8.8774e-05
22140 9.71114e-05
22150 0.000106189
22160 0.000116067
22170 0.00012681
22180 0.000138491
22190 0.000151189
22200 0.000164988
22210 0.000179976
22220 0.000196248
22230 0.000213907
22240 0.000233066
22250 0.000253845
22260 0.000276374
22270 0.000300788
22280 0.000327233
22290 0.000355869
22300 0.000386867
22310 0.000420411
22320 0.000456694
22330 0.000495923
22340 0.000538322
22350 0.00058413
22360 0.000633605
22370 0.000687019
22380 0.000744662
22390 0.000806845
22400 0.0008739
22410 0.000946184
22420 0.00102408
22430 0.00110798
22440 0.00119831
22450 0.00129554
22460 0.00140015
22470 0.00151266
22480 0.00163362
22490 0.00176361
22500 0.00190326
22510 0.00205321
22520 0.00221419
22530 0.00238692
22540 0.0025722
22550 0.00277086
22560 0.00298378
22570 0.0032119
22580 0.00345622
22590 0.00371778
22600 0.0039977
22610 0.00429714
22620 0.00461734
22630 0.00495961
22640 0.00532535
22650 0.00571599
22660 0.00613308
22670 0.00657823
22680 0.00705315
22690 0.00755964
22700 0.00809959
22710 0.00867498
22720 0.0092879
22730 0.00994055
22740 0.0106352
22750 0.0113744
22760 0.0121605
22770 0.0129963
22780 0.0138846
22790 0.0148282
22800 0.0158302
22810 0.0168939
22820 0.0180227
22830 0.0192199
22840 0.0204892
22850 0.0218346
22860 0.0232599
22870 0.0247694
22880 0.0263674
22890 0.0280584
22900 0.0298471
22910 0.0317384
22920 0.0337374
22930 0.0358495
22940 0.0380802
22950 0.0404351
22960 0.0429202
22970 0.0455418
22980 0.0483061
22990 0.0512198
23000 0.0542897
23010 0.057523
23020 0.060927
23030 0.0645093
23040 0.0682777
23050 0.0722403
23060 0.0764054
23070 0.0807817
23080 0.0853781
23090 0.0902036
23100 0.0952676
23110 0.10058
23120 0.10615
23130 0.111989
23140 0.118107
23150 0.124514
23160 0.131221
23170 0.13824
23180 0.145583
23190 0.153261
23200 0.161285
23210 0.169669
23220 0.178425
23230 0.187565
23240 0.197103
23250 0.207052
23260 0.217425
23270 0.228236
23280 0.239499
23290 0.251227
23300 0.263435
23310 0.276137
23320 0.289349
23330 0.303083
23340 0.317356
23350 0.332182
23360 0.347577
23370 0.363554
23380 0.38013
23390 0.397319
23400 0.415136
23410 0.433598
23420 0.452718
23430 0.472512
23440 0.492995
23450 0.514181
23460 0.536087
23470 0.558725
23480 0.582111
23490 0.606259
23500 0.631182
23510 0.656895
23520 0.683411
23530 0.710743
23540 0.738903
23550 0.767905
23560 0.797759
23570 0.828477
23580 0.86007
23590 0.892548
23600 0.925922
23610 0.9602
23620 0.995391
23630 1.0315
23640 1.06854
23650 1.10652
23660 1.14543
23670 1.18529
23680 1.22609
23690 1.26785
23700 1.31056
23710 1.35423
23720 1.39885
23730 1.44442
23740 1.49095
23750 1.53843
23760 1.58684
23770 1.6362
23780 1.68649
23790 1.73771
23800 1.78984
23810 1.84288
23820 1.89681
23830 1.95162
23840 2.00729
23850 2.06382
23860 2.12118
23870 2.17936
23880 2.23833
23890 2.29808
23900 2.35858
23910 2.41981
23920 2.48175
23930 2.54436
23940 2.60761
23950 2.67149
23960 2.73595
23970 2.80097
23980 2.86651
23990 2.93254
24000 2.99902
24010 3.06591
24020 3.13317
24030 3.20077
24040 3.26865
24050 3.33679
24060 3.40513
24070 3.47364
24080 3.54225
24090 3.61093
24100 3.67964
24110 3.74831
24120 3.8169
24130 3.88536
24140 3.95364
24150 4.02168
24160 4.08944
24170 4.15686
24180 4.22388
24190 4.29045
24200 4.35651
24210 4.42202
24220 4.48691
24230 4.55113
24240 4.61463
24250 4.67734
24260 4.73922
24270 4.8002
24280 4.86024
24290 4.91927
24300 4.97725
24310 5.03412
24320 5.08982
24330 5.14431
24340 5.19753
24350 5.24942
24360 5.29995
24370 5.34906
24380 5.3967
24390 5.44283
24400 5.48739
24410 5.53036
24420 5.57167
24430 5.61129
24440 5.64919
24450 5.68531
24460 5.71963
24470 5.75211
24480 5.78272
24490 5.81142
24500 5.83818
24510 5.86298
24520 5.88579
24530 5.90659
24540 5.92535
24550 5.94205
24560 5.95669
24570 5.96923
24580 5.97968
24590 5.98801
24600 5.99422
24610 5.99831
24620 6.00026
24630 6.00008
24640 5.99777
24650 5.99332
24660 5.98675
24670 5.97806
24680 5.96726
24690 5.95437
24700 5.93939
24710 5.92234
24720 5.90324
24730 5.88212
24740 5.85898
24750 5.83387
24760 5.80679
24770 5.77779
24780 5.7469
24790 5.71413
24800 5.67954
24810 5.64315
24820 5.605
24830 5.56513
24840 5.52359
24850 5.48041
24860 5.43563
24870 5.38931
24880 5.34148
24890 5.2922
24900 5.24151
24910 5.18947
24920 5.13612
24930 5.08151
24940 5.0257
24950 4.96874
24960 4.91068
24970 4.85157
24980 4.79148
24990 4.73045
25000 4.66855
25010 4.60581
25020 4.54232
25030 4.4781
25040 4.41323
25050 4.34776
25060 4.28173
25070 4.21522
25080 4.14827
25090 4.08093
25100 4.01326
25110 3.94532
25120 3.87715
25130 3.80881
25140 3.74035
25150 3.67181
25160 3.60326
25170 3.53473
25180 3.46627
25190 3.39794
25200 3.32977
25210 3.26182
25220 3.19412
25230 3.12671
25240 3.05965
25250 2.99296
25260 2.92669
25270 2.86087
25280 2.79555
25290 2.73074
25300 2.6665
25310 2.60284
25320 2.53981
25330 2.47742
25340 2.41571
25350 2.35471
25360 2.29443
25370 2.2349
25380 2.17615
25390 2.11819
25400 2.06105
25410 2.00474
25420 1.94927
25430 1.89468
25440 1.84095
25450 1.78812
25460 1.73619
25470 1.68518
25480 1.63508
25490 1.58591
25500 1.53768
25510 1.49038
25520 1.44403
25530 1.39863
25540 1.35417
25550 1.31067
25560 1.26811
25570 1.2265
25580 1.18584
25590 1.14612
25600 1.10734
25610 1.0695
25620 1.03258
25630 0.996581
25640 0.9615
25650 0.927327
25660 0.894052
25670 0.861666
25680 0.83016
25690 0.799524
25700 0.769746
25710 0.740816
25720 0.712721
25730 0.685449
25740 0.658989
25750 0.633326
25760 0.608447
25770 0.58434
25780 0.560989
25790 0.538382
25800 0.516503
25810 0.495339
25820 0.474874
25830 0.455094
25840 0.435983
25850 0.417528
25860 0.399714
25870 0.382524
25880 0.365944
25890 0.34996
25900 0.334555
25910 0.319716
25920 0.305427
25930 0.291674
25940 0.278442
25950 0.265717
25960 0.253484
25970 0.241729
25980 0.230437
25990 0.219596
26000 0.209191
26010 0.199208
26020 0.189635
26030 0.180459
26040 0.171666
26050 0.163244
26060 0.15518
26070 0.147463
26080 0.14008
26090 0.13302
26100 0.126272
26110 0.119823
26120 0.113664
26130 0.107783
26140 0.102171
26150 0.0968165
26160 0.0917105
26170 0.0868432
26180 0.0822053
26190 0.0777877
26200 0.0735815
26210 0.0695783
26220 0.0657698
26230 0.0621478
26240 0.0587046
26250 0.0554326
26260 0.0523246
26270 0.0493735
26280 0.0465725
26290 0.0439149
26300 0.0413943
26310 0.0390047
26320 0.0367402
26330 0.0345949
26340 0.0325634
26350 0.0306405
26360 0.0288209
26370 0.0270999
26380 0.0254727
26390 0.0239348
26400 0.0224818
26410 0.0211096
26420 0.0198142
26430 0.0185917
26440 0.0174385
26450 0.0163511
26460 0.0153261
26470 0.0143603
26480 0.0134507
26490 0.0125942
26500 0.0117882
26510 0.0110298
26520 0.0103166
26530 0.00964612
26540 0.00901604
26550 0.00842416
26560 0.00786836
26570 0.00734666
26580 0.00685714
26590 0.00639798
26600 0.00596748
26610 0.00556398
26620 0.00518594
26630 0.00483188
26640 0.00450041
26650 0.0041902
26660 0.0039
26670 0.00362863
26680 0.00337496
26690 0.00313792
26700 0.0029165
26710 0.00270974
26720 0.00251676
26730 0.00233669
26740 0.00216874
26750 0.00201216
26760 0.00186621
26770 0.00173025
26780 0.00160363
26790 0.00148575
26800 0.00137605
26810 0.001274
26820 0.00117911
26830 0.00109089
26840 0.00100891
26850 0.00093276
26860 0.000862048
26870 0.000796413
26880 0.000735515
26890 0.000679034
26900 0.00062667
26910 0.000578139
26920 0.000533178
26930 0.000491538
26940 0.000452987
26950 0.000417306
26960 0.000384294
26970 0.000353762
26980 0.000325535
26990 0.00029945
27000 0.000275355
27010 0.000253107
27020 0.000232574
27030 0.00021363
27040 0.000196159
27050 0.000180052
27060 0.000165205
27070 0.000151524
27080 0.00013892
27090 0.000127313
27100 0.000116626
27110 0.000106791
27120 9.7745e-05
27130 8.94283e-05
27140 8.17865e-05
27150 7.47687e-05
27160 6.83273e-05
27170 6.24175e-05
27180 5.69971e-05
27190 5.20267e-05
27200 4.74694e-05
27210 4.3291e-05
27220 3.946e-05
27230 3.59477e-05
27240 3.27278e-05
27250 2.9777e-05
27260 2.7074e-05
27270 2.45995e-05
27280 2.23362e-05
27290 2.02681e-05
27300 1.83804e-05
27310 1.66593e-05
27320 1.50915e-05
27330 1.36645e-05
27340 1.23663e-05
27350 1.11854e-05
27360 1.0111e-05
27370 9.13271e-06
27380 8.24114e-06
27390 7.42762e-06
27400 6.68433e-06
27410 6.00436e-06
27420 5.3817e-06
27430 4.81115e-06
27440 4.28832e-06
27450 3.80948e-06
27460 3.37149e-06
27470 2.97168e-06
27480 2.60772e-06
27490 2.27755e-06
27500 1.97927e-06
27510 1.71107e-06
27520 1.47117e-06
27530 1.25781e-06
27540 1.0692e-06
27550 9.03522e-07
27560 7.58944e-07
27570 6.33634e-07
27580 5.25773e-07
27590 4.33581e-07
27600 3.55339e-07
27610 2.89408e-07
27620 2.34245e-07
27630 1.88419e-07
27640 1.50619e-07
27650 1.19659e-07
27660 9.4479e-08
27670 7.41415e-08
27680 5.78282e-08
27690 4.48319e-08
27700 3.4548e-08
27710 2.64647e-08
27720 2.01529e-08
27730 1.52566e-08
27740 1.14827e-08
27750 8.59258e-09
27760 6.39313e-09
27770 4.72974e-09
27780 3.47949e-09
27790 2.54548e-09
27800 1.85192e-09
27810 1.33996e-09
27820 9.64272e-10
27830 6.90189e-10
27840 4.91378e-10
27850 3.47988e-10
27860 2.45149e-10
27870 1.71805e-10
27880 1.19784e-10
27890 8.30884e-11
27900 5.73423e-11
27910 3.93752e-11
27920 2.69029e-11
27930 1.82904e-11
27940 1.23741e-11
27950 8.33072e-12
27960 5.58147e-12
27970 3.72159e-12
27980 2.46965e-12
27990 1.63113e-12
28000 1.07225e-12
28010 7.01586e-13
28020 4.56932e-13
28030 2.96227e-13
28040 1.91166e-13
28050 1.22808e-13
28060 7.8539e-14
28070 5.00032e-14
28080 3.1694e-14
28090 2.00003e-14
28100 1.25657e-14
28110 7.86036e-15
28120 4.89567e-15
28130 3.03605e-15
28140 1.87475e-15
28150 1.15272e-15
28160 7.05777e-16
28170 4.30308e-16
28180 2.61259e-16
28190 1.57963e-16
28200 9.51125e-17
28210 5.70335e-17
28220 3.40598e-17
28230 2.02574e-17
28240 1.19995e-17
28250 7.07927e-18
28260 4.15978e-18
28270 2.43454e-18
28280 1.41918e-18
28290 8.2402e-19
28300 4.76572e-19
28310 2.74547e-19
28320 1.57547e-19
28330 9.00571e-20
28340 5.12798e-20
28350 2.90873e-20
28360 1.6436e-20
28370 9.25193e-21
28380 5.18822e-21
28390 2.89843e-21
28400 1.61313e-21
28410 8.94436e-22
28420 4.94089e-22
28430 2.71923e-22
28440 1.491e-22
28450 8.14528e-23
28460 4.43341e-23
28470 2.40424e-23
28480 1.29908e-23
28490 6.99378e-24
28500 3.7516e-24
28510 2.00519e-24
28520 1.0679e-24
28530 5.66697e-25
28540 2.99655e-25
28550 1.57887e-25
28560 8.28956e-26
28570 4.33693e-26
28580 2.26102e-26
28590 1.17463e-26
28600 6.08106e-27
28610 3.13721e-27
28620 1.61287e-27
28630 8.2632e-28
28640 4.21889e-28
28650 2.14661e-28
28660 1.08847e-28
28670 5.50042e-29
28680 2.77008e-29
28690 1.39031e-29
28700 6.95436e-30
28710 3.46685e-30
28720 1.72245e-30
28730 8.52904e-31
28740 4.20917e-31
28750 2.07033e-31
28760 1.01493e-31
28770 4.95893e-32
28780 2.4149e-32
28790 1.17212e-32
28800 5.6704e-33
28810 2.73417e-33
28820 1.31405e-33
28830 6.29473e-34
28840 3.00555e-34
28850 1.43039e-34
28860 6.78539e-35
28870 3.20839e-35
28880 1.51215e-35
28890 7.10396e-36
28900 3.32666e-36
28910 1.55282e-36
28920 7.22511e-37
28930 3.35103e-37
28940 1.54927e-37
28950 7.13992e-38
28960 3.28005e-38
28970 1.50208e-38
28980 6.85694e-39
28990 3.12032e-39
29000 1.41547e-39
29010 6.40083e-40
29020 2.88544e-40
29030 1.29667e-40
29040 5.80883e-41
29050 2.59415e-41
29060 1.15492e-41
29070 5.12579e-42
29080 2.2679e-42
29090 1.00033e-42
29100 4.39871e-43
29110 1.92827e-43
29120 8.42706e-44
29130 3.67157e-44
29140 1.59476e-44
29150 6.90579e-45
29160 2.9813e-45
29170 1.28314e-45
29180 5.50582e-46
29190 2.35533e-46
29200 1.00454e-46
29210 4.27135e-47
29220 1.81073e-47
29230 7.65299e-48
29240 3.22479e-48
29250 1.35478e-48
29260 5.67454e-49
29270 2.3697e-49
29280 9.86633e-50
29290 4.09564e-50
29300 1.69509e-50
29310 6.99474e-51
29320 2.87779e-51
29330 1.18048e-51
29340 4.82802e-52
29350 1.96877e-52
29360 8.00459e-53
29370 3.2449e-53
29380 1.31155e-53
29390 5.28553e-54
29400 2.12382e-54
29410 8.50888e-55
29420 3.39903e-55
29430 1.35384e-55
29440 5.37663e-56
29450 2.12905e-56
29460 8.40614e-57
29470 3.30935e-57
29480 1.29905e-57
29490 5.08454e-58
29500 1.98434e-58
29510 7.72189e-59
29520 2.99623e-59
29530 1.15924e-59
29540 4.47216e-60
29550 1.72033e-60
29560 6.59864e-61
29570 2.52377e-61
29580 9.62496e-62
29590 3.66018e-62
29600 1.38791e-62
29610 5.24783e-63
29620 1.97859e-63
29630 7.43861e-64
29640 2.78862e-64
29650 1.04244e-64
29660 3.88577e-65
29670 1.44434e-65
29680 5.35336e-66
29690 1.97858e-66
29700 7.29204e-67
29710 2.67989e-67
29720 9.82099e-68
29730 3.58895e-68
29740 1.30784e-68
29750 4.75245e-69
29760 1.7221e-69
29770 6.22265e-70
29780 2.24219e-70
29790 8.05657e-71
29800 2.88675e-71
29810 1.03146e-71
29820 3.67517e-72
29830 1.30583e-72
29840 4.62684e-73
29850 1.63481e-73
29860 5.76023e-74
29870 2.02396e-74
29880 7.09174e-75
29890 2.47797e-75
29900 8.63437e-76
29910 3.00026e-76
29920 1.03963e-76
29930 3.59244e-77
29940 1.23776e-77
29950 4.24765e-78
29960 1.43836e-78
29970 4.40532e-79
29980 0
