-10 0
0 -1.40199e-06
10 -3.00702e-06
20 -5.04079e-06
30 -7.7759e-06
40 -1.15597e-05
50 -1.68473e-05
60 -2.42421e-05
70 -3.45451e-05
80 -4.88172e-05
90 -6.84545e-05
100 -9.52816e-05
110 -0.000131664
120 -0.000180644
130 -0.0002461
140 -0.000332936
150 -0.000447299
160 -0.000596824
170 -0.000790916
180 -0.00104105
190 -0.00136112
200 -0.00176777
210 -0.00228075
220 -0.00292334
230 -0.00372261
240 -0.00470983
250 -0.00592069
260 -0.00739553
270 -0.00917943
280 -0.0113222
290 -0.0138782
300 -0.0169061
310 -0.0204681
320 -0.0246295
330 -0.0294574
340 -0.0350198
350 -0.0413836
360 -0.0486134
370 -0.0567695
380 -0.0659053
390 -0.0760657
400 -0.0872845
410 -0.0995818
420 -0.112962
430 -0.127413
440 -0.142901
450 -0.159372
460 -0.17675
470 -0.194937
480 -0.21381
490 -0.233225
500 -0.253017
510 -0.273001
520 -0.292978
530 -0.312734
540 -0.332043
550 -0.350678
560 -0.368409
570 -0.385009
580 -0.400261
590 -0.413962
600 -0.425926
610 -0.435989
620 -0.444015
630 -0.449895
640 -0.453553
650 -0.454945
660 -0.454063
670 -0.450931
680 -0.445606
690 -0.438178
700 -0.428765
710 -0.417511
720 -0.404581
730 -0.390161
740 -0.374449
750 -0.357653
760 -0.339986
770 -0.321662
780 -0.302893
790 -0.283881
800 -0.264821
810 -0.245893
820 -0.227262
830 -0.209076
840 -0.191464
850 -0.174535
860 -0.15838
870 -0.143071
880 -0.128659
890 -0.115181
900 -0.102654
910 -0.0910828
920 -0.0804582
930 -0.0707597
940 -0.0619571
950 -0.0540124
960 -0.0468815
970 -0.0405156
980 -0.034863
990 -0.02987
1000 -0.0254824
1010 -0.0216466
1020 -0.0183101
1030 -0.0154223
1040 -0.0129352
1050 -0.0108036
1060 -0.00898554
1070 -0.00744228
1080 -0.00613849
1090 -0.00504217
1100 -0.00412459
1110 -0.00336014
1120 -0.00272618
1130 -0.00220282
1140 -0.0017727
1150 -0.0014208
1160 -0.00113417
1170 -0.000901726
1180 -0.000714053
1190 -0.000563186
1200 -0.00044243
1210 -0.00034619
1220 -0.000269816
1230 -0.000209465
1240 -0.000161976
1250 -0.000124764
1260 -9.57275e-05
1270 -7.31639e-05
1280 -5.57026e-05
1290 -4.22453e-05
1300 -3.19162e-05
1310 -2.40204e-05
1320 -1.8009e-05
1330 -1.34507e-05
1340 -1.00081e-05
1350 -7.41851e-06
1360 -5.47828e-06
1370 -4.03031e-06
1380 -2.95397e-06
1390 -2.15701e-06
1400 -1.56921e-06
1410 -1.13736e-06
1420 -8.21317e-07
1430 -5.90908e-07
1440 -4.23578e-07
1450 -3.0252e-07
1460 -2.15272e-07
1470 -1.5263e-07
1480 -1.07824e-07
1490 -7.58958e-08
1500 -5.32295e-08
1510 -3.71983e-08
1520 -2.59022e-08
1530 -1.7972e-08
1540 -1.24253e-08
1550 -8.55993e-09
1560 -5.87618e-09
1570 -4.0196e-09
1580 -2.73993e-09
1590 -1.8611e-09
1600 -1.25972e-09
1610 -8.49698e-10
1620 -5.71135e-10
1630 -3.82561e-10
1640 -2.55365e-10
1650 -1.69877e-10
1660 -1.12616e-10
1670 -7.4404e-11
1680 -4.89926e-11
1690 -3.21475e-11
1700 -2.10268e-11
1710 -1.37112e-11
1720 -8.90695e-12
1730 -5.77212e-12
1740 -3.72996e-12
1750 -2.40395e-12
1760 -1.54422e-12
1770 -9.9085e-13
1780 -6.43334e-13
1790 -4.14694e-13
1800 -2.65496e-13
1810 -1.77565e-13
1820 -1.19404e-13
1830 -8.35864e-14
1840 -6.72086e-14
1850 -5.57297e-14
1860 -4.9136e-14
1870 -4.64266e-14
1880 -4.79315e-14
1890 -5.6258e-14
1900 -4.74856e-14
1910 -4.50299e-14
1920 -4.94713e-14
1930 -5.067e-14
1940 -5.44879e-14
1950 -4.78042e-14
1960 -5.07609e-14
1970 -5.00218e-14
1980 -4.56892e-14
1990 -4.52803e-14
2000 -4.4056e-14
2010 -4.39444e-14
2020 -4.55902e-14
2030 -3.64812e-14
2040 -4.2859e-14
2050 -3.79171e-14
2060 -3.8325e-14
2070 -3.9843e-14
2080 -3.25818e-14
2090 -3.20613e-14
2100 -3.43658e-14
2110 -3.42206e-14
2120 -3.75358e-14
2130 -4.21501e-14
2140 -4.98511e-14
2150 -4.40926e-14
2160 -4.29736e-14
2170 -4.46721e-14
2180 -4.26099e-14
2190 -4.84954e-14
2200 -4.37691e-14
2210 -3.58636e-14
2220 -4.35921e-14
2230 -3.36095e-14
2240 -3.64088e-14
2250 -3.29642e-14
2260 -3.04974e-14
2270 -3.19338e-14
2280 -3.04504e-14
2290 -2.55711e-14
2300 -2.2958e-14
2310 -2.20542e-14
2320 -2.50178e-14
2330 -1.97712e-14
2340 -2.03213e-14
2350 -2.69498e-14
2360 -2.39809e-14
2370 -2.14119e-14
2380 -1.9361e-14
2390 -1.05435e-14
2400 -1.54994e-14
2410 -9.46773e-15
2420 -1.54725e-14
2430 -1.77338e-14
2440 -1.3518e-14
2450 -9.99577e-15
2460 -7.09146e-15
2470 -6.80488e-15
2480 -1.41399e-14
2490 -1.19853e-14
2500 -9.04642e-15
2510 -1.15905e-14
2520 -1.04956e-14
2530 1.40886e-16
2540 -5.55673e-15
2550 -4.61191e-15
2560 -1.09678e-14
2570 -1.90358e-15
2580 -4.05163e-16
2590 2.35386e-15
2600 1.95185e-15
2610 9.36909e-15
2620 1.61639e-14
2630 1.26963e-14
2640 1.67357e-14
2650 1.79736e-14
2660 1.69428e-14
2670 1.86709e-14
2680 1.74424e-14
2690 1.42754e-14
2700 1.60208e-14
2710 1.63729e-14
2720 1.44069e-14
2730 1.02859e-14
2740 1.09654e-14
2750 8.31117e-15
2760 1.33577e-14
2770 4.81761e-15
2780 7.38538e-15
2790 2.5154e-15
2800 -3.47575e-16
2810 -3.32737e-15
2820 -1.05545e-15
2830 -9.62235e-16
2840 3.83164e-15
2850 8.58849e-16
2860 4.11099e-15
2870 -5.53186e-16
2880 3.27256e-15
2890 -6.22866e-16
2900 -1.92956e-15
2910 -6.71214e-15
2920 -6.7453e-15
2930 -9.52119e-15
2940 -7.40785e-15
2950 -1.22797e-14
2960 -9.58399e-15
2970 -1.46487e-14
2980 -8.98943e-15
2990 -1.44013e-14
3000 -9.02177e-15
3010 -1.40078e-14
3020 -2.19681e-14
3030 -1.15088e-14
3040 -1.24652e-14
3050 -9.39378e-15
3060 -1.18832e-14
3070 -1.70091e-14
3080 -1.94339e-14
3090 -1.2975e-14
3100 -1.4879e-14
3110 -1.32449e-14
3120 -1.42824e-14
3130 -1.82126e-14
3140 -1.81512e-14
3150 -2.19555e-14
3160 -1.86738e-14
3170 -2.72354e-14
3180 -2.57468e-14
3190 -2.1178e-14
3200 -1.80736e-14
3210 -2.12728e-14
3220 -1.68591e-14
3230 -1.77694e-14
3240 -1.34105e-14
3250 -1.37093e-14
3260 -9.30867e-15
3270 -1.06123e-14
3280 -1.15697e-14
3290 -1.01582e-14
3300 -1.02456e-14
3310 -9.98726e-15
3320 -1.03372e-14
3330 -5.73417e-15
3340 -1.23323e-14
3350 -8.57869e-15
3360 -1.10318e-14
3370 -8.25293e-15
3380 -2.92161e-15
3390 -8.62202e-15
3400 -6.30096e-15
3410 -3.90282e-15
3420 -4.55601e-15
3430 -5.62927e-15
3440 -1.52209e-15
3450 -7.54604e-15
3460 -7.32296e-15
3470 -3.19375e-15
3480 -7.9273e-15
3490 -6.34962e-15
3500 -1.11335e-14
3510 -1.31691e-14
3520 -9.34029e-15
3530 -8.07809e-15
3540 -8.86332e-15
3550 -4.15337e-15
3560 -5.83535e-15
3570 -5.72703e-15
3580 -6.4705e-15
3590 1.62438e-15
3600 -2.75115e-15
3610 -9.02738e-15
3620 -1.11597e-14
3630 -1.11231e-14
3640 -8.52705e-15
3650 -1.56842e-14
3660 -1.09666e-14
3670 -1.41883e-14
3680 -1.76161e-14
3690 -1.96741e-14
3700 -2.10515e-14
3710 -1.9e-14
3720 -3.08668e-14
3730 -3.59633e-14
3740 -3.90547e-14
3750 -4.12881e-14
3760 -3.90133e-14
3770 -3.85158e-14
3780 -3.82584e-14
3790 -4.39457e-14
3800 -4.17013e-14
3810 -4.00826e-14
3820 -4.83917e-14
3830 -4.08284e-14
3840 -4.66514e-14
3850 -4.84861e-14
3860 -5.34232e-14
3870 -5.76858e-14
3880 -6.15982e-14
3890 -6.10714e-14
3900 -5.84506e-14
3910 -5.37956e-14
3920 -5.76611e-14
3930 -5.49068e-14
3940 -4.89472e-14
3950 -5.85407e-14
3960 -5.77165e-14
3970 -5.35432e-14
3980 -6.32939e-14
3990 -5.81195e-14
4000 -5.09824e-14
4010 -5.31436e-14
4020 -4.43717e-14
4030 -4.874e-14
4040 -4.78451e-14
4050 -4.77894e-14
4060 -5.27761e-14
4070 -4.7804e-14
4080 -5.18048e-14
4090 -5.29167e-14
4100 -5.44634e-14
4110 -5.37593e-14
4120 -5.63187e-14
4130 -5.7082e-14
4140 -5.46096e-14
4150 -5.8271e-14
4160 -4.73556e-14
4170 -5.54047e-14
4180 -4.74626e-14
4190 -5.32541e-14
4200 -5.15638e-14
4210 -4.87375e-14
4220 -5.92965e-14
4230 -5.31311e-14
4240 -6.0636e-14
4250 -6.07416e-14
4260 -5.36539e-14
4270 -5.42731e-14
4280 -4.40498e-14
4290 -5.12049e-14
4300 -4.8984e-14
4310 -5.11321e-14
4320 -5.2141e-14
4330 -5.37503e-14
4340 -5.63011e-14
4350 -5.30664e-14
4360 -5.17565e-14
4370 -5.35586e-14
4380 -5.12416e-14
4390 -4.80402e-14
4400 -4.97888e-14
4410 -4.75421e-14
4420 -4.80105e-14
4430 -4.54899e-14
4440 -4.82457e-14
4450 -4.97546e-14
4460 -5.71431e-14
4470 -5.20926e-14
4480 -5.1551e-14
4490 -5.05818e-14
4500 -4.83254e-14
4510 -5.68046e-14
4520 -5.24878e-14
4530 -4.98603e-14
4540 -4.3801e-14
4550 -4.19945e-14
4560 -4.52051e-14
4570 -4.25195e-14
4580 -3.63809e-14
4590 -3.70617e-14
4600 -3.49005e-14
4610 -4.2054e-14
4620 -4.19311e-14
4630 -4.19704e-14
4640 -3.90765e-14
4650 -3.71789e-14
4660 -3.86047e-14
4670 -3.35069e-14
4680 -3.24901e-14
4690 -3.66228e-14
4700 -3.20996e-14
4710 -3.29781e-14
4720 -3.77849e-14
4730 -3.16813e-14
4740 -3.41466e-14
4750 -2.88971e-14
4760 -2.65492e-14
4770 -2.6962e-14
4780 -3.01793e-14
4790 -2.01838e-14
4800 -2.05687e-14
4810 -1.7774e-14
4820 -2.45565e-14
4830 -1.93426e-14
4840 -1.41021e-14
4850 -1.94292e-14
4860 -1.44453e-14
4870 -2.40354e-14
4880 -1.30829e-14
4890 -1.77304e-14
4900 -2.37343e-14
4910 -1.66609e-14
4920 -2.03109e-14
4930 -9.79657e-15
4940 -1.40041e-14
4950 -1.64464e-14
4960 -1.24873e-14
4970 -1.57351e-14
4980 -1.47281e-14
4990 -1.10994e-14
5000 -5.97462e-15
5010 -9.55087e-15
5020 2.82363e-15
5030 -4.54613e-15
5040 -1.02784e-14
5050 -7.4371e-15
5060 -1.22201e-14
5070 -1.63873e-14
5080 -2.10224e-14
5090 -2.61885e-14
5100 -2.19434e-14
5110 -1.67201e-14
5120 -1.84696e-14
5130 -1.73969e-14
5140 -2.66933e-14
5150 -1.80918e-14
5160 -2.13258e-14
5170 -1.95858e-14
5180 -2.66364e-14
5190 -2.48205e-14
5200 -2.89037e-14
5210 -2.61591e-14
5220 -2.7022e-14
5230 -2.48026e-14
5240 -2.92743e-14
5250 -2.39714e-14
5260 -2.95835e-14
5270 -2.55707e-14
5280 -1.81537e-14
5290 -1.89192e-14
5300 -2.22796e-14
5310 -1.28969e-14
5320 -2.01516e-14
5330 -1.40098e-14
5340 -2.2151e-14
5350 -2.03138e-14
5360 -2.2448e-14
5370 -1.84705e-14
5380 -2.4727e-14
5390 -2.33812e-14
5400 -2.10719e-14
5410 -2.71561e-14
5420 -2.23548e-14
5430 -2.78958e-14
5440 -2.54649e-14
5450 -3.4444e-14
5460 -3.46607e-14
5470 -3.22524e-14
5480 -3.45461e-14
5490 -3.9535e-14
5500 -3.93445e-14
5510 -3.63428e-14
5520 -4.552e-14
5530 -3.4835e-14
5540 -3.86875e-14
5550 -3.53803e-14
5560 -3.36723e-14
5570 -2.82436e-14
5580 -2.92747e-14
5590 -2.63063e-14
5600 -3.43201e-14
5610 -3.8933e-14
5620 -3.96138e-14
5630 -4.47295e-14
5640 -4.99057e-14
5650 -4.9861e-14
5660 -5.40442e-14
5670 -5.6003e-14
5680 -5.02244e-14
5690 -4.96068e-14
5700 -4.47587e-14
5710 -4.84758e-14
5720 -4.69162e-14
5730 -4.94795e-14
5740 -5.20923e-14
5750 -5.05133e-14
5760 -5.09999e-14
5770 -5.47692e-14
5780 -5.54624e-14
5790 -5.98955e-14
5800 -6.0431e-14
5810 -5.70446e-14
5820 -5.71712e-14
5830 -5.28591e-14
5840 -5.4202e-14
5850 -5.93127e-14
5860 -5.92601e-14
5870 -5.63208e-14
5880 -5.84121e-14
5890 -5.10115e-14
5900 -6.27605e-14
5910 -5.52857e-14
5920 -5.60046e-14
5930 -5.70421e-14
5940 -5.46205e-14
5950 -5.65672e-14
5960 -5.81776e-14
5970 -5.52186e-14
5980 -5.94292e-14
5990 -5.77482e-14
6000 -6.04058e-14
6010 -5.59254e-14
6020 -4.91746e-14
6030 -5.83463e-14
6040 -5.30666e-14
6050 -5.54039e-14
6060 -5.2521e-14
6070 -5.14689e-14
6080 -4.26329e-14
6090 -3.812e-14
6100 -3.72029e-14
6110 -4.10776e-14
6120 -4.11134e-14
6130 -3.68508e-14
6140 -3.73426e-14
6150 -3.48945e-14
6160 -3.58066e-14
6170 -3.91836e-14
6180 -3.89115e-14
6190 -3.83178e-14
6200 -4.21162e-14
6210 -4.11523e-14
6220 -4.21805e-14
6230 -4.48205e-14
6240 -3.56385e-14
6250 -3.89961e-14
6260 -3.9787e-14
6270 -2.70332e-14
6280 -3.46536e-14
6290 -2.95933e-14
6300 -3.0394e-14
6310 -3.22364e-14
6320 -3.27358e-14
6330 -3.50519e-14
6340 -3.12851e-14
6350 -3.40588e-14
6360 -3.42816e-14
6370 -3.89275e-14
6380 -3.18096e-14
6390 -2.83794e-14
6400 -2.77521e-14
6410 -2.50911e-14
6420 -2.99958e-14
6430 -2.37508e-14
6440 -2.63713e-14
6450 -1.92777e-14
6460 -2.03916e-14
6470 -2.41871e-14
6480 -2.0922e-14
6490 -1.77428e-14
6500 -2.29868e-14
6510 -1.77636e-14
6520 -1.85811e-14
6530 -1.92197e-14
6540 -2.60476e-14
6550 -2.51353e-14
6560 -2.63976e-14
6570 -2.85924e-14
6580 -1.95528e-14
6590 -2.09786e-14
6600 -1.59861e-14
6610 -1.8151e-14
6620 -1.56795e-14
6630 -2.00122e-14
6640 -2.26568e-14
6650 -1.7956e-14
6660 -1.71639e-14
6670 -1.51751e-14
6680 -1.70685e-14
6690 -1.81869e-14
6700 -1.72529e-14
6710 -1.09641e-14
6720 -1.11755e-14
6730 -8.21155e-15
6740 -7.90711e-15
6750 -3.35414e-15
6760 -3.54307e-15
6770 2.04488e-15
6780 3.3714e-15
6790 7.98918e-15
6800 1.08258e-14
6810 1.75019e-15
6820 5.04872e-15
6830 3.46813e-15
6840 -2.91988e-15
6850 -5.42776e-15
6860 -4.00997e-15
6870 -1.99808e-15
6880 -6.37104e-15
6890 -2.27476e-15
6900 -9.61277e-15
6910 -9.43117e-15
6920 -1.54203e-14
6930 -1.52652e-14
6940 -1.33952e-14
6950 -6.03844e-15
6960 -6.32098e-15
6970 -4.29524e-15
6980 -6.38312e-16
6990 -2.73307e-15
7000 -2.64281e-15
7010 -5.30858e-15
7020 4.81183e-16
7030 -3.05813e-15
7040 -6.51523e-15
7050 -5.62895e-15
7060 -9.2144e-15
7070 -2.48631e-15
7080 -1.21587e-14
7090 -9.01936e-15
7100 -1.1596e-14
7110 -1.26574e-14
7120 -1.10012e-14
7130 -7.78343e-15
7140 -8.29534e-15
7150 -9.14138e-15
7160 -2.5984e-15
7170 -1.027e-14
7180 -8.29663e-15
7190 -6.21754e-15
7200 -7.22388e-15
7210 -4.77809e-15
7220 -7.04084e-15
7230 -5.81873e-15
7240 -8.98693e-15
7250 -3.5836e-15
7260 -6.22454e-15
7270 -1.10442e-14
7280 -1.11561e-14
7290 -1.09799e-14
7300 -4.20359e-16
7310 1.49634e-16
7320 6.1894e-15
7330 1.07328e-16
7340 -4.20486e-15
7350 -5.88017e-15
7360 -4.33644e-15
7370 -1.20227e-14
7380 -1.71894e-14
7390 -1.56832e-14
7400 -1.71701e-14
7410 -1.19543e-14
7420 -1.17792e-14
7430 -1.42306e-14
7440 -1.29296e-14
7450 -9.35742e-15
7460 -5.91718e-15
7470 -2.91464e-15
7480 -1.72636e-15
7490 -8.36526e-15
7500 -5.62833e-15
7510 -5.61397e-17
7520 -3.38936e-15
7530 -1.84614e-15
7540 -8.72156e-16
7550 -3.96004e-15
7560 -9.15014e-15
7570 -1.22997e-14
7580 -1.16952e-14
7590 -1.04585e-14
7600 -1.06656e-14
7610 -2.08142e-14
7620 -1.19759e-14
7630 -1.35945e-14
7640 -1.29191e-14
7650 -7.31657e-15
7660 -9.82991e-15
7670 -1.09297e-14
7680 -8.71527e-15
7690 -8.2698e-15
7700 -6.29587e-15
7710 -4.91541e-15
7720 -7.23736e-15
7730 -6.12414e-15
7740 -3.84691e-15
7750 -1.03647e-16
7760 -1.31876e-15
7770 3.9569e-15
7780 6.06156e-15
7790 8.52499e-15
7800 1.07985e-14
7810 1.3494e-14
7820 1.48409e-14
7830 7.36588e-15
7840 9.86854e-15
7850 5.54672e-15
7860 6.58431e-15
7870 6.52757e-15
7880 6.333e-15
7890 -1.21305e-15
7900 -1.38795e-15
7910 -6.97676e-15
7920 5.64055e-15
7930 5.37098e-15
7940 -3.6371e-15
7950 -2.42583e-15
7960 -8.28457e-15
7970 -6.68706e-15
7980 -3.93669e-15
7990 -6.29772e-17
8000 -2.70092e-15
8010 9.03725e-16
8020 -7.77083e-16
8030 -1.95867e-16
8040 2.45175e-15
8050 -4.17832e-15
8060 -1.66721e-16
8070 -3.66848e-15
8080 2.13899e-15
8090 -4.90845e-15
8100 -1.29138e-14
8110 -1.71617e-14
8120 -2.26827e-14
8130 -3.74064e-14
8140 -5.24782e-14
8150 -7.75233e-14
8160 -1.14862e-13
8170 -1.83166e-13
8180 -2.7686e-13
8190 -4.16016e-13
8200 -6.43865e-13
8210 -9.98615e-13
8220 -1.54989e-12
8230 -2.41132e-12
8240 -3.74393e-12
8250 -5.78291e-12
8260 -8.92301e-12
8270 -1.37185e-11
8280 -2.10409e-11
8290 -3.21614e-11
8300 -4.90104e-11
8310 -7.44271e-11
8320 -1.12641e-10
8330 -1.69907e-10
8340 -2.55404e-10
8350 -3.82606e-10
8360 -5.71178e-10
8370 -8.49738e-10
8380 -1.25977e-09
8390 -1.86114e-09
8400 -2.73997e-09
8410 -4.01963e-09
8420 -5.87621e-09
8430 -8.55996e-09
8440 -1.24253e-08
8450 -1.7972e-08
8460 -2.59022e-08
8470 -3.71984e-08
8480 -5.32295e-08
8490 -7.58958e-08
8500 -1.07824e-07
8510 -1.5263e-07
8520 -2.15272e-07
8530 -3.0252e-07
8540 -4.23578e-07
8550 -5.90909e-07
8560 -8.21317e-07
8570 -1.13736e-06
8580 -1.56921e-06
8590 -2.15701e-06
8600 -2.95397e-06
8610 -4.03031e-06
8620 -5.47828e-06
8630 -7.41851e-06
8640 -1.00081e-05
8650 -1.34507e-05
8660 -1.8009e-05
8670 -2.40204e-05
8680 -3.19162e-05
8690 -4.22453e-05
8700 -5.57026e-05
8710 -7.31639e-05
8720 -9.57275e-05
8730 -0.000124764
8740 -0.000161976
8750 -0.000209465
8760 -0.000269816
8770 -0.00034619
8780 -0.00044243
8790 -0.000563186
8800 -0.000714053
8810 -0.000901726
8820 -0.00113417
8830 -0.0014208
8840 -0.0017727
8850 -0.00220282
8860 -0.00272618
8870 -0.00336014
8880 -0.00412459
8890 -0.00504217
8900 -0.00613849
8910 -0.00744228
8920 -0.00898554
8930 -0.0108036
8940 -0.0129352
8950 -0.0154223
8960 -0.0183101
8970 -0.0216466
8980 -0.0254824
8990 -0.02987
9000 -0.034863
9010 -0.0405156
9020 -0.0468815
9030 -0.0540124
9040 -0.0619571
9050 -0.0707597
9060 -0.0804582
9070 -0.0910828
9080 -0.102654
9090 -0.115181
9100 -0.128659
9110 -0.143071
9120 -0.15838
9130 -0.174535
9140 -0.191464
9150 -0.209076
9160 -0.227262
9170 -0.245893
9180 -0.264821
9190 -0.283881
9200 -0.302893
9210 -0.321662
9220 -0.339986
9230 -0.357653
9240 -0.374449
9250 -0.390161
9260 -0.404581
9270 -0.417511
9280 -0.428765
9290 -0.438178
9300 -0.445606
9310 -0.450931
9320 -0.454063
9330 -0.454945
9340 -0.453553
9350 -0.449895
9360 -0.444015
9370 -0.435989
9380 -0.425926
9390 -0.413962
9400 -0.400261
9410 -0.385009
9420 -0.368409
9430 -0.350678
9440 -0.332043
9450 -0.312734
9460 -0.292978
9470 -0.273001
9480 -0.253017
9490 -0.233225
9500 -0.21381
9510 -0.194937
9520 -0.17675
9530 -0.159372
9540 -0.142901
9550 -0.127413
9560 -0.112962
9570 -0.0995818
9580 -0.0872845
9590 -0.0760657
9600 -0.0659053
9610 -0.0567695
9620 -0.0486134
9630 -0.0413836
9640 -0.0350198
9650 -0.0294574
9660 -0.0246295
9670 -0.0204681
9680 -0.0169061
9690 -0.0138782
9700 -0.0113222
9710 -0.00917943
9720 -0.00739553
9730 -0.00592069
9740 -0.00470983
9750 -0.00372261
9760 -0.00292334
9770 -0.00228075
9780 -0.00176777
9790 -0.00136112
9800 -0.00104106
9810 -0.00079092
9820 -0.000596832
9830 -0.000447312
9840 -0.000332959
9850 -0.000246139
9860 -0.000180709
9870 -0.000131772
9880 -9.54601e-05
9890 -6.87463e-05
9900 -4.92902e-05
9910 -3.5305e-05
9920 -2.54528e-05
9930 -1.87602e-05
9940 -1.4557e-05
9950 -1.2434e-05
9960 -1.22213e-05
9970 -1.3987e-05
9980 -1.80583e-05
9990 -2.50682e-05
10000 -3.7434e-05
10010 -5.54673e-05
10020 -8.15582e-05
10030 -0.000119011
10040 -0.000172355
10050 -0.000247747
10060 -0.000353483
10070 -0.000500647
10080 -0.000703922
10090 -0.000982595
10100 -0.00136178
10110 -0.00187391
10120 -0.0025605
10130 -0.00347424
10140 -0.00468143
10150 -0.00626475
10160 -0.00832644
10170 -0.0109918
10180 -0.0144131
10190 -0.0187733
10200 -0.0242911
10210 -0.0312245
10220 -0.0398757
10230 -0.0505946
10240 -0.0637831
10250 -0.0798973
10260 -0.0994497
10270 -0.12301
10280 -0.151202
10290 -0.184706
10300 -0.224245
10310 -0.270585
10320 -0.324522
10330 -0.386863
10340 -0.45842
10350 -0.539982
10360 -0.632298
10370 -0.736049
10380 -0.851826
10390 -0.980101
10400 -1.1212
10410 -1.27527
10420 -1.44225
10430 -1.62188
10440 -1.81364
10450 -2.01674
10460 -2.23012
10470 -2.45248
10480 -2.68221
10490 -2.91745
10500 -3.15611
10510 -3.39588
10520 -3.63427
10530 -3.86866
10540 -4.09633
10550 -4.31452
10560 -4.52051
10570 -4.71162
10580 -4.88534
10590 -5.03933
10600 -5.17149
10610 -5.28003
10620 -5.36346
10630 -5.42069
10640 -5.45099
10650 -5.45405
10660 -5.42996
10670 -5.37922
10680 -5.3027
10690 -5.20166
10700 -5.07766
10710 -4.93255
10720 -4.76846
10730 -4.58766
10740 -4.39261
10750 -4.18583
10760 -3.96989
10770 -3.74733
10780 -3.52064
10790 -3.29221
10800 -3.06428
10810 -2.83893
10820 -2.61803
10830 -2.40324
10840 -2.19599
10850 -1.99749
10860 -1.80871
10870 -1.63038
10880 -1.46304
10890 -1.30701
10900 -1.16242
10910 -1.02925
10920 -0.907307
10930 -0.796301
10940 -0.695817
10950 -0.605363
10960 -0.524383
10970 -0.452271
10980 -0.388397
10990 -0.332114
11000 -0.282774
11010 -0.23974
11020 -0.202394
11030 -0.170145
11040 -0.142433
11050 -0.118735
11060 -0.098567
11070 -0.0814847
11080 -0.067084
11090 -0.0550005
11100 -0.0449083
11110 -0.0365179
11120 -0.0295739
11130 -0.0238531
11140 -0.019161
11150 -0.0153298
11160 -0.0122154
11170 -0.00969467
11180 -0.00766343
11190 -0.00603369
11200 -0.00473172
11210 -0.00369604
11220 -0.00287569
11230 -0.00222864
11240 -0.00172044
11250 -0.00132295
11260 -0.00101335
11270 -0.000773199
11280 -0.000587688
11290 -0.000444969
11300 -0.00033562
11310 -0.000252176
11320 -0.000188758
11330 -0.000140753
11340 -0.00010456
11350 -7.73807e-05
11360 -5.70515e-05
11370 -4.19057e-05
11380 -3.06659e-05
11390 -2.23574e-05
11400 -1.62395e-05
11410 -1.17521e-05
11420 -8.47335e-06
11430 -6.08692e-06
11440 -4.35659e-06
11450 -3.10675e-06
11460 -2.20741e-06
11470 -1.56272e-06
11480 -1.10232e-06
11490 -7.74751e-07
11500 -5.42567e-07
11510 -3.78603e-07
11520 -2.63245e-07
11530 -1.82383e-07
11540 -1.25911e-07
11550 -8.66165e-08
11560 -5.93746e-08
11570 -4.05571e-08
11580 -2.76062e-08
11590 -1.87249e-08
11600 -1.26565e-08
11610 -8.52499e-09
11620 -5.72218e-09
11630 -3.82756e-09
11640 -2.55141e-09
11650 -1.69488e-09
11660 -1.12202e-09
11670 -7.4024e-10
11680 -4.86693e-10
11690 -3.18903e-10
11700 -2.08249e-10
11710 -1.35525e-10
11720 -8.79058e-11
11730 -5.68207e-11
11740 -3.66021e-11
11750 -2.34964e-11
11760 -1.50312e-11
11770 -9.57974e-12
11780 -6.08516e-12
11790 -3.85019e-12
11800 -2.42976e-12
11810 -1.52253e-12
11820 -9.48779e-13
11830 -5.90368e-13
11840 -3.62262e-13
11850 -2.22634e-13
11860 -1.29035e-13
11870 -7.78113e-14
11880 -3.80901e-14
11890 -1.68131e-14
11900 -7.68653e-16
11910 5.5638e-15
11920 9.42626e-15
11930 1.34118e-14
11940 1.95265e-14
11950 1.76805e-14
11960 1.48251e-14
11970 1.06255e-14
11980 1.07799e-14
11990 1.14575e-14
12000 1.0521e-14
12010 4.10387e-15
12020 6.53585e-15
12030 5.33653e-15
12040 6.53964e-15
12050 6.78552e-15
12060 1.06303e-14
12070 1.39866e-14
12080 1.26194e-14
12090 1.79481e-14
12100 1.38572e-14
12110 1.55562e-14
12120 1.16245e-14
12130 1.46167e-14
12140 2.10563e-14
12150 1.98874e-14
12160 1.83025e-14
12170 1.98553e-14
12180 1.47082e-14
12190 1.90329e-14
12200 1.21893e-14
12210 1.31343e-14
12220 1.24874e-14
12230 1.6958e-14
12240 1.76179e-14
12250 2.29806e-14
12260 2.05191e-14
12270 2.21553e-14
12280 1.4997e-14
12290 1.67996e-14
12300 1.67859e-14
12310 2.31461e-14
12320 2.44703e-14
12330 1.59266e-14
12340 2.69955e-14
12350 2.03981e-14
12360 2.4433e-14
12370 1.9935e-14
12380 2.61823e-14
12390 1.92803e-14
12400 1.99323e-14
12410 2.09117e-14
12420 2.3793e-14
12430 2.42235e-14
12440 2.22598e-14
12450 2.54987e-14
12460 1.84215e-14
12470 2.09124e-14
12480 2.22736e-14
12490 2.22409e-14
12500 2.70139e-14
12510 2.33794e-14
12520 2.52101e-14
12530 2.45622e-14
12540 2.59642e-14
12550 2.84137e-14
12560 2.70089e-14
12570 2.99785e-14
12580 2.40036e-14
12590 2.31759e-14
12600 2.31164e-14
12610 2.06563e-14
12620 1.80092e-14
12630 1.72753e-14
12640 1.9029e-14
12650 1.89129e-14
12660 1.76602e-14
12670 1.99791e-14
12680 2.10806e-14
12690 2.6224e-14
12700 2.47153e-14
12710 2.55625e-14
12720 2.3541e-14
12730 2.28894e-14
12740 2.50668e-14
12750 2.83948e-14
12760 2.01634e-14
12770 2.19992e-14
12780 1.65578e-14
12790 1.8698e-14
12800 2.45034e-14
12810 2.27458e-14
12820 2.55864e-14
12830 2.02854e-14
12840 2.41989e-14
12850 2.44405e-14
12860 3.09135e-14
12870 2.89031e-14
12880 2.79612e-14
12890 3.07209e-14
12900 3.4492e-14
12910 3.37628e-14
12920 3.01915e-14
12930 3.1535e-14
12940 2.87154e-14
12950 2.40472e-14
12960 2.81129e-14
12970 3.44082e-14
12980 3.5842e-14
12990 4.20843e-14
13000 4.27906e-14
13010 4.23116e-14
13020 4.53523e-14
13030 4.47334e-14
13040 4.03301e-14
13050 4.49223e-14
13060 4.54494e-14
13070 4.79838e-14
13080 4.57715e-14
13090 4.30281e-14
13100 4.60549e-14
13110 4.38871e-14
13120 4.70733e-14
13130 4.82554e-14
13140 4.73063e-14
13150 4.53686e-14
13160 4.54867e-14
13170 4.83016e-14
13180 4.85299e-14
13190 4.37175e-14
13200 4.23321e-14
13210 3.98872e-14
13220 3.96439e-14
13230 4.02303e-14
13240 4.62997e-14
13250 4.15271e-14
13260 3.83969e-14
13270 3.56173e-14
13280 3.80636e-14
13290 3.65681e-14
13300 3.66358e-14
13310 3.43311e-14
13320 3.57203e-14
13330 3.48662e-14
13340 3.33425e-14
13350 3.46114e-14
13360 3.49896e-14
13370 2.93383e-14
13380 2.31605e-14
13390 2.27417e-14
13400 2.19578e-14
13410 1.62194e-14
13420 1.68493e-14
13430 1.32057e-14
13440 1.61932e-14
13450 1.78739e-14
13460 1.62683e-14
13470 1.46486e-14
13480 1.63177e-14
13490 1.6216e-14
13500 1.64561e-14
13510 1.97116e-14
13520 1.74037e-14
13530 2.28131e-14
13540 1.86522e-14
13550 2.45849e-14
13560 1.95139e-14
13570 2.1185e-14
13580 2.21456e-14
13590 2.06504e-14
13600 1.62102e-14
13610 1.76507e-14
13620 2.02105e-14
13630 1.76476e-14
13640 1.58635e-14
13650 2.07059e-14
13660 2.47312e-14
13670 1.54935e-14
13680 2.11298e-14
13690 1.83597e-14
13700 2.30021e-14
13710 2.19386e-14
13720 2.58783e-14
13730 2.81704e-14
13740 2.48985e-14
13750 2.5685e-14
13760 2.64798e-14
13770 2.40503e-14
13780 2.41346e-14
13790 2.84122e-14
13800 2.67142e-14
13810 2.58913e-14
13820 2.43144e-14
13830 1.9394e-14
13840 1.99585e-14
13850 2.43723e-14
13860 2.10176e-14
13870 2.58024e-14
13880 2.67792e-14
13890 2.59828e-14
13900 3.05269e-14
13910 2.61757e-14
13920 2.80723e-14
13930 2.95029e-14
13940 2.33644e-14
13950 2.83651e-14
13960 2.98528e-14
13970 3.317e-14
13980 3.41709e-14
13990 3.41837e-14
14000 3.2121e-14
14010 3.22181e-14
14020 3.20476e-14
14030 2.87028e-14
14040 3.39674e-14
14050 3.06589e-14
14060 3.37826e-14
14070 3.33112e-14
14080 3.2434e-14
14090 3.71549e-14
14100 3.36127e-14
14110 2.87485e-14
14120 3.5871e-14
14130 3.33799e-14
14140 3.46717e-14
14150 3.40273e-14
14160 3.3279e-14
14170 3.02239e-14
14180 2.87752e-14
14190 2.90085e-14
14200 2.67823e-14
14210 2.68044e-14
14220 2.50347e-14
14230 2.82112e-14
14240 2.92135e-14
14250 3.16528e-14
14260 3.26758e-14
14270 2.77591e-14
14280 2.34691e-14
14290 2.7407e-14
14300 2.71567e-14
14310 2.68427e-14
14320 2.57933e-14
14330 2.89338e-14
14340 2.96299e-14
14350 3.1574e-14
14360 2.50697e-14
14370 2.56965e-14
14380 2.81897e-14
14390 2.29797e-14
14400 2.40998e-14
14410 2.71434e-14
14420 2.75791e-14
14430 2.87979e-14
14440 2.21439e-14
14450 2.51201e-14
14460 2.23847e-14
14470 1.99718e-14
14480 2.10303e-14
14490 1.58938e-14
14500 1.55955e-14
14510 1.32859e-14
14520 1.1102e-14
14530 9.29719e-15
14540 6.67853e-15
14550 6.16347e-15
14560 6.66449e-15
14570 8.01438e-15
14580 5.44923e-15
14590 7.06715e-15
14600 3.10228e-15
14610 6.85693e-15
14620 2.97108e-15
14630 8.39535e-15
14640 5.17728e-15
14650 -2.83361e-15
14660 1.78951e-15
14670 -7.06343e-16
14680 -1.50095e-15
14690 8.8745e-16
14700 1.15083e-15
14710 9.74064e-16
14720 1.82811e-16
14730 5.92429e-16
14740 -6.33012e-16
14750 1.85199e-15
14760 1.20408e-15
14770 2.13933e-15
14780 6.85025e-15
14790 7.53136e-15
14800 4.91138e-15
14810 1.13875e-15
14820 -1.24218e-15
14830 -7.19785e-16
14840 -4.11403e-15
14850 -1.11946e-15
14860 -1.83134e-16
14870 -8.32285e-16
14880 -4.76891e-16
14890 -4.24523e-15
14900 -4.42953e-15
14910 -3.5538e-15
14920 -6.6495e-17
14930 -2.49995e-15
14940 -1.2157e-15
14950 2.61348e-15
14960 -1.21065e-15
14970 9.40427e-16
14980 4.88646e-15
14990 4.07182e-15
15000 8.19962e-15
15010 6.24207e-15
15020 -1.03811e-16
15030 1.75327e-15
15040 -1.11796e-15
15050 4.06106e-16
15060 6.76719e-15
15070 8.25829e-15
15080 7.8471e-15
15090 8.93897e-15
15100 4.56351e-15
15110 2.01657e-15
15120 3.89461e-15
15130 1.06501e-14
15140 2.87628e-15
15150 6.32748e-15
15160 5.8363e-15
15170 2.21015e-15
15180 5.29313e-15
15190 -2.6515e-15
15200 -1.79395e-15
15210 -1.25317e-15
15220 -3.1672e-15
15230 2.17608e-15
15240 3.96263e-15
15250 -2.64465e-15
15260 -2.8008e-15
15270 -1.26977e-15
15280 -1.64672e-15
15290 -1.83686e-15
15300 -4.2412e-15
15310 -6.06439e-15
15320 -8.42019e-15
15330 -1.12404e-14
15340 -7.13706e-15
15350 -8.06088e-15
15360 -1.06846e-14
15370 -6.31114e-15
15380 -8.23746e-15
15390 -8.78452e-15
15400 -1.11611e-14
15410 -6.24943e-15
15420 -1.07128e-14
15430 -1.79812e-15
15440 -2.92096e-15
15450 2.63828e-15
15460 1.41796e-15
15470 -2.81759e-15
15480 -2.17317e-15
15490 -6.09101e-15
15500 -5.59903e-15
15510 -6.51115e-15
15520 -5.59971e-15
15530 -5.79506e-15
15540 -6.32287e-15
15550 -5.78598e-15
15560 -1.28993e-14
15570 -8.89727e-15
15580 -1.12542e-14
15590 -1.33009e-14
15600 -1.08289e-14
15610 -1.15078e-14
15620 -9.13204e-15
15630 -1.72448e-14
15640 -6.3668e-15
15650 -1.27524e-14
15660 -9.75613e-15
15670 -7.7677e-15
15680 -4.87291e-15
15690 -9.24587e-15
15700 -1.11645e-14
15710 -4.44927e-15
15720 -4.51742e-15
15730 -5.53241e-15
15740 -2.87973e-15
15750 -5.37144e-16
15760 -1.65432e-15
15770 -1.82098e-15
15780 -1.24774e-16
15790 3.89784e-15
15800 6.29229e-15
15810 5.28944e-15
15820 4.24666e-15
15830 -1.25096e-15
15840 -3.75653e-15
15850 -1.28688e-15
15860 -4.69883e-15
15870 -4.72138e-15
15880 -3.80239e-15
15890 -5.26716e-15
15900 -3.26435e-15
15910 -1.668e-15
15920 -2.94714e-15
15930 -1.19746e-14
15940 -5.964e-15
15950 -5.98925e-15
15960 -8.38188e-15
15970 -1.30154e-14
15980 -9.9092e-15
15990 -1.20277e-14
16000 -6.93314e-15
16010 -1.01113e-14
16020 -3.97124e-15
16030 -1.29151e-14
16040 -7.97517e-15
16050 -1.17325e-14
16060 -1.0406e-14
16070 -1.2566e-14
16080 -1.82774e-14
16090 -1.53887e-14
16100 -1.16974e-14
16110 -1.39869e-14
16120 -9.33506e-15
16130 -1.02728e-14
16140 -8.8084e-15
16150 -1.14073e-14
16160 -6.85192e-15
16170 -6.87523e-15
16180 -2.43527e-15
16190 -7.69223e-16
16200 -1.41145e-15
16210 -2.85123e-15
16220 2.32999e-15
16230 8.91922e-16
16240 -3.61595e-15
16250 2.76598e-15
16260 7.03526e-16
16270 -2.02182e-15
16280 -5.68645e-15
16290 1.49435e-15
16300 7.94285e-16
16310 2.58073e-15
16320 3.8848e-15
16330 1.20885e-14
16340 6.83101e-15
16350 7.9018e-15
16360 1.41766e-14
16370 1.5973e-14
16380 1.44494e-14
16390 1.27541e-14
16400 1.04039e-14
16410 7.13016e-15
16420 1.22269e-14
16430 7.25037e-15
16440 1.09555e-14
16450 1.01462e-14
16460 1.00139e-14
16470 1.04386e-14
16480 6.85763e-15
16490 7.36745e-15
16500 1.7829e-14
16510 1.24577e-14
16520 5.29331e-15
16530 9.04496e-15
16540 8.51756e-15
16550 5.72074e-15
16560 7.91884e-15
16570 9.23018e-15
16580 5.41586e-15
16590 4.82568e-15
16600 6.10619e-15
16610 2.47232e-15
16620 -3.10703e-15
16630 4.22822e-15
16640 2.19547e-15
16650 -4.42553e-15
16660 -1.0818e-16
16670 -2.10216e-15
16680 -7.73453e-15
16690 -6.27551e-15
16700 -9.0867e-15
16710 -1.19349e-14
16720 -1.67378e-14
16730 -1.19431e-14
16740 -1.15448e-14
16750 -1.06028e-14
16760 -1.23235e-14
16770 -8.53017e-15
16780 -8.38535e-15
16790 -1.09777e-14
16800 -9.39713e-15
16810 -7.77392e-15
16820 -1.03851e-14
16830 -1.29354e-14
16840 -7.56067e-15
16850 -9.31931e-15
16860 -7.77041e-15
16870 -7.81474e-15
16880 -5.88563e-15
16890 -7.87201e-15
16900 -5.39083e-15
16910 -3.61126e-15
16920 -1.87029e-15
16930 -8.45372e-15
16940 -5.18153e-15
16950 -8.5923e-15
16960 -1.4606e-14
16970 -8.54847e-15
16980 -1.07022e-14
16990 -1.08338e-14
17000 -9.27239e-15
17010 -2.35804e-15
17020 -7.68086e-15
17030 -1.02437e-14
17040 -1.19031e-14
17050 -7.89594e-15
17060 -1.13684e-14
17070 -8.4702e-15
17080 -4.91077e-15
17090 -1.0738e-14
17100 -2.32873e-15
17110 -9.30257e-16
17120 -6.44559e-15
17130 -3.60704e-15
17140 -7.54854e-15
17150 -1.02731e-14
17160 -7.42276e-15
17170 -6.27311e-15
17180 -2.86837e-15
17190 -2.56924e-15
17200 -3.46817e-15
17210 -2.8562e-15
17220 -2.08633e-15
17230 -7.76859e-15
17240 -4.21562e-15
17250 -3.34434e-15
17260 -3.31757e-15
17270 -3.24597e-15
17280 1.13353e-15
17290 -4.36005e-15
17300 -8.5518e-15
17310 -8.61791e-15
17320 -1.65525e-14
17330 -1.6212e-14
17340 -1.4444e-14
17350 -1.61033e-14
17360 -1.66695e-14
17370 -1.33294e-14
17380 -1.50939e-14
17390 -9.06358e-15
17400 -1.53045e-14
17410 -1.16996e-14
17420 -1.08041e-14
17430 -7.89334e-15
17440 -2.94003e-15
17450 -6.52222e-15
17460 -6.55126e-15
17470 -8.47922e-15
17480 -8.9148e-15
17490 -1.87298e-15
17500 -3.40297e-15
17510 -2.7925e-15
17520 2.70292e-15
17530 -3.77677e-15
17540 -3.14099e-15
17550 -1.53632e-15
17560 -3.49882e-15
17570 1.15752e-15
17580 -3.20558e-15
17590 -3.0216e-15
17600 -3.78792e-15
17610 -4.76892e-16
17620 -3.48005e-15
17630 -6.80355e-15
17640 -3.31554e-15
17650 -4.64416e-15
17660 -1.05583e-14
17670 -7.77683e-15
17680 -8.07839e-15
17690 -1.21246e-14
17700 -1.53006e-14
17710 -9.12962e-15
17720 -8.18189e-15
17730 -1.57521e-14
17740 -1.02201e-14
17750 -9.84992e-15
17760 -1.58519e-14
17770 -2.09399e-14
17780 -2.14491e-14
17790 -2.17437e-14
17800 -2.46196e-14
17810 -2.35307e-14
17820 -1.97607e-14
17830 -2.59746e-14
17840 -2.47377e-14
17850 -1.86611e-14
17860 -1.63521e-14
17870 -2.03945e-14
17880 -1.56299e-14
17890 -1.70362e-14
17900 -1.71419e-14
17910 -1.34272e-14
17920 -1.59883e-14
17930 -1.33176e-14
17940 -1.04262e-14
17950 -6.65124e-15
17960 -7.74306e-15
17970 -6.77432e-15
17980 -1.2601e-14
17990 -9.37789e-15
18000 -8.95344e-15
18010 -1.08772e-14
18020 -8.11175e-15
18030 -3.77895e-15
18040 -3.79828e-15
18050 -7.34067e-15
18060 -2.51606e-15
18070 -9.31966e-16
18080 2.01258e-15
18090 1.51912e-15
18100 1.2581e-14
18110 2.38487e-14
18120 3.33539e-14
18130 5.96269e-14
18140 1.02956e-13
18150 1.50376e-13
18160 2.4485e-13
18170 3.85172e-13
18180 6.10122e-13
18190 9.67472e-13
18200 1.51843e-12
18210 2.3815e-12
18220 3.72715e-12
18230 5.80468e-12
18240 9.01587e-12
18250 1.3963e-11
18260 2.15382e-11
18270 3.31221e-11
18280 5.07489e-11
18290 7.75084e-11
18300 1.17976e-10
18310 1.78954e-10
18320 2.70509e-10
18330 4.07514e-10
18340 6.11791e-10
18350 9.15296e-10
18360 1.3646e-09
18370 2.02742e-09
18380 3.00167e-09
18390 4.42855e-09
18400 6.51084e-09
18410 9.53854e-09
18420 1.3925e-08
18430 2.02567e-08
18440 2.93629e-08
18450 4.24115e-08
18460 6.10403e-08
18470 8.75373e-08
18480 1.25086e-07
18490 1.78098e-07
18500 2.52662e-07
18510 3.57146e-07
18520 5.03004e-07
18530 7.05851e-07
18540 9.86883e-07
18550 1.37475e-06
18560 1.90802e-06
18570 2.63839e-06
18580 3.63484e-06
18590 4.98904e-06
18600 6.82228e-06
18610 9.29434e-06
18620 1.26147e-05
18630 1.7057e-05
18640 2.29766e-05
18650 3.08336e-05
18660 4.12205e-05
18670 5.48965e-05
18680 7.28308e-05
18690 9.62538e-05
18700 0.000126721
18710 0.000166188
18720 0.000217104
18730 0.000282517
18740 0.000366208
18750 0.000472833
18760 0.000608109
18770 0.000779007
18780 0.000993991
18790 0.00126327
18800 0.00159912
18810 0.00201617
18820 0.0025318
18830 0.00316651
18840 0.00394436
18850 0.00489338
18860 0.00604605
18870 0.00743975
18880 0.00911721
18890 0.011127
18900 0.0135237
18910 0.0163686
18920 0.0197295
18930 0.0236813
18940 0.0283054
18950 0.0336902
18960 0.03993
18970 0.0471248
18980 0.0553793
18990 0.0648014
19000 0.0755013
19010 0.0875889
19020 0.101172
19030 0.116354
19040 0.133231
19050 0.151887
19060 0.172395
19070 0.194807
19080 0.219156
19090 0.245451
19100 0.273671
19110 0.303765
19120 0.335646
19130 0.369193
19140 0.404244
19150 0.440599
19160 0.478018
19170 0.516223
19180 0.554897
19190 0.593692
19200 0.632229
19210 0.670104
19220 0.706894
19230 0.742169
19240 0.77549
19250 0.806427
19260 0.834564
19270 0.859508
19280 0.880897
19290 0.898411
19300 0.911777
19310 0.92078
19320 0.925265
19330 0.92514
19340 0.920385
19350 0.911047
19360 0.897242
19370 0.879154
19380 0.857028
19390 0.831166
19400 0.80192
19410 0.769685
19420 0.734889
19430 0.697981
19440 0.659427
19450 0.619695
19460 0.579248
19470 0.538533
19480 0.497977
19490 0.457975
19500 0.418885
19510 0.381026
19520 0.344674
19530 0.310056
19540 0.277356
19550 0.246708
19560 0.218204
19570 0.191894
19580 0.167789
19590 0.145866
19600 0.126071
19610 0.108326
19620 0.0925317
19630 0.0785724
19640 0.0663217
19650 0.0556454
19660 0.0464059
19670 0.0384655
19680 0.0316887
19690 0.025945
19700 0.0211106
19710 0.0170698
19720 0.0137156
19730 0.0109507
19740 0.00868735
19750 0.00684754
19760 0.00536243
19770 0.00417202
19780 0.00322455
19790 0.00247576
19800 0.00188817
19810 0.00143036
19820 0.00107621
19830 0.000804225
19840 0.000596849
19850 0.000439888
19860 0.000321958
19870 0.000234018
19880 0.000168945
19890 0.000121185
19900 8.6447e-05
19910 6.14554e-05
19920 4.37453e-05
19930 3.14995e-05
19940 2.34236e-05
19950 1.86537e-05
19960 1.6697e-05
19970 1.74011e-05
19980 2.09554e-05
19990 2.7924e-05
20000 3.80907e-05
20010 5.17168e-05
20020 6.98925e-05
20030 9.40223e-05
20040 0.000125906
20050 0.00016784
20060 0.000222736
20070 0.000294269
20080 0.000387056
20090 0.000506864
20100 0.000660862
20110 0.000857917
20120 0.00110894
20130 0.00142729
20140 0.00182924
20150 0.00233451
20160 0.00296688
20170 0.00375487
20180 0.00473252
20190 0.00594026
20200 0.00742581
20210 0.00924528
20220 0.0114642
20230 0.0141589
20240 0.0174175
20250 0.0213413
20260 0.0260466
20270 0.0316651
20280 0.0383464
20290 0.0462583
20300 0.0555888
20310 0.0665468
20320 0.0793631
20330 0.0942913
20340 0.111608
20350 0.131613
20360 0.154628
20370 0.181
20380 0.211093
20390 0.245293
20400 0.284001
20410 0.327633
20420 0.376613
20430 0.431371
20440 0.492339
20450 0.559941
20460 0.63459
20470 0.716679
20480 0.806574
20490 0.904607
20500 1.01106
20510 1.12618
20520 1.25013
20530 1.38302
20540 1.52487
20550 1.67562
20560 1.83513
20570 2.00313
20580 2.17927
20590 2.36309
20600 2.55401
20610 2.75134
20620 2.95428
20630 3.16192
20640 3.37325
20650 3.58717
20660 3.80246
20670 4.01786
20680 4.23202
20690 4.44355
20700 4.65099
20710 4.85291
20720 5.04782
20730 5.23429
20740 5.41089
20750 5.57625
20760 5.72906
20770 5.86811
20780 5.99227
20790 6.10055
20800 6.19206
20810 6.26608
20820 6.32202
20830 6.35946
20840 6.37814
20850 6.37796
20860 6.359
20870 6.32149
20880 6.26583
20890 6.19257
20900 6.10242
20910 5.99619
20920 5.87483
20930 5.73941
20940 5.59107
20950 5.43105
20960 5.26062
20970 5.08112
20980 4.8939
20990 4.70033
21000 4.50178
21010 4.29957
21020 4.09502
21030 3.88939
21040 3.68388
21050 3.47962
21060 3.27766
21070 3.07897
21080 2.88444
21090 2.69485
21100 2.5109
21110 2.33318
21120 2.16221
21130 1.99839
21140 1.84203
21150 1.69338
21160 1.55259
21170 1.41972
21180 1.2948
21190 1.17775
21200 1.06847
21210 0.966796
21220 0.872508
21230 0.785365
21240 0.70509
21250 0.631381
21260 0.563918
21270 0.502366
21280 0.446385
21290 0.395626
21300 0.349744
21310 0.308397
21320 0.271247
21330 0.237968
21340 0.208246
21350 0.181777
21360 0.158273
21370 0.137464
21380 0.119093
21390 0.10292
21400 0.088722
21410 0.0762934
21420 0.0654437
21430 0.0559986
21440 0.0477989
21450 0.0406999
21460 0.0345704
21470 0.0292924
21480 0.0247598
21490 0.0208778
21500 0.0175618
21510 0.0147368
21520 0.0123365
21530 0.0103023
21540 0.00858288
21550 0.00713334
21560 0.00591447
21570 0.00489219
21580 0.004037
21590 0.00332341
21600 0.00272949
21610 0.00223643
21620 0.00182812
21630 0.00149085
21640 0.00121296
21650 0.000984561
21660 0.000797307
21670 0.000644165
21680 0.00051923
21690 0.000417557
21700 0.000335018
21710 0.000268175
21720 0.000214175
21730 0.000170656
21740 0.000135668
21750 0.000107607
21760 8.51555e-05
21770 6.72351e-05
21780 5.29654e-05
21790 4.16297e-05
21800 3.26461e-05
21810 2.55434e-05
21820 1.9941e-05
21830 1.55324e-05
21840 1.20714e-05
21850 9.36054e-06
21860 7.24227e-06
21870 5.59087e-06
21880 4.30643e-06
21890 3.30972e-06
21900 2.53806e-06
21910 1.94201e-06
21920 1.48266e-06
21930 1.12947e-06
21940 8.5852e-07
21950 6.51139e-07
21960 4.92772e-07
21970 3.72107e-07
21980 2.80376e-07
21990 2.10799e-07
22000 1.58144e-07
22010 1.18384e-07
22020 8.84283e-08
22030 6.591e-08
22040 4.90201e-08
22050 3.63798e-08
22060 2.6941e-08
22070 1.99083e-08
22080 1.46799e-08
22090 1.08015e-08
22100 7.93078e-09
22110 5.81063e-09
22120 4.24822e-09
22130 3.09933e-09
22140 2.25635e-09
22150 1.63919e-09
22160 1.18831e-09
22170 8.59643e-10
22180 6.2057e-10
22190 4.47044e-10
22200 3.21365e-10
22210 2.30535e-10
22220 1.65032e-10
22230 1.17894e-10
22240 8.40443e-11
22250 5.97892e-11
22260 4.24458e-11
22270 3.00709e-11
22280 2.12597e-11
22290 1.49993e-11
22300 1.05606e-11
22310 7.42013e-12
22320 5.20284e-12
22330 3.64063e-12
22340 2.54228e-12
22350 1.77166e-12
22360 1.23211e-12
22370 8.55127e-13
22380 5.92281e-13
22390 4.09393e-13
22400 2.82404e-13
22410 1.94411e-13
22420 1.33564e-13
22430 9.1576e-14
22440 6.26608e-14
22450 4.27892e-14
22460 2.91607e-14
22470 1.9833e-14
22480 1.34619e-14
22490 9.11915e-15
22500 6.165e-15
22510 4.15952e-15
22520 2.80083e-15
22530 1.88219e-15
22540 1.26234e-15
22550 8.44944e-16
22560 5.64438e-16
22570 3.76308e-16
22580 2.50387e-16
22590 1.66273e-16
22600 1.10198e-16
22610 7.28904e-17
22620 4.81185e-17
22630 3.1703e-17
22640 2.08466e-17
22650 1.36811e-17
22660 8.96095e-18
22670 5.85786e-18
22680 3.82188e-18
22690 2.48867e-18
22700 1.61738e-18
22710 1.04909e-18
22720 6.79155e-19
22730 4.38817e-19
22740 2.82981e-19
22750 1.82134e-19
22760 1.17e-19
22770 7.50137e-20
22780 4.8002e-20
22790 3.06579e-20
22800 1.9543e-20
22810 1.24339e-20
22820 7.89565e-21
22830 5.00424e-21
22840 3.16561e-21
22850 1.9987e-21
22860 1.25953e-21
22870 7.92214e-22
22880 4.97335e-22
22890 3.11624e-22
22900 1.94889e-22
22910 1.21652e-22
22920 7.57932e-23
22930 4.71323e-23
22940 2.92541e-23
22950 1.81232e-23
22960 1.12063e-23
22970 6.91632e-24
22980 4.26059e-24
22990 2.61968e-24
23000 1.60772e-24
23010 9.84827e-25
23020 6.02137e-25
23030 3.67468e-25
23040 2.23837e-25
23050 1.36092e-25
23060 8.25895e-26
23070 5.00274e-26
23080 3.02471e-26
23090 1.82537e-26
23100 1.09955e-26
23110 6.61107e-27
23120 3.96757e-27
23130 2.3767e-27
23140 1.42109e-27
23150 8.48137e-28
23160 5.05255e-28
23170 3.00438e-28
23180 1.7832e-28
23190 1.05644e-28
23200 6.24734e-29
23210 3.68763e-29
23220 2.17272e-29
23230 1.27781e-29
23240 7.50123e-30
23250 4.39548e-30
23260 2.57091e-30
23270 1.50098e-30
23280 8.74731e-31
23290 5.08841e-31
23300 2.95461e-31
23310 1.7125e-31
23320 9.90766e-32
23330 5.7217e-32
23340 3.29832e-32
23350 1.89791e-32
23360 1.09012e-32
23370 6.25008e-33
23380 3.57697e-33
23390 2.04344e-33
23400 1.16527e-33
23410 6.63303e-34
23420 3.7689e-34
23430 2.13766e-34
23440 1.21027e-34
23450 6.8399e-35
23460 3.85868e-35
23470 2.17296e-35
23480 1.22148e-35
23490 6.85405e-36
23500 3.83913e-36
23510 2.14656e-36
23520 1.19807e-36
23530 6.67494e-37
23540 3.71228e-37
23550 2.06093e-37
23560 1.14213e-37
23570 6.31824e-38
23580 3.48906e-38
23590 1.92332e-38
23600 1.05834e-38
23610 5.81347e-39
23620 3.18769e-39
23630 1.74483e-39
23640 9.53371e-40
23650 5.20005e-40
23660 2.83132e-40
23670 1.53888e-40
23680 8.3495e-41
23690 4.52223e-41
23700 2.44503e-41
23710 1.31963e-41
23720 7.10987e-42
23730 3.82394e-42
23740 2.05305e-42
23750 1.10035e-42
23760 5.88713e-43
23770 3.14426e-43
23780 1.67639e-43
23790 8.92228e-44
23800 4.74045e-44
23810 2.51424e-44
23820 1.33119e-44
23830 7.03584e-45
23840 3.71225e-45
23850 1.95525e-45
23860 1.02805e-45
23870 5.39598e-46
23880 2.8273e-46
23890 1.47883e-46
23900 7.72161e-47
23910 4.02478e-47
23920 2.09421e-47
23930 1.08778e-47
23940 5.64031e-48
23950 2.91949e-48
23960 1.50852e-48
23970 7.78092e-49
23980 4.00635e-49
23990 2.05921e-49
24000 1.05654e-49
24010 5.41126e-50
24020 2.76655e-50
24030 1.4119e-50
24040 7.1926e-51
24050 3.65751e-51
24060 1.85651e-51
24070 9.40623e-52
24080 4.75703e-52
24090 2.40134e-52
24100 1.20993e-52
24110 6.08488e-53
24120 3.05437e-53
24130 1.53024e-53
24140 7.65178e-54
24150 3.81873e-54
24160 1.90205e-54
24170 9.45499e-55
24180 4.6906e-55
24190 2.32228e-55
24200 1.14738e-55
24210 5.65718e-56
24220 2.78342e-56
24230 1.36657e-56
24240 6.69503e-57
24250 3.27284e-57
24260 1.59639e-57
24270 7.76931e-58
24280 3.77262e-58
24290 1.82771e-58
24300 8.83418e-59
24310 4.25995e-59
24320 2.04932e-59
24330 9.83493e-60
24340 4.70841e-60
24350 2.24858e-60
24360 1.07117e-60
24370 5.08997e-61
24380 2.41248e-61
24390 1.1405e-61
24400 5.37766e-62
24410 2.52901e-62
24420 1.18618e-62
24430 5.54865e-63
24440 2.58849e-63
24450 1.20425e-63
24460 5.58713e-64
24470 2.58495e-64
24480 1.1926e-64
24490 5.48668e-65
24500 2.51701e-65
24510 1.15136e-65
24520 5.25147e-66
24530 2.38827e-66
24540 1.08296e-66
24550 4.89618e-67
24560 2.20704e-67
24570 9.91894e-68
24580 4.44441e-68
24590 1.9854e-68
24600 8.84225e-69
24610 3.92599e-69
24620 1.73781e-69
24630 7.6686e-70
24640 3.37352e-70
24650 1.47945e-70
24660 6.46784e-71
24670 2.81875e-71
24680 1.22458e-71
24690 5.30329e-72
24700 2.28943e-72
24710 9.85206e-73
24720 4.22613e-73
24730 1.80705e-73
24740 7.70198e-74
24750 3.27219e-74
24760 1.38572e-74
24770 5.84936e-75
24780 2.46113e-75
24790 1.03217e-75
24800 4.31474e-76
24810 1.79781e-76
24820 7.46644e-77
24830 3.09075e-77
24840 1.27524e-77
24850 5.24435e-78
24860 2.14964e-78
24870 8.78236e-79
24880 3.57622e-79
24890 1.45146e-79
24900 5.87152e-80
24910 2.36733e-80
24920 9.51325e-81
24930 3.8103e-81
24940 1.52107e-81
24950 6.05195e-82
24960 2.39993e-82
24970 9.4854e-83
24980 3.73652e-83
24990 1.467e-83
25000 5.74045e-84
25010 2.23878e-84
25020 8.70215e-85
25030 3.37124e-85
25040 1.30167e-85
25050 5.0091e-86
25060 1.92116e-86
25070 7.34368e-87
25080 2.79774e-87
25090 1.0623e-87
25100 4.02001e-88
25110 1.51618e-88
25120 5.69925e-89
25130 2.13513e-89
25140 7.97211e-90
25150 2.96662e-90
25160 1.10025e-90
25170 4.06685e-91
25180 1.49818e-91
25190 5.5006e-92
25200 2.01277e-92
25210 7.3403e-93
25220 2.66791e-93
25230 9.66421e-94
25240 3.48897e-94
25250 1.25535e-94
25260 4.5016e-95
25270 1.60881e-95
25280 5.73029e-96
25290 2.03415e-96
25300 7.19656e-97
25310 2.53747e-97
25320 8.91679e-98
25330 3.12284e-98
25340 1.08999e-98
25350 3.79167e-99
25360 1.31453e-99
25370 4.54193e-100
25380 1.56402e-100
25390 5.36754e-101
25400 1.83586e-101
25410 6.25796e-102
25420 2.12597e-102
25430 7.19798e-103
25440 2.42881e-103
25450 8.16781e-104
25460 2.73745e-104
25470 9.14355e-105
25480 3.04377e-105
25490 1.0098e-105
25500 3.33877e-106
25510 1.10018e-106
25520 3.613e-107
25530 1.18249e-107
25540 3.85702e-108
25550 1.25381e-108
25560 4.06197e-109
25570 1.31149e-109
25580 4.22005e-110
25590 1.3533e-110
25600 4.32505e-111
25610 1.37756e-111
25620 4.37274e-112
25630 1.3833e-112
25640 4.36115e-113
25650 1.37027e-113
25660 4.29072e-114
25670 1.33898e-114
25680 4.16423e-115
25690 1.29067e-115
25700 3.98668e-116
25710 1.22723e-116
25720 3.76492e-117
25730 1.15107e-117
25740 3.50721e-118
25750 1.06497e-118
25760 3.22275e-119
25770 9.71915e-120
25780 2.92107e-120
25790 8.74921e-121
25800 2.61159e-121
25810 7.76879e-122
25820 2.30309e-122
25830 6.80418e-123
25840 2.00332e-123
25850 5.87802e-124
25860 1.71878e-124
25870 5.00856e-125
25880 1.45449e-125
25890 4.20934e-126
25900 1.21401e-126
25910 3.48923e-127
25920 9.994e-128
25930 2.85266e-128
25940 8.11449e-129
25950 2.30023e-129
25960 6.498e-130
25970 1.8293e-130
25980 5.13199e-131
25990 1.43477e-131
26000 3.99736e-132
26010 1.10983e-132
26020 3.07068e-133
26030 8.46646e-134
26040 2.32627e-134
26050 6.36953e-135
26060 1.73797e-135
26070 4.72569e-136
26080 1.28048e-136
26090 3.45754e-137
26100 9.30346e-138
26110 2.49462e-138
26120 6.6657e-139
26130 1.77487e-139
26140 4.70943e-140
26150 1.24522e-140
26160 3.28098e-141
26170 8.61458e-142
26180 2.25393e-142
26190 5.8765e-143
26200 1.52675e-143
26210 3.95266e-144
26220 1.01972e-144
26230 2.62143e-145
26240 6.71525e-146
26250 1.71416e-146
26260 4.36019e-147
26270 1.10515e-147
26280 2.79124e-148
26290 7.02481e-149
26300 1.76169e-149
26310 4.40231e-150
26320 1.09619e-150
26330 2.71987e-151
26340 6.72451e-152
26350 1.65662e-152
26360 4.06665e-153
26370 9.94712e-154
26380 2.4244e-154
26390 5.88783e-155
26400 1.42479e-155
26410 3.43546e-156
26420 8.25392e-157
26430 1.97594e-157
26440 4.71328e-158
26450 1.12023e-158
26460 2.65292e-159
26470 6.25999e-160
26480 1.47181e-160
26490 3.44792e-161
26500 8.04803e-162
26510 1.87174e-162
26520 4.33735e-163
26530 1.00144e-163
26540 2.30378e-164
26550 5.28051e-165
26560 1.20594e-165
26570 2.74403e-166
26580 6.22103e-167
26590 1.40522e-167
26600 3.16254e-168
26610 7.09139e-169
26620 1.58428e-169
26630 3.5264e-170
26640 7.82043e-171
26650 1.72794e-171
26660 3.80381e-172
26670 8.34266e-173
26680 1.82297e-173
26690 3.96867e-174
26700 8.60788e-175
26710 1.86008e-175
26720 4.00452e-176
26730 8.58912e-177
26740 1.83538e-177
26750 3.9073e-178
26760 8.28709e-179
26770 1.75105e-179
26780 3.68607e-180
26790 7.73027e-181
26800 1.61507e-181
26810 3.36161e-182
26820 6.9705e-183
26830 1.43992e-183
26840 2.96323e-184
26850 6.07499e-185
26860 1.24072e-185
26870 2.52436e-186
26880 5.1165e-187
26890 1.03308e-187
26900 2.07797e-188
26910 4.16368e-189
26920 8.31096e-190
26930 1.65256e-190
26940 3.27334e-191
26950 6.45879e-192
26960 1.26951e-192
26970 2.48565e-193
26980 4.848e-194
26990 9.41892e-195
27000 1.82285e-195
27010 3.51409e-196
27020 6.74808e-197
27030 1.29078e-197
27040 2.45937e-198
27050 4.66762e-199
27060 8.82393e-200
27070 1.66158e-200
27080 3.11651e-201
27090 5.82242e-202
27100 1.08348e-202
27110 2.00826e-203
27120 3.70761e-204
27130 6.8178e-205
27140 1.24872e-205
27150 2.27799e-206
27160 4.13909e-207
27170 7.49065e-208
27180 1.35018e-208
27190 2.42393e-209
27200 4.33409e-210
27210 7.71836e-211
27220 1.36898e-211
27230 2.41831e-212
27240 4.25464e-213
27250 7.45504e-214
27260 1.30097e-214
27270 2.26107e-215
27280 3.91366e-216
27290 6.74643e-217
27300 1.1582e-217
27310 1.98018e-218
27320 3.3716e-219
27330 5.71707e-220
27340 9.65414e-221
27350 1.6235e-221
27360 2.71886e-222
27370 4.53433e-223
27380 7.53055e-224
27390 1.24544e-224
27400 2.05116e-225
27410 3.36398e-226
27420 5.49386e-227
27430 8.93451e-228
27440 1.44686e-228
27450 2.33316e-229
27460 3.74642e-230
27470 5.9902e-231
27480 9.53704e-232
27490 1.51192e-232
27500 2.38663e-233
27510 3.75124e-234
27520 5.87077e-235
27530 9.14835e-236
27540 1.41942e-236
27550 2.1928e-237
27560 3.37287e-238
27570 5.16547e-239
27580 7.87632e-240
27590 1.19574e-240
27600 1.80737e-241
27610 2.71986e-242
27620 4.07504e-243
27630 6.07855e-244
27640 9.02701e-245
27650 1.33463e-245
27660 1.96446e-246
27670 2.87865e-247
27680 4.19944e-248
27690 6.09884e-249
27700 8.8176e-250
27710 1.2691e-250
27720 1.81836e-251
27730 2.59355e-252
27740 3.68246e-253
27750 5.20479e-254
27760 7.32293e-255
27770 1.0256e-255
27780 1.42981e-256
27790 1.98418e-257
27800 2.7408e-258
27810 3.76846e-259
27820 5.15746e-260
27830 7.02565e-261
27840 9.52602e-262
27850 1.28559e-262
27860 1.72687e-263
27870 2.30872e-264
27880 3.07208e-265
27890 4.06856e-266
27900 5.36274e-267
27910 7.03504e-268
27920 9.18488e-269
27930 1.19344e-269
27940 1.54328e-270
27950 1.98608e-271
27960 2.54362e-272
27970 3.24193e-273
27980 4.11193e-274
27990 5.19005e-275
28000 6.5189e-276
28010 8.14795e-277
28020 1.01341e-277
28030 1.25425e-278
28040 1.54466e-279
28050 1.89288e-280
28060 2.3081e-281
28070 2.80037e-282
28080 3.38065e-283
28090 4.06072e-284
28100 4.85306e-285
28110 5.77073e-286
28120 6.8272e-287
28130 8.03605e-288
28140 9.41074e-289
28150 1.09643e-289
28160 1.27087e-290
28170 1.46549e-291
28180 1.68119e-292
28190 1.91864e-293
28200 2.17824e-294
28210 2.46007e-295
28220 2.76383e-296
28230 3.08878e-297
28240 3.43373e-298
28250 3.79702e-299
28260 4.17647e-300
28270 4.56935e-301
28280 4.97248e-302
28290 5.38213e-303
28300 5.79417e-304
28310 6.20404e-305
28320 6.60688e-306
28330 6.99757e-307
28340 7.37087e-308
28350 7.72151e-309
28360 8.04429e-310
28370 8.33427e-311
28380 8.5868e-312
28390 8.79776e-313
28400 8.96373e-314
28410 9.08377e-315
28420 9.17496e-316
28430 9.42449e-317
28440 1.16767e-317
28450 3.39575e-318
28460 2.5216e-318
28470 2.37841e-318
28480 2.30492e-318
28490 2.23612e-318
28500 2.16836e-318
28510 2.10164e-318
28520 2.03596e-318
28530 1.97133e-318
28540 1.90774e-318
28550 1.84519e-318
28560 1.78368e-318
28570 1.72322e-318
28580 1.6638e-318
28590 1.60542e-318
28600 1.54808e-318
28610 1.49179e-318
28620 1.43654e-318
28630 1.38233e-318
28640 1.32916e-318
28650 1.27704e-318
28660 1.22595e-318
28670 1.17592e-318
28680 1.12692e-318
28690 1.07897e-318
28700 1.03205e-318
28710 9.86185e-319
28720 9.41358e-319
28730 8.97574e-319
28740 8.54832e-319
28750 8.13133e-319
28760 7.72477e-319
28770 7.32862e-319
28780 6.94291e-319
28790 6.56761e-319
28800 6.20275e-319
28810 5.8483e-319
28820 5.50429e-319
28830 5.17069e-319
28840 4.84753e-319
28850 4.53478e-319
28860 4.23246e-319
28870 3.94057e-319
28880 3.6591e-319
28890 3.38806e-319
28900 3.12744e-319
28910 2.87724e-319
28920 2.63747e-319
28930 2.40813e-319
28940 2.1892e-319
28950 1.98071e-319
28960 1.78264e-319
28970 1.59499e-319
28980 1.41777e-319
28990 1.25097e-319
29000 1.0946e-319
29010 9.48655e-320
29020 8.13133e-320
29030 6.88036e-320
29040 5.73363e-320
29050 4.69115e-320
29060 3.75292e-320
29070 2.91894e-320
29080 2.1892e-320
29090 1.56372e-320
29100 1.04248e-320
29110 6.25487e-321
29120 3.12744e-321
29130 1.04248e-321
29140 0
29150 0
29160 0
29170 0
29180 0
29190 0
29200 0
29210 0
29220 0
29230 0
29240 0
29250 0
29260 0
29270 0
29280 0
29290 0
29300 0
29310 0
29320 0
29330 0
29340 0
29350 0
29360 0
29370 0
29380 0
29390 0
29400 0
29410 0
29420 0
29430 0
29440 0
29450 0
29460 0
29470 0
29480 0
29490 0
29500 0
29510 0
29520 0
29530 0
29540 0
29550 0
29560 0
29570 0
29580 0
29590 0
29600 0
29610 0
29620 0
29630 0
29640 0
29650 0
29660 0
29670 0
29680 0
29690 0
29700 0
29710 0
29720 0
29730 0
29740 0
29750 0
29760 0
29770 0
29780 0
29790 0
29800 0
29810 0
29820 0
29830 0
29840 0
29850 0
29860 0
29870 0
29880 0
29890 0
29900 0
29910 0
29920 0
29930 0
29940 0
29950 0
29960 0
29970 0
29980 0
