-20 0
0 -1.44967e-15
20 1.10461e-15
40 -5.5128e-15
60 2.07995e-15
80 -1.32476e-14
100 1.35557e-14
120 -2.317e-14
140 2.7054e-14
160 -4.77616e-14
180 4.89803e-14
200 -7.06714e-14
220 8.63219e-14
240 -1.06516e-13
260 1.33474e-13
280 -1.55722e-13
300 1.80964e-13
320 -2.14122e-13
340 2.37526e-13
360 -2.74836e-13
380 2.91911e-13
400 -3.28669e-13
420 3.42219e-13
440 -3.65208e-13
460 3.67879e-13
480 -3.71677e-13
500 3.57853e-13
520 -3.40683e-13
540 2.9946e-13
560 -2.52236e-13
580 1.85766e-13
600 -1.11666e-13
620 1.28202e-14
640 7.93957e-14
660 -1.89567e-13
680 2.93461e-13
700 -4.03594e-13
720 4.8898e-13
740 -5.6506e-13
760 6.13688e-13
780 -6.30106e-13
800 6.1055e-13
820 -5.46115e-13
840 4.51179e-13
860 -3.0176e-13
880 1.38441e-13
900 6.58574e-14
920 -2.62319e-13
940 4.6727e-13
960 -6.23445e-13
980 7.59054e-13
1000 -8.08853e-13
1020 8.07608e-13
1040 -6.96454e-13
1060 5.38632e-13
1080 -2.85472e-13
1100 7.77526e-15
1120 3.06464e-13
1140 -5.76719e-13
1160 8.20781e-13
1180 -9.42077e-13
1200 9.727e-13
1220 -8.47017e-13
1240 6.19958e-13
1260 -2.64305e-13
1280 -1.18717e-13
1300 5.32067e-13
1320 -8.50241e-13
1340 1.07403e-12
1360 -1.10054e-12
1380 9.54509e-13
1400 -6.18938e-13
1420 1.67897e-13
1440 3.53487e-13
1460 -8.09295e-13
1480 1.13743e-12
1500 -1.23633e-12
1520 1.08827e-12
1540 -6.92415e-13
1560 1.29505e-13
1580 4.88924e-13
1600 -1.01053e-12
1620 1.32169e-12
1640 -1.30861e-12
1660 9.83331e-13
1680 -3.74372e-13
1700 -3.32901e-13
1720 1.00829e-12
1740 -1.39093e-12
1760 1.43755e-12
1780 -1.03521e-12
1800 3.44969e-13
1820 5.0514e-13
1840 -1.19513e-12
1860 1.57033e-12
1880 -1.41753e-12
1900 8.32675e-13
1920 9.03508e-14
1940 -9.70837e-13
1960 1.58976e-12
1980 -1.61165e-12
2000 1.10149e-12
2020 -1.1052e-13
2040 -8.93466e-13
2060 1.64496e-12
2080 -1.71676e-12
2100 1.16228e-12
2120 -5.479e-14
2140 -1.04851e-12
2160 1.8e-12
2180 -1.74143e-12
2200 9.72488e-13
2220 3.12171e-13
2240 -1.43362e-12
2260 1.98232e-12
2280 -1.55679e-12
2300 4.17568e-13
2320 9.96937e-13
2340 -1.92832e-12
2360 1.9182e-12
2380 -9.54268e-13
2400 -6.3195e-13
2420 1.72684e-12
2440 -2.2829e-12
2460 9.70451e-13
2480 -1.21997e-13
2500 -2.5072e-12
2520 1.07353e-12
2540 -3.19653e-12
2560 -3.10224e-12
2580 -2.46278e-12
2600 -8.90389e-12
2620 -8.6893e-12
2640 -1.46414e-11
2660 -2.4827e-11
2680 -3.16662e-11
2700 -5.15439e-11
2720 -7.55815e-11
2740 -1.07262e-10
2760 -1.6241e-10
2780 -2.32499e-10
2800 -3.35124e-10
2820 -4.86897e-10
2840 -6.91038e-10
2860 -9.8492e-10
2880 -1.3968e-09
2900 -1.96005e-09
2920 -2.74782e-09
2940 -3.82677e-09
2960 -5.29435e-09
2980 -7.29795e-09
3000 -9.9971e-09
3020 -1.36186e-08
3040 -1.84636e-08
3060 -2.48866e-08
3080 -3.33643e-08
3100 -4.44982e-08
3120 -5.90148e-08
3140 -7.78476e-08
3160 -1.02142e-07
3180 -1.33277e-07
3200 -1.72962e-07
3220 -2.23246e-07
3240 -2.86562e-07
3260 -3.65825e-07
3280 -4.64449e-07
3300 -5.86396e-07
3320 -7.36269e-07
3340 -9.19313e-07
3360 -1.14144e-06
3380 -1.4093e-06
3400 -1.73021e-06
3420 -2.11213e-06
3440 -2.56364e-06
3460 -3.09382e-06
3480 -3.71202e-06
3500 -4.42776e-06
3520 -5.25045e-06
3540 -6.18899e-06
3560 -7.25151e-06
3580 -8.44484e-06
3600 -9.77408e-06
3620 -1.1242e-05
3640 -1.28485e-05
3660 -1.45901e-05
3680 -1.64591e-05
3700 -1.84432e-05
3720 -2.0525e-05
3740 -2.26814e-05
3760 -2.48834e-05
3780 -2.70958e-05
3800 -2.92771e-05
3820 -3.138e-05
3840 -3.33515e-05
3860 -3.51339e-05
3880 -3.66652e-05
3900 -3.78811e-05
3920 -3.87157e-05
3940 -3.91038e-05
3960 -3.89822e-05
3980 -3.82927e-05
4000 -3.69832e-05
4020 -3.50108e-05
4040 -3.23435e-05
4060 -2.89623e-05
4080 -2.48631e-05
4100 -2.00581e-05
4120 -1.45768e-05
4140 -8.46692e-06
4160 -1.79416e-06
4180 5.35813e-06
4200 1.28901e-05
4220 2.0687e-05
4240 2.86217e-05
4260 3.6557e-05
4280 4.43494e-05
4300 5.18524e-05
4320 5.89204e-05
4340 6.54126e-05
4360 7.1197e-05
4380 7.61543e-05
4400 8.01809e-05
4420 8.31925e-05
4440 8.51261e-05
4460 8.59421e-05
4480 8.56255e-05
4500 8.41858e-05
4520 8.16573e-05
4540 7.80975e-05
4560 7.35854e-05
4580 6.82191e-05
4600 6.21127e-05
4620 5.53932e-05
4640 4.81965e-05
4660 4.0664e-05
4680 3.29381e-05
4700 2.51595e-05
4720 1.74626e-05
4740 9.97324e-06
4760 2.80571e-06
4780 -3.93957e-06
4800 -1.01775e-05
4820 -1.58395e-05
4840 -2.0874e-05
4860 -2.52465e-05
4880 -2.8939e-05
4900 -3.19491e-05
4920 -3.42886e-05
4940 -3.59822e-05
4960 -3.70652e-05
4980 -3.75821e-05
5000 -3.75841e-05
5020 -3.71274e-05
5040 -3.62714e-05
5060 -3.50764e-05
5080 -3.36027e-05
5100 -3.19085e-05
5120 -3.00492e-05
5140 -2.80762e-05
5160 -2.60365e-05
5180 -2.39717e-05
5200 -2.19182e-05
5220 -1.99068e-05
5240 -1.7963e-05
5260 -1.6107e-05
5280 -1.43543e-05
5300 -1.27156e-05
5320 -1.11981e-05
5340 -9.80504e-06
5360 -8.53689e-06
5380 -7.39155e-06
5400 -6.36498e-06
5420 -5.45154e-06
5440 -4.64445e-06
5460 -3.93615e-06
5480 -3.31862e-06
5500 -2.78367e-06
5520 -2.32315e-06
5540 -1.92913e-06
5560 -1.594e-06
5580 -1.31061e-06
5600 -1.07234e-06
5620 -8.73152e-07
5640 -7.0756e-07
5660 -5.70654e-07
5680 -4.58066e-07
5700 -3.65958e-07
5720 -2.90998e-07
5740 -2.30315e-07
5760 -1.81451e-07
5780 -1.42309e-07
5800 -1.11109e-07
5820 -8.63527e-08
5840 -6.68007e-08
5860 -5.14349e-08
5880 -3.94249e-08
5900 -3.0091e-08
5920 -2.28748e-08
5940 -1.73189e-08
5960 -1.30541e-08
5980 -9.78908e-09
6000 -7.29927e-09
6020 -5.41309e-09
6040 -3.9975e-09
6060 -2.94601e-09
6080 -2.17101e-09
6100 -1.60039e-09
6120 -1.17695e-09
6140 -8.58238e-10
6160 -6.15379e-10
6180 -4.30318e-10
6200 -2.92189e-10
6220 -1.93727e-10
6240 -1.28611e-10
6260 -9.01611e-11
6280 -7.11767e-11
6300 -6.45542e-11
6320 -6.40465e-11
6340 -6.49149e-11
6360 -6.40869e-11
6380 -5.9993e-11
6400 -5.21469e-11
6420 -4.05408e-11
6440 -2.5058e-11
6460 -4.95192e-12
6480 2.17316e-11
6500 5.87596e-11
6520 1.12558e-10
6540 1.93434e-10
6560 3.17511e-10
6580 5.09642e-10
6600 8.07817e-10
6620 1.26986e-09
6640 1.98329e-09
6660 3.07994e-09
6680 4.75736e-09
6700 7.31001e-09
6720 1.11744e-08
6740 1.69942e-08
6760 2.57131e-08
6780 3.87069e-08
6800 5.79707e-08
6820 8.63815e-08
6840 1.28064e-07
6860 1.88901e-07
6880 2.77234e-07
6900 4.04824e-07
6920 5.88166e-07
6940 8.50256e-07
6960 1.22298e-06
6980 1.75032e-06
7000 2.49255e-06
7020 3.53187e-06
7040 4.97969e-06
7060 6.98623e-06
7080 9.75279e-06
7100 1.35477e-05
7120 1.87265e-05
7140 2.57575e-05
7160 3.52546e-05
7180 4.80167e-05
7200 6.50787e-05
7220 8.77728e-05
7240 0.000117804
7260 0.00015734
7280 0.000209125
7300 0.000276605
7320 0.00036409
7340 0.00047693
7360 0.000621728
7380 0.000806587
7400 0.00104138
7420 0.00133808
7440 0.00171107
7460 0.00217757
7480 0.00275804
7500 0.00347661
7520 0.00436154
7540 0.00544576
7560 0.00676729
7580 0.00836973
7600 0.0103027
7620 0.0126224
7640 0.0153915
7660 0.0186799
7680 0.0225646
7700 0.0271296
7720 0.0324656
7740 0.0386697
7760 0.0458449
7780 0.0540987
7800 0.0635419
7820 0.0742876
7840 0.0864485
7860 0.100135
7880 0.115454
7900 0.132503
7920 0.15137
7940 0.17213
7960 0.19484
7980 0.219536
8000 0.246233
8020 0.274917
8040 0.305544
8060 0.338039
8080 0.372292
8100 0.408157
8120 0.445452
8140 0.483958
8160 0.52342
8180 0.56355
8200 0.604027
8220 0.644505
8240 0.684611
8260 0.723957
8280 0.762142
8300 0.798761
8320 0.833407
8340 0.865688
8360 0.895223
8380 0.921658
8400 0.944671
8420 0.963976
8440 0.97933
8460 0.990542
8480 0.99747
8500 1.00003
8520 0.998194
8540 0.991994
8560 0.981517
8580 0.966905
8600 0.948353
8620 0.926103
8640 0.900439
8660 0.871681
8680 0.840179
8700 0.806307
8720 0.770452
8740 0.73301
8760 0.694378
8780 0.654949
8800 0.6151
8820 0.575193
8840 0.535568
8860 0.496536
8880 0.458379
8900 0.421346
8920 0.385653
8940 0.351479
8960 0.31897
8980 0.288239
9000 0.259363
9020 0.232391
9040 0.207342
9060 0.184212
9080 0.162972
9100 0.143573
9120 0.125951
9140 0.110027
9160 0.0957131
9180 0.0829124
9200 0.071523
9220 0.0614402
9240 0.0525585
9260 0.0447733
9280 0.0379824
9300 0.0320876
9320 0.026995
9340 0.0226165
9360 0.0188697
9380 0.0156785
9400 0.0129732
9420 0.0106904
9440 0.00877294
9460 0.00716981
9480 0.00583555
9500 0.00473009
9520 0.00381833
9540 0.00306969
9560 0.00245775
9580 0.00195976
9600 0.00155629
9620 0.00123085
9640 0.000969486
9660 0.000760504
9680 0.000594126
9700 0.000462231
9720 0.000358112
9740 0.000276255
9760 0.000212149
9780 0.000162122
9800 0.000123196
9820 9.29644e-05
9840 6.94846e-05
9860 5.11891e-05
9880 3.68082e-05
9900 2.53038e-05
9920 1.58128e-05
9940 7.5974e-06
9960 0
