-20 0
0 1.20126e-05
20 3.18276e-05
40 4.5489e-05
60 4.80537e-05
80 2.53715e-05
100 -1.83592e-05
120 -8.9262e-05
140 -0.000202842
160 -0.000369231
180 -0.000612494
200 -0.000933696
220 -0.00136655
240 -0.0019411
260 -0.00269775
280 -0.00368182
300 -0.00492047
320 -0.00649357
340 -0.00845081
360 -0.0108938
380 -0.013896
400 -0.0175677
420 -0.0220222
440 -0.0273831
460 -0.0338001
480 -0.0414179
500 -0.0504017
520 -0.0609194
540 -0.0731439
560 -0.087249
580 -0.103427
600 -0.121844
620 -0.142664
640 -0.166009
660 -0.192015
680 -0.220755
700 -0.252294
720 -0.28661
740 -0.323655
760 -0.36333
780 -0.405458
800 -0.449813
820 -0.496071
840 -0.543867
860 -0.592753
880 -0.642229
900 -0.691733
920 -0.740657
940 -0.788363
960 -0.834181
980 -0.877435
1000 -0.917472
1020 -0.953672
1040 -0.98545
1060 -1.01228
1080 -1.03375
1100 -1.04954
1120 -1.05948
1140 -1.06353
1160 -1.06184
1180 -1.0547
1200 -1.04256
1220 -1.02599
1240 -1.00562
1260 -0.982076
1280 -0.955884
1300 -0.927426
1320 -0.896881
1340 -0.864337
1360 -0.82983
1380 -0.793506
1400 -0.755683
1420 -0.716912
1440 -0.677836
1460 -0.639064
1480 -0.601012
1500 -0.563838
1520 -0.527552
1540 -0.492165
1560 -0.457872
1580 -0.425065
1600 -0.394109
1620 -0.365213
1640 -0.338269
1660 -0.313092
1680 -0.28956
1700 -0.267792
1720 -0.247991
1740 -0.230202
1760 -0.214217
1780 -0.199699
1800 -0.18652
1820 -0.174753
1840 -0.164503
1860 -0.155629
1880 -0.147809
1900 -0.140798
1920 -0.134607
1940 -0.129355
1960 -0.124971
1980 -0.121171
2000 -0.117734
2020 -0.114722
2040 -0.112256
2060 -0.110233
2080 -0.108381
2100 -0.106596
2120 -0.105029
2140 -0.103759
2160 -0.102636
2180 -0.101445
2200 -0.100268
2220 -0.0992564
2240 -0.0983559
2260 -0.0973514
2280 -0.096227
2300 -0.0951686
2320 -0.0942097
2340 -0.0931665
2360 -0.0919886
2380 -0.0908677
2400 -0.0898832
2420 -0.0888463
2440 -0.0877017
2460 -0.0866349
2480 -0.0857023
2500 -0.0847258
2520 -0.0836544
2540 -0.0827099
2560 -0.0818879
2580 -0.081035
2600 -0.0801714
2620 -0.0795001
2640 -0.0789838
2660 -0.0784573
2680 -0.0780596
2700 -0.0779134
2720 -0.0779053
2740 -0.0779384
2760 -0.0782005
2780 -0.0786993
2800 -0.0792579
2820 -0.0799198
2840 -0.0808219
2860 -0.081846
2880 -0.0828568
2900 -0.0840271
2920 -0.0853346
2940 -0.0866029
2960 -0.0878836
2980 -0.0892911
3000 -0.0906614
3020 -0.0919308
3040 -0.093275
3060 -0.0945964
3080 -0.0957635
3100 -0.0969308
3120 -0.0980937
3140 -0.0990984
3160 -0.100028
3180 -0.100987
3200 -0.101785
3220 -0.102481
3240 -0.103211
3260 -0.103813
3280 -0.1043
3300 -0.104815
3320 -0.105251
3340 -0.105558
3360 -0.105907
3380 -0.106206
3400 -0.106378
3420 -0.106606
3440 -0.106795
3460 -0.106879
3480 -0.107021
3500 -0.107138
3520 -0.107158
3540 -0.107252
3560 -0.107308
3580 -0.107301
3600 -0.107363
3620 -0.107384
3640 -0.107356
3660 -0.107406
3680 -0.107398
3700 -0.107362
3720 -0.107417
3740 -0.107376
3760 -0.10736
3780 -0.107395
3800 -0.107347
3820 -0.107345
3840 -0.107371
3860 -0.107319
3880 -0.107337
3900 -0.107345
3920 -0.107298
3940 -0.10734
3960 -0.107315
3980 -0.107306
4000 -0.107349
4020 -0.107304
4040 -0.107341
4060 -0.107355
4080 -0.107334
4100 -0.107393
4120 -0.107388
4140 -0.107415
4160 -0.107476
4180 -0.107471
4200 -0.107549
4220 -0.10759
4240 -0.107639
4260 -0.107743
4280 -0.10779
4300 -0.107919
4320 -0.108019
4340 -0.108134
4360 -0.108309
4380 -0.108436
4400 -0.108657
4420 -0.108853
4440 -0.109094
4460 -0.109391
4480 -0.109669
4500 -0.110049
4520 -0.110409
4540 -0.110858
4560 -0.111329
4580 -0.111844
4600 -0.112454
4620 -0.113051
4640 -0.113786
4660 -0.114511
4680 -0.115355
4700 -0.11622
4720 -0.117157
4740 -0.118167
4760 -0.119184
4780 -0.120305
4800 -0.12139
4820 -0.122579
4840 -0.123709
4860 -0.12491
4880 -0.126044
4900 -0.127212
4920 -0.128284
4940 -0.129369
4960 -0.130316
4980 -0.13128
5000 -0.131773
5020 -0.132297
5040 -0.132732
5060 -0.13299
5080 -0.133258
5100 -0.133409
5120 -0.133396
5140 -0.133384
5160 -0.133244
5180 -0.132955
5200 -0.132681
5220 -0.132273
5240 -0.131758
5260 -0.131266
5280 -0.130655
5300 -0.129989
5320 -0.129348
5340 -0.12862
5360 -0.127874
5380 -0.12715
5400 -0.126372
5420 -0.125592
5440 -0.124822
5460 -0.124021
5480 -0.123221
5500 -0.122422
5520 -0.121615
5540 -0.120808
5560 -0.120007
5580 -0.119239
5600 -0.118469
5620 -0.117723
5640 -0.117052
5660 -0.116369
5680 -0.115722
5700 -0.115168
5720 -0.114571
5740 -0.114027
5760 -0.113572
5780 -0.11305
5800 -0.112605
5820 -0.112235
5840 -0.111816
5860 -0.111487
5880 -0.111213
5900 -0.110903
5920 -0.110678
5940 -0.110474
5960 -0.110252
5980 -0.110087
6000 -0.109929
6020 -0.109793
6040 -0.109677
6060 -0.109575
6080 -0.109522
6100 -0.10944
6120 -0.109382
6140 -0.109373
6160 -0.109301
6180 -0.109265
6200 -0.109278
6220 -0.10923
6240 -0.109236
6260 -0.109255
6280 -0.109233
6300 -0.109252
6320 -0.109259
6340 -0.109258
6360 -0.109272
6380 -0.109276
6400 -0.109311
6420 -0.109322
6440 -0.109322
6460 -0.109374
6480 -0.109351
6500 -0.109367
6520 -0.109406
6540 -0.109394
6560 -0.109421
6580 -0.109442
6600 -0.10945
6620 -0.109468
6640 -0.109464
6660 -0.109491
6680 -0.109506
6700 -0.109497
6720 -0.109547
6740 -0.109548
6760 -0.109545
6780 -0.109582
6800 -0.109593
6820 -0.109603
6840 -0.109638
6860 -0.109657
6880 -0.109697
6900 -0.109701
6920 -0.109737
6940 -0.109795
6960 -0.109797
6980 -0.109869
7000 -0.109915
7020 -0.109959
7040 -0.110012
7060 -0.110069
7080 -0.110154
7100 -0.110211
7120 -0.110277
7140 -0.110389
7160 -0.110449
7180 -0.110536
7200 -0.110647
7220 -0.110736
7240 -0.110843
7260 -0.110933
7280 -0.11105
7300 -0.111164
7320 -0.111241
7340 -0.11137
7360 -0.111481
7380 -0.111572
7400 -0.111672
7420 -0.111755
7440 -0.111863
7460 -0.111933
7480 -0.111999
7500 -0.112088
7520 -0.112125
7540 -0.11217
7560 -0.112197
7580 -0.112221
7600 -0.112255
7620 -0.11222
7640 -0.112206
7660 -0.112186
7680 -0.112141
7700 -0.112085
7720 -0.111995
7740 -0.111941
7760 -0.111834
7780 -0.111712
7800 -0.111613
7820 -0.11148
7840 -0.111358
7860 -0.111197
7880 -0.111045
7900 -0.110912
7920 -0.110754
7940 -0.110605
7960 -0.110433
7980 -0.110293
8000 -0.110161
8020 -0.110009
8040 -0.109865
8060 -0.10974
8080 -0.109626
8100 -0.109516
8120 -0.109389
8140 -0.109299
8160 -0.109215
8180 -0.109136
8200 -0.109065
8220 -0.108984
8240 -0.108961
8260 -0.108922
8280 -0.108917
8300 -0.108893
8320 -0.108901
8340 -0.108956
8360 -0.109003
8380 -0.109072
8400 -0.109144
8420 -0.109266
8440 -0.109439
8460 -0.109615
8480 -0.109834
8500 -0.110069
8520 -0.110371
8540 -0.110749
8560 -0.111153
8580 -0.111619
8600 -0.112117
8620 -0.112717
8640 -0.113409
8660 -0.114165
8680 -0.115028
8700 -0.115924
8720 -0.116954
8740 -0.118087
8760 -0.119342
8780 -0.120712
8800 -0.122146
8820 -0.12372
8840 -0.125377
8860 -0.127196
8880 -0.129135
8900 -0.131169
8920 -0.133304
8940 -0.135506
8960 -0.137809
8980 -0.140195
9000 -0.142681
9020 -0.14523
9040 -0.147796
9060 -0.15038
9080 -0.152925
9100 -0.155473
9120 -0.157984
9140 -0.160474
9160 -0.162897
9180 -0.165206
9200 -0.167397
9220 -0.169384
9240 -0.171183
9260 -0.172763
9280 -0.174128
9300 -0.175309
9320 -0.17627
9340 -0.177041
9360 -0.177565
9380 -0.177837
9400 -0.177818
9420 -0.177476
9440 -0.176794
9460 -0.175742
9480 -0.174334
9500 -0.172546
9520 -0.170404
9540 -0.167915
9560 -0.165115
9580 -0.162035
9600 -0.158704
9620 -0.155176
9640 -0.151465
9660 -0.147629
9680 -0.143716
9700 -0.139744
9720 -0.135771
9740 -0.131806
9760 -0.127901
9780 -0.124059
9800 -0.120312
9820 -0.116678
9840 -0.113165
9860 -0.109801
9880 -0.106593
9900 -0.103566
9920 -0.10072
9940 -0.0980835
9960 -0.0956454
9980 -0.0933965
10000 -0.0918094
10020 -0.0903564
10040 -0.0890495
10060 -0.0878798
10080 -0.0868325
10100 -0.085927
10120 -0.0851369
10140 -0.0844385
10160 -0.0838425
10180 -0.0833205
10200 -0.0828701
10220 -0.0825063
10240 -0.0822022
10260 -0.0819619
10280 -0.0817816
10300 -0.0816322
10320 -0.081535
10340 -0.0814878
10360 -0.0814647
10380 -0.0814811
10400 -0.0815284
10420 -0.0815966
10440 -0.0817001
10460 -0.0818276
10480 -0.0819812
10500 -0.0821612
10520 -0.0823467
10540 -0.0825562
10560 -0.0827939
10580 -0.0830374
10600 -0.0832952
10620 -0.0835615
10640 -0.083827
10660 -0.0841027
10680 -0.0843755
10700 -0.0846444
10720 -0.0849182
10740 -0.0851812
10760 -0.0854447
10780 -0.0857187
10800 -0.0859786
10820 -0.0862272
10840 -0.0864756
10860 -0.086714
10880 -0.0869442
10900 -0.0871642
10920 -0.087366
10940 -0.0875584
10960 -0.0877438
10980 -0.0879127
11000 -0.0880642
11020 -0.0882025
11040 -0.088325
11060 -0.0884277
11080 -0.0885118
11100 -0.0885764
11120 -0.0886227
11140 -0.0886551
11160 -0.0886661
11180 -0.0886575
11200 -0.0886392
11220 -0.0885992
11240 -0.088538
11260 -0.0884717
11280 -0.088393
11300 -0.0883023
11320 -0.0882084
11340 -0.088102
11360 -0.0879839
11380 -0.0878555
11400 -0.087711
11420 -0.0875581
11440 -0.0873963
11460 -0.0872257
11480 -0.0870535
11500 -0.0868693
11520 -0.0866794
11540 -0.0864968
11560 -0.086307
11580 -0.0861117
11600 -0.0859157
11620 -0.0857122
11640 -0.0855131
11660 -0.0853095
11680 -0.0850954
11700 -0.0848959
11720 -0.0846931
11740 -0.0844761
11760 -0.0842706
11780 -0.0840568
11800 -0.0838262
11820 -0.0835941
11840 -0.0833396
11860 -0.0830661
11880 -0.082782
11900 -0.0824684
11920 -0.0821363
11940 -0.0817813
11960 -0.0813947
11980 -0.0810003
12000 -0.0805815
12020 -0.0801259
12040 -0.0796559
12060 -0.0791593
12080 -0.0786363
12100 -0.0780935
12120 -0.0775171
12140 -0.0769263
12160 -0.0763169
12180 -0.0756765
12200 -0.0750378
12220 -0.0743862
12240 -0.0737078
12260 -0.0730423
12280 -0.0723747
12300 -0.0716868
12320 -0.0709958
12340 -0.0702849
12360 -0.0695469
12380 -0.0687725
12400 -0.0679286
12420 -0.0670144
12440 -0.0660073
12460 -0.0648648
12480 -0.0635852
12500 -0.0621526
12520 -0.0605465
12540 -0.0587757
12560 -0.0568455
12580 -0.0547753
12600 -0.0525941
12620 -0.0503296
12640 -0.0480296
12660 -0.0457287
12680 -0.0434518
12700 -0.0412299
12720 -0.0390657
12740 -0.0369552
12760 -0.0348965
12780 -0.032867
12800 -0.0308571
12820 -0.0288742
12840 -0.0269215
12860 -0.0250105
12880 -0.0231709
12900 -0.0214391
12920 -0.0198183
12940 -0.018303
12960 -0.01691
12980 -0.0156109
13000 -0.0143676
13020 -0.0131917
13040 -0.0120694
13060 -0.0109939
13080 -0.0100057
13100 -0.00910732
13120 -0.00829788
13140 -0.00759204
13160 -0.00696098
13180 -0.00638271
13200 -0.00584266
13220 -0.00532299
13240 -0.00484747
13260 -0.00441848
13280 -0.00403418
13300 -0.00373386
13320 -0.00349223
13340 -0.00326645
13360 -0.0030705
13380 -0.00288339
13400 -0.00269372
13420 -0.00253526
13440 -0.00241
13460 -0.00232945
13480 -0.00229571
13500 -0.00226287
13520 -0.00222765
13540 -0.00219837
13560 -0.00215996
13580 -0.0021393
13600 -0.00215524
13620 -0.0021995
13640 -0.0022705
13660 -0.00233654
13680 -0.00238207
13700 -0.00243185
13720 -0.00248659
13740 -0.0025556
13760 -0.0026603
13780 -0.00278106
13800 -0.00289684
13820 -0.00300391
13840 -0.00309859
13860 -0.00319841
13880 -0.00332622
13900 -0.00347487
13920 -0.00362416
13940 -0.00377058
13960 -0.00390684
13980 -0.00401839
14000 -0.00413272
14020 -0.0042769
14040 -0.00442587
14060 -0.00456611
14080 -0.00469413
14100 -0.0047996
14120 -0.00490592
14140 -0.00502
14160 -0.00513489
14180 -0.0052656
14200 -0.00537834
14220 -0.00544797
14240 -0.00551568
14260 -0.00558556
14280 -0.00564874
14300 -0.00571786
14320 -0.00576685
14340 -0.00578254
14360 -0.00577971
14380 -0.00576133
14400 -0.00574445
14420 -0.00573077
14440 -0.00569597
14460 -0.00563211
14480 -0.00554581
14500 -0.00545937
14520 -0.00538291
14540 -0.00530302
14560 -0.00521607
14580 -0.0051089
14600 -0.00498561
14620 -0.0048768
14640 -0.00477502
14660 -0.00468033
14680 -0.00459834
14700 -0.00449436
14720 -0.00438445
14740 -0.00430611
14760 -0.00424436
14780 -0.00419234
14800 -0.00413714
14820 -0.00407225
14840 -0.00402525
14860 -0.00398715
14880 -0.00395872
14900 -0.00395395
14920 -0.00393269
14940 -0.0038994
14960 -0.00388794
14980 -0.00388465
15000 -0.00389633
15020 -0.00391066
15040 -0.00390706
15060 -0.00389882
15080 -0.00390485
15100 -0.00391813
15120 -0.0039294
15140 -0.00393268
15160 -0.00392378
15180 -0.0039095
15200 -0.00389404
15220 -0.00387702
15240 -0.0038594
15260 -0.00382961
15280 -0.00377919
15300 -0.00372115
15320 -0.00366411
15340 -0.00360674
15360 -0.00354498
15380 -0.00346214
15400 -0.00336028
15420 -0.00326944
15440 -0.00318611
15460 -0.00308445
15480 -0.002975
15500 -0.00286803
15520 -0.00275076
15540 -0.00263479
15560 -0.00253399
15580 -0.00242641
15600 -0.00230265
15620 -0.0021839
15640 -0.00207726
15660 -0.00197445
15680 -0.00187452
15700 -0.00177575
15720 -0.00167181
15740 -0.00156685
15760 -0.00147688
15780 -0.00140641
15800 -0.00133653
15820 -0.0012524
15840 -0.00116576
15860 -0.00109608
15880 -0.00104608
15900 -0.000999676
15920 -0.000942679
15940 -0.000884924
15960 -0.000839977
15980 -0.000800158
16000 -0.000762985
16020 -0.000736343
16040 -0.000707174
16060 -0.000668706
16080 -0.000644798
16100 -0.000635891
16120 -0.000614461
16140 -0.000585967
16160 -0.000571068
16180 -0.000561105
16200 -0.000550073
16220 -0.000547996
16240 -0.000543798
16260 -0.000522313
16280 -0.000503188
16300 -0.000507316
16320 -0.000517923
16340 -0.000514796
16360 -0.000506318
16380 -0.000502532
16400 -0.000500678
16420 -0.000504302
16440 -0.000513348
16460 -0.000513621
16480 -0.000509611
16500 -0.000523792
16520 -0.000549107
16540 -0.000558936
16560 -0.000556667
16580 -0.000565451
16600 -0.000590031
16620 -0.000620122
16640 -0.000650428
16660 -0.000681431
16680 -0.000713324
16700 -0.000749684
16720 -0.000796574
16740 -0.000848181
16760 -0.000895769
16780 -0.000953484
16800 -0.00103555
16820 -0.0011257
16840 -0.0012125
16860 -0.00130898
16880 -0.00141447
16900 -0.00152127
16920 -0.00164437
16940 -0.00178895
16960 -0.00193804
16980 -0.00209485
17000 -0.00227527
17020 -0.00247323
17040 -0.00267719
17060 -0.00288637
17080 -0.00310153
17100 -0.00332874
17120 -0.00357645
17140 -0.00384183
17160 -0.00411733
17180 -0.00440053
17200 -0.00469773
17220 -0.00501971
17240 -0.00535439
17260 -0.00567257
17280 -0.00598195
17300 -0.00631288
17320 -0.00665439
17340 -0.00698154
17360 -0.00730621
17380 -0.00764133
17400 -0.00797976
17420 -0.00832291
17440 -0.00866648
17460 -0.00899048
17480 -0.00929855
17500 -0.00960733
17520 -0.00990143
17540 -0.0101565
17560 -0.0103771
17580 -0.0105784
17600 -0.0107618
17620 -0.0109164
17640 -0.011036
17660 -0.0111305
17680 -0.0112122
17700 -0.0112809
17720 -0.0113365
17740 -0.0113765
17760 -0.0113958
17780 -0.0114124
17800 -0.0114432
17820 -0.0114636
17840 -0.0114587
17860 -0.0114596
17880 -0.0114767
17900 -0.0114843
17920 -0.011481
17940 -0.0114818
17960 -0.0114838
17980 -0.0114854
18000 -0.0114914
18020 -0.0114947
18040 -0.0114893
18060 -0.0114835
18080 -0.0114885
18100 -0.0114996
18120 -0.0114974
18140 -0.0114834
18160 -0.0114837
18180 -0.0114978
18200 -0.0114991
18220 -0.0114884
18240 -0.0114837
18260 -0.011488
18280 -0.011495
18300 -0.0114936
18320 -0.0114819
18340 -0.0114805
18360 -0.0114921
18380 -0.0114915
18400 -0.0114803
18420 -0.0114783
18440 -0.0114801
18460 -0.0114789
18480 -0.0114807
18500 -0.0114786
18520 -0.0114682
18540 -0.0114639
18560 -0.01147
18580 -0.0114711
18600 -0.0114586
18620 -0.0114463
18640 -0.0114485
18660 -0.0114537
18680 -0.0114441
18700 -0.011428
18720 -0.0114207
18740 -0.0114218
18760 -0.0114203
18780 -0.0114047
18800 -0.0113824
18820 -0.0113772
18840 -0.0113823
18860 -0.0113688
18880 -0.0113428
18900 -0.0113292
18920 -0.0113266
18940 -0.0113177
18960 -0.0112961
18980 -0.0112739
19000 -0.0112655
19020 -0.0112594
19040 -0.0112422
19060 -0.0112248
19080 -0.0112129
19100 -0.0112033
19120 -0.0111992
19140 -0.0111923
19160 -0.0111805
19180 -0.0111814
19200 -0.0111898
19220 -0.0111938
19240 -0.0112104
19260 -0.0112369
19280 -0.0112581
19300 -0.011295
19320 -0.0113508
19340 -0.0114025
19360 -0.0114687
19380 -0.011565
19400 -0.0116679
19420 -0.0117817
19440 -0.0119268
19460 -0.0120934
19480 -0.0122787
19500 -0.01249
19520 -0.0127259
19540 -0.0129991
19560 -0.0133136
19580 -0.0136517
19600 -0.0140209
19620 -0.0144408
19640 -0.0149105
19660 -0.0154301
19680 -0.0159936
19700 -0.0165941
19720 -0.0172556
19740 -0.0179876
19760 -0.0187678
19780 -0.0196008
19800 -0.0204967
19820 -0.0214445
19840 -0.0224584
19860 -0.0235467
19880 -0.02468
19900 -0.0258627
19920 -0.0271167
19940 -0.0284173
19960 -0.0297554
19980 -0.0311561
20000 -0.0326089
20020 -0.0340882
20040 -0.0355908
20060 -0.0371095
20080 -0.0386455
20100 -0.0402147
20120 -0.0418018
20140 -0.0433703
20160 -0.0449061
20180 -0.0464107
20200 -0.0478847
20220 -0.0493241
20240 -0.0507189
20260 -0.0520593
20280 -0.0533325
20300 -0.0545171
20320 -0.0555958
20340 -0.0565598
20360 -0.0574086
20380 -0.0581515
20400 -0.0587896
20420 -0.059319
20440 -0.0597468
20460 -0.0600633
20480 -0.0602331
20500 -0.0602451
20520 -0.0601078
20540 -0.0598029
20560 -0.0593054
20580 -0.0586145
20600 -0.0577371
20620 -0.0566814
20640 -0.0554579
20660 -0.0540657
20680 -0.0525095
20700 -0.0508185
20720 -0.049017
20740 -0.0471101
20760 -0.0451108
20780 -0.0430423
20800 -0.0409188
20820 -0.0387577
20840 -0.0365841
20860 -0.0344113
20880 -0.032245
20900 -0.0301012
20920 -0.027997
20940 -0.0259423
20960 -0.023947
20980 -0.0220194
21000 -0.020162
21020 -0.0183797
21040 -0.016687
21060 -0.0150994
21080 -0.0136155
21100 -0.0122246
21120 -0.0109336
21140 -0.0097562
21160 -0.00868907
21180 -0.0077245
21200 -0.00685479
21220 -0.00606873
21240 -0.00537238
21260 -0.00477073
21280 -0.00424196
21300 -0.00378084
21320 -0.0033992
21340 -0.00307664
21360 -0.0028011
21380 -0.00259177
21400 -0.00243427
21420 -0.00230293
21440 -0.00220781
21460 -0.00214354
21480 -0.0020984
21500 -0.00209346
21520 -0.00211712
21540 -0.00213153
21560 -0.00215218
21580 -0.00219755
21600 -0.00224699
21620 -0.00229869
21640 -0.00235654
21660 -0.00240755
21680 -0.00246179
21700 -0.00252382
21720 -0.00257174
21740 -0.00261236
21760 -0.00265906
21780 -0.00269116
21800 -0.00270564
21820 -0.00272458
21840 -0.00274845
21860 -0.00276326
21880 -0.00275795
21900 -0.00273461
21920 -0.0027144
21940 -0.00269883
21960 -0.00266599
21980 -0.00261536
22000 -0.00255374
22020 -0.00247725
22040 -0.00239383
22060 -0.00230606
22080 -0.00220515
22100 -0.00209618
22120 -0.00197291
22140 -0.0018219
22160 -0.00166512
22180 -0.0015147
22200 -0.00134432
22220 -0.00114929
22240 -0.000940287
22260 -0.000711744
22280 -0.000475151
22300 -0.000241015
22320 1.10538e-05
22340 0.000282995
22360 0.000559205
22380 0.000847295
22400 0.00114437
22420 0.0014319
22440 0.00171962
22460 0.00202197
22480 0.00233097
22500 0.0026381
22520 0.00293381
22540 0.00321111
22560 0.00348161
22580 0.00374742
22600 0.00399094
22620 0.00420721
22640 0.00439686
22660 0.00454694
22680 0.00464833
22700 0.00470215
22720 0.00471064
22740 0.00467031
22760 0.00456156
22780 0.00436667
22800 0.00409369
22820 0.00374809
22840 0.00331536
22860 0.00279037
22880 0.00217299
22900 0.00144774
22920 0.000606052
22940 -0.000346795
22960 -0.00141001
22980 -0.0025806
23000 -0.00386007
23020 -0.00526846
23040 -0.0068098
23060 -0.00846288
23080 -0.010224
23100 -0.0120976
23120 -0.0140714
23140 -0.0161454
23160 -0.0183269
23180 -0.0205982
23200 -0.0229451
23220 -0.0253628
23240 -0.0278249
23260 -0.0303169
23280 -0.032849
23300 -0.0354037
23320 -0.0379501
23340 -0.0404776
23360 -0.0429611
23380 -0.0453715
23400 -0.047708
23420 -0.0499591
23440 -0.052099
23460 -0.0541206
23480 -0.0559991
23500 -0.0576971
23520 -0.0592165
23540 -0.0605594
23560 -0.0617004
23580 -0.0626391
23600 -0.0633838
23620 -0.0639124
23640 -0.0642144
23660 -0.0643019
23680 -0.0641825
23700 -0.0638741
23720 -0.0633964
23740 -0.0627473
23760 -0.0619361
23780 -0.060988
23800 -0.0599091
23820 -0.0587087
23840 -0.057423
23860 -0.0560777
23880 -0.0546714
23900 -0.0532028
23920 -0.0516791
23940 -0.0501035
23960 -0.048475
23980 -0.0468005
24000 -0.0450957
24020 -0.0433716
24040 -0.0416314
24060 -0.0398737
24080 -0.0380993
24100 -0.0363265
24120 -0.0345807
24140 -0.0328713
24160 -0.031211
24180 -0.0296237
24200 -0.0281105
24220 -0.0266522
24240 -0.0252409
24260 -0.0238734
24280 -0.0225499
24300 -0.0212827
24320 -0.0200755
24340 -0.0189277
24360 -0.0178527
24380 -0.0168527
24400 -0.0159081
24420 -0.0150109
24440 -0.0141666
24460 -0.0133744
24480 -0.0126285
24500 -0.0119222
24520 -0.0112538
24540 -0.0106233
24560 -0.0100154
24580 -0.009413
24600 -0.00882027
24620 -0.0082425
24640 -0.00766927
24660 -0.00709224
24680 -0.00651328
24700 -0.00593222
24720 -0.00533334
24740 -0.0046911
24760 -0.0039988
24780 -0.00326439
24800 -0.002475
24820 -0.00161165
24840 -0.000680979
24860 0.000307414
24880 0.00136233
24900 0.00249747
24920 0.00372235
24940 0.00503766
24960 0.00644554
24980 0.00796953
25000 0.00962772
25020 0.0114073
25040 0.0133042
25060 0.0153326
25080 0.0174796
25100 0.0197183
25120 0.0220478
25140 0.0244746
25160 0.0269982
25180 0.0296278
25200 0.0323735
25220 0.0352372
25240 0.0382199
25260 0.041305
25280 0.0444565
25300 0.0476548
25320 0.0508923
25340 0.0541376
25360 0.0573604
25380 0.0605586
25400 0.0637219
25420 0.0668237
25440 0.0698569
25460 0.0728217
25480 0.0757085
25500 0.0785192
25520 0.0812552
25540 0.0838944
25560 0.0864175
25580 0.0888089
25600 0.0910342
25620 0.0930672
25640 0.0948968
25660 0.0964919
25680 0.0978206
25700 0.0988703
25720 0.099614
25740 0.100021
25760 0.100087
25780 0.0998118
25800 0.0991875
25820 0.0982221
25840 0.0969179
25860 0.0952708
25880 0.0932983
25900 0.0910218
25920 0.0884548
25940 0.0856275
25960 0.082572
25980 0.0793038
26000 0.0758459
26020 0.0722347
26040 0.068502
26060 0.0646794
26080 0.0608013
26100 0.0568963
26120 0.0529901
26140 0.0491075
26160 0.0452686
26180 0.0414932
26200 0.0378051
26220 0.0342304
26240 0.0307806
26260 0.0274498
26280 0.024247
26300 0.0211999
26320 0.0183142
26340 0.0155825
26360 0.0130178
26380 0.0106271
26400 0.00839683
26420 0.006322
26440 0.00440453
26460 0.00264253
26480 0.0010361
26500 -0.000431397
26520 -0.00178324
26540 -0.00301062
26560 -0.0041081
26580 -0.00510372
26600 -0.00600199
26620 -0.00678619
26640 -0.00747914
26660 -0.00810803
26680 -0.00866294
26700 -0.00914352
26720 -0.00956703
26740 -0.00993641
26760 -0.0102586
26780 -0.010546
26800 -0.0107948
26820 -0.0110059
26840 -0.0111865
26860 -0.0113299
26880 -0.0114468
26900 -0.011563
26920 -0.011665
26940 -0.0117346
26960 -0.0117967
26980 -0.0118608
27000 -0.0119036
27020 -0.0119331
27040 -0.0119691
27060 -0.0119953
27080 -0.0120028
27100 -0.0120108
27120 -0.0120229
27140 -0.0120321
27160 -0.0120431
27180 -0.0120515
27200 -0.0120475
27220 -0.0120407
27240 -0.0120401
27260 -0.012038
27280 -0.0120309
27300 -0.0120249
27320 -0.012021
27340 -0.0120162
27360 -0.0120096
27380 -0.0120021
27400 -0.0119947
27420 -0.0119851
27440 -0.0119689
27460 -0.0119495
27480 -0.0119361
27500 -0.0119276
27520 -0.0119119
27540 -0.0118851
27560 -0.0118555
27580 -0.0118234
27600 -0.0117825
27620 -0.011738
27640 -0.0116917
27660 -0.0116282
27680 -0.0115469
27700 -0.0114646
27720 -0.0113706
27740 -0.0112421
27760 -0.0110909
27780 -0.0109276
27800 -0.0107299
27820 -0.0104921
27840 -0.0102307
27860 -0.00992883
27880 -0.00956033
27900 -0.00913724
27920 -0.00866589
27940 -0.00812027
27960 -0.00749459
27980 -0.00679866
28000 -0.00600725
28020 -0.00509743
28040 -0.00408856
28060 -0.00297941
28080 -0.00172775
28100 -0.000326555
28120 0.00120038
28140 0.00287065
28160 0.00471421
28180 0.00672286
28200 0.00889618
28220 0.0112567
28240 0.0137981
28260 0.0165048
28280 0.0193942
28300 0.0224743
28320 0.0257241
28340 0.0291386
28360 0.0327219
28380 0.0364524
28400 0.0403101
28420 0.0442922
28440 0.0483801
28460 0.0525403
28480 0.0567557
28500 0.0610113
28520 0.0652693
28540 0.0694919
28560 0.0736613
28580 0.0777497
28600 0.0817088
28620 0.0855089
28640 0.0891384
28660 0.0925558
28680 0.0957079
28700 0.0985791
28720 0.101161
28740 0.103415
28760 0.105312
28780 0.106842
28800 0.107998
28820 0.108767
28840 0.109151
28860 0.109156
28880 0.108802
28900 0.10812
28920 0.107143
28940 0.105914
28960 0.104465
28980 0.102807
29000 0.100957
29020 0.098937
29040 0.0967252
29060 0.094294
29080 0.0916659
29100 0.0888775
29120 0.0859529
29140 0.082938
29160 0.0798682
29180 0.0767247
29200 0.0734967
29220 0.0702203
29240 0.0669226
29260 0.0636127
29280 0.0603258
29300 0.0570949
29320 0.0539034
29340 0.0507302
29360 0.0476107
29380 0.044595
29400 0.0416804
29420 0.0388472
29440 0.0361112
29460 0.033485
29480 0.030958
29500 0.0285478
29520 0.0262807
29540 0.0241294
29560 0.0220665
29580 0.0201204
29600 0.0183143
29620 0.0166281
29640 0.01504
29660 0.013542
29680 0.0121429
29700 0.0108649
29720 0.00968975
29740 0.00856914
29760 0.00751224
29780 0.00655809
29800 0.00568101
29820 0.00483578
29840 0.00403515
29860 0.00329924
29880 0.00260499
29900 0.00192673
29920 0.00126482
29940 0.000624664
29960 0
