-10 0
0 -1.50825e-15
10 -7.75503e-15
20 -5.6558e-16
30 -7.23163e-15
40 -8.5129e-15
50 -5.24639e-15
60 -6.30246e-15
70 -4.97006e-15
80 -1.11934e-14
90 -1.66178e-14
100 -5.79987e-15
110 -1.01722e-14
120 -1.75053e-14
130 -2.75056e-14
140 -2.40632e-14
150 -1.94121e-14
160 -1.65473e-14
170 -1.89247e-14
180 -1.07691e-14
190 -1.03191e-14
200 -8.55931e-15
210 -6.48457e-15
220 -5.31925e-15
230 2.36234e-15
240 8.22763e-15
250 7.70232e-15
260 9.67896e-15
270 1.70248e-16
280 -1.20515e-14
290 -6.82857e-15
300 2.18934e-15
310 -5.54015e-15
320 -1.39747e-14
330 -1.74209e-14
340 -1.59447e-14
350 -1.9958e-14
360 -1.39372e-14
370 -1.39377e-14
380 -1.6144e-14
390 -2.60755e-15
400 -8.02892e-15
410 -2.10668e-15
420 -1.20138e-14
430 -8.04734e-15
440 -1.24098e-14
450 -9.1293e-15
460 -5.00934e-15
470 -7.11478e-15
480 -1.27838e-14
490 -1.6081e-14
500 -1.12205e-14
510 -1.99573e-14
520 -1.57195e-14
530 -1.52436e-14
540 -1.66446e-14
550 -1.94582e-14
560 -7.9196e-15
570 -9.87727e-15
580 -7.76211e-15
590 -1.30512e-14
600 -1.96232e-14
610 -2.23289e-14
620 -2.45099e-14
630 -1.79123e-14
640 -1.85637e-14
650 -1.5932e-14
660 -1.90188e-14
670 -1.30327e-14
680 -1.00661e-14
690 -1.47284e-14
700 -1.1062e-14
710 -1.88074e-14
720 -1.05019e-14
730 -1.43234e-14
740 -1.26498e-14
750 -1.57965e-14
760 -1.09193e-14
770 -1.5004e-14
780 -1.90556e-14
790 -8.69076e-15
800 -1.67946e-14
810 -1.40803e-14
820 -5.27798e-15
830 -1.20893e-15
840 -4.6858e-15
850 1.01617e-14
860 6.90387e-15
870 3.76216e-15
880 -4.25843e-15
890 -6.8291e-15
900 -8.63827e-15
910 -1.78903e-14
920 -6.30501e-15
930 -1.24908e-14
940 -9.66564e-15
950 -1.39208e-14
960 -1.11842e-14
970 -1.91301e-15
980 1.96704e-15
990 3.18091e-15
1000 7.22642e-15
1010 1.12715e-14
1020 1.56829e-14
1030 1.35037e-14
1040 1.11328e-14
1050 1.51143e-14
1060 1.28603e-14
1070 1.0381e-14
1080 3.47262e-15
1090 3.16222e-15
1100 1.51683e-14
1110 3.66048e-15
1120 8.90115e-15
1130 7.92738e-15
1140 7.3837e-15
1150 1.66038e-15
1160 -6.47572e-15
1170 -8.57057e-15
1180 -1.0204e-14
1190 -2.73278e-15
1200 -1.48661e-14
1210 -9.16537e-15
1220 -1.67095e-14
1230 -4.34603e-15
1240 -2.78231e-15
1250 -1.14808e-14
1260 -1.86886e-14
1270 -1.62396e-14
1280 -3.61629e-15
1290 -1.17135e-14
1300 -1.44871e-14
1310 -1.46445e-14
1320 -1.58074e-14
1330 -2.35819e-14
1340 -2.40624e-14
1350 -2.40708e-14
1360 -2.29696e-14
1370 -1.41202e-14
1380 -1.53822e-14
1390 -1.62104e-14
1400 -5.44422e-15
1410 -1.49729e-14
1420 -1.28253e-14
1430 -1.5653e-14
1440 -1.18125e-14
1450 -1.94712e-14
1460 -2.69478e-14
1470 -1.80229e-14
1480 -2.45303e-14
1490 -1.79266e-14
1500 -2.10923e-14
1510 -1.20296e-14
1520 -2.03803e-14
1530 -2.1904e-14
1540 -2.20136e-14
1550 -2.48991e-14
1560 -2.66762e-14
1570 -2.6904e-14
1580 -2.64274e-14
1590 -3.20704e-14
1600 -2.16505e-14
1610 -2.75606e-14
1620 -2.54852e-14
1630 -3.16883e-14
1640 -2.6726e-14
1650 -1.91673e-14
1660 -2.18068e-14
1670 -2.20267e-14
1680 -2.00182e-14
1690 -3.15011e-14
1700 -2.29866e-14
1710 -2.32584e-14
1720 -2.42379e-14
1730 -2.50009e-14
1740 -3.1111e-14
1750 -2.78834e-14
1760 -3.11768e-14
1770 -3.42531e-14
1780 -3.37735e-14
1790 -3.63668e-14
1800 -3.96597e-14
1810 -3.80252e-14
1820 -4.98722e-14
1830 -4.19979e-14
1840 -4.10911e-14
1850 -3.94902e-14
1860 -4.35994e-14
1870 -4.68938e-14
1880 -5.86938e-14
1890 -5.41086e-14
1900 -5.50498e-14
1910 -5.00837e-14
1920 -5.69559e-14
1930 -5.11242e-14
1940 -4.51527e-14
1950 -4.19205e-14
1960 -4.41344e-14
1970 -4.44145e-14
1980 -5.11924e-14
1990 -5.29368e-14
2000 -5.1988e-14
2010 -4.38172e-14
2020 -4.9843e-14
2030 -4.53232e-14
2040 -5.01698e-14
2050 -4.71393e-14
2060 -3.81761e-14
2070 -3.90211e-14
2080 -4.92902e-14
2090 -4.32857e-14
2100 -4.4031e-14
2110 -4.26253e-14
2120 -4.73598e-14
2130 -4.90449e-14
2140 -5.37848e-14
2150 -4.25237e-14
2160 -4.37748e-14
2170 -3.12683e-14
2180 -3.17054e-14
2190 -3.28469e-14
2200 -2.43093e-14
2210 -2.99652e-14
2220 -2.66824e-14
2230 -2.48297e-14
2240 -2.10294e-14
2250 -1.86443e-14
2260 -2.17492e-14
2270 -2.4761e-14
2280 -2.97413e-14
2290 -2.53607e-14
2300 -2.30481e-14
2310 -2.74264e-14
2320 -2.47698e-14
2330 -1.71108e-14
2340 -1.63102e-14
2350 -1.34633e-14
2360 -6.18552e-15
2370 -1.11321e-14
2380 -9.12801e-15
2390 -1.74656e-14
2400 -9.50142e-15
2410 -1.90892e-14
2420 -1.30517e-14
2430 -1.7731e-14
2440 -1.92894e-14
2450 -2.39922e-14
2460 -3.03539e-14
2470 -3.73093e-14
2480 -3.12272e-14
2490 -3.12788e-14
2500 -4.10942e-14
2510 -3.32961e-14
2520 -2.34472e-14
2530 -1.89694e-14
2540 -2.30521e-14
2550 -1.55053e-14
2560 -1.50495e-14
2570 -1.38764e-14
2580 -2.49544e-15
2590 4.86785e-15
2600 3.01691e-15
2610 7.14043e-15
2620 6.43763e-15
2630 -2.9511e-16
2640 6.57148e-16
2650 -5.75295e-15
2660 -7.99229e-15
2670 3.68732e-15
2680 7.18e-15
2690 8.57308e-15
2700 1.38357e-14
2710 2.22318e-14
2720 2.61338e-14
2730 2.23555e-14
2740 3.01537e-14
2750 2.67298e-14
2760 2.76178e-14
2770 2.92232e-14
2780 2.77339e-14
2790 2.40174e-14
2800 2.05696e-14
2810 2.19577e-14
2820 2.36024e-14
2830 3.36797e-14
2840 3.77424e-14
2850 3.27977e-14
2860 3.91068e-14
2870 3.26081e-14
2880 3.52423e-14
2890 3.47503e-14
2900 4.14684e-14
2910 5.45583e-14
2920 5.05166e-14
2930 4.64537e-14
2940 5.2709e-14
2950 4.38881e-14
2960 4.67341e-14
2970 4.22258e-14
2980 4.65965e-14
2990 5.05641e-14
3000 4.84049e-14
3010 4.24439e-14
3020 4.50253e-14
3030 4.46253e-14
3040 4.5672e-14
3050 4.45252e-14
3060 3.91134e-14
3070 3.5304e-14
3080 3.78805e-14
3090 3.33294e-14
3100 3.3884e-14
3110 3.28257e-14
3120 4.04092e-14
3130 3.45389e-14
3140 4.29231e-14
3150 4.08257e-14
3160 4.47629e-14
3170 4.77168e-14
3180 4.80157e-14
3190 4.26345e-14
3200 3.50695e-14
3210 3.46523e-14
3220 3.42809e-14
3230 2.8834e-14
3240 3.83036e-14
3250 3.52166e-14
3260 4.08047e-14
3270 3.90818e-14
3280 3.59952e-14
3290 3.93784e-14
3300 3.27655e-14
3310 2.71605e-14
3320 3.24435e-14
3330 2.69635e-14
3340 2.1146e-14
3350 2.65965e-14
3360 1.68453e-14
3370 2.69957e-14
3380 3.23615e-14
3390 3.61799e-14
3400 3.9265e-14
3410 4.62964e-14
3420 4.85105e-14
3430 4.40339e-14
3440 4.53183e-14
3450 3.85941e-14
3460 3.91629e-14
3470 2.83953e-14
3480 2.02428e-14
3490 2.41875e-14
3500 2.25514e-14
3510 2.1616e-14
3520 2.17326e-14
3530 1.26631e-14
3540 1.76108e-14
3550 2.00922e-14
3560 1.57361e-14
3570 8.06372e-15
3580 6.12047e-15
3590 1.24893e-14
3600 1.27566e-14
3610 8.7726e-15
3620 3.81835e-15
3630 7.84041e-15
3640 1.12639e-14
3650 1.56355e-14
3660 1.33314e-15
3670 1.53537e-14
3680 1.91889e-14
3690 1.44717e-14
3700 2.30392e-14
3710 2.92768e-14
3720 2.72517e-14
3730 2.96556e-14
3740 4.1509e-14
3750 4.31105e-14
3760 4.58402e-14
3770 3.78774e-14
3780 3.93797e-14
3790 2.81584e-14
3800 2.7987e-14
3810 3.56399e-14
3820 3.024e-14
3830 4.86534e-14
3840 6.76168e-14
3850 9.46379e-14
3860 1.23841e-13
3870 1.426e-13
3880 7.97213e-14
3890 -2.10941e-13
3900 -9.12298e-13
3910 -2.27081e-12
3920 -4.44437e-12
3930 -7.179e-12
3940 -9.01514e-12
3950 -6.0565e-12
3960 1.0106e-11
3970 5.50278e-11
3980 1.5392e-10
3990 3.41658e-10
4000 6.54623e-10
4010 1.10319e-09
4020 1.60325e-09
4030 1.82799e-09
4040 9.14058e-10
4050 -3.0865e-09
4060 -1.41811e-08
4070 -4.01039e-08
4080 -9.50736e-08
4090 -2.04224e-07
4100 -4.10535e-07
4110 -7.85421e-07
4120 -1.44454e-06
4130 -2.57091e-06
4140 -4.44811e-06
4150 -7.5069e-06
4160 -1.23897e-05
4170 -2.00382e-05
4180 -3.18102e-05
4190 -4.96329e-05
4200 -7.62007e-05
4210 -0.000115227
4220 -0.000171758
4230 -0.000252557
4240 -0.000366574
4250 -0.000525493
4260 -0.000744381
4270 -0.00104243
4280 -0.00144376
4290 -0.00197838
4300 -0.0026831
4310 -0.00360257
4320 -0.00479033
4330 -0.00630973
4340 -0.00823491
4350 -0.0106515
4360 -0.0136571
4370 -0.0173619
4380 -0.0218879
4390 -0.027369
4400 -0.0339499
4410 -0.0417841
4420 -0.0510321
4430 -0.0618583
4440 -0.0744278
4450 -0.088902
4460 -0.105434
4470 -0.124165
4480 -0.145214
4490 -0.16868
4500 -0.194628
4510 -0.22309
4520 -0.254055
4530 -0.287468
4540 -0.323225
4550 -0.36117
4560 -0.401092
4570 -0.44273
4580 -0.485769
4590 -0.529845
4600 -0.574551
4610 -0.61944
4620 -0.664037
4630 -0.707842
4640 -0.750344
4650 -0.791032
4660 -0.829401
4670 -0.864969
4680 -0.897283
4690 -0.925934
4700 -0.950563
4710 -0.97087
4720 -0.986623
4730 -0.997662
4740 -1.0039
4750 -1.00534
4760 -1.00204
4770 -0.994161
4780 -0.981916
4790 -0.965599
4800 -0.945562
4810 -0.92221
4820 -0.895997
4830 -0.867415
4840 -0.836983
4850 -0.805239
4860 -0.772731
4870 -0.740007
4880 -0.707608
4890 -0.676059
4900 -0.645859
4910 -0.617481
4920 -0.591359
4930 -0.567888
4940 -0.547418
4950 -0.53025
4960 -0.516634
4970 -0.506766
4980 -0.500789
4990 -0.498787
5000 -0.500789
5010 -0.506766
5020 -0.516634
5030 -0.53025
5040 -0.547418
5050 -0.567888
5060 -0.591359
5070 -0.617481
5080 -0.645859
5090 -0.676059
5100 -0.707608
5110 -0.740007
5120 -0.772731
5130 -0.805239
5140 -0.836983
5150 -0.867415
5160 -0.895997
5170 -0.92221
5180 -0.945562
5190 -0.965599
5200 -0.981916
5210 -0.994161
5220 -1.00204
5230 -1.00534
5240 -1.0039
5250 -0.997662
5260 -0.986623
5270 -0.97087
5280 -0.950563
5290 -0.925934
5300 -0.897283
5310 -0.864969
5320 -0.829401
5330 -0.791032
5340 -0.750344
5350 -0.707842
5360 -0.664037
5370 -0.61944
5380 -0.574551
5390 -0.529845
5400 -0.485769
5410 -0.44273
5420 -0.401092
5430 -0.36117
5440 -0.323225
5450 -0.287468
5460 -0.254055
5470 -0.22309
5480 -0.194628
5490 -0.16868
5500 -0.145214
5510 -0.124165
5520 -0.105434
5530 -0.088902
5540 -0.0744278
5550 -0.0618583
5560 -0.0510321
5570 -0.0417841
5580 -0.0339499
5590 -0.027369
5600 -0.0218879
5610 -0.0173619
5620 -0.0136571
5630 -0.0106515
5640 -0.00823491
5650 -0.00630973
5660 -0.00479033
5670 -0.00360257
5680 -0.0026831
5690 -0.00197838
5700 -0.00144376
5710 -0.00104243
5720 -0.000744381
5730 -0.000525493
5740 -0.000366574
5750 -0.000252557
5760 -0.000171758
5770 -0.000115227
5780 -7.62007e-05
5790 -4.96329e-05
5800 -3.18102e-05
5810 -2.00382e-05
5820 -1.23897e-05
5830 -7.5069e-06
5840 -4.44811e-06
5850 -2.57091e-06
5860 -1.44454e-06
5870 -7.85421e-07
5880 -4.10536e-07
5890 -2.04224e-07
5900 -9.50737e-08
5910 -4.01039e-08
5920 -1.41811e-08
5930 -3.08655e-09
5940 9.14007e-10
5950 1.82792e-09
5960 1.6032e-09
5970 1.10314e-09
5980 6.54572e-10
5990 3.41607e-10
6000 1.53868e-10
6010 5.49681e-11
6020 1.00465e-11
6030 -6.1096e-12
6040 -9.07264e-12
6050 -7.21598e-12
6060 -4.48385e-12
6070 -2.30278e-12
6080 -9.42503e-13
6090 -2.38115e-13
6100 4.73062e-14
6110 1.27035e-13
6120 9.05617e-14
6130 5.1234e-14
6140 2.5868e-14
6150 1.26168e-14
6160 3.82231e-15
6170 7.87948e-15
6180 9.78402e-15
6190 1.58445e-14
6200 1.14439e-14
6210 1.17624e-14
6220 2.68531e-15
6230 1.37481e-15
6240 -6.53198e-15
6250 -1.19278e-15
6260 3.8751e-15
6270 2.32578e-15
6280 -3.02968e-15
6290 -9.71486e-15
6300 -1.42005e-15
6310 1.82484e-15
6320 -4.58215e-15
6330 -1.03322e-14
6340 -7.40545e-16
6350 -1.44648e-15
6360 4.18095e-16
6370 6.78519e-15
6380 3.15169e-15
6390 5.59102e-16
6400 -6.74218e-15
6410 -6.01583e-15
6420 -5.42561e-15
6430 -1.12681e-14
6440 -1.0437e-14
6450 -1.09609e-14
6460 -3.21858e-15
6470 3.38006e-15
6480 -7.6248e-16
6490 1.33559e-15
6500 4.27959e-15
6510 -1.57657e-14
6520 -1.00238e-14
6530 -7.52989e-15
6540 -1.3633e-14
6550 -7.93607e-15
6560 -9.51933e-15
6570 3.87595e-15
6580 -9.68171e-16
6590 1.11829e-14
6600 1.72353e-14
6610 3.15627e-14
6620 3.27679e-14
6630 1.58434e-14
6640 3.00859e-14
6650 2.58366e-14
6660 3.44392e-14
6670 2.49546e-14
6680 1.7941e-14
6690 1.94566e-14
6700 2.54212e-14
6710 3.63036e-14
6720 1.76932e-14
6730 1.51596e-14
6740 1.51275e-14
6750 1.45242e-14
6760 2.506e-14
6770 1.1106e-14
6780 2.83173e-14
6790 2.55221e-14
6800 2.18055e-14
6810 2.3716e-14
6820 2.17659e-14
6830 1.23562e-14
6840 5.58472e-15
6850 4.54529e-15
6860 3.99777e-15
6870 9.23568e-15
6880 9.60722e-16
6890 8.51463e-15
6900 1.52314e-14
6910 8.08637e-15
6920 1.49682e-14
6930 1.42878e-14
6940 2.11251e-14
6950 1.84587e-14
6960 1.61502e-14
6970 2.29914e-14
6980 2.80373e-14
6990 2.79676e-14
7000 1.54537e-14
7010 2.49739e-14
7020 2.50912e-14
7030 7.97985e-15
7040 1.43953e-14
7050 5.26272e-15
7060 1.34894e-14
7070 1.24415e-14
7080 2.40903e-14
7090 1.85203e-14
7100 2.35764e-14
7110 1.48047e-14
7120 1.18666e-14
7130 1.57153e-14
7140 2.15068e-14
7150 1.98414e-14
7160 1.36551e-14
7170 1.21367e-14
7180 7.60875e-15
7190 1.34602e-14
7200 1.46284e-14
7210 1.28667e-14
7220 1.05009e-14
7230 1.38499e-14
7240 2.04787e-14
7250 1.6301e-14
7260 1.7485e-14
7270 7.1914e-15
7280 8.29624e-15
7290 7.14408e-15
7300 7.78767e-15
7310 -7.61252e-15
7320 -1.51004e-15
7330 -8.69488e-15
7340 -1.37474e-14
7350 -5.14807e-15
7360 -1.06042e-14
7370 -7.06199e-15
7380 -6.40565e-15
7390 2.75664e-15
7400 -5.58347e-15
7410 2.37755e-15
7420 7.37788e-15
7430 6.79548e-15
7440 1.43419e-14
7450 1.62733e-14
7460 2.09239e-14
7470 2.47229e-14
7480 2.75785e-14
7490 2.60255e-14
7500 2.07512e-14
7510 1.481e-14
7520 1.98987e-14
7530 2.0338e-14
7540 1.47578e-14
7550 1.87453e-14
7560 1.66033e-14
7570 1.23842e-14
7580 1.29799e-14
7590 7.27451e-15
7600 5.99585e-15
7610 1.42462e-14
7620 1.37549e-14
7630 7.33697e-15
7640 7.24069e-15
7650 5.42427e-15
7660 5.38169e-15
7670 -5.27576e-15
7680 -6.3925e-15
7690 -7.01286e-15
7700 -7.64556e-15
7710 6.50561e-15
7720 -2.89953e-15
7730 -1.77169e-14
7740 -9.23171e-15
7750 -1.78667e-14
7760 -7.42406e-15
7770 -1.06227e-14
7780 -1.60864e-14
7790 -1.81201e-14
7800 -1.55932e-14
7810 -2.09761e-14
7820 -2.80176e-14
7830 -2.88449e-14
7840 -2.98083e-14
7850 -3.66574e-14
7860 -1.94723e-14
7870 -1.53913e-14
7880 -1.29219e-14
7890 -1.27076e-14
7900 -8.95822e-15
7910 -1.08234e-14
7920 -1.44566e-14
7930 -1.30918e-14
7940 -1.31674e-14
7950 -2.29822e-14
7960 -2.57563e-14
7970 -2.47947e-14
7980 -3.56548e-14
7990 -3.29768e-14
8000 -3.26667e-14
8010 -3.21731e-14
8020 -4.09896e-14
8030 -3.73079e-14
8040 -4.46564e-14
8050 -3.94662e-14
8060 -4.13878e-14
8070 -4.99736e-14
8080 -4.6634e-14
8090 -4.61109e-14
8100 -4.39351e-14
8110 -5.41058e-14
8120 -6.14641e-14
8130 -5.54596e-14
8140 -6.01885e-14
8150 -5.86718e-14
8160 -5.58854e-14
8170 -5.9027e-14
8180 -5.35486e-14
8190 -4.40797e-14
8200 -4.94541e-14
8210 -4.16507e-14
8220 -4.99685e-14
8230 -4.40332e-14
8240 -3.93834e-14
8250 -3.39635e-14
8260 -3.18406e-14
8270 -2.69389e-14
8280 -1.93446e-14
8290 -2.31084e-14
8300 -1.39421e-14
8310 -2.62129e-14
8320 -3.33121e-14
8330 -2.00905e-14
8340 -2.17824e-14
8350 -1.44091e-14
8360 -9.94635e-15
8370 -8.46482e-15
8380 -1.61935e-14
8390 -1.51764e-14
8400 -2.48689e-14
8410 -1.99887e-14
8420 -2.29625e-14
8430 -2.60223e-14
8440 -1.35974e-14
8450 -1.73851e-14
8460 -1.83313e-14
8470 -5.47343e-15
8480 -1.4511e-15
8490 4.48394e-15
8500 1.63773e-14
8510 1.14439e-14
8520 2.05776e-14
8530 2.27656e-14
8540 1.95974e-14
8550 2.27502e-14
8560 3.19488e-14
8570 2.71979e-14
8580 1.56674e-14
8590 2.85682e-14
8600 2.9463e-14
8610 2.94447e-14
8620 2.80335e-14
8630 2.3587e-14
8640 2.87345e-14
8650 2.84492e-14
8660 3.06657e-14
8670 2.29141e-14
8680 1.94444e-14
8690 1.46778e-14
8700 2.1064e-14
8710 2.17293e-14
8720 3.60678e-14
8730 4.79304e-14
8740 4.59953e-14
8750 3.94564e-14
8760 4.12154e-14
8770 4.73752e-14
8780 3.46379e-14
8790 5.13455e-14
8800 5.21886e-14
8810 4.87962e-14
8820 4.00057e-14
8830 4.61965e-14
8840 4.14655e-14
8850 2.86441e-14
8860 3.43052e-14
8870 3.71521e-14
8880 3.27162e-14
8890 3.68898e-14
8900 2.66287e-14
8910 2.11776e-14
8920 2.90809e-14
8930 2.37724e-14
8940 2.23576e-14
8950 2.15064e-14
8960 1.90801e-14
8970 4.61254e-15
8980 2.96747e-15
8990 5.08505e-15
9000 -1.5129e-15
9010 -3.47142e-15
9020 -4.97548e-15
9030 5.15313e-16
9040 -7.48448e-16
9050 8.05268e-15
9060 -1.26958e-16
9070 -5.46745e-15
9080 -3.25066e-15
9090 -9.99425e-15
9100 -6.59223e-15
9110 -8.26186e-15
9120 -1.39976e-14
9130 -1.47367e-14
9140 -8.15483e-15
9150 -1.95932e-14
9160 -1.60165e-14
9170 -5.99193e-15
9180 -1.07731e-14
9190 -6.79476e-15
9200 -1.01952e-14
9210 -1.07732e-14
9220 -1.49114e-14
9230 -1.54077e-14
9240 -1.67397e-14
9250 -1.43866e-14
9260 -1.36583e-14
9270 -1.25319e-14
9280 -1.35389e-14
9290 -2.00501e-14
9300 -3.28001e-14
9310 -2.37177e-14
9320 -2.02588e-14
9330 -2.47717e-14
9340 -1.8401e-14
9350 -3.04458e-14
9360 -2.41386e-14
9370 -1.4571e-14
9380 -1.5989e-14
9390 -3.09856e-14
9400 -2.25859e-14
9410 -2.5348e-14
9420 -3.24391e-14
9430 -3.50587e-14
9440 -3.38178e-14
9450 -3.2905e-14
9460 -3.02722e-14
9470 -3.00435e-14
9480 -2.82509e-14
9490 -2.69555e-14
9500 -1.93523e-14
9510 -2.26088e-14
9520 -1.93128e-14
9530 -1.59752e-14
9540 -1.05961e-14
9550 -9.38213e-15
9560 -1.9533e-14
9570 -9.31259e-15
9580 -2.46337e-14
9590 -2.348e-14
9600 -2.71006e-14
9610 -2.98119e-14
9620 -2.19671e-14
9630 -2.77476e-14
9640 -2.55979e-14
9650 -1.90099e-14
9660 -1.4557e-14
9670 -1.42269e-14
9680 7.72836e-16
9690 -5.82714e-15
9700 -1.4199e-15
9710 1.11625e-15
9720 -4.57704e-15
9730 -8.57479e-15
9740 -1.15746e-14
9750 -1.05483e-14
9760 -1.41204e-14
9770 -8.72475e-15
9780 -1.33383e-15
9790 -7.06103e-15
9800 -1.81598e-14
9810 -1.1832e-14
9820 -1.1683e-14
9830 -8.65824e-15
9840 -5.8674e-15
9850 -8.52591e-15
9860 -1.0845e-14
9870 -1.64949e-14
9880 -1.64075e-14
9890 -1.68252e-14
9900 -2.61931e-14
9910 -3.20771e-14
9920 -2.51072e-14
9930 -3.00692e-14
9940 -2.04576e-14
9950 -3.27243e-14
9960 -2.40857e-14
9970 -3.15783e-14
9980 -3.1039e-14
9990 -3.34009e-14
10000 -2.60915e-14
10010 -2.85696e-14
10020 -2.83158e-14
10030 -2.57847e-14
10040 -3.32842e-14
10050 -3.53997e-14
10060 -3.62978e-14
10070 -4.53555e-14
10080 -3.48556e-14
10090 -3.52563e-14
10100 -4.77188e-14
10110 -4.57303e-14
10120 -3.96358e-14
10130 -4.60179e-14
10140 -4.73241e-14
10150 -4.98284e-14
10160 -4.5922e-14
10170 -5.11066e-14
10180 -5.50731e-14
10190 -5.64314e-14
10200 -6.03422e-14
10210 -5.26215e-14
10220 -4.77033e-14
10230 -4.79116e-14
10240 -4.69791e-14
10250 -4.51842e-14
10260 -4.74122e-14
10270 -4.93713e-14
10280 -4.19879e-14
10290 -3.97185e-14
10300 -5.00881e-14
10310 -5.19673e-14
10320 -5.72937e-14
10330 -5.60483e-14
10340 -4.28546e-14
10350 -4.37569e-14
10360 -3.74531e-14
10370 -4.18024e-14
10380 -3.58384e-14
10390 -3.27421e-14
10400 -2.80517e-14
10410 -2.3041e-14
10420 -2.04032e-14
10430 -3.11873e-14
10440 -3.26035e-14
10450 -3.41836e-14
10460 -2.80108e-14
10470 -3.09651e-14
10480 -2.90336e-14
10490 -3.55418e-14
10500 -3.88673e-14
10510 -3.86712e-14
10520 -3.44368e-14
10530 -3.65956e-14
10540 -5.10375e-14
10550 -5.96481e-14
10560 -5.86526e-14
10570 -5.8853e-14
10580 -5.20969e-14
10590 -4.78382e-14
10600 -4.76689e-14
10610 -4.27137e-14
10620 -4.9513e-14
10630 -4.88621e-14
10640 -4.92241e-14
10650 -3.99389e-14
10660 -4.8071e-14
10670 -4.41847e-14
10680 -5.23593e-14
10690 -4.68264e-14
10700 -5.50217e-14
10710 -4.34777e-14
10720 -4.86993e-14
10730 -5.34601e-14
10740 -5.81635e-14
10750 -5.59288e-14
10760 -5.36915e-14
10770 -5.14629e-14
10780 -5.39812e-14
10790 -5.60303e-14
10800 -5.49941e-14
10810 -5.2667e-14
10820 -4.92956e-14
10830 -5.45351e-14
10840 -5.32256e-14
10850 -6.15442e-14
10860 -5.7948e-14
10870 -5.85554e-14
10880 -5.70173e-14
10890 -5.70186e-14
10900 -6.37735e-14
10910 -6.42259e-14
10920 -6.98458e-14
10930 -7.09365e-14
10940 -5.86297e-14
10950 -6.57885e-14
10960 -6.59194e-14
10970 -7.01999e-14
10980 -8.34176e-14
10990 -7.96733e-14
11000 -8.35907e-14
11010 -7.57409e-14
11020 -8.16629e-14
11030 -8.47337e-14
11040 -8.41609e-14
11050 -8.25183e-14
11060 -7.77669e-14
11070 -7.88017e-14
11080 -7.94072e-14
11090 -8.33467e-14
11100 -7.43902e-14
11110 -8.20468e-14
11120 -8.26185e-14
11130 -8.35814e-14
11140 -7.66986e-14
11150 -7.49984e-14
11160 -6.64221e-14
11170 -7.19852e-14
11180 -6.88567e-14
11190 -7.42627e-14
11200 -7.0654e-14
11210 -7.15486e-14
11220 -7.8315e-14
11230 -8.49482e-14
11240 -8.6685e-14
11250 -7.80727e-14
11260 -7.95092e-14
11270 -7.56578e-14
11280 -8.25465e-14
11290 -8.24426e-14
11300 -9.35315e-14
11310 -8.58863e-14
11320 -8.8298e-14
11330 -8.09069e-14
11340 -8.24703e-14
11350 -9.03245e-14
11360 -9.22367e-14
11370 -8.71617e-14
11380 -7.92917e-14
11390 -8.02542e-14
11400 -8.3164e-14
11410 -7.64293e-14
11420 -8.45641e-14
11430 -6.61091e-14
11440 -7.59799e-14
11450 -7.78653e-14
11460 -7.9977e-14
11470 -7.66979e-14
11480 -8.04296e-14
11490 -8.22508e-14
11500 -8.21926e-14
11510 -8.31295e-14
11520 -9.30575e-14
11530 -8.57225e-14
11540 -8.57791e-14
11550 -8.96377e-14
11560 -9.43108e-14
11570 -8.78106e-14
11580 -8.74825e-14
11590 -7.99219e-14
11600 -9.53032e-14
11610 -1.03542e-13
11620 -1.1025e-13
11630 -1.12662e-13
11640 -1.17317e-13
11650 -1.08794e-13
11660 -1.10908e-13
11670 -1.0573e-13
11680 -1.10275e-13
11690 -1.04505e-13
11700 -9.91076e-14
11710 -9.88316e-14
11720 -9.92181e-14
11730 -1.01958e-13
11740 -9.1196e-14
11750 -8.96994e-14
11760 -9.16905e-14
11770 -9.89744e-14
11780 -1.02689e-13
11790 -1.08047e-13
11800 -1.04114e-13
11810 -1.04899e-13
11820 -1.05786e-13
11830 -1.05846e-13
11840 -9.98081e-14
11850 -1.04075e-13
11860 -1.09987e-13
11870 -1.00224e-13
11880 -9.81639e-14
11890 -9.19047e-14
11900 -8.21673e-14
11910 -8.54678e-14
11920 -9.6798e-14
11930 -9.66541e-14
11940 -9.7855e-14
11950 -9.56481e-14
11960 -8.71053e-14
11970 -9.18049e-14
11980 -9.13461e-14
11990 -9.11615e-14
12000 -8.51449e-14
12010 -7.19806e-14
12020 -6.59484e-14
12030 -6.66581e-14
12040 -5.86005e-14
12050 -5.29808e-14
12060 -5.86013e-14
12070 -5.29125e-14
12080 -4.73861e-14
12090 -3.89516e-14
12100 -3.79977e-14
12110 -4.03487e-14
12120 -4.82006e-14
12130 -4.21525e-14
12140 -4.35601e-14
12150 -3.49537e-14
12160 -4.77545e-14
12170 -5.16487e-14
12180 -5.39159e-14
12190 -4.59795e-14
12200 -5.49969e-14
12210 -6.06858e-14
12220 -6.64474e-14
12230 -6.02041e-14
12240 -5.41022e-14
12250 -5.29397e-14
12260 -5.71373e-14
12270 -6.01766e-14
12280 -5.3295e-14
12290 -5.30761e-14
12300 -5.6283e-14
12310 -5.26546e-14
12320 -5.35581e-14
12330 -6.10593e-14
12340 -6.21755e-14
12350 -5.7325e-14
12360 -6.47278e-14
12370 -5.76193e-14
12380 -5.22905e-14
12390 -4.78115e-14
12400 -4.7032e-14
12410 -5.53516e-14
12420 -5.18616e-14
12430 -4.58321e-14
12440 -4.67582e-14
12450 -3.17228e-14
12460 -3.77429e-14
12470 -3.4717e-14
12480 -2.8114e-14
12490 -1.63568e-14
12500 -2.02987e-14
12510 -2.18718e-14
12520 -3.49784e-14
12530 -2.71979e-14
12540 -2.76851e-14
12550 -2.16558e-14
12560 -3.10333e-14
12570 -3.45711e-14
12580 -3.09342e-14
12590 -2.25324e-14
12600 -1.56977e-14
12610 -2.35502e-14
12620 -2.43219e-14
12630 -1.31928e-14
12640 -6.82041e-15
12650 -7.92351e-15
12660 -1.84311e-14
12670 -2.13335e-14
12680 -2.21121e-14
12690 -1.99796e-14
12700 -1.96961e-14
12710 -2.43674e-14
12720 -2.73575e-14
12730 -3.53061e-14
12740 -4.28708e-14
12750 -3.71932e-14
12760 -3.99668e-14
12770 -3.78971e-14
12780 -4.29521e-14
12790 -3.80957e-14
12800 -3.81391e-14
12810 -3.51148e-14
12820 -3.30133e-14
12830 -2.38614e-14
12840 -2.75412e-14
12850 -2.56561e-14
12860 -2.28746e-14
12870 -3.05711e-14
12880 -3.98771e-14
12890 -4.11765e-14
12900 -3.33245e-14
12910 -3.56022e-14
12920 -2.56613e-14
12930 -2.98151e-14
12940 -2.45892e-14
12950 -2.03173e-14
12960 -2.45049e-14
12970 -1.95891e-14
12980 -2.60066e-14
12990 -1.76997e-14
13000 -1.71835e-14
13010 -1.63624e-14
13020 -2.2983e-14
13030 -2.89675e-14
13040 -2.50919e-14
13050 -2.48757e-14
13060 -2.34909e-14
13070 -2.45074e-14
13080 -3.34914e-14
13090 -4.40788e-14
13100 -4.43091e-14
13110 -4.06989e-14
13120 -5.02718e-14
13130 -4.18842e-14
13140 -4.96888e-14
13150 -5.05243e-14
13160 -5.13448e-14
13170 -5.84691e-14
13180 -5.72036e-14
13190 -5.79258e-14
13200 -4.82818e-14
13210 -4.98042e-14
13220 -5.57593e-14
13230 -5.52539e-14
13240 -5.44669e-14
13250 -6.2102e-14
13260 -5.51922e-14
13270 -4.92692e-14
13280 -4.91982e-14
13290 -5.39351e-14
13300 -6.0013e-14
13310 -5.20976e-14
13320 -4.51502e-14
13330 -5.38376e-14
13340 -4.74033e-14
13350 -4.93314e-14
13360 -4.55066e-14
13370 -4.69665e-14
13380 -3.93672e-14
13390 -4.21787e-14
13400 -3.98905e-14
13410 -3.80833e-14
13420 -4.41428e-14
13430 -3.78294e-14
13440 -4.00658e-14
13450 -3.57943e-14
13460 -4.44609e-14
13470 -3.30962e-14
13480 -2.70253e-14
13490 -2.5888e-14
13500 -3.49807e-14
13510 -3.86302e-14
13520 -4.04646e-14
13530 -5.01003e-14
13540 -5.11614e-14
13550 -4.92283e-14
13560 -5.15506e-14
13570 -4.51198e-14
13580 -3.88121e-14
13590 -3.47548e-14
13600 -4.02944e-14
13610 -4.56495e-14
13620 -4.09032e-14
13630 -3.95113e-14
13640 -3.4559e-14
13650 -3.11921e-14
13660 -2.95092e-14
13670 -2.64677e-14
13680 -2.62475e-14
13690 -2.4012e-14
13700 -2.49431e-14
13710 -2.35955e-14
13720 -2.88847e-14
13730 -2.66901e-14
13740 -2.18482e-14
13750 -1.06977e-14
13760 -2.08155e-14
13770 -2.7291e-14
13780 -2.88424e-14
13790 -3.55566e-14
13800 -2.80332e-14
13810 -2.34559e-14
13820 -2.01452e-14
13830 -2.46163e-14
13840 -2.23116e-14
13850 -2.58727e-14
13860 -2.77556e-14
13870 -2.71665e-14
13880 -2.58973e-14
13890 -2.44043e-14
13900 -2.22619e-14
13910 -2.24726e-14
13920 -3.1129e-14
13930 -2.33532e-14
13940 -2.5549e-14
13950 -2.1806e-14
13960 -2.40927e-14
13970 -3.32943e-14
13980 -3.26069e-14
13990 -2.67508e-14
14000 -2.98828e-14
14010 -1.99945e-14
14020 -1.93088e-14
14030 -3.06665e-14
14040 -3.34035e-14
14050 -4.21623e-14
14060 -2.90607e-14
14070 -2.33867e-14
14080 -2.16604e-14
14090 -1.74619e-14
14100 -2.28463e-14
14110 -2.86176e-14
14120 -3.83431e-14
14130 -2.95318e-14
14140 -2.08988e-14
14150 -2.089e-14
14160 -2.82377e-14
14170 -3.10266e-14
14180 -2.54973e-14
14190 -3.102e-14
14200 -2.61338e-14
14210 -3.71628e-14
14220 -2.96267e-14
14230 -3.57793e-14
14240 -2.7318e-14
14250 -2.70355e-14
14260 -2.58441e-14
14270 -3.23157e-14
14280 -3.68414e-14
14290 -3.31972e-14
14300 -2.59972e-14
14310 -2.34904e-14
14320 -3.14891e-14
14330 -3.35532e-14
14340 -3.937e-14
14350 -4.71719e-14
14360 -4.55272e-14
14370 -4.48466e-14
14380 -4.98244e-14
14390 -4.66851e-14
14400 -4.5458e-14
14410 -4.1061e-14
14420 -4.0913e-14
14430 -3.97279e-14
14440 -3.80308e-14
14450 -4.80831e-14
14460 -4.6863e-14
14470 -3.31911e-14
14480 -2.35599e-14
14490 -2.50075e-14
14500 -3.64152e-14
14510 -3.98347e-14
14520 -5.16706e-14
14530 -4.02921e-14
14540 -4.09968e-14
14550 -3.24023e-14
14560 -2.8152e-14
14570 -1.99881e-14
14580 -2.28559e-14
14590 -2.16402e-14
14600 -2.61909e-14
14610 -2.82495e-14
14620 -2.71575e-14
14630 -3.0804e-14
14640 -3.67133e-14
14650 -2.70722e-14
14660 -2.65932e-14
14670 -3.54464e-14
14680 -2.41309e-14
14690 -3.73489e-14
14700 -3.51382e-14
14710 -3.12359e-14
14720 -4.39442e-14
14730 -3.69683e-14
14740 -3.35094e-14
14750 -3.20317e-14
14760 -2.37459e-14
14770 -2.70793e-14
14780 -3.16031e-14
14790 -3.13237e-14
14800 -2.10332e-14
14810 -1.11314e-14
14820 -6.34519e-15
14830 -3.04657e-15
14840 -1.0639e-14
14850 -1.13684e-14
14860 -8.45145e-15
14870 -6.87627e-15
14880 -8.20913e-15
14890 -4.48362e-15
14900 -2.96978e-15
14910 -1.01118e-14
14920 -2.26634e-15
14930 -7.01535e-15
14940 -4.53123e-15
14950 -5.36773e-15
14960 -1.15418e-14
14970 -1.93892e-14
14980 -2.69119e-14
14990 -2.81875e-14
15000 -1.59665e-14
15010 -1.27336e-14
15020 -8.70179e-15
15030 -9.56945e-15
15040 -1.80732e-14
15050 -2.45319e-14
15060 -2.61561e-14
15070 -2.02786e-14
15080 -1.62525e-14
15090 -2.159e-14
15100 -4.0023e-15
15110 -1.41976e-14
15120 -1.14737e-14
15130 -1.17544e-14
15140 -1.14414e-14
15150 -3.88617e-15
15160 -1.07013e-14
15170 -1.41013e-16
15180 -1.19126e-14
15190 -1.68527e-14
15200 -1.50043e-14
15210 -8.41902e-15
15220 2.98254e-15
15230 2.56037e-15
15240 -1.78767e-16
15250 -6.46792e-15
15260 -3.03094e-15
15270 -1.57249e-15
15280 1.70755e-14
15290 1.57442e-14
15300 2.10577e-14
15310 1.87914e-14
15320 1.0878e-14
15330 2.58618e-14
15340 1.89912e-14
15350 2.51731e-14
15360 1.6983e-14
15370 2.34083e-14
15380 2.21523e-14
15390 1.48848e-14
15400 2.61018e-14
15410 2.43465e-14
15420 3.09201e-14
15430 3.95757e-14
15440 2.8542e-14
15450 2.96848e-14
15460 2.89449e-14
15470 2.46142e-14
15480 2.78716e-14
15490 2.71929e-14
15500 3.64038e-14
15510 2.69767e-14
15520 2.43138e-14
15530 2.20863e-14
15540 1.30742e-14
15550 2.03443e-14
15560 3.23833e-14
15570 3.65106e-14
15580 3.90276e-14
15590 2.3263e-14
15600 2.71595e-14
15610 1.64342e-14
15620 1.33792e-14
15630 1.5516e-14
15640 2.22457e-14
15650 3.12387e-14
15660 3.82118e-14
15670 4.22462e-14
15680 3.83337e-14
15690 2.77666e-14
15700 2.78138e-14
15710 9.23687e-15
15720 4.88254e-15
15730 7.44083e-15
15740 3.9405e-15
15750 1.18424e-14
15760 2.79498e-14
15770 8.34253e-14
15780 2.03289e-13
15790 4.4381e-13
15800 8.47379e-13
15810 1.48073e-12
15820 2.43143e-12
15830 3.72507e-12
15840 5.21535e-12
15850 6.41267e-12
15860 6.09188e-12
15870 1.63906e-12
15880 -1.21616e-11
15890 -4.50331e-11
15900 -1.14361e-10
15910 -2.50395e-10
15920 -5.04252e-10
15930 -9.60358e-10
15940 -1.75551e-09
15950 -3.10751e-09
15960 -5.35767e-09
15970 -9.03329e-09
15980 -1.49384e-08
15990 -2.42839e-08
16000 -3.88731e-08
16010 -6.13623e-08
16020 -9.56249e-08
16030 -1.47255e-07
16040 -2.24259e-07
16050 -3.37992e-07
16060 -5.04427e-07
16070 -7.45847e-07
16080 -1.0931e-06
16090 -1.58858e-06
16100 -2.29008e-06
16110 -3.27589e-06
16120 -4.65129e-06
16130 -6.55692e-06
16140 -9.17942e-06
16150 -1.27649e-05
16160 -1.7636e-05
16170 -2.42128e-05
16180 -3.30392e-05
16190 -4.48153e-05
16200 -6.04369e-05
16210 -8.10442e-05
16220 -0.00010808
16230 -0.000143359
16240 -0.000189154
16250 -0.000248293
16260 -0.000324282
16270 -0.000421436
16280 -0.000545047
16290 -0.000701567
16300 -0.000898828
16310 -0.00114628
16320 -0.00145529
16330 -0.00183943
16340 -0.00231485
16350 -0.00290068
16360 -0.00361947
16370 -0.00449763
16380 -0.00556601
16390 -0.00686043
16400 -0.0084223
16410 -0.0102992
16420 -0.0125458
16430 -0.0152242
16440 -0.0184048
16450 -0.0221672
16460 -0.0266008
16470 -0.0318054
16480 -0.0378921
16490 -0.0449837
16500 -0.0532157
16510 -0.0627361
16520 -0.0737066
16530 -0.0863022
16540 -0.100712
16550 -0.117137
16560 -0.135795
16570 -0.156913
16580 -0.180731
16590 -0.207502
16600 -0.237487
16610 -0.270955
16620 -0.308182
16630 -0.349448
16640 -0.395034
16650 -0.445222
16660 -0.500286
16670 -0.560495
16680 -0.626105
16690 -0.697357
16700 -0.774473
16710 -0.857652
16720 -0.947064
16730 -1.04285
16740 -1.1451
16750 -1.25389
16760 -1.36923
16770 -1.49108
16780 -1.61937
16790 -1.75395
16800 -1.89463
16810 -2.04115
16820 -2.1932
16830 -2.35039
16840 -2.51229
16850 -2.67839
16860 -2.84813
16870 -3.0209
16880 -3.19603
16890 -3.37278
16900 -3.5504
16910 -3.72806
16920 -3.90493
16930 -4.08015
16940 -4.2528
16950 -4.42199
16960 -4.58682
16970 -4.74636
16980 -4.89974
16990 -5.04606
17000 -5.1845
17010 -5.31424
17020 -5.43451
17030 -5.54461
17040 -5.64388
17050 -5.73174
17060 -5.80769
17070 -5.87127
17080 -5.92213
17090 -5.96002
17100 -5.98473
17110 -5.99617
17120 -5.99434
17130 -5.9793
17140 -5.95124
17150 -5.91038
17160 -5.85706
17170 -5.79169
17180 -5.71473
17190 -5.62673
17200 -5.52829
17210 -5.42005
17220 -5.30272
17230 -5.17703
17240 -5.04374
17250 -4.90366
17260 -4.75759
17270 -4.60634
17280 -4.45074
17290 -4.2916
17300 -4.12971
17310 -3.96587
17320 -3.80084
17330 -3.63535
17340 -3.4701
17350 -3.30575
17360 -3.14293
17370 -2.98222
17380 -2.82415
17390 -2.6692
17400 -2.51782
17410 -2.37041
17420 -2.22729
17430 -2.08877
17440 -1.95509
17450 -1.82646
17460 -1.70303
17470 -1.58492
17480 -1.4722
17490 -1.36492
17500 -1.26307
17510 -1.16663
17520 -1.07553
17530 -0.989709
17540 -0.909041
17550 -0.833404
17560 -0.762652
17570 -0.696625
17580 -0.63515
17590 -0.578044
17600 -0.525115
17610 -0.476169
17620 -0.431006
17630 -0.389424
17640 -0.351223
17650 -0.316202
17660 -0.284167
17670 -0.254923
17680 -0.228284
17690 -0.204068
17700 -0.1821
17710 -0.162212
17720 -0.144243
17730 -0.128042
17740 -0.113462
17750 -0.100369
17760 -0.0886329
17770 -0.0781346
17780 -0.0687615
17790 -0.0604093
17800 -0.0529811
17810 -0.0463872
17820 -0.0405451
17830 -0.0353789
17840 -0.0308189
17850 -0.0268014
17860 -0.0232686
17870 -0.0201677
17880 -0.0174509
17890 -0.015075
17900 -0.013001
17910 -0.0111937
17920 -0.00962185
17930 -0.0082571
17940 -0.0070743
17950 -0.00605102
17960 -0.00516732
17970 -0.0044055
17980 -0.0037499
17990 -0.0031867
18000 -0.00270371
18010 -0.00229024
18020 -0.00193689
18030 -0.00163543
18040 -0.00137868
18050 -0.00116039
18060 -0.000975114
18070 -0.000818119
18080 -0.000685316
18090 -0.000573166
18100 -0.000478614
18110 -0.000399033
18120 -0.000332164
18130 -0.000276068
18140 -0.000229089
18150 -0.000189809
18160 -0.00015702
18170 -0.000129694
18180 -0.000106959
18190 -8.80733e-05
18200 -7.24109e-05
18210 -5.94426e-05
18220 -4.87223e-05
18230 -3.98745e-05
18240 -3.25837e-05
18250 -2.65856e-05
18260 -2.16588e-05
18270 -1.76184e-05
18280 -1.43101e-05
18290 -1.16055e-05
18300 -9.39799e-06
18310 -7.59896e-06
18320 -6.13514e-06
18330 -4.94591e-06
18340 -3.98127e-06
18350 -3.20002e-06
18360 -2.56826e-06
18370 -2.05818e-06
18380 -1.64697e-06
18390 -1.31598e-06
18400 -1.04997e-06
18410 -8.36496e-07
18420 -6.65452e-07
18430 -5.2861e-07
18440 -4.19296e-07
18450 -3.32105e-07
18460 -2.62663e-07
18470 -2.0744e-07
18480 -1.63591e-07
18490 -1.28825e-07
18500 -1.01301e-07
18510 -7.95437e-08
18520 -6.23698e-08
18530 -4.88338e-08
18540 -3.8181e-08
18550 -2.98095e-08
18560 -2.32404e-08
18570 -1.80932e-08
18580 -1.40661e-08
18590 -1.09198e-08
18600 -8.46534e-09
18610 -6.55332e-09
18620 -5.06603e-09
18630 -3.91078e-09
18640 -3.01475e-09
18650 -2.32076e-09
18660 -1.78404e-09
18670 -1.36953e-09
18680 -1.04987e-09
18690 -8.03695e-10
18700 -6.14387e-10
18710 -4.69018e-10
18720 -3.57548e-10
18730 -2.72196e-10
18740 -2.06924e-10
18750 -1.5709e-10
18760 -1.19089e-10
18770 -9.01517e-11
18780 -6.81505e-11
18790 -5.14451e-11
18800 -3.87754e-11
18810 -2.91858e-11
18820 -2.1936e-11
18830 -1.64524e-11
18840 -1.23232e-11
18850 -9.21675e-12
18860 -6.87278e-12
18870 -5.11633e-12
18880 -3.7987e-12
18890 -2.81831e-12
18900 -2.07484e-12
18910 -1.52737e-12
18920 -1.11689e-12
18930 -8.04148e-13
18940 -5.77677e-13
18950 -4.05396e-13
18960 -2.7771e-13
18970 -1.909e-13
18980 -1.17646e-13
18990 -6.67961e-14
19000 -2.95441e-14
19010 -3.25362e-15
19020 1.60972e-14
19030 2.18857e-14
19040 3.79243e-14
19050 4.64504e-14
19060 5.90936e-14
19070 6.33713e-14
19080 6.52862e-14
19090 6.4961e-14
19100 6.69623e-14
19110 7.07246e-14
19120 7.12532e-14
19130 6.82182e-14
19140 6.84983e-14
19150 7.27425e-14
19160 7.45576e-14
19170 7.73002e-14
19180 7.82905e-14
19190 7.71854e-14
19200 7.56435e-14
19210 7.56365e-14
19220 6.5607e-14
19230 6.86593e-14
19240 6.34871e-14
19250 6.42444e-14
19260 7.22801e-14
19270 7.75857e-14
19280 7.55916e-14
19290 6.96763e-14
19300 6.90105e-14
19310 7.0146e-14
19320 7.27843e-14
19330 6.30211e-14
19340 6.53068e-14
19350 6.5992e-14
19360 6.78121e-14
19370 7.36564e-14
19380 7.15888e-14
19390 6.82431e-14
19400 6.96116e-14
19410 6.96035e-14
19420 6.74612e-14
19430 6.3942e-14
19440 6.06448e-14
19450 6.27312e-14
19460 6.76457e-14
19470 6.66979e-14
19480 7.18524e-14
19490 7.69754e-14
19500 7.49858e-14
19510 7.56969e-14
19520 8.09442e-14
19530 8.2523e-14
19540 8.31369e-14
19550 7.82653e-14
19560 8.02534e-14
19570 7.81023e-14
19580 8.00064e-14
19590 7.7709e-14
19600 8.22459e-14
19610 7.7761e-14
19620 8.49664e-14
19630 8.79376e-14
19640 8.37978e-14
19650 8.4979e-14
19660 8.2702e-14
19670 8.01059e-14
19680 8.24814e-14
19690 8.36459e-14
19700 8.51522e-14
19710 9.18711e-14
19720 9.02368e-14
19730 9.21019e-14
19740 9.37618e-14
19750 9.56523e-14
19760 9.51702e-14
19770 9.89563e-14
19780 1.01736e-13
19790 1.05775e-13
19800 1.06506e-13
19810 1.10069e-13
19820 1.12356e-13
19830 1.1376e-13
19840 1.19229e-13
19850 1.16369e-13
19860 1.11874e-13
19870 1.12587e-13
19880 1.15167e-13
19890 1.13836e-13
19900 1.17614e-13
19910 1.16715e-13
19920 1.19638e-13
19930 1.25314e-13
19940 1.26571e-13
19950 1.22419e-13
19960 1.16551e-13
19970 1.1738e-13
19980 1.12183e-13
19990 1.1436e-13
20000 1.11955e-13
20010 1.12081e-13
20020 1.13016e-13
20030 1.16638e-13
20040 1.13582e-13
20050 1.15273e-13
20060 1.1621e-13
20070 1.18702e-13
20080 1.18962e-13
20090 1.19162e-13
20100 1.21289e-13
20110 1.16434e-13
20120 1.20546e-13
20130 1.26013e-13
20140 1.255e-13
20150 1.26692e-13
20160 1.22322e-13
20170 1.23918e-13
20180 1.20485e-13
20190 1.2555e-13
20200 1.2828e-13
20210 1.22576e-13
20220 1.22443e-13
20230 1.27397e-13
20240 1.21699e-13
20250 1.22163e-13
20260 1.23418e-13
20270 1.268e-13
20280 1.24994e-13
20290 1.22854e-13
20300 1.20827e-13
20310 1.17359e-13
20320 1.18542e-13
20330 1.21683e-13
20340 1.24713e-13
20350 1.20479e-13
20360 1.14433e-13
20370 1.21858e-13
20380 1.23164e-13
20390 1.20037e-13
20400 1.27293e-13
20410 1.1678e-13
20420 1.17717e-13
20430 1.1314e-13
20440 1.20215e-13
20450 1.20454e-13
20460 1.1698e-13
20470 1.15818e-13
20480 1.17706e-13
20490 1.1919e-13
20500 1.27021e-13
20510 1.22576e-13
20520 1.29041e-13
20530 1.18142e-13
20540 1.20336e-13
20550 1.22927e-13
20560 1.16632e-13
20570 1.21497e-13
20580 1.25679e-13
20590 1.17997e-13
20600 1.12051e-13
20610 1.14399e-13
20620 1.15e-13
20630 1.04496e-13
20640 1.08608e-13
20650 1.08387e-13
20660 1.11131e-13
20670 1.15204e-13
20680 1.17588e-13
20690 1.17117e-13
20700 1.15205e-13
20710 1.14737e-13
20720 1.2341e-13
20730 1.20014e-13
20740 1.17868e-13
20750 1.09049e-13
20760 1.16549e-13
20770 1.15964e-13
20780 1.10093e-13
20790 1.05582e-13
20800 1.05289e-13
20810 1.00436e-13
20820 1.00449e-13
20830 1.02684e-13
20840 1.01673e-13
20850 1.04948e-13
20860 1.0096e-13
20870 1.08311e-13
20880 1.05755e-13
20890 1.0685e-13
20900 1.02022e-13
20910 1.02478e-13
20920 1.02389e-13
20930 1.12475e-13
20940 1.14337e-13
20950 1.17179e-13
20960 1.0745e-13
20970 1.0867e-13
20980 1.10459e-13
20990 1.03888e-13
21000 1.03627e-13
21010 9.58651e-14
21020 9.75739e-14
21030 1.02268e-13
21040 1.01729e-13
21050 1.01095e-13
21060 9.10392e-14
21070 9.15352e-14
21080 8.47318e-14
21090 9.26861e-14
21100 9.7548e-14
21110 9.15162e-14
21120 9.66572e-14
21130 8.85179e-14
21140 9.12302e-14
21150 9.18546e-14
21160 8.50363e-14
21170 8.61834e-14
21180 8.63668e-14
21190 8.62986e-14
21200 9.43152e-14
21210 9.35402e-14
21220 9.12325e-14
21230 9.02264e-14
21240 9.36492e-14
21250 9.2752e-14
21260 8.99346e-14
21270 9.36559e-14
21280 1.0209e-13
21290 9.88228e-14
21300 9.60828e-14
21310 9.49586e-14
21320 9.69248e-14
21330 1.0352e-13
21340 1.07157e-13
21350 1.13335e-13
21360 1.14542e-13
21370 1.15976e-13
21380 1.20483e-13
21390 1.13856e-13
21400 1.13544e-13
21410 1.15755e-13
21420 1.17141e-13
21430 1.18486e-13
21440 1.13436e-13
21450 1.04494e-13
21460 1.08803e-13
21470 1.05314e-13
21480 1.08922e-13
21490 1.04737e-13
21500 1.04149e-13
21510 1.03899e-13
21520 1.07361e-13
21530 1.05617e-13
21540 1.03028e-13
21550 1.03926e-13
21560 1.06785e-13
21570 1.08853e-13
21580 1.06455e-13
21590 1.03812e-13
21600 1.08978e-13
21610 1.13891e-13
21620 1.03485e-13
21630 1.11791e-13
21640 1.06987e-13
21650 1.14056e-13
21660 1.11707e-13
21670 1.09764e-13
21680 1.06223e-13
21690 1.0905e-13
21700 1.08476e-13
21710 1.02873e-13
21720 1.02244e-13
21730 1.02435e-13
21740 1.0629e-13
21750 1.04178e-13
21760 1.08762e-13
21770 1.08524e-13
21780 1.04818e-13
21790 1.02472e-13
21800 1.01039e-13
21810 9.48172e-14
21820 9.35425e-14
21830 9.21002e-14
21840 8.89361e-14
21850 9.04212e-14
21860 9.17669e-14
21870 8.93225e-14
21880 9.18828e-14
21890 9.07e-14
21900 9.19736e-14
21910 8.85864e-14
21920 9.21041e-14
21930 9.58516e-14
21940 9.33654e-14
21950 9.48285e-14
21960 9.00435e-14
21970 9.55304e-14
21980 9.76807e-14
21990 1.03752e-13
22000 9.91995e-14
22010 9.79474e-14
22020 1.06164e-13
22030 9.78978e-14
22040 9.55586e-14
22050 1.02347e-13
22060 1.02037e-13
22070 1.03396e-13
22080 9.56896e-14
22090 9.06887e-14
22100 9.4738e-14
22110 8.86767e-14
22120 9.26814e-14
22130 8.92062e-14
22140 9.08141e-14
22150 9.02535e-14
22160 8.51134e-14
22170 9.18185e-14
22180 8.46965e-14
22190 8.87877e-14
22200 8.85333e-14
22210 8.68886e-14
22220 8.77684e-14
22230 8.58416e-14
22240 8.87876e-14
22250 9.0971e-14
22260 8.65441e-14
22270 9.41783e-14
22280 8.40552e-14
22290 8.76957e-14
22300 8.446e-14
22310 8.72617e-14
22320 9.15389e-14
22330 9.36333e-14
22340 9.35583e-14
22350 9.52129e-14
22360 1.00466e-13
22370 1.02609e-13
22380 1.0478e-13
22390 9.82515e-14
22400 1.02073e-13
22410 9.89317e-14
22420 9.19571e-14
22430 9.43747e-14
22440 9.32283e-14
22450 9.34798e-14
22460 1.04685e-13
22470 1.037e-13
22480 1.06498e-13
22490 9.65114e-14
22500 1.01527e-13
22510 1.07595e-13
22520 1.0083e-13
22530 1.02634e-13
22540 1.02427e-13
22550 9.97544e-14
22560 9.9258e-14
22570 1.02392e-13
22580 1.06517e-13
22590 1.1579e-13
22600 1.06694e-13
22610 1.11614e-13
22620 1.03641e-13
22630 1.03134e-13
22640 1.09904e-13
22650 1.07818e-13
22660 1.10403e-13
22670 1.19257e-13
22680 1.20958e-13
22690 1.17045e-13
22700 1.2049e-13
22710 1.19501e-13
22720 1.1452e-13
22730 1.21307e-13
22740 1.16434e-13
22750 1.19989e-13
22760 1.11589e-13
22770 1.23041e-13
22780 1.18806e-13
22790 1.26041e-13
22800 1.22984e-13
22810 1.16687e-13
22820 1.2033e-13
22830 1.1812e-13
22840 1.13175e-13
22850 1.07596e-13
22860 1.09097e-13
22870 1.04827e-13
22880 1.1836e-13
22890 1.14595e-13
22900 1.13733e-13
22910 1.10813e-13
22920 1.0346e-13
22930 1.13269e-13
22940 1.16742e-13
22950 1.03051e-13
22960 1.07836e-13
22970 1.05598e-13
22980 1.10047e-13
22990 1.09541e-13
23000 1.09443e-13
23010 1.14827e-13
23020 1.11929e-13
23030 1.0969e-13
23040 1.06992e-13
23050 1.04306e-13
23060 9.81806e-14
23070 9.97696e-14
23080 9.36346e-14
23090 1.02839e-13
23100 9.77157e-14
23110 9.48475e-14
23120 9.62453e-14
23130 9.56361e-14
23140 9.54714e-14
23150 9.51216e-14
23160 9.79193e-14
23170 1.01825e-13
23180 1.05657e-13
23190 1.04191e-13
23200 1.08979e-13
23210 1.17122e-13
23220 1.17647e-13
23230 1.18873e-13
23240 1.16771e-13
23250 1.12263e-13
23260 1.1259e-13
23270 1.09039e-13
23280 1.07124e-13
23290 9.91267e-14
23300 9.77025e-14
23310 9.42329e-14
23320 1.0088e-13
23330 1.01359e-13
23340 1.03554e-13
23350 1.15997e-13
23360 1.08008e-13
23370 1.17462e-13
23380 1.11413e-13
23390 1.1447e-13
23400 1.158e-13
23410 1.10898e-13
23420 1.15369e-13
23430 1.13969e-13
23440 1.09542e-13
23450 1.03487e-13
23460 1.01368e-13
23470 1.0035e-13
23480 1.03962e-13
23490 1.05243e-13
23500 1.05293e-13
23510 1.06285e-13
23520 1.02677e-13
23530 1.03012e-13
23540 9.728e-14
23550 9.8535e-14
23560 1.00943e-13
23570 9.47879e-14
23580 9.55918e-14
23590 9.41733e-14
23600 9.56234e-14
23610 9.56086e-14
23620 9.28845e-14
23630 9.27596e-14
23640 9.76338e-14
23650 9.87933e-14
23660 9.89756e-14
23670 9.71677e-14
23680 9.48775e-14
23690 9.53257e-14
23700 9.47753e-14
23710 9.49955e-14
23720 9.94889e-14
23730 1.00068e-13
23740 9.87601e-14
23750 1.12922e-13
23760 1.08682e-13
23770 1.04601e-13
23780 9.9216e-14
23790 1.04625e-13
23800 1.02403e-13
23810 1.01615e-13
23820 1.05756e-13
23830 1.0197e-13
23840 9.78043e-14
23850 1.09395e-13
23860 1.00417e-13
23870 1.00673e-13
23880 9.77723e-14
23890 1.01712e-13
23900 9.08275e-14
23910 9.84991e-14
23920 9.23168e-14
23930 9.46943e-14
23940 9.75576e-14
23950 9.81209e-14
23960 9.70303e-14
23970 9.03051e-14
23980 9.73762e-14
23990 9.75431e-14
24000 9.71513e-14
24010 9.63963e-14
24020 8.99552e-14
24030 9.24872e-14
24040 9.55159e-14
24050 9.30095e-14
24060 9.44993e-14
24070 9.53478e-14
24080 9.65015e-14
24090 9.557e-14
24100 9.45421e-14
24110 9.33608e-14
24120 9.95887e-14
24130 1.05216e-13
24140 1.04191e-13
24150 1.05076e-13
24160 1.03542e-13
24170 1.04822e-13
24180 1.09282e-13
24190 1.06141e-13
24200 1.07171e-13
24210 1.07875e-13
24220 1.05123e-13
24230 1.09207e-13
24240 1.1003e-13
24250 1.06893e-13
24260 1.07565e-13
24270 9.94302e-14
24280 1.02497e-13
24290 9.87187e-14
24300 1.02756e-13
24310 1.09121e-13
24320 1.06561e-13
24330 1.05363e-13
24340 1.02108e-13
24350 1.12263e-13
24360 1.09346e-13
24370 1.08746e-13
24380 1.07889e-13
24390 1.07319e-13
24400 1.05288e-13
24410 1.13041e-13
24420 1.1162e-13
24430 1.13465e-13
24440 1.14005e-13
24450 1.18856e-13
24460 1.11054e-13
24470 1.11101e-13
24480 1.10682e-13
24490 1.12006e-13
24500 1.15276e-13
24510 1.11821e-13
24520 1.14501e-13
24530 1.10156e-13
24540 1.12142e-13
24550 1.10558e-13
24560 1.10473e-13
24570 1.11363e-13
24580 1.11484e-13
24590 1.07347e-13
24600 1.12757e-13
24610 1.04098e-13
24620 1.08147e-13
24630 1.06606e-13
24640 1.0363e-13
24650 1.03423e-13
24660 1.00953e-13
24670 1.07328e-13
24680 1.05827e-13
24690 1.07623e-13
24700 9.74099e-14
24710 9.8068e-14
24720 8.8747e-14
24730 9.15174e-14
24740 8.39185e-14
24750 8.10693e-14
24760 8.84635e-14
24770 8.40595e-14
24780 8.34581e-14
24790 8.52446e-14
24800 7.91464e-14
24810 7.81651e-14
24820 7.47053e-14
24830 6.67768e-14
24840 6.08608e-14
24850 6.38544e-14
24860 6.78675e-14
24870 7.8981e-14
24880 7.36026e-14
24890 7.25591e-14
24900 7.83094e-14
24910 8.24855e-14
24920 9.12918e-14
24930 8.73403e-14
24940 9.09941e-14
24950 9.04313e-14
24960 9.0723e-14
24970 9.65263e-14
24980 8.48832e-14
24990 8.83432e-14
25000 8.60188e-14
25010 8.67461e-14
25020 8.9284e-14
25030 9.02753e-14
25040 8.56033e-14
25050 8.39994e-14
25060 7.77209e-14
25070 7.39704e-14
25080 7.91793e-14
25090 7.54238e-14
25100 8.01084e-14
25110 8.25517e-14
25120 8.96672e-14
25130 9.1427e-14
25140 8.98119e-14
25150 9.69522e-14
25160 9.24139e-14
25170 1.00229e-13
25180 1.03782e-13
25190 1.04916e-13
25200 1.02352e-13
25210 1.07533e-13
25220 9.95925e-14
25230 9.49255e-14
25240 9.918e-14
25250 8.50285e-14
25260 9.44674e-14
25270 9.9245e-14
25280 9.61191e-14
25290 1.04831e-13
25300 1.03147e-13
25310 9.654e-14
25320 9.8032e-14
25330 1.03067e-13
25340 9.93883e-14
25350 1.00275e-13
25360 9.06007e-14
25370 8.89651e-14
25380 8.91877e-14
25390 9.0633e-14
25400 1.00435e-13
25410 9.82956e-14
25420 9.52894e-14
25430 9.26704e-14
25440 8.72227e-14
25450 8.91823e-14
25460 9.19968e-14
25470 9.23892e-14
25480 1.03911e-13
25490 9.78886e-14
25500 1.0502e-13
25510 1.02665e-13
25520 1.0221e-13
25530 1.00457e-13
25540 1.08332e-13
25550 1.02771e-13
25560 1.11926e-13
25570 1.13134e-13
25580 1.11411e-13
25590 1.06492e-13
25600 1.11948e-13
25610 1.13389e-13
25620 1.26373e-13
25630 1.17078e-13
25640 1.09421e-13
25650 1.08117e-13
25660 1.06019e-13
25670 1.13896e-13
25680 1.13137e-13
25690 1.08981e-13
25700 1.1342e-13
25710 1.17396e-13
25720 1.1453e-13
25730 1.12719e-13
25740 1.07059e-13
25750 1.1088e-13
25760 1.19113e-13
25770 1.09347e-13
25780 1.12606e-13
25790 1.11053e-13
25800 1.13246e-13
25810 1.21727e-13
25820 1.07693e-13
25830 1.1528e-13
25840 1.11041e-13
25850 1.14117e-13
25860 1.15419e-13
25870 1.12289e-13
25880 1.12225e-13
25890 1.18891e-13
25900 1.18084e-13
25910 1.2066e-13
25920 1.1173e-13
25930 1.14663e-13
25940 1.12695e-13
25950 1.06986e-13
25960 1.05678e-13
25970 1.00253e-13
25980 9.82124e-14
25990 8.59727e-14
26000 8.33793e-14
26010 6.47073e-14
26020 4.60937e-14
26030 2.78573e-14
26040 -1.48256e-15
26050 -5.15082e-14
26060 -1.1733e-13
26070 -2.0724e-13
26080 -3.31199e-13
26090 -4.94779e-13
26100 -7.36278e-13
26110 -1.06655e-12
26120 -1.50767e-12
26130 -2.11555e-12
26140 -2.95613e-12
26150 -4.09018e-12
26160 -5.64513e-12
26170 -7.74947e-12
26180 -1.06052e-11
26190 -1.44696e-11
26200 -1.97144e-11
26210 -2.67981e-11
26220 -3.63217e-11
26230 -4.91598e-11
26240 -6.64007e-11
26250 -8.95383e-11
26260 -1.20536e-10
26270 -1.61976e-10
26280 -2.17285e-10
26290 -2.90987e-10
26300 -3.89056e-10
26310 -5.19312e-10
26320 -6.92021e-10
26330 -9.20665e-10
26340 -1.22282e-09
26350 -1.62148e-09
26360 -2.14657e-09
26370 -2.83703e-09
26380 -3.74338e-09
26390 -4.93115e-09
26400 -6.48507e-09
26410 -8.51457e-09
26420 -1.11607e-08
26430 -1.4605e-08
26440 -1.90804e-08
26450 -2.48859e-08
26460 -3.24037e-08
26470 -4.21223e-08
26480 -5.46644e-08
26490 -7.08223e-08
26500 -9.16025e-08
26510 -1.18281e-07
26520 -1.52474e-07
26530 -1.9622e-07
26540 -2.52091e-07
26550 -3.23326e-07
26560 -4.13988e-07
26570 -5.29174e-07
26580 -6.75263e-07
26590 -8.60219e-07
26600 -1.09397e-06
26610 -1.38887e-06
26620 -1.76025e-06
26630 -2.22713e-06
26640 -2.81302e-06
26650 -3.54694e-06
26660 -4.46466e-06
26670 -5.61015e-06
26680 -7.03738e-06
26690 -8.81246e-06
26700 -1.10162e-05
26710 -1.37471e-05
26720 -1.71253e-05
26730 -2.12966e-05
26740 -2.64377e-05
26750 -3.27627e-05
26760 -4.05299e-05
26770 -5.00507e-05
26780 -6.16996e-05
26790 -7.59261e-05
26800 -9.32685e-05
26810 -0.00011437
26820 -0.000139998
26830 -0.000171066
26840 -0.000208657
26850 -0.000254057
26860 -0.000308785
26870 -0.000374634
26880 -0.000453713
26890 -0.000548502
26900 -0.000661906
26910 -0.000797323
26920 -0.000958716
26930 -0.0011507
26940 -0.00137864
26950 -0.00164874
26960 -0.00196819
26970 -0.00234527
26980 -0.00278951
26990 -0.00331184
27000 -0.00392481
27010 -0.00464272
27020 -0.00548189
27030 -0.00646084
27040 -0.00760062
27050 -0.00892497
27060 -0.0104607
27070 -0.0122381
27080 -0.0142909
27090 -0.016657
27100 -0.0193787
27110 -0.022503
27120 -0.0260823
27130 -0.0301743
27140 -0.0348428
27150 -0.0401579
27160 -0.0461966
27170 -0.053043
27180 -0.0607889
27190 -0.0695339
27200 -0.0793858
27210 -0.0904611
27220 -0.102885
27230 -0.116791
27240 -0.132323
27250 -0.149633
27260 -0.168882
27270 -0.19024
27280 -0.213885
27290 -0.240003
27300 -0.268788
27310 -0.30044
27320 -0.335165
27330 -0.373174
27340 -0.41468
27350 -0.459898
27360 -0.509045
27370 -0.562334
27380 -0.619975
27390 -0.682172
27400 -0.749121
27410 -0.821004
27420 -0.897993
27430 -0.980241
27440 -1.06788
27450 -1.16102
27460 -1.25975
27470 -1.36412
27480 -1.47415
27490 -1.58983
27500 -1.71111
27510 -1.8379
27520 -1.97006
27530 -2.10741
27540 -2.24971
27550 -2.39669
27560 -2.54802
27570 -2.70331
27580 -2.86214
27590 -3.02401
27600 -3.18841
27610 -3.35473
27620 -3.52235
27630 -3.69061
27640 -3.85879
27650 -4.02615
27660 -4.1919
27670 -4.35524
27680 -4.51535
27690 -4.6714
27700 -4.82254
27710 -4.96793
27720 -5.10675
27730 -5.23816
27740 -5.36139
27750 -5.47568
27760 -5.58029
27770 -5.67456
27780 -5.75786
27790 -5.82964
27800 -5.88939
27810 -5.93671
27820 -5.97125
27830 -5.99273
27840 -6.001
27850 -5.99594
27860 -5.97757
27870 -5.94597
27880 -5.9013
27890 -5.84384
27900 -5.77392
27910 -5.69197
27920 -5.59849
27930 -5.49406
27940 -5.37931
27950 -5.25495
27960 -5.12171
27970 -4.9804
27980 -4.83184
27990 -4.6769
28000 -4.51644
28010 -4.35137
28020 -4.18256
28030 -4.01092
28040 -3.8373
28050 -3.66258
28060 -3.48757
28070 -3.31307
28080 -3.13985
28090 -2.9686
28100 -2.79999
28110 -2.63464
28120 -2.4731
28130 -2.31587
28140 -2.1634
28150 -2.01607
28160 -1.87421
28170 -1.73807
28180 -1.60788
28190 -1.48379
28200 -1.36591
28210 -1.25428
28220 -1.14892
28230 -1.04979
28240 -0.956816
28250 -0.869895
28260 -0.788883
28270 -0.713611
28280 -0.643889
28290 -0.579503
28300 -0.520227
28310 -0.465821
28320 -0.416034
28330 -0.370612
28340 -0.329297
28350 -0.291828
28360 -0.257951
28370 -0.22741
28380 -0.199961
28390 -0.175362
28400 -0.153383
28410 -0.133804
28420 -0.116414
28430 -0.101013
28440 -0.0874155
28450 -0.0754448
28460 -0.0649376
28470 -0.0557424
28480 -0.0477192
28490 -0.0407393
28500 -0.0346851
28510 -0.0294493
28520 -0.0249349
28530 -0.021054
28540 -0.0177277
28550 -0.0148852
28560 -0.0124634
28570 -0.0104063
28580 -0.00866409
28590 -0.00719312
28600 -0.00595487
28610 -0.00491567
28620 -0.00404617
28630 -0.00332086
28640 -0.00271767
28650 -0.00221757
28660 -0.00180422
28670 -0.00146361
28680 -0.0011838
28690 -0.000954654
28700 -0.000767575
28710 -0.000615316
28720 -0.000491782
28730 -0.000391866
28740 -0.000311306
28750 -0.000246557
28760 -0.00019468
28770 -0.000153247
28780 -0.000120261
28790 -9.40831e-05
28800 -7.33752e-05
28810 -5.70466e-05
28820 -4.42128e-05
28830 -3.41583e-05
28840 -2.63069e-05
28850 -2.01958e-05
28860 -1.54548e-05
28870 -1.17888e-05
28880 -8.9635e-06
28890 -6.79321e-06
28900 -5.13166e-06
28910 -3.86383e-06
28920 -2.89968e-06
28930 -2.16893e-06
28940 -1.61696e-06
28950 -1.20144e-06
28960 -8.89705e-07
28970 -6.56639e-07
28980 -4.82987e-07
28990 -3.5405e-07
29000 -2.58647e-07
29010 -1.88302e-07
29020 -1.36616e-07
29030 -9.87723e-08
29040 -7.11628e-08
29050 -5.1091e-08
29060 -3.65512e-08
29070 -2.60566e-08
29080 -1.8509e-08
29090 -1.31006e-08
29100 -9.23911e-09
29110 -6.49225e-09
29120 -4.54544e-09
29130 -3.17077e-09
29140 -2.20371e-09
29150 -1.52594e-09
29160 -1.05269e-09
29170 -7.23506e-10
29180 -4.95388e-10
29190 -3.37908e-10
29200 -2.29634e-10
29210 -1.55451e-10
29220 -1.04829e-10
29230 -7.04404e-11
29240 -4.71519e-11
29250 -3.1438e-11
29260 -2.08798e-11
29270 -1.38332e-11
29280 -9.14412e-12
29290 -6.00266e-12
29300 -3.93755e-12
29310 -2.57532e-12
29320 -1.68829e-12
29330 -1.10609e-12
29340 -7.28696e-13
29350 -4.7732e-13
29360 -3.10991e-13
29370 -2.15666e-13
29380 -1.54299e-13
29390 -1.28176e-13
29400 -9.38313e-14
29410 -6.90416e-14
29420 -5.36196e-14
29430 -4.62994e-14
29440 -5.65375e-14
29450 -6.64375e-14
29460 -6.2609e-14
29470 -5.3563e-14
29480 -5.30724e-14
29490 -5.39253e-14
29500 -4.41115e-14
29510 -4.37626e-14
29520 -3.93401e-14
29530 -4.68066e-14
29540 -3.79663e-14
29550 -4.24765e-14
29560 -4.55707e-14
29570 -3.62086e-14
29580 -3.44686e-14
29590 -4.61046e-14
29600 -3.99732e-14
29610 -4.19007e-14
29620 -3.21101e-14
29630 -2.72241e-14
29640 -3.75691e-14
29650 -2.60772e-14
29660 -3.9643e-14
29670 -3.56285e-14
29680 -2.04917e-14
29690 -3.19308e-14
29700 -2.77779e-14
29710 -2.81764e-14
29720 -3.92113e-14
29730 -4.52549e-14
29740 -3.01902e-14
29750 -3.2192e-14
29760 -3.3759e-14
29770 -2.78011e-14
29780 -4.21845e-14
29790 -4.86592e-14
29800 -3.15773e-14
29810 -2.61782e-14
29820 -2.61337e-14
29830 -3.2095e-14
29840 -2.98995e-14
29850 -2.78858e-14
29860 -1.89384e-14
29870 -2.86137e-14
29880 -1.75809e-14
29890 -1.15789e-14
29900 5.49933e-16
29910 1.82928e-15
29920 -1.23971e-14
29930 -4.58309e-15
29940 -1.77709e-14
29950 -1.98087e-14
29960 3.19936e-15
29970 5.97149e-15
29980 0
