-10 0
0 7.95319e-10
10 1.70449e-09
20 2.85612e-09
30 4.40989e-09
40 6.57653e-09
50 9.64353e-09
60 1.40092e-08
70 2.02286e-08
80 2.90767e-08
90 4.16336e-08
100 5.94006e-08
110 8.44588e-08
120 1.19682e-07
130 1.69025e-07
140 2.37911e-07
150 3.33744e-07
160 4.66602e-07
170 6.50142e-07
180 9.02805e-07
190 1.24939e-06
200 1.72312e-06
210 2.36833e-06
220 3.24392e-06
230 4.42789e-06
240 6.02302e-06
250 8.16428e-06
260 1.10281e-05
270 1.48444e-05
280 1.99108e-05
290 2.66122e-05
300 3.5443e-05
310 4.70361e-05
320 6.21983e-05
330 8.19529e-05
340 0.000107593
350 0.000140744
360 0.000183442
370 0.000238222
380 0.000308229
390 0.000397345
400 0.000510337
410 0.000653034
420 0.000832524
430 0.00105739
440 0.00133795
450 0.00168658
460 0.00211803
470 0.00264974
480 0.0033023
490 0.00409981
500 0.00507034
510 0.00624642
520 0.00766544
530 0.00937018
540 0.0114092
550 0.0138374
560 0.016716
570 0.0201134
580 0.0241049
590 0.0287728
600 0.0342066
610 0.0405022
620 0.0477618
630 0.056093
640 0.0656073
650 0.0764195
660 0.0886451
670 0.102399
680 0.117793
690 0.134932
700 0.153912
710 0.174817
720 0.197715
730 0.222654
740 0.249658
750 0.278726
760 0.309823
770 0.342882
780 0.3778
790 0.414432
800 0.452594
810 0.492059
820 0.532561
830 0.573789
840 0.615398
850 0.657006
860 0.6982
870 0.738545
880 0.777585
890 0.814858
900 0.849895
910 0.882241
920 0.911452
930 0.937116
940 0.958853
950 0.976332
960 0.989272
970 0.997455
980 1.00073
990 0.999013
1000 0.9923
1010 0.980658
1020 0.964229
1030 0.943226
1040 0.917928
1050 0.888676
1060 0.855864
1070 0.819928
1080 0.78134
1090 0.740597
1100 0.698205
1110 0.654676
1120 0.610512
1130 0.566199
1140 0.522194
1150 0.478921
1160 0.436764
1170 0.396059
1180 0.357095
1190 0.320109
1200 0.285287
1210 0.252763
1220 0.222625
1230 0.194911
1240 0.169622
1250 0.146719
1260 0.126132
1270 0.107764
1280 0.0914977
1290 0.0771981
1300 0.0647199
1310 0.0539109
1320 0.0446166
1330 0.0366833
1340 0.0299616
1350 0.0243084
1360 0.0195889
1370 0.0156783
1380 0.0124621
1390 0.0098367
1400 0.00770981
1410 0.00599983
1420 0.00463553
1430 0.00355539
1440 0.00270687
1450 0.0020455
1460 0.00153406
1470 0.00114171
1480 0.000843135
1490 0.000617764
1500 0.000449042
1510 0.000323774
1520 0.000231548
1530 0.000164222
1540 0.000115494
1550 8.05337e-05
1560 5.56704e-05
1570 3.81454e-05
1580 2.59042e-05
1590 1.7432e-05
1600 1.16227e-05
1610 7.67677e-06
1620 5.0222e-06
1630 3.25369e-06
1640 2.08713e-06
1650 1.32535e-06
1660 8.32983e-07
1670 5.18054e-07
1680 3.18752e-07
1690 1.93986e-07
1700 1.16741e-07
1710 6.94549e-08
1720 4.08405e-08
1730 2.37282e-08
1740 1.36174e-08
1750 7.71678e-09
1760 4.31661e-09
1770 2.38262e-09
1780 1.29716e-09
1790 6.96253e-10
1800 3.68269e-10
1810 1.91839e-10
1820 9.83339e-11
1830 4.95528e-11
1840 2.45117e-11
1850 1.18737e-11
1860 5.5958e-12
1870 2.53237e-12
1880 1.07738e-12
1890 3.90724e-13
1900 7.11088e-14
1910 -7.732e-14
1920 -1.47894e-13
1930 -1.85173e-13
1940 -1.97488e-13
1950 -2.03725e-13
1960 -2.06065e-13
1970 -2.05773e-13
1980 -2.09097e-13
1990 -2.07122e-13
2000 -2.10808e-13
2010 -2.12025e-13
2020 -2.14163e-13
2030 -2.14998e-13
2040 -2.1066e-13
2050 -2.04098e-13
2060 -2.05593e-13
2070 -2.10207e-13
2080 -2.01423e-13
2090 -2.06637e-13
2100 -2.046e-13
2110 -2.10473e-13
2120 -1.99327e-13
2130 -1.99208e-13
2140 -1.98008e-13
2150 -2.02684e-13
2160 -2.02207e-13
2170 -1.95241e-13
2180 -2.00553e-13
2190 -2.02133e-13
2200 -2.02883e-13
2210 -2.06973e-13
2220 -2.19664e-13
2230 -2.1448e-13
2240 -2.34228e-13
2250 -2.39995e-13
2260 -2.53286e-13
2270 -2.54283e-13
2280 -2.54085e-13
2290 -2.45435e-13
2300 -2.48237e-13
2310 -2.40753e-13
2320 -2.4546e-13
2330 -2.27795e-13
2340 -2.40518e-13
2350 -2.41492e-13
2360 -2.48967e-13
2370 -2.49477e-13
2380 -2.46281e-13
2390 -2.50306e-13
2400 -2.46915e-13
2410 -2.36074e-13
2420 -2.395e-13
2430 -2.42266e-13
2440 -2.44239e-13
2450 -2.4672e-13
2460 -2.40821e-13
2470 -2.29808e-13
2480 -2.38955e-13
2490 -2.31111e-13
2500 -2.48409e-13
2510 -2.43366e-13
2520 -2.43092e-13
2530 -2.43428e-13
2540 -2.34099e-13
2550 -2.33626e-13
2560 -2.23264e-13
2570 -2.18053e-13
2580 -2.20817e-13
2590 -2.23354e-13
2600 -2.25009e-13
2610 -2.25925e-13
2620 -2.19097e-13
2630 -2.24936e-13
2640 -2.27707e-13
2650 -2.20396e-13
2660 -2.20145e-13
2670 -2.30103e-13
2680 -2.28856e-13
2690 -2.22077e-13
2700 -2.28548e-13
2710 -2.34973e-13
2720 -2.27978e-13
2730 -2.32124e-13
2740 -2.38565e-13
2750 -2.32557e-13
2760 -2.27193e-13
2770 -2.31257e-13
2780 -2.24615e-13
2790 -2.17821e-13
2800 -2.10341e-13
2810 -1.96113e-13
2820 -2.06508e-13
2830 -2.07736e-13
2840 -2.06663e-13
2850 -1.9145e-13
2860 -1.98404e-13
2870 -1.96903e-13
2880 -1.95872e-13
2890 -1.90956e-13
2900 -1.89553e-13
2910 -1.99593e-13
2920 -1.9816e-13
2930 -2.08357e-13
2940 -2.06948e-13
2950 -1.93421e-13
2960 -1.90436e-13
2970 -1.93121e-13
2980 -2.03092e-13
2990 -1.97245e-13
3000 -1.95704e-13
3010 -1.8793e-13
3020 -1.89131e-13
3030 -1.79272e-13
3040 -1.69869e-13
3050 -1.66015e-13
3060 -1.63622e-13
3070 -1.77703e-13
3080 -1.71407e-13
3090 -1.80932e-13
3100 -1.92315e-13
3110 -1.83729e-13
3120 -1.94092e-13
3130 -1.9329e-13
3140 -1.89825e-13
3150 -1.82644e-13
3160 -1.83619e-13
3170 -1.75178e-13
3180 -1.74466e-13
3190 -1.82118e-13
3200 -1.76922e-13
3210 -1.81276e-13
3220 -1.74544e-13
3230 -1.74328e-13
3240 -1.64219e-13
3250 -1.74096e-13
3260 -1.85301e-13
3270 -1.8323e-13
3280 -1.93139e-13
3290 -1.92427e-13
3300 -1.96063e-13
3310 -1.859e-13
3320 -1.94238e-13
3330 -1.91206e-13
3340 -1.80833e-13
3350 -1.77054e-13
3360 -1.85369e-13
3370 -1.79387e-13
3380 -1.80431e-13
3390 -1.7066e-13
3400 -1.69193e-13
3410 -1.68204e-13
3420 -1.73546e-13
3430 -1.78441e-13
3440 -1.72994e-13
3450 -1.85434e-13
3460 -1.78244e-13
3470 -1.56781e-13
3480 -1.55213e-13
3490 -1.65479e-13
3500 -1.66816e-13
3510 -1.74052e-13
3520 -1.67531e-13
3530 -1.62443e-13
3540 -1.61484e-13
3550 -1.66963e-13
3560 -1.6299e-13
3570 -1.77395e-13
3580 -1.7737e-13
3590 -1.83393e-13
3600 -1.81133e-13
3610 -1.80166e-13
3620 -1.87829e-13
3630 -1.87668e-13
3640 -1.85766e-13
3650 -1.82688e-13
3660 -1.84467e-13
3670 -1.76887e-13
3680 -1.76786e-13
3690 -1.78982e-13
3700 -1.81179e-13
3710 -1.89131e-13
3720 -1.78681e-13
3730 -1.80914e-13
3740 -1.80097e-13
3750 -1.80162e-13
3760 -1.79893e-13
3770 -1.72195e-13
3780 -1.71129e-13
3790 -1.70257e-13
3800 -1.77642e-13
3810 -1.70893e-13
3820 -1.82882e-13
3830 -1.80602e-13
3840 -1.76902e-13
3850 -1.80115e-13
3860 -1.91689e-13
3870 -1.8386e-13
3880 -1.92347e-13
3890 -1.98568e-13
3900 -1.94095e-13
3910 -2.0375e-13
3920 -2.00413e-13
3930 -1.98838e-13
3940 -1.89644e-13
3950 -1.93797e-13
3960 -1.93549e-13
3970 -1.90499e-13
3980 -1.88048e-13
3990 -1.75804e-13
4000 -1.82193e-13
4010 -1.89577e-13
4020 -1.90928e-13
4030 -1.94242e-13
4040 -1.95745e-13
4050 -2.03691e-13
4060 -2.01932e-13
4070 -1.89224e-13
4080 -1.91509e-13
4090 -1.92576e-13
4100 -1.83075e-13
4110 -1.92867e-13
4120 -1.87796e-13
4130 -1.92539e-13
4140 -1.92412e-13
4150 -1.92231e-13
4160 -1.95979e-13
4170 -1.96714e-13
4180 -1.99626e-13
4190 -2.02449e-13
4200 -2.01739e-13
4210 -2.06962e-13
4220 -2.08458e-13
4230 -2.07211e-13
4240 -2.14426e-13
4250 -2.20761e-13
4260 -2.2179e-13
4270 -2.23755e-13
4280 -2.13289e-13
4290 -2.15613e-13
4300 -2.17856e-13
4310 -2.176e-13
4320 -2.21356e-13
4330 -2.29998e-13
4340 -2.27606e-13
4350 -2.23697e-13
4360 -2.16522e-13
4370 -2.28096e-13
4380 -2.24535e-13
4390 -2.16215e-13
4400 -2.35149e-13
4410 -2.2715e-13
4420 -2.37354e-13
4430 -2.29662e-13
4440 -2.30896e-13
4450 -2.29198e-13
4460 -2.22466e-13
4470 -2.25019e-13
4480 -2.33715e-13
4490 -2.38887e-13
4500 -2.47142e-13
4510 -2.35924e-13
4520 -2.37513e-13
4530 -2.40831e-13
4540 -2.46539e-13
4550 -2.34802e-13
4560 -2.45355e-13
4570 -2.49947e-13
4580 -2.55431e-13
4590 -2.56935e-13
4600 -2.56323e-13
4610 -2.57048e-13
4620 -2.78096e-13
4630 -2.74283e-13
4640 -2.83452e-13
4650 -2.8628e-13
4660 -2.84407e-13
4670 -2.89729e-13
4680 -2.85206e-13
4690 -2.85022e-13
4700 -2.74683e-13
4710 -2.75372e-13
4720 -2.71289e-13
4730 -2.75521e-13
4740 -2.66225e-13
4750 -2.59078e-13
4760 -2.59891e-13
4770 -2.58784e-13
4780 -2.53193e-13
4790 -2.61714e-13
4800 -2.69194e-13
4810 -2.60045e-13
4820 -2.59147e-13
4830 -2.54076e-13
4840 -2.64101e-13
4850 -2.54003e-13
4860 -2.61339e-13
4870 -2.63386e-13
4880 -2.59317e-13
4890 -2.62421e-13
4900 -2.72958e-13
4910 -2.67961e-13
4920 -2.60779e-13
4930 -2.7228e-13
4940 -2.75977e-13
4950 -2.70019e-13
4960 -2.72034e-13
4970 -2.74996e-13
4980 -2.84318e-13
4990 -2.83503e-13
5000 -2.74734e-13
5010 -2.7547e-13
5020 -2.73905e-13
5030 -2.72722e-13
5040 -2.75764e-13
5050 -2.66587e-13
5060 -2.68969e-13
5070 -2.67521e-13
5080 -2.64036e-13
5090 -2.59506e-13
5100 -2.65919e-13
5110 -2.67781e-13
5120 -2.57443e-13
5130 -2.76474e-13
5140 -2.72258e-13
5150 -2.62181e-13
5160 -2.53054e-13
5170 -2.6426e-13
5180 -2.56559e-13
5190 -2.55197e-13
5200 -2.58679e-13
5210 -2.52786e-13
5220 -2.54301e-13
5230 -2.55302e-13
5240 -2.61652e-13
5250 -2.57486e-13
5260 -2.68324e-13
5270 -2.75745e-13
5280 -2.73397e-13
5290 -2.77487e-13
5300 -2.73283e-13
5310 -2.7452e-13
5320 -2.78701e-13
5330 -2.82719e-13
5340 -2.86258e-13
5350 -2.71107e-13
5360 -2.79519e-13
5370 -2.69562e-13
5380 -2.81734e-13
5390 -2.79758e-13
5400 -2.88171e-13
5410 -2.81934e-13
5420 -2.76281e-13
5430 -2.838e-13
5440 -2.70942e-13
5450 -2.70175e-13
5460 -2.72412e-13
5470 -2.68887e-13
5480 -2.71136e-13
5490 -2.77169e-13
5500 -2.75157e-13
5510 -2.85365e-13
5520 -2.74625e-13
5530 -2.67363e-13
5540 -2.74842e-13
5550 -2.63933e-13
5560 -2.44722e-13
5570 -2.557e-13
5580 -2.54137e-13
5590 -2.57436e-13
5600 -2.63029e-13
5610 -2.74072e-13
5620 -2.77945e-13
5630 -2.71258e-13
5640 -2.6302e-13
5650 -2.55833e-13
5660 -2.57499e-13
5670 -2.63942e-13
5680 -2.49705e-13
5690 -2.57089e-13
5700 -2.63303e-13
5710 -2.70373e-13
5720 -2.67192e-13
5730 -2.68182e-13
5740 -2.79532e-13
5750 -2.74634e-13
5760 -2.61698e-13
5770 -2.71876e-13
5780 -2.7154e-13
5790 -2.70764e-13
5800 -2.73598e-13
5810 -2.73833e-13
5820 -2.81334e-13
5830 -2.79983e-13
5840 -2.72121e-13
5850 -2.7495e-13
5860 -2.74857e-13
5870 -2.713e-13
5880 -2.65108e-13
5890 -2.53535e-13
5900 -2.49997e-13
5910 -2.42942e-13
5920 -2.48427e-13
5930 -2.38357e-13
5940 -2.3452e-13
5950 -2.35199e-13
5960 -2.38289e-13
5970 -2.42501e-13
5980 -2.50729e-13
5990 -2.45003e-13
6000 -2.42614e-13
6010 -2.51988e-13
6020 -2.55282e-13
6030 -2.54943e-13
6040 -2.46606e-13
6050 -2.48781e-13
6060 -2.53531e-13
6070 -2.58841e-13
6080 -2.64309e-13
6090 -2.69843e-13
6100 -2.59644e-13
6110 -2.62259e-13
6120 -2.64461e-13
6130 -2.6981e-13
6140 -2.6665e-13
6150 -2.55534e-13
6160 -2.61233e-13
6170 -2.48039e-13
6180 -2.56523e-13
6190 -2.52693e-13
6200 -2.5599e-13
6210 -2.59974e-13
6220 -2.59117e-13
6230 -2.54588e-13
6240 -2.61105e-13
6250 -2.60976e-13
6260 -2.4254e-13
6270 -2.6198e-13
6280 -2.5401e-13
6290 -2.46033e-13
6300 -2.38503e-13
6310 -2.51769e-13
6320 -2.51339e-13
6330 -2.58047e-13
6340 -2.62072e-13
6350 -2.68355e-13
6360 -2.72804e-13
6370 -2.74143e-13
6380 -2.69744e-13
6390 -2.6614e-13
6400 -2.68884e-13
6410 -2.6917e-13
6420 -2.74914e-13
6430 -2.71487e-13
6440 -2.74601e-13
6450 -2.74633e-13
6460 -2.73205e-13
6470 -2.64339e-13
6480 -2.7133e-13
6490 -2.70804e-13
6500 -2.69338e-13
6510 -2.67469e-13
6520 -2.54723e-13
6530 -2.55435e-13
6540 -2.59845e-13
6550 -2.5137e-13
6560 -2.54787e-13
6570 -2.47956e-13
6580 -2.58189e-13
6590 -2.62852e-13
6600 -2.66965e-13
6610 -2.56177e-13
6620 -2.66482e-13
6630 -2.69401e-13
6640 -2.72673e-13
6650 -2.75826e-13
6660 -2.70649e-13
6670 -2.75841e-13
6680 -2.74117e-13
6690 -2.66948e-13
6700 -2.71295e-13
6710 -2.65109e-13
6720 -2.77069e-13
6730 -2.70246e-13
6740 -2.6738e-13
6750 -2.71982e-13
6760 -2.70784e-13
6770 -2.74223e-13
6780 -2.73157e-13
6790 -2.75743e-13
6800 -2.77337e-13
6810 -2.68453e-13
6820 -2.73251e-13
6830 -2.70066e-13
6840 -2.78275e-13
6850 -2.65994e-13
6860 -2.70017e-13
6870 -2.73481e-13
6880 -2.67427e-13
6890 -2.72765e-13
6900 -2.75341e-13
6910 -2.66629e-13
6920 -2.66877e-13
6930 -2.69352e-13
6940 -2.64707e-13
6950 -2.55606e-13
6960 -2.53216e-13
6970 -2.54717e-13
6980 -2.58295e-13
6990 -2.56946e-13
7000 -2.58726e-13
7010 -2.53084e-13
7020 -2.64152e-13
7030 -2.62408e-13
7040 -2.67245e-13
7050 -2.5932e-13
7060 -2.67045e-13
7070 -2.67576e-13
7080 -2.66524e-13
7090 -2.71136e-13
7100 -2.72928e-13
7110 -2.70472e-13
7120 -2.73693e-13
7130 -2.67958e-13
7140 -2.70844e-13
7150 -2.65784e-13
7160 -2.72406e-13
7170 -2.59446e-13
7180 -2.64434e-13
7190 -2.70786e-13
7200 -2.66879e-13
7210 -2.65914e-13
7220 -2.71718e-13
7230 -2.62747e-13
7240 -2.64968e-13
7250 -2.61488e-13
7260 -2.6337e-13
7270 -2.59629e-13
7280 -2.63961e-13
7290 -2.65344e-13
7300 -2.67984e-13
7310 -2.73837e-13
7320 -2.75389e-13
7330 -2.70247e-13
7340 -2.64806e-13
7350 -2.69084e-13
7360 -2.68236e-13
7370 -2.78017e-13
7380 -2.77892e-13
7390 -2.6943e-13
7400 -2.73694e-13
7410 -2.66707e-13
7420 -2.70553e-13
7430 -2.63119e-13
7440 -2.62072e-13
7450 -2.62539e-13
7460 -2.59883e-13
7470 -2.73446e-13
7480 -2.62821e-13
7490 -2.59244e-13
7500 -2.6407e-13
7510 -2.62854e-13
7520 -2.57672e-13
7530 -2.62721e-13
7540 -2.7115e-13
7550 -2.68901e-13
7560 -2.83111e-13
7570 -2.88721e-13
7580 -2.96958e-13
7590 -3.03773e-13
7600 -2.93521e-13
7610 -2.90234e-13
7620 -2.91656e-13
7630 -2.94879e-13
7640 -3.00735e-13
7650 -2.80862e-13
7660 -2.78362e-13
7670 -2.90958e-13
7680 -2.91793e-13
7690 -2.78807e-13
7700 -2.79508e-13
7710 -2.80928e-13
7720 -2.83773e-13
7730 -2.80527e-13
7740 -2.86924e-13
7750 -2.84118e-13
7760 -2.89082e-13
7770 -2.7667e-13
7780 -2.80878e-13
7790 -2.89754e-13
7800 -2.78881e-13
7810 -2.72636e-13
7820 -2.80557e-13
7830 -2.75991e-13
7840 -2.86157e-13
7850 -2.88257e-13
7860 -2.74743e-13
7870 -2.74053e-13
7880 -2.73147e-13
7890 -2.68088e-13
7900 -2.54094e-13
7910 -2.6968e-13
7920 -2.56543e-13
7930 -2.58173e-13
7940 -2.62846e-13
7950 -2.45921e-13
7960 -2.54917e-13
7970 -2.69405e-13
7980 -2.57783e-13
7990 -2.61414e-13
8000 -2.59987e-13
8010 -2.59494e-13
8020 -2.78912e-13
8030 -3.07733e-13
8040 -3.72106e-13
8050 -5.17845e-13
8060 -8.67218e-13
8070 -1.64118e-12
8080 -3.37568e-12
8090 -7.14263e-12
8100 -1.51333e-11
8110 -3.1771e-11
8120 -6.57569e-11
8130 -1.34002e-10
8140 -2.68621e-10
8150 -5.29952e-10
8160 -1.0292e-09
8170 -1.96842e-09
8180 -3.70929e-09
8190 -6.88984e-09
8200 -1.26199e-08
8210 -2.28037e-08
8220 -4.06649e-08
8230 -7.15905e-08
8240 -1.24467e-07
8250 -2.13774e-07
8260 -3.62813e-07
8270 -6.08637e-07
8280 -1.00948e-06
8290 -1.65579e-06
8300 -2.68651e-06
8310 -4.31261e-06
8320 -6.85103e-06
8330 -1.07726e-05
8340 -1.67696e-05
8350 -2.58487e-05
8360 -3.9459e-05
8370 -5.96649e-05
8380 -8.93773e-05
8390 -0.00013266
8400 -0.000195127
8410 -0.000284463
8420 -0.000411078
8430 -0.000588938
8440 -0.000836599
8450 -0.00117848
8460 -0.00164639
8470 -0.00228141
8480 -0.00313601
8490 -0.00427666
8500 -0.00578666
8510 -0.0077695
8520 -0.0103524
8530 -0.0136903
8540 -0.0179699
8550 -0.0234144
8560 -0.0302871
8570 -0.0388964
8580 -0.0495988
8590 -0.0628027
8600 -0.0789702
8610 -0.0986187
8620 -0.12232
8630 -0.150698
8640 -0.184426
8650 -0.224217
8660 -0.270817
8670 -0.32499
8680 -0.387508
8690 -0.459128
8700 -0.540572
8710 -0.632509
8720 -0.735524
8730 -0.850098
8740 -0.976576
8750 -1.11514
8760 -1.2658
8770 -1.42835
8780 -1.60235
8790 -1.78712
8800 -1.98175
8810 -2.18503
8820 -2.39554
8830 -2.61158
8840 -2.83125
8850 -3.05244
8860 -3.27285
8870 -3.49008
8880 -3.70161
8890 -3.90491
8900 -4.09743
8910 -4.27672
8920 -4.44041
8930 -4.58634
8940 -4.71255
8950 -4.81733
8960 -4.8993
8970 -4.95739
8980 -4.9909
8990 -4.99949
9000 -4.98318
9010 -4.94239
9020 -4.87788
9030 -4.79072
9040 -4.68231
9050 -4.5543
9060 -4.40859
9070 -4.24723
9080 -4.07243
9090 -3.88645
9100 -3.69164
9110 -3.49029
9120 -3.28468
9130 -3.07699
9140 -2.86926
9150 -2.66341
9160 -2.46116
9170 -2.26406
9180 -2.07343
9190 -1.89043
9200 -1.71596
9210 -1.55075
9220 -1.39532
9230 -1.25001
9240 -1.11499
9250 -0.990275
9260 -0.875745
9270 -0.771162
9280 -0.676192
9290 -0.590418
9300 -0.513362
9310 -0.444499
9320 -0.383275
9330 -0.329118
9340 -0.281451
9350 -0.239702
9360 -0.203314
9370 -0.171751
9380 -0.144502
9390 -0.121088
9400 -0.101062
9410 -0.0840123
9420 -0.0695622
9430 -0.0573703
9440 -0.0471294
9450 -0.0385653
9460 -0.0314345
9470 -0.025523
9480 -0.0206432
9490 -0.0166323
9500 -0.0133494
9510 -0.0106737
9520 -0.00850191
9530 -0.00674646
9540 -0.00533334
9550 -0.00420042
9560 -0.00329582
9570 -0.00257643
9580 -0.00200662
9590 -0.00155707
9600 -0.0012038
9610 -0.000927276
9620 -0.000711674
9630 -0.000544222
9640 -0.000414667
9650 -0.000314817
9660 -0.000238154
9670 -0.000179516
9680 -0.000134835
9690 -0.000100916
9700 -7.52632e-05
9710 -5.59339e-05
9720 -4.14233e-05
9730 -3.057e-05
9740 -2.24819e-05
9750 -1.64764e-05
9760 -1.20335e-05
9770 -8.75843e-06
9780 -6.35285e-06
9790 -4.59225e-06
9800 -3.30828e-06
9810 -2.37522e-06
9820 -1.69956e-06
9830 -1.21201e-06
9840 -8.61419e-07
9850 -6.10197e-07
9860 -4.30802e-07
9870 -3.03141e-07
9880 -2.12607e-07
9890 -1.48625e-07
9900 -1.03564e-07
9910 -7.19403e-08
9920 -4.98276e-08
9930 -3.44263e-08
9940 -2.37485e-08
9950 -1.63897e-08
9960 -1.13641e-08
9970 -7.98628e-09
9980 -5.78763e-09
9990 -4.45753e-09
10000 -3.42815e-09
10010 -2.63269e-09
10020 -2.01891e-09
10030 -1.546e-09
10040 -1.18218e-09
10050 -9.02682e-10
10060 -6.88284e-10
10070 -5.24071e-10
10080 -3.98479e-10
10090 -3.02557e-10
10100 -2.294e-10
10110 -1.737e-10
10120 -1.31339e-10
10130 -9.91766e-11
10140 -7.47971e-11
10150 -5.63349e-11
10160 -4.23851e-11
10170 -3.18504e-11
10180 -2.39079e-11
10190 -1.79297e-11
10200 -1.34359e-11
10210 -1.00608e-11
10220 -7.53587e-12
10230 -5.64071e-12
10240 -4.22829e-12
10250 -3.16983e-12
10260 -2.37965e-12
10270 -1.79751e-12
10280 -1.3637e-12
10290 -1.03773e-12
10300 -7.96375e-13
10310 -6.18113e-13
10320 -4.88255e-13
10330 -3.87578e-13
10340 -3.22819e-13
10350 -2.6282e-13
10360 -2.31094e-13
10370 -1.96931e-13
10380 -1.77246e-13
10390 -1.59138e-13
10400 -1.52428e-13
10410 -1.43993e-13
10420 -1.38777e-13
10430 -1.31888e-13
10440 -1.24235e-13
10450 -1.21771e-13
10460 -1.15494e-13
10470 -1.14903e-13
10480 -1.10314e-13
10490 -1.13198e-13
10500 -1.03325e-13
10510 -1.163e-13
10520 -1.12031e-13
10530 -1.14461e-13
10540 -1.14758e-13
10550 -1.11357e-13
10560 -1.06108e-13
10570 -1.06919e-13
10580 -1.04104e-13
10590 -1.07009e-13
10600 -1.05993e-13
10610 -9.97514e-14
10620 -1.01912e-13
10630 -9.96187e-14
10640 -9.81844e-14
10650 -9.68063e-14
10660 -9.88211e-14
10670 -1.0194e-13
10680 -1.04522e-13
10690 -1.07544e-13
10700 -1.01067e-13
10710 -9.91596e-14
10720 -9.65431e-14
10730 -9.31324e-14
10740 -9.77441e-14
10750 -1.02217e-13
10760 -1.07188e-13
10770 -1.05966e-13
10780 -1.06327e-13
10790 -1.02908e-13
10800 -9.74779e-14
10810 -9.86328e-14
10820 -1.01709e-13
10830 -9.91724e-14
10840 -1.00333e-13
10850 -1.0294e-13
10860 -9.73323e-14
10870 -9.9553e-14
10880 -9.52626e-14
10890 -9.49698e-14
10900 -9.21274e-14
10910 -8.74138e-14
10920 -8.16283e-14
10930 -7.59985e-14
10940 -8.02536e-14
10950 -7.7801e-14
10960 -8.50888e-14
10970 -7.97659e-14
10980 -8.18317e-14
10990 -7.95367e-14
11000 -8.54207e-14
11010 -8.33945e-14
11020 -7.73551e-14
11030 -7.53761e-14
11040 -7.14452e-14
11050 -7.37944e-14
11060 -7.38627e-14
11070 -6.69146e-14
11080 -7.07848e-14
11090 -6.85806e-14
11100 -6.36407e-14
11110 -6.34798e-14
11120 -6.26018e-14
11130 -5.7296e-14
11140 -5.25138e-14
11150 -5.39705e-14
11160 -4.67817e-14
11170 -4.51381e-14
11180 -4.88988e-14
11190 -4.98187e-14
11200 -4.93784e-14
11210 -5.07197e-14
11220 -5.22163e-14
11230 -5.1104e-14
11240 -5.37014e-14
11250 -5.06165e-14
11260 -4.55479e-14
11270 -4.76277e-14
11280 -5.49309e-14
11290 -5.36047e-14
11300 -6.02524e-14
11310 -6.05308e-14
11320 -6.5184e-14
11330 -6.05729e-14
11340 -6.44194e-14
11350 -6.51648e-14
11360 -6.69671e-14
11370 -6.39132e-14
11380 -7.18717e-14
11390 -7.86698e-14
11400 -8.08392e-14
11410 -7.5252e-14
11420 -7.69026e-14
11430 -7.67829e-14
11440 -7.89446e-14
11450 -6.88929e-14
11460 -5.98457e-14
11470 -5.76971e-14
11480 -5.38148e-14
11490 -4.69606e-14
11500 -4.70902e-14
11510 -5.06264e-14
11520 -4.84857e-14
11530 -5.78568e-14
11540 -5.99332e-14
11550 -6.56509e-14
11560 -5.70236e-14
11570 -6.01326e-14
11580 -6.16517e-14
11590 -6.35535e-14
11600 -6.94216e-14
11610 -6.48055e-14
11620 -6.54034e-14
11630 -6.59545e-14
11640 -6.32718e-14
11650 -6.93902e-14
11660 -6.76821e-14
11670 -7.18534e-14
11680 -7.13771e-14
11690 -7.97141e-14
11700 -7.25479e-14
11710 -7.81088e-14
11720 -7.92644e-14
11730 -8.49977e-14
11740 -8.66245e-14
11750 -8.83139e-14
11760 -8.33126e-14
11770 -9.03495e-14
11780 -9.18637e-14
11790 -8.76639e-14
11800 -8.88777e-14
11810 -8.90251e-14
11820 -9.56524e-14
11830 -9.2056e-14
11840 -9.20853e-14
11850 -9.52189e-14
11860 -9.08612e-14
11870 -9.43144e-14
11880 -9.31066e-14
11890 -9.43163e-14
11900 -9.47395e-14
11910 -9.82518e-14
11920 -9.19703e-14
11930 -8.8947e-14
11940 -9.65236e-14
11950 -9.67158e-14
11960 -9.92143e-14
11970 -9.90857e-14
11980 -9.96758e-14
11990 -9.7401e-14
12000 -9.68875e-14
12010 -1.00906e-13
12020 -1.04495e-13
12030 -1.02021e-13
12040 -1.00641e-13
12050 -1.01098e-13
12060 -9.82864e-14
12070 -9.78911e-14
12080 -9.9692e-14
12090 -9.49399e-14
12100 -9.59008e-14
12110 -9.68516e-14
12120 -9.60026e-14
12130 -9.84125e-14
12140 -1.01776e-13
12150 -1.11551e-13
12160 -1.11997e-13
12170 -1.08139e-13
12180 -1.14414e-13
12190 -1.15286e-13
12200 -1.16329e-13
12210 -1.12273e-13
12220 -1.05304e-13
12230 -1.06623e-13
12240 -1.03542e-13
12250 -1.08065e-13
12260 -1.12267e-13
12270 -1.05683e-13
12280 -9.54907e-14
12290 -9.95436e-14
12300 -9.80494e-14
12310 -9.9305e-14
12320 -9.51725e-14
12330 -9.79825e-14
12340 -9.99061e-14
12350 -1.00797e-13
12360 -9.86645e-14
12370 -1.03084e-13
12380 -9.79484e-14
12390 -1.00255e-13
12400 -1.07046e-13
12410 -1.08448e-13
12420 -1.0659e-13
12430 -1.09529e-13
12440 -1.10677e-13
12450 -1.12236e-13
12460 -1.14589e-13
12470 -1.13748e-13
12480 -1.0877e-13
12490 -1.15138e-13
12500 -1.17033e-13
12510 -1.16453e-13
12520 -1.12798e-13
12530 -1.13568e-13
12540 -1.13664e-13
12550 -1.19825e-13
12560 -1.18104e-13
12570 -1.18462e-13
12580 -1.13774e-13
12590 -1.12239e-13
12600 -1.08338e-13
12610 -1.10511e-13
12620 -1.09421e-13
12630 -1.07565e-13
12640 -1.00868e-13
12650 -9.50437e-14
12660 -9.70147e-14
12670 -9.75036e-14
12680 -8.75316e-14
12690 -9.47743e-14
12700 -9.30562e-14
12710 -9.95564e-14
12720 -9.58353e-14
12730 -9.8777e-14
12740 -9.00339e-14
12750 -8.57918e-14
12760 -8.19583e-14
12770 -8.24535e-14
12780 -8.83363e-14
12790 -8.39057e-14
12800 -8.50155e-14
12810 -8.41151e-14
12820 -8.28137e-14
12830 -7.95053e-14
12840 -8.70561e-14
12850 -8.92839e-14
12860 -8.96136e-14
12870 -9.25593e-14
12880 -9.45456e-14
12890 -8.94422e-14
12900 -8.71569e-14
12910 -8.39691e-14
12920 -8.13532e-14
12930 -8.28365e-14
12940 -9.03867e-14
12950 -8.81653e-14
12960 -8.60182e-14
12970 -9.0855e-14
12980 -8.6512e-14
12990 -8.87219e-14
13000 -8.1678e-14
13010 -7.79266e-14
13020 -7.47734e-14
13030 -7.34861e-14
13040 -7.99562e-14
13050 -7.86597e-14
13060 -7.90167e-14
13070 -7.68196e-14
13080 -7.76333e-14
13090 -7.96413e-14
13100 -7.97412e-14
13110 -8.4007e-14
13120 -8.9072e-14
13130 -8.02683e-14
13140 -7.89912e-14
13150 -7.29607e-14
13160 -7.90795e-14
13170 -8.00777e-14
13180 -7.82042e-14
13190 -7.15822e-14
13200 -7.67333e-14
13210 -6.61154e-14
13220 -7.92947e-14
13230 -7.01478e-14
13240 -7.20547e-14
13250 -7.70479e-14
13260 -8.31467e-14
13270 -8.25632e-14
13280 -7.77582e-14
13290 -7.58095e-14
13300 -7.50909e-14
13310 -7.22963e-14
13320 -7.54045e-14
13330 -6.97752e-14
13340 -7.23348e-14
13350 -7.28121e-14
13360 -7.48379e-14
13370 -7.57372e-14
13380 -7.19104e-14
13390 -7.35699e-14
13400 -7.18832e-14
13410 -7.27673e-14
13420 -6.77535e-14
13430 -6.41291e-14
13440 -5.9844e-14
13450 -6.00455e-14
13460 -6.00602e-14
13470 -5.59481e-14
13480 -5.96302e-14
13490 -6.09168e-14
13500 -5.84438e-14
13510 -5.81128e-14
13520 -5.77218e-14
13530 -5.51147e-14
13540 -5.14812e-14
13550 -5.68048e-14
13560 -5.42874e-14
13570 -5.52086e-14
13580 -5.17371e-14
13590 -4.94862e-14
13600 -4.63144e-14
13610 -4.45543e-14
13620 -5.25377e-14
13630 -4.64695e-14
13640 -4.43833e-14
13650 -4.16651e-14
13660 -3.81001e-14
13670 -3.90694e-14
13680 -3.27021e-14
13690 -3.57045e-14
13700 -3.88693e-14
13710 -3.57932e-14
13720 -3.87746e-14
13730 -3.45109e-14
13740 -3.40063e-14
13750 -3.0965e-14
13760 -3.09e-14
13770 -1.93149e-14
13780 -1.62042e-14
13790 -2.183e-14
13800 -2.16567e-14
13810 -1.79194e-14
13820 -2.45633e-14
13830 -3.36066e-14
13840 -3.02197e-14
13850 -2.77157e-14
13860 -2.10688e-14
13870 -2.65527e-14
13880 -1.99501e-14
13890 -1.80811e-14
13900 -1.45855e-14
13910 -1.48518e-14
13920 -2.04656e-14
13930 -2.14608e-14
13940 -2.72852e-14
13950 -2.38267e-14
13960 -2.43454e-14
13970 -2.60444e-14
13980 -1.73319e-14
13990 -1.74947e-14
14000 -1.70989e-14
14010 -2.13922e-14
14020 -1.47542e-14
14030 -1.25117e-14
14040 -1.01644e-14
14050 -1.09957e-14
14060 -8.69095e-15
14070 -8.2762e-15
14080 -7.48561e-15
14090 -3.16209e-15
14100 3.15599e-15
14110 -3.25804e-15
14120 6.40552e-15
14130 6.14535e-15
14140 8.26355e-15
14150 4.24481e-15
14160 -8.05353e-16
14170 5.47065e-15
14180 1.06137e-14
14190 6.5679e-15
14200 2.39414e-15
14210 3.66972e-15
14220 6.81997e-15
14230 1.39007e-14
14240 1.61816e-14
14250 1.69132e-14
14260 1.61362e-14
14270 1.45539e-14
14280 9.98587e-15
14290 1.44409e-14
14300 1.314e-14
14310 2.16507e-14
14320 2.19264e-14
14330 2.27277e-14
14340 1.50816e-14
14350 1.92558e-14
14360 1.59679e-14
14370 1.39842e-14
14380 1.76013e-14
14390 1.43303e-14
14400 1.68105e-14
14410 1.39848e-14
14420 1.14372e-14
14430 1.76848e-14
14440 1.22638e-14
14450 1.55301e-14
14460 1.40529e-14
14470 7.03903e-15
14480 4.32114e-15
14490 2.58934e-15
14500 4.78635e-15
14510 7.97586e-15
14520 1.09433e-14
14530 9.41881e-15
14540 1.18705e-14
14550 1.80721e-14
14560 1.68279e-14
14570 1.37444e-14
14580 1.25301e-14
14590 1.77605e-14
14600 1.84805e-14
14610 2.22242e-14
14620 2.3289e-14
14630 2.91119e-14
14640 2.44516e-14
14650 3.20302e-14
14660 2.72892e-14
14670 2.64125e-14
14680 2.40988e-14
14690 1.62965e-14
14700 1.6827e-14
14710 2.12424e-14
14720 2.75796e-14
14730 2.91369e-14
14740 3.4494e-14
14750 3.24745e-14
14760 4.192e-14
14770 3.80189e-14
14780 3.89807e-14
14790 4.10157e-14
14800 4.9622e-14
14810 4.92643e-14
14820 4.58215e-14
14830 4.85657e-14
14840 4.57012e-14
14850 4.95048e-14
14860 5.18956e-14
14870 5.21966e-14
14880 5.29534e-14
14890 5.12014e-14
14900 4.58361e-14
14910 4.43615e-14
14920 5.05321e-14
14930 5.23606e-14
14940 5.37539e-14
14950 5.08627e-14
14960 4.81419e-14
14970 5.45356e-14
14980 5.49602e-14
14990 5.65768e-14
15000 5.61721e-14
15010 5.02038e-14
15020 6.1519e-14
15030 6.08453e-14
15040 5.98457e-14
15050 5.95068e-14
15060 5.96236e-14
15070 6.35587e-14
15080 6.28598e-14
15090 6.03555e-14
15100 5.11231e-14
15110 6.01005e-14
15120 5.47465e-14
15130 5.9833e-14
15140 5.97769e-14
15150 5.70247e-14
15160 5.89615e-14
15170 6.09866e-14
15180 6.32457e-14
15190 6.94126e-14
15200 6.5595e-14
15210 6.83932e-14
15220 7.13619e-14
15230 7.03391e-14
15240 6.94878e-14
15250 6.68786e-14
15260 6.49164e-14
15270 6.28006e-14
15280 6.32262e-14
15290 5.76717e-14
15300 5.53143e-14
15310 5.57604e-14
15320 5.60521e-14
15330 5.17449e-14
15340 4.55977e-14
15350 4.23087e-14
15360 4.8413e-14
15370 4.68884e-14
15380 5.60659e-14
15390 5.02974e-14
15400 5.03855e-14
15410 5.64437e-14
15420 5.25558e-14
15430 5.1016e-14
15440 4.14363e-14
15450 4.93869e-14
15460 4.78091e-14
15470 5.37923e-14
15480 5.23435e-14
15490 4.98595e-14
15500 5.21248e-14
15510 5.37686e-14
15520 5.76226e-14
15530 5.57311e-14
15540 6.22694e-14
15550 6.32349e-14
15560 6.26452e-14
15570 6.29787e-14
15580 6.87603e-14
15590 6.89332e-14
15600 6.43112e-14
15610 6.64894e-14
15620 6.07563e-14
15630 5.96604e-14
15640 5.20387e-14
15650 4.91072e-14
15660 4.85059e-14
15670 5.21569e-14
15680 5.12961e-14
15690 4.99189e-14
15700 5.52919e-14
15710 4.84132e-14
15720 5.51954e-14
15730 5.03766e-14
15740 5.66068e-14
15750 5.64658e-14
15760 5.15573e-14
15770 5.16021e-14
15780 5.53642e-14
15790 5.82888e-14
15800 5.80726e-14
15810 6.16724e-14
15820 5.80966e-14
15830 6.19198e-14
15840 6.41587e-14
15850 5.70685e-14
15860 6.32096e-14
15870 6.35508e-14
15880 5.90626e-14
15890 5.64418e-14
15900 5.3654e-14
15910 5.98038e-14
15920 5.73031e-14
15930 5.75918e-14
15940 5.80618e-14
15950 6.2224e-14
15960 6.52596e-14
15970 5.9843e-14
15980 6.35065e-14
15990 6.80141e-14
16000 6.17873e-14
16010 6.1026e-14
16020 5.95256e-14
16030 6.04046e-14
16040 6.01923e-14
16050 6.37789e-14
16060 5.43418e-14
16070 5.97353e-14
16080 5.86513e-14
16090 6.47813e-14
16100 6.65984e-14
16110 6.49746e-14
16120 6.77154e-14
16130 6.36879e-14
16140 6.3076e-14
16150 6.55045e-14
16160 6.26388e-14
16170 6.18158e-14
16180 6.17363e-14
16190 5.6878e-14
16200 5.17392e-14
16210 5.505e-14
16220 5.52389e-14
16230 5.78922e-14
16240 5.4263e-14
16250 5.06573e-14
16260 4.24729e-14
16270 3.95376e-14
16280 4.78254e-14
16290 5.4041e-14
16300 5.07115e-14
16310 6.61888e-14
16320 6.12224e-14
16330 6.85229e-14
16340 6.64863e-14
16350 7.10724e-14
16360 6.78697e-14
16370 6.3278e-14
16380 6.56084e-14
16390 5.53009e-14
16400 5.60213e-14
16410 5.67905e-14
16420 5.66977e-14
16430 5.8174e-14
16440 6.00228e-14
16450 5.80211e-14
16460 5.31456e-14
16470 5.33404e-14
16480 5.37352e-14
16490 5.66128e-14
16500 5.87191e-14
16510 5.81052e-14
16520 6.88305e-14
16530 6.83034e-14
16540 7.48653e-14
16550 7.4871e-14
16560 8.10337e-14
16570 8.24236e-14
16580 7.91877e-14
16590 7.4445e-14
16600 7.52061e-14
16610 7.8128e-14
16620 7.28076e-14
16630 7.49699e-14
16640 7.52229e-14
16650 7.71033e-14
16660 8.10525e-14
16670 7.25881e-14
16680 8.0366e-14
16690 7.14065e-14
16700 7.41936e-14
16710 7.31157e-14
16720 7.03586e-14
16730 7.6323e-14
16740 7.24091e-14
16750 7.53733e-14
16760 7.5438e-14
16770 7.64316e-14
16780 7.20077e-14
16790 7.13051e-14
16800 6.80525e-14
16810 6.49251e-14
16820 6.4585e-14
16830 6.91606e-14
16840 7.40433e-14
16850 7.33625e-14
16860 7.07274e-14
16870 6.5664e-14
16880 7.20417e-14
16890 6.92057e-14
16900 6.83992e-14
16910 7.23344e-14
16920 6.89188e-14
16930 7.55499e-14
16940 7.02654e-14
16950 7.60027e-14
16960 7.29283e-14
16970 7.05583e-14
16980 7.43728e-14
16990 6.29523e-14
17000 7.29875e-14
17010 7.14004e-14
17020 6.57366e-14
17030 7.10088e-14
17040 6.42643e-14
17050 6.82933e-14
17060 6.83035e-14
17070 7.37784e-14
17080 6.86824e-14
17090 5.81882e-14
17100 5.97974e-14
17110 5.93627e-14
17120 6.06215e-14
17130 7.09252e-14
17140 6.35029e-14
17150 6.73484e-14
17160 6.69591e-14
17170 6.54821e-14
17180 6.21406e-14
17190 6.1166e-14
17200 6.30851e-14
17210 6.60518e-14
17220 6.70123e-14
17230 5.83714e-14
17240 6.05915e-14
17250 5.68856e-14
17260 6.91572e-14
17270 6.18611e-14
17280 5.99669e-14
17290 5.66632e-14
17300 5.50832e-14
17310 5.86454e-14
17320 5.58909e-14
17330 6.2474e-14
17340 6.58629e-14
17350 6.28371e-14
17360 6.26427e-14
17370 5.52795e-14
17380 5.20597e-14
17390 5.10649e-14
17400 5.29571e-14
17410 5.36596e-14
17420 5.33059e-14
17430 5.99162e-14
17440 5.35074e-14
17450 5.52204e-14
17460 5.64044e-14
17470 5.67109e-14
17480 6.15395e-14
17490 6.37605e-14
17500 5.82793e-14
17510 6.27547e-14
17520 5.07477e-14
17530 5.95216e-14
17540 5.61309e-14
17550 5.55973e-14
17560 6.24228e-14
17570 5.59029e-14
17580 5.40179e-14
17590 5.56006e-14
17600 6.79261e-14
17610 5.84626e-14
17620 6.40419e-14
17630 5.90284e-14
17640 6.04734e-14
17650 6.52047e-14
17660 6.44854e-14
17670 6.74111e-14
17680 6.83987e-14
17690 7.14875e-14
17700 7.01171e-14
17710 6.68921e-14
17720 6.6845e-14
17730 6.97809e-14
17740 6.91457e-14
17750 6.85721e-14
17760 6.9371e-14
17770 6.7497e-14
17780 6.81644e-14
17790 6.85719e-14
17800 6.49088e-14
17810 6.43208e-14
17820 6.59496e-14
17830 6.22847e-14
17840 6.1685e-14
17850 6.78279e-14
17860 6.84494e-14
17870 7.03901e-14
17880 6.61497e-14
17890 7.15875e-14
17900 6.69825e-14
17910 7.00925e-14
17920 7.45452e-14
17930 6.58694e-14
17940 6.59467e-14
17950 7.22973e-14
17960 7.46926e-14
17970 7.44703e-14
17980 6.9374e-14
17990 6.80079e-14
18000 6.65095e-14
18010 7.43885e-14
18020 7.07276e-14
18030 7.00165e-14
18040 6.66346e-14
18050 7.28878e-14
18060 7.42933e-14
18070 7.00811e-14
18080 7.15586e-14
18090 7.19777e-14
18100 7.67427e-14
18110 7.03154e-14
18120 6.1355e-14
18130 7.55341e-14
18140 6.52402e-14
18150 7.29709e-14
18160 7.83688e-14
18170 6.80089e-14
18180 7.67989e-14
18190 7.55354e-14
18200 7.86843e-14
18210 7.42698e-14
18220 7.01178e-14
18230 8.03027e-14
18240 8.06032e-14
18250 7.60903e-14
18260 7.63707e-14
18270 7.42763e-14
18280 7.84196e-14
18290 7.98615e-14
18300 6.99364e-14
18310 6.7317e-14
18320 6.54027e-14
18330 6.80699e-14
18340 7.22e-14
18350 6.76942e-14
18360 7.0156e-14
18370 7.8396e-14
18380 8.45167e-14
18390 7.8379e-14
18400 7.09537e-14
18410 6.65854e-14
18420 6.69405e-14
18430 6.89331e-14
18440 6.9247e-14
18450 7.32008e-14
18460 6.91897e-14
18470 6.69379e-14
18480 6.99305e-14
18490 6.74795e-14
18500 6.70906e-14
18510 6.10935e-14
18520 6.28824e-14
18530 6.98787e-14
18540 7.36632e-14
18550 7.73989e-14
18560 7.02085e-14
18570 7.12536e-14
18580 7.57908e-14
18590 7.74642e-14
18600 8.09197e-14
18610 7.69535e-14
18620 7.66863e-14
18630 7.49099e-14
18640 7.53709e-14
18650 7.32417e-14
18660 7.03881e-14
18670 7.13245e-14
18680 6.2941e-14
18690 5.70859e-14
18700 5.99018e-14
18710 5.29382e-14
18720 5.74448e-14
18730 6.18848e-14
18740 6.5293e-14
18750 6.6045e-14
18760 6.90816e-14
18770 7.11187e-14
18780 7.35418e-14
18790 7.20539e-14
18800 7.15904e-14
18810 7.08682e-14
18820 6.37169e-14
18830 6.44251e-14
18840 6.72032e-14
18850 6.46906e-14
18860 6.79949e-14
18870 6.82788e-14
18880 6.61352e-14
18890 7.51216e-14
18900 7.54995e-14
18910 7.54847e-14
18920 7.22954e-14
18930 6.4395e-14
18940 7.16592e-14
18950 6.68492e-14
18960 7.12293e-14
18970 7.30514e-14
18980 7.17698e-14
18990 7.74336e-14
19000 7.65212e-14
19010 7.32668e-14
19020 7.92007e-14
19030 8.07633e-14
19040 8.48282e-14
19050 8.6552e-14
19060 8.4169e-14
19070 8.90151e-14
19080 8.66815e-14
19090 9.1434e-14
19100 8.6251e-14
19110 8.05562e-14
19120 7.69556e-14
19130 8.01948e-14
19140 8.01105e-14
19150 8.40791e-14
19160 7.77784e-14
19170 7.90912e-14
19180 8.21772e-14
19190 7.87564e-14
19200 6.61184e-14
19210 6.91819e-14
19220 6.99072e-14
19230 7.95536e-14
19240 8.28737e-14
19250 7.8906e-14
19260 7.60007e-14
19270 7.35398e-14
19280 6.93711e-14
19290 7.00394e-14
19300 7.24113e-14
19310 6.76829e-14
19320 6.35847e-14
19330 5.98863e-14
19340 5.91786e-14
19350 6.16668e-14
19360 5.80065e-14
19370 6.29634e-14
19380 5.6229e-14
19390 6.0894e-14
19400 5.9541e-14
19410 6.53447e-14
19420 6.4963e-14
19430 6.76857e-14
19440 6.40241e-14
19450 6.78619e-14
19460 7.27724e-14
19470 7.27563e-14
19480 7.45634e-14
19490 7.17717e-14
19500 7.05877e-14
19510 7.1871e-14
19520 7.8842e-14
19530 7.6252e-14
19540 7.8447e-14
19550 7.36004e-14
19560 7.81005e-14
19570 7.16442e-14
19580 7.73959e-14
19590 7.76778e-14
19600 7.81516e-14
19610 8.70218e-14
19620 9.13873e-14
19630 8.99184e-14
19640 9.13701e-14
19650 9.03934e-14
19660 9.02215e-14
19670 8.68928e-14
19680 8.76374e-14
19690 8.71719e-14
19700 9.13932e-14
19710 8.66728e-14
19720 8.88881e-14
19730 9.08405e-14
19740 9.24231e-14
19750 9.2669e-14
19760 8.9775e-14
19770 8.45462e-14
19780 8.7626e-14
19790 8.28089e-14
19800 8.87726e-14
19810 9.07813e-14
19820 8.36063e-14
19830 7.97159e-14
19840 7.8576e-14
19850 8.21431e-14
19860 7.91447e-14
19870 7.83809e-14
19880 7.46019e-14
19890 7.15025e-14
19900 8.40896e-14
19910 7.94489e-14
19920 7.71512e-14
19930 7.99715e-14
19940 7.06606e-14
19950 6.8331e-14
19960 6.9037e-14
19970 7.54577e-14
19980 7.242e-14
19990 6.75827e-14
20000 7.08084e-14
20010 6.97169e-14
20020 7.07776e-14
20030 7.16152e-14
20040 7.3187e-14
20050 5.9889e-14
20060 6.7603e-14
20070 6.17084e-14
20080 5.56102e-14
20090 5.85456e-14
20100 5.70022e-14
20110 6.15408e-14
20120 6.03191e-14
20130 5.64954e-14
20140 5.55151e-14
20150 5.73013e-14
20160 6.04877e-14
20170 5.61163e-14
20180 4.96572e-14
20190 6.21437e-14
20200 5.63219e-14
20210 5.03684e-14
20220 5.23455e-14
20230 5.30548e-14
20240 4.56098e-14
20250 5.31064e-14
20260 5.22291e-14
20270 5.32811e-14
20280 5.23759e-14
20290 5.69651e-14
20300 5.39018e-14
20310 5.73954e-14
20320 5.47013e-14
20330 5.10508e-14
20340 5.77935e-14
20350 6.22993e-14
20360 5.53841e-14
20370 4.16473e-14
20380 3.76415e-14
20390 4.46249e-14
20400 4.85788e-14
20410 4.06968e-14
20420 2.40851e-14
20430 3.56982e-14
20440 3.45535e-14
20450 4.97655e-14
20460 5.43808e-14
20470 4.63948e-14
20480 3.22858e-14
20490 3.71185e-14
20500 3.93318e-14
20510 4.04167e-14
20520 3.5613e-14
20530 3.01083e-14
20540 3.96712e-14
20550 3.20899e-14
20560 2.53587e-14
20570 3.45196e-14
20580 2.7878e-14
20590 3.92215e-14
20600 3.50263e-14
20610 3.77557e-14
20620 3.82788e-14
20630 4.02483e-14
20640 5.59414e-14
20650 4.8225e-14
20660 3.78067e-14
20670 3.86187e-14
20680 4.33715e-14
20690 4.35217e-14
20700 4.80964e-14
20710 4.24191e-14
20720 4.29766e-14
20730 5.49113e-14
20740 5.05185e-14
20750 4.88348e-14
20760 5.71282e-14
20770 5.49231e-14
20780 5.30578e-14
20790 5.70293e-14
20800 4.84737e-14
20810 4.55282e-14
20820 3.06792e-14
20830 4.42797e-14
20840 4.43446e-14
20850 4.50857e-14
20860 3.61952e-14
20870 2.81021e-14
20880 1.92394e-14
20890 2.98446e-14
20900 3.72877e-14
20910 3.58625e-14
20920 3.1786e-14
20930 3.32617e-14
20940 3.23795e-14
20950 3.60599e-14
20960 2.97288e-14
20970 3.42175e-14
20980 3.47506e-14
20990 1.95548e-14
21000 2.76139e-14
21010 2.24503e-14
21020 2.21642e-14
21030 2.63078e-14
21040 2.38708e-14
21050 2.68284e-14
21060 2.40013e-14
21070 2.51047e-14
21080 2.33728e-14
21090 1.50092e-14
21100 1.39615e-14
21110 1.57302e-14
21120 1.44485e-14
21130 1.53829e-14
21140 1.37901e-14
21150 1.47896e-14
21160 2.02411e-14
21170 1.17028e-14
21180 9.25728e-15
21190 1.21908e-14
21200 2.02216e-14
21210 1.04394e-14
21220 2.28853e-14
21230 1.93023e-14
21240 1.56797e-14
21250 2.60782e-14
21260 2.22985e-14
21270 1.9736e-14
21280 2.36486e-14
21290 2.29345e-14
21300 2.78571e-14
21310 2.80716e-14
21320 2.5284e-14
21330 1.36029e-14
21340 1.74672e-14
21350 1.92886e-14
21360 1.49258e-14
21370 1.24548e-14
21380 1.03648e-14
21390 1.28621e-14
21400 1.14119e-14
21410 9.74224e-15
21420 1.13257e-14
21430 7.88948e-15
21440 6.10432e-15
21450 2.27513e-14
21460 1.64499e-14
21470 9.22381e-15
21480 1.68087e-14
21490 1.89357e-14
21500 1.69031e-14
21510 2.10812e-14
21520 1.76721e-14
21530 1.49798e-14
21540 1.64382e-14
21550 2.23278e-14
21560 2.6068e-14
21570 3.14973e-14
21580 2.42741e-14
21590 2.02122e-14
21600 2.44047e-14
21610 2.97218e-14
21620 2.2491e-14
21630 2.23391e-14
21640 2.14676e-14
21650 2.96551e-14
21660 3.05847e-14
21670 2.70162e-14
21680 2.42684e-14
21690 1.39503e-14
21700 7.50788e-15
21710 1.63518e-14
21720 1.44363e-14
21730 1.44087e-14
21740 2.47708e-14
21750 4.43258e-15
21760 6.12155e-15
21770 5.18754e-15
21780 6.86162e-15
21790 1.27672e-14
21800 1.87682e-14
21810 1.09339e-14
21820 6.33977e-15
21830 1.50176e-14
21840 1.62499e-14
21850 1.76133e-14
21860 2.45481e-14
21870 3.14148e-14
21880 4.23635e-14
21890 5.06607e-14
21900 5.42467e-14
21910 7.26913e-14
21920 1.01117e-13
21930 1.46898e-13
21940 2.24756e-13
21950 3.48473e-13
21960 5.10684e-13
21970 7.62535e-13
21980 1.14313e-12
21990 1.73939e-12
22000 2.64698e-12
22010 3.97995e-12
22020 5.9679e-12
22030 8.91169e-12
22040 1.32711e-11
22050 1.97119e-11
22060 2.91816e-11
22070 4.30475e-11
22080 6.32888e-11
22090 9.27457e-11
22100 1.35472e-10
22110 1.97216e-10
22120 2.86158e-10
22130 4.13837e-10
22140 5.96521e-10
22150 8.57023e-10
22160 1.22727e-09
22170 1.75171e-09
22180 2.49213e-09
22190 3.53403e-09
22200 4.99534e-09
22210 7.03813e-09
22220 9.88444e-09
22230 1.38374e-08
22240 1.93095e-08
22250 2.68598e-08
22260 3.72441e-08
22270 5.148e-08
22280 7.09334e-08
22290 9.74314e-08
22300 1.3341e-07
22310 1.82104e-07
22320 2.47801e-07
22330 3.36155e-07
22340 4.54606e-07
22350 6.12904e-07
22360 8.23793e-07
22370 1.10386e-06
22380 1.47465e-06
22390 1.964e-06
22400 2.60784e-06
22410 3.4523e-06
22420 4.55648e-06
22430 5.99582e-06
22440 7.86628e-06
22450 1.02896e-05
22460 1.34194e-05
22470 1.74497e-05
22480 2.26234e-05
22490 2.9245e-05
22500 3.76941e-05
22510 4.84424e-05
22520 6.20745e-05
22530 7.93121e-05
22540 0.000101044
22550 0.000128359
22560 0.00016259
22570 0.000205361
22580 0.000258643
22590 0.000324823
22600 0.000406779
22610 0.000507975
22620 0.000632557
22630 0.000785481
22640 0.000972643
22650 0.00120104
22660 0.00147894
22670 0.00181609
22680 0.00222393
22690 0.00271585
22700 0.00330746
22710 0.00401691
22720 0.0048652
22730 0.00587657
22740 0.00707891
22750 0.00850415
22760 0.0101888
22770 0.0121742
22780 0.0145075
22790 0.0172418
22800 0.0204366
22810 0.0241591
22820 0.0284838
22830 0.0334939
22840 0.0392813
22850 0.0459476
22860 0.0536043
22870 0.0623734
22880 0.0723878
22890 0.0837917
22900 0.0967407
22910 0.111402
22920 0.127955
22930 0.146589
22940 0.167507
22950 0.190921
22960 0.217053
22970 0.246134
22980 0.278404
22990 0.31411
23000 0.353501
23010 0.396832
23020 0.444357
23030 0.496331
23040 0.553001
23050 0.61461
23060 0.681389
23070 0.753555
23080 0.831309
23090 0.914829
23100 1.00427
23110 1.09976
23120 1.20139
23130 1.30922
23140 1.42326
23150 1.54349
23160 1.66983
23170 1.80216
23180 1.94031
23190 2.08404
23200 2.23307
23210 2.38705
23220 2.54558
23230 2.7082
23240 2.87439
23250 3.04358
23260 3.21514
23270 3.3884
23280 3.56263
23290 3.73706
23300 3.91091
23310 4.08332
23320 4.25344
23330 4.42041
23340 4.58332
23350 4.7413
23360 4.89345
23370 5.03892
23380 5.17685
23390 5.30643
23400 5.42688
23410 5.53747
23420 5.63752
23430 5.72642
23440 5.8036
23450 5.86861
23460 5.92103
23470 5.96056
23480 5.98695
23490 6.00007
23500 5.99985
23510 5.98633
23520 5.95963
23530 5.91995
23540 5.86759
23550 5.80291
23560 5.72637
23570 5.63847
23580 5.53981
23590 5.43103
23600 5.31281
23610 5.1859
23620 5.05107
23630 4.90913
23640 4.7609
23650 4.60723
23660 4.44895
23670 4.28692
23680 4.12198
23690 3.95493
23700 3.78659
23710 3.61772
23720 3.44907
23730 3.28133
23740 3.11517
23750 2.95121
23760 2.79
23770 2.63208
23780 2.4779
23790 2.32789
23800 2.18241
23810 2.04176
23820 1.90623
23830 1.776
23840 1.65126
23850 1.53211
23860 1.41864
23870 1.31088
23880 1.20882
23890 1.11243
23900 1.02163
23910 0.936339
23920 0.856422
23930 0.781737
23940 0.712121
23950 0.647395
23960 0.587364
23970 0.531828
23980 0.480575
23990 0.433392
24000 0.390058
24010 0.350357
24020 0.314069
24030 0.28098
24040 0.250877
24050 0.223556
24060 0.198816
24070 0.176465
24080 0.156318
24090 0.138199
24100 0.12194
24110 0.107383
24120 0.0943784
24130 0.0827871
24140 0.0724779
24150 0.063329
24160 0.0552274
24170 0.048069
24180 0.0417574
24190 0.0362045
24200 0.0313295
24210 0.0270587
24220 0.0233252
24230 0.0200683
24240 0.0172331
24250 0.0147702
24260 0.0126351
24270 0.010788
24280 0.0091935
24290 0.00781977
24300 0.0066387
24310 0.00562536
24320 0.0047577
24330 0.00401628
24340 0.00338402
24350 0.00284593
24360 0.00238892
24370 0.00200154
24380 0.00167384
24390 0.00139719
24400 0.00116408
24410 0.000968065
24420 0.00080356
24430 0.000665773
24440 0.000550592
24450 0.000454496
24460 0.00037448
24470 0.000307983
24480 0.000252828
24490 0.000207169
24500 0.000169445
24510 0.000138337
24520 0.000112733
24530 9.17007e-05
24540 7.44564e-05
24550 6.0345e-05
24560 4.88193e-05
24570 3.94233e-05
24580 3.17782e-05
24590 2.55693e-05
24600 2.05364e-05
24610 1.64645e-05
24620 1.31761e-05
24630 1.05256e-05
24640 8.39323e-06
24650 6.68085e-06
24660 5.30832e-06
24670 4.21024e-06
24680 3.33336e-06
24690 2.63441e-06
24700 2.07832e-06
24710 1.6367e-06
24720 1.28664e-06
24730 1.00966e-06
24740 7.90911e-07
24750 6.1846e-07
24760 4.82759e-07
24770 3.76171e-07
24780 2.92601e-07
24790 2.27198e-07
24800 1.76105e-07
24810 1.36264e-07
24820 1.05252e-07
24830 8.1156e-08
24840 6.24677e-08
24850 4.79992e-08
24860 3.68178e-08
24870 2.81922e-08
24880 2.155e-08
24890 1.64443e-08
24900 1.25265e-08
24910 9.52574e-09
24920 7.23132e-09
24930 5.48012e-09
24940 4.14587e-09
24950 3.1311e-09
24960 2.36066e-09
24970 1.77675e-09
24980 1.33499e-09
24990 1.00136e-09
25000 7.49824e-10
25010 5.6052e-10
25020 4.18297e-10
25030 3.11631e-10
25040 2.31772e-10
25050 1.72086e-10
25060 1.27555e-10
25070 9.43877e-11
25080 6.9727e-11
25090 5.14228e-11
25100 3.786e-11
25110 2.78276e-11
25120 2.04194e-11
25130 1.49583e-11
25140 1.09394e-11
25150 7.98697e-12
25160 5.82164e-12
25170 4.23628e-12
25180 3.07752e-12
25190 2.23201e-12
25200 1.61611e-12
25210 1.16822e-12
25220 8.43062e-13
25230 6.07402e-13
25240 4.36894e-13
25250 3.13732e-13
25260 2.2492e-13
25270 1.60983e-13
25280 1.15032e-13
25290 8.20629e-14
25300 5.8447e-14
25310 4.15591e-14
25320 2.95026e-14
25330 2.09095e-14
25340 1.47952e-14
25350 1.04518e-14
25360 7.37142e-15
25370 5.19047e-15
25380 3.64887e-15
25390 2.56097e-15
25400 1.79452e-15
25410 1.25542e-15
25420 8.76856e-16
25430 6.11458e-16
25440 4.25702e-16
25450 2.959e-16
25460 2.05346e-16
25470 1.42275e-16
25480 9.84183e-17
25490 6.79714e-17
25500 4.68686e-17
25510 3.22659e-17
25520 2.21774e-17
25530 1.5219e-17
25540 1.04272e-17
25550 7.13282e-18
25560 4.8715e-18
25570 3.32181e-18
25580 2.26151e-18
25590 1.53721e-18
25600 1.04323e-18
25610 7.06876e-19
25620 4.7821e-19
25630 3.23005e-19
25640 2.17829e-19
25650 1.46669e-19
25660 9.86007e-20
25670 6.61818e-20
25680 4.43523e-20
25690 2.96765e-20
25700 1.98258e-20
25710 1.32242e-20
25720 8.80701e-21
25730 5.85613e-21
25740 3.88791e-21
25750 2.57719e-21
25760 1.70569e-21
25770 1.12715e-21
25780 7.4368e-22
25790 4.89913e-22
25800 3.2224e-22
25810 2.11625e-22
25820 1.38767e-22
25830 9.08515e-23
25840 5.93894e-23
25850 3.8763e-23
25860 2.52614e-23
25870 1.64373e-23
25880 1.06791e-23
25890 6.92749e-24
25900 4.48693e-24
25910 2.90174e-24
25920 1.87372e-24
25930 1.20805e-24
25940 7.77685e-25
25950 4.99874e-25
25960 3.20816e-25
25970 2.05584e-25
25980 1.31542e-25
25990 8.40386e-26
26000 5.36086e-26
26010 3.41454e-26
26020 2.17156e-26
26030 1.37897e-26
26040 8.74344e-27
26050 5.53546e-27
26060 3.49921e-27
26070 2.20868e-27
26080 1.392e-27
26090 8.75983e-28
26100 5.50426e-28
26110 3.45342e-28
26120 2.16347e-28
26130 1.35332e-28
26140 8.45277e-29
26150 5.27168e-29
26160 3.28285e-29
26170 2.04129e-29
26180 1.26739e-29
26190 7.85724e-30
26200 4.86388e-30
26210 3.00642e-30
26220 1.85555e-30
26230 1.14354e-30
26240 7.03695e-31
26250 4.3239e-31
26260 2.65292e-31
26270 1.62529e-31
26280 9.94248e-32
26290 6.07321e-32
26300 3.70427e-32
26310 2.25604e-32
26320 1.37199e-32
26330 8.33138e-33
26340 5.05179e-33
26350 3.0587e-33
26360 1.84923e-33
26370 1.11637e-33
26380 6.72961e-34
26390 4.05077e-34
26400 2.43472e-34
26410 1.46126e-34
26420 8.75736e-35
26430 5.24065e-35
26440 3.13159e-35
26450 1.86859e-35
26460 1.11335e-35
26470 6.62394e-36
26480 3.93525e-36
26490 2.33453e-36
26500 1.38292e-36
26510 8.18022e-37
26520 4.83177e-37
26530 2.84983e-37
26540 1.67844e-37
26550 9.87112e-38
26560 5.79697e-38
26570 3.39946e-38
26580 1.99065e-38
26590 1.164e-38
26600 6.79659e-39
26610 3.96282e-39
26620 2.30725e-39
26630 1.34141e-39
26640 7.7877e-40
26650 4.51476e-40
26660 2.6136e-40
26670 1.51085e-40
26680 8.7214e-41
26690 5.02725e-41
26700 2.89371e-41
26710 1.66327e-41
26720 9.54663e-42
26730 5.47167e-42
26740 3.13164e-42
26750 1.7898e-42
26760 1.02146e-42
26770 5.82131e-43
26780 3.31285e-43
26790 1.88263e-43
26800 1.06834e-43
26810 6.05395e-44
26820 3.42569e-44
26830 1.9357e-44
26840 1.09221e-44
26850 6.15397e-45
26860 3.46244e-45
26870 1.94529e-45
26880 1.09135e-45
26890 6.11383e-46
26900 3.42007e-46
26910 1.9104e-46
26920 1.06557e-46
26930 5.93471e-47
26940 3.30047e-47
26950 1.83277e-47
26960 1.01623e-47
26970 5.62627e-48
26980 3.11022e-48
26990 1.71671e-48
27000 9.46085e-49
27010 5.20579e-49
27020 2.85995e-49
27030 1.5687e-49
27040 8.59053e-50
27050 4.69669e-50
27060 2.56357e-50
27070 1.39693e-50
27080 7.59913e-51
27090 4.12674e-51
27100 2.23714e-51
27110 1.21062e-51
27120 6.5395e-52
27130 3.52604e-52
27140 1.8977e-52
27150 1.01941e-52
27160 5.46563e-53
27170 2.92476e-53
27180 1.56201e-53
27190 8.32547e-54
27200 4.42845e-54
27210 2.35071e-54
27220 1.2452e-54
27230 6.58194e-55
27240 3.47164e-55
27250 1.82711e-55
27260 9.59477e-56
27270 5.02722e-56
27280 2.62805e-56
27290 1.37069e-56
27300 7.13229e-57
27310 3.70249e-57
27320 1.91743e-57
27330 9.90598e-58
27340 5.1052e-58
27350 2.62456e-58
27360 1.34591e-58
27370 6.88462e-59
27380 3.5127e-59
27390 1.78767e-59
27400 9.07419e-60
27410 4.59405e-60
27420 2.31975e-60
27430 1.16825e-60
27440 5.86771e-61
27450 2.93924e-61
27460 1.46834e-61
27470 7.31534e-62
27480 3.63457e-62
27490 1.80084e-62
27500 8.89802e-63
27510 4.38433e-63
27520 2.15426e-63
27530 1.05553e-63
27540 5.15727e-64
27550 2.51268e-64
27560 1.22073e-64
27570 5.91373e-65
27580 2.85667e-65
27590 1.37597e-65
27600 6.60856e-66
27610 3.16482e-66
27620 1.51123e-66
27630 7.19537e-67
27640 3.41593e-67
27650 1.61696e-67
27660 7.63162e-68
27670 3.59139e-68
27680 1.68513e-68
27690 7.88369e-69
27700 3.67744e-69
27710 1.71034e-69
27720 7.93114e-70
27730 3.66696e-70
27740 1.69041e-70
27750 7.76949e-71
27760 3.56046e-71
27770 1.62679e-71
27780 7.41085e-72
27790 3.36601e-72
27800 1.52431e-72
27810 6.88238e-73
27820 3.09823e-73
27830 1.39059e-73
27840 6.22286e-74
27850 2.77645e-74
27860 1.23509e-74
27870 5.47789e-75
27880 2.42235e-75
27890 1.06799e-75
27900 4.69468e-76
27910 2.05756e-76
27920 8.99101e-77
27930 3.91717e-77
27940 1.70155e-77
27950 7.3693e-78
27960 3.18213e-78
27970 1.36999e-78
27980 5.88072e-79
27990 2.51683e-79
28000 1.07396e-79
28010 4.56913e-80
28020 1.93818e-80
28030 8.1972e-81
28040 3.45662e-81
28050 1.45329e-81
28060 6.09214e-82
28070 2.54626e-82
28080 1.06109e-82
28090 4.4088e-83
28100 1.82644e-83
28110 7.54416e-84
28120 3.10696e-84
28130 1.2758e-84
28140 5.22336e-85
28150 2.13226e-85
28160 8.6787e-86
28170 3.52203e-86
28180 1.42514e-86
28190 5.74971e-87
28200 2.31293e-87
28210 9.277e-88
28220 3.71006e-88
28230 1.47939e-88
28240 5.88191e-89
28250 2.33176e-89
28260 9.21684e-90
28270 3.63257e-90
28280 1.42751e-90
28290 5.59347e-91
28300 2.18534e-91
28310 8.51323e-92
28320 3.3068e-92
28330 1.28074e-92
28340 4.94598e-93
28350 1.90452e-93
28360 7.31243e-94
28370 2.7995e-94
28380 1.06867e-94
28390 4.06771e-95
28400 1.54384e-95
28410 5.84254e-96
28420 2.2047e-96
28430 8.29553e-97
28440 3.11235e-97
28450 1.16435e-97
28460 4.3434e-98
28470 1.61558e-98
28480 5.99212e-99
28490 2.21608e-99
28500 8.17233e-100
28510 3.00512e-100
28520 1.10188e-100
28530 4.0287e-101
28540 1.46877e-101
28550 5.3395e-102
28560 1.93557e-102
28570 6.99643e-103
28580 2.52178e-103
28590 9.06358e-104
28600 3.2483e-104
28610 1.16085e-104
28620 4.13678e-105
28630 1.46999e-105
28640 5.20874e-106
28650 1.84043e-106
28660 6.48445e-107
28670 2.27823e-107
28680 7.98161e-108
28690 2.7884e-108
28700 9.71382e-109
28710 3.37441e-109
28720 1.1689e-109
28730 4.03769e-110
28740 1.39079e-110
28750 4.77713e-111
28760 1.63624e-111
28770 5.58861e-112
28780 1.90344e-112
28790 6.46474e-113
28800 2.18949e-113
28810 7.39457e-114
28820 2.49037e-114
28830 8.36365e-115
28840 2.80098e-115
28850 9.35416e-116
28860 3.11518e-116
28870 1.03454e-116
28880 3.42604e-117
28890 1.13142e-117
28900 3.72597e-118
28910 1.22361e-118
28920 4.00711e-119
28930 1.3086e-119
28940 4.2616e-120
28950 1.38397e-120
28960 4.48195e-121
28970 1.44743e-121
28980 4.66145e-122
28990 1.49704e-122
29000 4.79444e-123
29010 1.53121e-123
29020 4.87666e-124
29030 1.54883e-124
29040 4.90544e-125
29050 1.54934e-125
29060 4.8799e-126
29070 1.53274e-126
29080 4.80091e-127
29090 1.49959e-127
29100 4.67111e-128
29110 1.45099e-128
29120 4.49475e-129
29130 1.3885e-129
29140 4.27742e-130
29150 1.31407e-130
29160 4.02582e-131
29170 1.22996e-131
29180 3.74736e-132
29190 1.13858e-132
29200 3.44984e-133
29210 1.04241e-133
29220 3.14108e-134
29230 9.43891e-135
29240 2.82857e-135
29250 8.4531e-136
29260 2.51923e-136
29270 7.48727e-137
29280 2.21913e-137
29290 6.55915e-138
29300 1.93338e-138
29310 5.68318e-139
29320 1.66598e-139
29330 4.87031e-140
29340 1.41987e-140
29350 4.12807e-141
29360 1.19688e-141
29370 3.4607e-142
29380 9.97891e-143
29390 2.86953e-143
29400 8.22897e-144
29410 2.35336e-144
29420 6.71182e-145
29430 1.90898e-145
29440 5.41466e-146
29450 1.53162e-146
29460 4.32054e-147
29470 1.21545e-147
29480 3.40992e-148
29490 9.54031e-149
29500 2.6619e-149
29510 7.4068e-150
29520 2.05533e-150
29530 5.68777e-151
29540 1.56969e-151
29550 4.32015e-152
29560 1.18575e-152
29570 3.24565e-153
29580 8.85974e-154
29590 2.41186e-154
29600 6.54781e-155
29610 1.77277e-155
29620 4.78653e-156
29630 1.28885e-156
29640 3.46096e-157
29650 9.26837e-158
29660 2.47528e-158
29670 6.5926e-159
29680 1.75107e-159
29690 4.63835e-160
29700 1.22529e-160
29710 3.22793e-161
29720 8.48058e-162
29730 2.22198e-162
29740 5.80588e-163
29750 1.5129e-163
29760 3.93158e-164
29770 1.01891e-164
29780 2.63343e-165
29790 6.78765e-166
29800 1.74475e-166
29810 4.47259e-167
29820 1.1434e-167
29830 2.91511e-168
29840 7.4118e-169
29850 1.87935e-169
29860 4.75231e-170
29870 1.19844e-170
29880 3.014e-171
29890 7.55933e-172
29900 1.89077e-172
29910 4.71635e-173
29920 1.17325e-173
29930 2.91062e-174
29940 7.20097e-175
29950 1.77635e-175
29960 4.3562e-176
29970 1.00871e-176
29980 0
