-20 0
0 1.29365e-10
20 2.70891e-10
40 4.43296e-10
60 6.61715e-10
80 9.42139e-10
100 1.33212e-09
120 1.82378e-09
140 2.52137e-09
160 3.42575e-09
180 4.62229e-09
200 6.2648e-09
220 8.38146e-09
240 1.1132e-08
260 1.48072e-08
280 1.96477e-08
300 2.59068e-08
320 3.39518e-08
340 4.42672e-08
360 5.74464e-08
380 7.42097e-08
400 9.54341e-08
420 1.22186e-07
440 1.55758e-07
460 1.97714e-07
480 2.49939e-07
500 3.14709e-07
520 3.94766e-07
540 4.93425e-07
560 6.14704e-07
580 7.63497e-07
600 9.45797e-07
620 1.16901e-06
640 1.44235e-06
660 1.77741e-06
680 2.18889e-06
700 2.69561e-06
720 3.32186e-06
740 4.09924e-06
760 5.06908e-06
780 6.28566e-06
800 7.82049e-06
820 9.76789e-06
840 1.22523e-05
860 1.54378e-05
880 1.95401e-05
900 2.48423e-05
920 3.17145e-05
940 4.06387e-05
960 5.22397e-05
980 6.73241e-05
1000 8.69277e-05
1020 0.000112374
1040 0.000145345
1060 0.000187966
1080 0.000242911
1100 0.00031352
1120 0.000403945
1140 0.000519319
1160 0.000665946
1180 0.000851528
1200 0.00108541
1220 0.00137889
1240 0.00174549
1260 0.00220135
1280 0.00276559
1300 0.00346071
1320 0.00431305
1340 0.00535319
1360 0.00661641
1380 0.0081432
1400 0.00997957
1420 0.0121776
1440 0.0147955
1460 0.0178982
1480 0.0215574
1500 0.0258513
1520 0.0308649
1540 0.0366893
1560 0.0434214
1580 0.0511631
1600 0.0600202
1620 0.070101
1640 0.0815148
1660 0.0943699
1680 0.108772
1700 0.12482
1720 0.142605
1740 0.162208
1760 0.183694
1780 0.20711
1800 0.232485
1820 0.25982
1840 0.289093
1860 0.320249
1880 0.353203
1900 0.387835
1920 0.423991
1940 0.46148
1960 0.500077
1980 0.53952
2000 0.579516
2020 0.619742
2040 0.659848
2060 0.699462
2080 0.738198
2100 0.775656
2120 0.811435
2140 0.845136
2160 0.87637
2180 0.904767
2200 0.929982
2220 0.951701
2240 0.969651
2260 0.983601
2280 0.99337
2300 0.998831
2320 0.999913
2340 0.9966
2360 0.988938
2380 0.977026
2400 0.961019
2420 0.941126
2440 0.917598
2460 0.890731
2480 0.860856
2500 0.82833
2520 0.793535
2540 0.756865
2560 0.718721
2580 0.679504
2600 0.639608
2620 0.599412
2640 0.559277
2660 0.51954
2680 0.480508
2700 0.442458
2720 0.405634
2740 0.370242
2760 0.336456
2780 0.304412
2800 0.274211
2820 0.245923
2840 0.219586
2860 0.195209
2880 0.172777
2900 0.152252
2920 0.133577
2940 0.116678
2960 0.10147
2980 0.0878575
3000 0.0757375
3020 0.0650031
3040 0.0555454
3060 0.0472556
3080 0.0400268
3100 0.0337551
3120 0.0283412
3140 0.0236914
3160 0.0197176
3180 0.0163383
3200 0.0134789
3220 0.0110711
3240 0.00905363
3260 0.00737131
3280 0.00597529
3300 0.00482242
3320 0.00387493
3340 0.00309994
3360 0.00246909
3380 0.001958
3400 0.00154589
3420 0.00121518
3440 0.000951025
3460 0.000741032
3480 0.000574876
3500 0.000444022
3520 0.000341451
3540 0.000261423
3560 0.000199275
3580 0.000151236
3600 0.000114275
3620 8.59681e-05
3640 6.439e-05
3660 4.80167e-05
3680 3.565e-05
3700 2.63524e-05
3720 1.93943e-05
3740 1.42109e-05
3760 1.03673e-05
3780 7.53006e-06
3800 5.44537e-06
3820 3.92057e-06
3840 2.81038e-06
3860 2.00574e-06
3880 1.42521e-06
3900 1.00827e-06
3920 7.10178e-07
3940 4.98026e-07
3960 3.47722e-07
3980 2.41716e-07
4000 1.67291e-07
4020 1.15275e-07
4040 7.90848e-08
4060 5.40187e-08
4080 3.67358e-08
4100 2.48731e-08
4120 1.67673e-08
4140 1.12537e-08
4160 7.52e-09
4180 5.00307e-09
4200 3.31398e-09
4220 2.18554e-09
4240 1.43503e-09
4260 9.38125e-10
4280 6.10597e-10
4300 3.95679e-10
4320 2.55286e-10
4340 1.63986e-10
4360 1.04877e-10
4380 6.67807e-11
4400 4.23366e-11
4420 2.67225e-11
4440 1.67932e-11
4460 1.05071e-11
4480 6.54534e-12
4500 4.05953e-12
4520 2.50677e-12
4540 1.54117e-12
4560 9.43365e-13
4580 5.74919e-13
4600 3.48842e-13
4620 2.1074e-13
4640 1.26754e-13
4660 7.59055e-14
4680 4.52564e-14
4700 2.68648e-14
4720 1.58775e-14
4740 9.34285e-15
4760 5.47358e-15
4780 3.19272e-15
4800 1.85416e-15
4820 1.07208e-15
4840 6.17173e-16
4860 3.53739e-16
4880 2.01862e-16
4900 1.1469e-16
4920 6.48769e-17
4940 3.65387e-17
4960 2.04886e-17
4980 1.14385e-17
5000 6.35804e-18
5020 3.51864e-18
5040 1.93875e-18
5060 1.06358e-18
5080 5.80913e-19
5100 3.15901e-19
5120 1.71037e-19
5140 9.21985e-20
5160 4.9483e-20
5180 2.64415e-20
5200 1.40674e-20
5220 7.45143e-21
5240 3.92973e-21
5260 2.0634e-21
5280 1.0787e-21
5300 5.6146e-22
5320 2.9096e-22
5340 1.50122e-22
5360 7.7118e-23
5380 3.94425e-23
5400 2.0085e-23
5420 1.0183e-23
5440 5.14018e-24
5460 2.58333e-24
5480 1.29265e-24
5500 6.43987e-25
5520 3.19428e-25
5540 1.5775e-25
5560 7.75643e-26
5580 3.79711e-26
5600 1.85073e-26
5620 8.98117e-27
5640 4.33931e-27
5660 2.08741e-27
5680 9.99753e-28
5700 4.76735e-28
5720 2.26339e-28
5740 1.0699e-28
5760 5.03528e-29
5780 2.35941e-29
5800 1.10073e-29
5820 5.11282e-30
5840 2.36449e-30
5860 1.08872e-30
5880 4.99103e-31
5900 2.27806e-31
5920 1.03524e-31
5940 4.68397e-32
5960 2.11003e-32
5980 9.46369e-33
6000 4.22603e-33
6020 1.87891e-33
6040 8.31719e-34
6060 3.66562e-34
6080 1.60849e-34
6100 7.02731e-35
6120 3.05675e-35
6140 1.32382e-35
6160 5.70821e-36
6180 2.45059e-36
6200 1.04747e-36
6220 4.4577e-37
6240 1.88878e-37
6260 7.96803e-38
6280 3.34673e-38
6300 1.39956e-38
6320 5.82723e-39
6340 2.41565e-39
6360 9.97021e-40
6380 4.09709e-40
6400 1.67629e-40
6420 6.82842e-41
6440 2.76945e-41
6460 1.11832e-41
6480 4.49614e-42
6500 1.79976e-42
6520 7.17281e-43
6540 2.8462e-43
6560 1.12445e-43
6580 4.42301e-44
6600 1.73219e-44
6620 6.75421e-45
6640 2.62213e-45
6660 1.01352e-45
6680 3.90046e-46
6700 1.49451e-46
6720 5.70139e-47
6740 2.16553e-47
6760 8.18936e-48
6780 3.08345e-48
6800 1.15591e-48
6820 4.31432e-49
6840 1.60325e-49
6860 5.93189e-50
6880 2.18517e-50
6900 8.01455e-51
6920 2.92667e-51
6940 1.06407e-51
6960 3.85184e-52
6980 1.38825e-52
7000 4.98159e-53
7020 1.77979e-53
7040 6.33101e-54
7060 2.24222e-54
7080 7.90652e-55
7100 2.77584e-55
7120 9.70295e-56
7140 3.37688e-56
7160 1.17012e-56
7180 4.03687e-57
7200 1.38663e-57
7220 4.74221e-58
7240 1.61474e-58
7260 5.47424e-59
7280 1.84777e-59
7300 6.20976e-60
7320 2.0778e-60
7340 6.92204e-61
7360 2.29597e-61
7380 7.58231e-62
7400 2.49309e-62
7420 8.16163e-63
7440 2.66022e-63
7460 8.63299e-64
7480 2.78937e-64
7500 8.97334e-65
7520 2.87411e-65
7540 9.1655e-66
7560 2.91012e-66
7580 9.19957e-67
7600 2.89552e-67
7620 9.07378e-68
7640 2.83108e-68
7660 8.79465e-69
7680 2.72012e-69
7700 8.37643e-70
7720 2.56823e-70
7740 7.83988e-71
7760 2.38281e-71
7780 7.21059e-72
7800 2.17248e-72
7820 6.51691e-73
7840 1.9464e-73
7860 5.78794e-74
7880 1.71364e-74
7900 5.05146e-75
7920 1.48258e-75
7940 4.33232e-76
7960 1.26045e-76
7980 3.6512e-77
8000 1.05305e-77
8020 3.02387e-78
8040 8.64531e-79
8060 2.46094e-79
8080 6.97468e-80
8100 1.96812e-80
8120 5.52943e-81
8140 1.54672e-81
8160 4.30773e-82
8180 1.1945e-82
8200 3.29783e-83
8220 9.06512e-84
8240 2.48097e-84
8260 6.7604e-85
8280 1.83411e-85
8300 4.95431e-86
8320 1.33243e-86
8340 3.56786e-87
8360 9.51205e-88
8380 2.5249e-88
8400 6.67295e-89
8420 1.75588e-89
8440 4.60017e-90
8460 1.19993e-90
8480 3.11633e-91
8500 8.05812e-92
8520 2.07456e-92
8540 5.31769e-93
8560 1.35713e-93
8580 3.44847e-94
8600 8.72435e-95
8620 2.19757e-95
8640 5.51133e-96
8660 1.37618e-96
8680 3.42132e-97
8700 8.46873e-98
8720 2.08711e-98
8740 5.12126e-99
8760 1.25115e-99
8780 3.04333e-100
8800 7.37039e-101
8820 1.7772e-101
8840 4.26663e-102
8860 1.01985e-102
8880 2.42713e-103
8900 5.75112e-104
8920 1.3568e-104
8940 3.187e-105
8960 7.45337e-106
8980 1.73551e-106
9000 4.0235e-107
9020 9.28722e-108
9040 2.13438e-108
9060 4.88382e-109
9080 1.11263e-109
9100 2.52376e-110
9120 5.69965e-111
9140 1.2816e-111
9160 2.86919e-112
9180 6.39544e-113
9200 1.41934e-113
9220 3.1362e-114
9240 6.89964e-115
9260 1.51131e-115
9280 3.29596e-116
9300 7.15676e-117
9320 1.54723e-117
9340 3.33039e-118
9360 7.13741e-119
9380 1.52296e-119
9400 3.23551e-120
9420 6.84383e-121
9440 1.44132e-121
9460 3.02221e-122
9480 6.30947e-123
9500 1.31149e-123
9520 2.71419e-124
9540 5.59269e-125
9560 1.14737e-125
9580 2.34365e-126
9600 4.76632e-127
9620 9.65114e-128
9640 1.94571e-128
9660 3.90554e-129
9680 7.80527e-130
9700 1.5531e-130
9720 3.0769e-131
9740 6.06922e-132
9760 1.19194e-132
9780 2.33068e-133
9800 4.53745e-134
9820 8.79522e-135
9840 1.6974e-135
9860 3.26157e-136
9880 6.23983e-137
9900 1.18851e-137
9920 2.25133e-138
9940 4.10654e-139
9960 0
