-20 0
0 0.000195253
20 0.000392111
40 0.000571793
60 0.000759578
80 0.000929774
100 0.0010919
120 0.0012349
140 0.00136278
160 0.00149289
180 0.00160189
200 0.00170503
220 0.00177946
240 0.00185131
260 0.00191819
280 0.00197442
300 0.00202436
320 0.00204669
340 0.00206997
360 0.00208015
380 0.00209076
400 0.00208995
420 0.00207704
440 0.00206961
460 0.00204876
480 0.00203885
500 0.00201336
520 0.00199358
540 0.00197337
560 0.00194507
580 0.00192913
600 0.00190544
620 0.00188839
640 0.00186523
660 0.00184848
680 0.00184047
700 0.00183449
720 0.00184017
740 0.00183652
760 0.00183281
780 0.00184121
800 0.00185397
820 0.00188155
840 0.00190808
860 0.00195167
880 0.0019923
900 0.00204376
920 0.00209922
940 0.00216846
960 0.00225653
980 0.00234542
1000 0.00245243
1020 0.00256553
1040 0.00270825
1060 0.00285744
1080 0.00302335
1100 0.00319531
1120 0.00338277
1140 0.00358241
1160 0.00380214
1180 0.0040363
1200 0.00429881
1220 0.00457266
1240 0.00485251
1260 0.00515058
1280 0.0054465
1300 0.00576258
1320 0.00607402
1340 0.00639925
1360 0.00672776
1380 0.00705135
1400 0.00738111
1420 0.00771323
1440 0.00805728
1460 0.00840824
1480 0.00875749
1500 0.00912457
1520 0.00947826
1540 0.00982738
1560 0.0101733
1580 0.0105101
1600 0.0108585
1620 0.0112006
1640 0.0115491
1660 0.0119079
1680 0.0122642
1700 0.0126319
1720 0.0130122
1740 0.0134128
1760 0.0138521
1780 0.0143229
1800 0.0148412
1820 0.015414
1840 0.0160233
1860 0.0166927
1880 0.0174021
1900 0.0181566
1920 0.0189604
1940 0.0197965
1960 0.0206907
1980 0.0216132
2000 0.0225742
2020 0.0235615
2040 0.0245522
2060 0.0255506
2080 0.0265231
2100 0.0274631
2120 0.0283557
2140 0.0291692
2160 0.0299195
2180 0.0305703
2200 0.0311271
2220 0.031579
2240 0.0319209
2260 0.0321576
2280 0.0322791
2300 0.0322885
2320 0.0321992
2340 0.0319966
2360 0.0316983
2380 0.03131
2400 0.030832
2420 0.0302842
2440 0.0296571
2460 0.0289851
2480 0.0282616
2500 0.0274972
2520 0.0267138
2540 0.025913
2560 0.0251023
2580 0.0243001
2600 0.0235078
2620 0.0227415
2640 0.0219922
2660 0.0212805
2680 0.0206018
2700 0.0199695
2720 0.0193706
2740 0.0188273
2760 0.0183114
2780 0.0178533
2800 0.017432
2820 0.0170487
2840 0.0167179
2860 0.016404
2880 0.0161431
2900 0.0158975
2920 0.0156892
2940 0.0155042
2960 0.015338
2980 0.0151943
3000 0.01507
3020 0.0149515
3040 0.0148483
3060 0.0147499
3080 0.0146639
3100 0.0145817
3120 0.0144999
3140 0.0144251
3160 0.0143449
3180 0.0142659
3200 0.0141848
3220 0.0141049
3240 0.0140127
3260 0.0139312
3280 0.0138409
3300 0.0137454
3320 0.013658
3340 0.01355
3360 0.0134567
3380 0.0133478
3400 0.0132461
3420 0.0131494
3440 0.0130462
3460 0.0129576
3480 0.0128693
3500 0.0127879
3520 0.0127118
3540 0.0126498
3560 0.0125893
3580 0.0125402
3600 0.0125054
3620 0.0124727
3640 0.0124693
3660 0.0124702
3680 0.0124967
3700 0.0125387
3720 0.0125995
3740 0.0126835
3760 0.0127845
3780 0.0129025
3800 0.0130455
3820 0.0131996
3840 0.0133652
3860 0.0135472
3880 0.0137275
3900 0.0139196
3920 0.0141096
3940 0.0142951
3960 0.0144785
3980 0.0146552
4000 0.0148124
4020 0.0149592
4040 0.0150886
4060 0.0151896
4080 0.0152814
4100 0.0153448
4120 0.0153853
4140 0.0154137
4160 0.0154144
4180 0.0154029
4200 0.0153692
4220 0.0153236
4240 0.0152655
4260 0.0151966
4280 0.015116
4300 0.0150367
4320 0.014952
4340 0.0148614
4360 0.0147784
4380 0.0146968
4400 0.0146119
4420 0.0145476
4440 0.0144824
4460 0.0144297
4480 0.0143979
4500 0.0143669
4520 0.0143534
4540 0.0143579
4560 0.0143555
4580 0.0143776
4600 0.0144043
4620 0.0144386
4640 0.0144805
4660 0.0145334
4680 0.014582
4700 0.0146377
4720 0.0147027
4740 0.0147488
4760 0.0148207
4780 0.0148776
4800 0.0149291
4820 0.0149952
4840 0.015041
4860 0.0150905
4880 0.0151446
4900 0.0151878
4920 0.0152235
4940 0.0152698
4960 0.015298
4980 0.0153322
5000 0.0153529
5020 0.0153776
5040 0.0153834
5060 0.0154011
5080 0.0154217
5100 0.0154311
5120 0.0154332
5140 0.0154545
5160 0.0154593
5180 0.0154643
5200 0.0154705
5220 0.0154774
5240 0.0154871
5260 0.0154819
5280 0.0154834
5300 0.0154909
5320 0.01549
5340 0.0154762
5360 0.0154849
5380 0.0154721
5400 0.015459
5420 0.0154451
5440 0.015429
5460 0.0154103
5480 0.0153722
5500 0.0153351
5520 0.0152977
5540 0.0152405
5560 0.0151687
5580 0.0150972
5600 0.014999
5620 0.0148912
5640 0.0147593
5660 0.0146092
5680 0.0144373
5700 0.0142357
5720 0.0139958
5740 0.013743
5760 0.0134466
5780 0.0130979
5800 0.0127291
5820 0.0123109
5840 0.0118482
5860 0.0113244
5880 0.0107704
5900 0.0101574
5920 0.00949462
5940 0.00877385
5960 0.00801251
5980 0.00719428
6000 0.00632785
6020 0.00542112
6040 0.00446696
6060 0.00348633
6080 0.0024565
6100 0.0014202
6120 0.000350715
6140 -0.000710104
6160 -0.00179176
6180 -0.00285597
6200 -0.00389272
6220 -0.00490934
6240 -0.00588772
6260 -0.006818
6280 -0.00766628
6300 -0.00847461
6320 -0.00918225
6340 -0.00981242
6360 -0.0103428
6380 -0.0107705
6400 -0.0111061
6420 -0.0113192
6440 -0.0114228
6460 -0.0114317
6480 -0.0113349
6500 -0.0111286
6520 -0.0108365
6540 -0.010457
6560 -0.0100134
6580 -0.00948971
6600 -0.00891161
6620 -0.00829529
6640 -0.00764104
6660 -0.00694299
6680 -0.00622319
6700 -0.00548853
6720 -0.0047277
6740 -0.00393618
6760 -0.00313997
6780 -0.00233385
6800 -0.00150182
6820 -0.000666702
6840 0.000165573
6860 0.000982628
6880 0.00178539
6900 0.00257575
6920 0.00331432
6940 0.00402785
6960 0.00471199
6980 0.00535837
7000 0.00596688
7020 0.00655616
7040 0.00711133
7060 0.00763635
7080 0.00813756
7100 0.00858293
7120 0.00900669
7140 0.00938988
7160 0.00973589
7180 0.0100354
7200 0.0103192
7220 0.0105873
7240 0.0108152
7260 0.0110355
7280 0.0112271
7300 0.0114033
7320 0.0115432
7340 0.0116686
7360 0.0117658
7380 0.0118739
7400 0.0119539
7420 0.0120236
7440 0.0120953
7460 0.0121588
7480 0.0122075
7500 0.0122275
7520 0.0122611
7540 0.0122873
7560 0.0123065
7580 0.0123214
7600 0.0123476
7620 0.0123627
7640 0.0123719
7660 0.0123629
7680 0.0123701
7700 0.012373
7720 0.0123758
7740 0.0123816
7760 0.0123788
7780 0.0123887
7800 0.0123854
7820 0.0123739
7840 0.01237
7860 0.0123723
7880 0.0123779
7900 0.0123707
7920 0.0123701
7940 0.0123728
7960 0.0123676
7980 0.0123575
8000 0.0123555
8020 0.0123592
8040 0.0123648
8060 0.0123599
8080 0.0123495
8100 0.0123548
8120 0.0123528
8140 0.0123585
8160 0.0123629
8180 0.0123652
8200 0.0123817
8220 0.0123818
8240 0.0123893
8260 0.0123996
8280 0.0124352
8300 0.0124633
8320 0.0124737
8340 0.0124991
8360 0.0125403
8380 0.0125655
8400 0.0125985
8420 0.0126329
8440 0.0126699
8460 0.0126998
8480 0.0127216
8500 0.0127535
8520 0.0127754
8540 0.0128172
8560 0.0128379
8580 0.012845
8600 0.012869
8620 0.0128956
8640 0.0129197
8660 0.0129335
8680 0.0129592
8700 0.0129835
8720 0.0130043
8740 0.0130324
8760 0.0130494
8780 0.0130836
8800 0.0131081
8820 0.0131472
8840 0.0131598
8860 0.0132034
8880 0.0132473
8900 0.0132897
8920 0.0133261
8940 0.0133672
8960 0.0134354
8980 0.0134906
9000 0.0135482
9020 0.0136002
9040 0.0136671
9060 0.0137473
9080 0.0138175
9100 0.0138918
9120 0.0139674
9140 0.0140414
9160 0.014121
9180 0.0141883
9200 0.0142593
9220 0.0143262
9240 0.014407
9260 0.0144662
9280 0.0145202
9300 0.014579
9320 0.0146453
9340 0.0146916
9360 0.0147408
9380 0.0147792
9400 0.0148305
9420 0.0148762
9440 0.0149188
9460 0.0149443
9480 0.0149639
9500 0.0150189
9520 0.015046
9540 0.0150662
9560 0.0150801
9580 0.0151025
9600 0.0151267
9620 0.0151314
9640 0.0151414
9660 0.0151327
9680 0.0151275
9700 0.015138
9720 0.0151121
9740 0.0150781
9760 0.0150258
9780 0.0149755
9800 0.0149022
9820 0.0147913
9840 0.0146489
9860 0.0144754
9880 0.0142665
9900 0.0139985
9920 0.0136415
9940 0.0132037
9960 0.012664
9980 0.0120109
10000 0.0113761
10020 0.0105833
10040 0.00962584
10060 0.00848654
10080 0.0071263
10100 0.00550534
10120 0.00358287
10140 0.00132373
10160 -0.00131001
10180 -0.00437114
10200 -0.00790836
10220 -0.0119853
10240 -0.0166826
10260 -0.0220472
10280 -0.0281285
10300 -0.0350195
10320 -0.0428022
10340 -0.0515467
10360 -0.0613284
10380 -0.0722039
10400 -0.0842459
10420 -0.0975375
10440 -0.112129
10460 -0.128077
10480 -0.145429
10500 -0.164194
10520 -0.184402
10540 -0.20608
10560 -0.229207
10580 -0.253753
10600 -0.279663
10620 -0.306856
10640 -0.33526
10660 -0.364763
10680 -0.39522
10700 -0.426479
10720 -0.458341
10740 -0.490596
10760 -0.523055
10780 -0.555479
10800 -0.587601
10820 -0.619161
10840 -0.649885
10860 -0.679498
10880 -0.707737
10900 -0.734331
10920 -0.759016
10940 -0.781534
10960 -0.801644
10980 -0.819147
11000 -0.833862
11020 -0.845648
11040 -0.854403
11060 -0.860055
11080 -0.862609
11100 -0.862164
11120 -0.858892
11140 -0.853022
11160 -0.844838
11180 -0.834647
11200 -0.822717
11220 -0.809245
11240 -0.794324
11260 -0.777933
11280 -0.76
11300 -0.740501
11320 -0.719536
11340 -0.697368
11360 -0.674332
11380 -0.650702
11400 -0.626627
11420 -0.602129
11440 -0.577192
11460 -0.551933
11480 -0.526613
11500 -0.50151
11520 -0.476801
11540 -0.452502
11560 -0.428571
11580 -0.405081
11600 -0.382224
11620 -0.360204
11640 -0.339104
11660 -0.318835
11680 -0.299329
11700 -0.280692
11720 -0.263075
11740 -0.246522
11760 -0.230948
11780 -0.216245
11800 -0.202445
11820 -0.18966
11840 -0.17786
11860 -0.16691
11880 -0.15674
11900 -0.147394
11920 -0.138926
11940 -0.131241
11960 -0.124176
11980 -0.117701
12000 -0.111891
12020 -0.106739
12040 -0.102113
12060 -0.0979045
12080 -0.0941473
12100 -0.0908749
12120 -0.0879798
12140 -0.0853507
12160 -0.0830176
12180 -0.0810463
12200 -0.0793733
12220 -0.0778585
12240 -0.0764863
12260 -0.0753433
12280 -0.0743992
12300 -0.0735368
12320 -0.0727635
12340 -0.0721686
12360 -0.0717136
12380 -0.0712674
12400 -0.0708346
12420 -0.0705139
12440 -0.0702692
12460 -0.0700103
12480 -0.0697828
12500 -0.0696513
12520 -0.0695523
12540 -0.0694015
12560 -0.0692338
12580 -0.0691174
12600 -0.0689958
12620 -0.0688089
12640 -0.0686491
12660 -0.0685525
12680 -0.0683959
12700 -0.0681584
12720 -0.067929
12740 -0.0676737
12760 -0.0673156
12780 -0.0669054
12800 -0.0665078
12820 -0.0660698
12840 -0.065531
12860 -0.0649364
12880 -0.0643001
12900 -0.0635238
12920 -0.0625989
12940 -0.0616175
12960 -0.0605421
12980 -0.0593045
13000 -0.0579837
13020 -0.0566076
13040 -0.0550673
13060 -0.0533441
13080 -0.051509
13100 -0.0495208
13120 -0.0472999
13140 -0.0449093
13160 -0.0424198
13180 -0.0397611
13200 -0.0369227
13220 -0.034007
13240 -0.0309793
13260 -0.02775
13280 -0.0243906
13300 -0.0209348
13320 -0.0172853
13340 -0.0134692
13360 -0.00959719
13380 -0.00563614
13400 -0.00156497
13420 0.00248903
13440 0.00649225
13460 0.0105128
13480 0.0144721
13500 0.0182969
13520 0.0220749
13540 0.025796
13560 0.0293612
13580 0.0328209
13600 0.036211
13620 0.0394298
13640 0.0424541
13660 0.0453213
13680 0.0479553
13700 0.0502802
13720 0.0523165
13740 0.0540235
13760 0.055304
13780 0.0561722
13800 0.0566398
13820 0.0566102
13840 0.0560835
13860 0.0551313
13880 0.0536892
13900 0.0517337
13920 0.0493738
13940 0.046599
13960 0.0433644
13980 0.0397853
14000 0.03591
14020 0.031687
14040 0.0272083
14060 0.0225622
14080 0.0177084
14100 0.0127118
14120 0.00767663
14140 0.0025692
14160 -0.00257468
14180 -0.00764058
14200 -0.0126495
14220 -0.0176049
14240 -0.0224042
14260 -0.0270478
14280 -0.0315603
14300 -0.0358622
14320 -0.039953
14340 -0.0438737
14360 -0.0475503
14380 -0.0509804
14400 -0.0542353
14420 -0.0572506
14440 -0.0600039
14460 -0.0625874
14480 -0.0649618
14500 -0.067087
14520 -0.0690539
14540 -0.0708498
14560 -0.0724301
14580 -0.0738713
14600 -0.0751766
14620 -0.0763061
14640 -0.0773254
14660 -0.0782444
14680 -0.0790197
14700 -0.0797086
14720 -0.0803367
14740 -0.0808547
14760 -0.0813011
14780 -0.0817138
14800 -0.0820468
14820 -0.0823273
14840 -0.0825965
14860 -0.082801
14880 -0.082963
14900 -0.0831385
14920 -0.0832686
14940 -0.0833567
14960 -0.0834659
14980 -0.0835496
15000 -0.0835799
15020 -0.0836252
15040 -0.0836626
15060 -0.0836726
15080 -0.0836943
15100 -0.0837196
15120 -0.0837184
15140 -0.083724
15160 -0.0837445
15180 -0.0837392
15200 -0.0837286
15220 -0.0837433
15240 -0.0837457
15260 -0.0837284
15280 -0.0837303
15300 -0.0837346
15320 -0.0837195
15340 -0.0837167
15360 -0.0837231
15380 -0.0837087
15400 -0.0836975
15420 -0.0837045
15440 -0.0836991
15460 -0.0836862
15480 -0.0836869
15500 -0.0836821
15520 -0.0836715
15540 -0.0836746
15560 -0.083672
15580 -0.0836571
15600 -0.083658
15620 -0.0836632
15640 -0.0836509
15660 -0.083646
15680 -0.0836538
15700 -0.0836483
15720 -0.0836407
15740 -0.0836458
15760 -0.0836451
15780 -0.0836413
15800 -0.083647
15820 -0.083645
15840 -0.0836375
15860 -0.0836459
15880 -0.0836512
15900 -0.0836415
15920 -0.083644
15940 -0.083652
15960 -0.0836426
15980 -0.0836431
16000 -0.0836569
16020 -0.0836459
16040 -0.0836332
16060 -0.0836503
16080 -0.083652
16100 -0.0836317
16120 -0.0836388
16140 -0.0836474
16160 -0.0836273
16180 -0.083627
16200 -0.0836407
16220 -0.0836213
16240 -0.0836109
16260 -0.0836291
16280 -0.0836174
16300 -0.0835954
16320 -0.0836115
16340 -0.0836157
16360 -0.0835902
16380 -0.0835907
16400 -0.083602
16420 -0.0835887
16440 -0.083583
16460 -0.0835902
16480 -0.0835826
16500 -0.0835762
16520 -0.0835821
16540 -0.0835834
16560 -0.0835829
16580 -0.0835827
16600 -0.08358
16620 -0.0835904
16640 -0.083602
16660 -0.083595
16680 -0.0835987
16700 -0.0836202
16720 -0.083622
16740 -0.0836201
16760 -0.0836424
16780 -0.083654
16800 -0.0836509
16820 -0.0836695
16840 -0.0836873
16860 -0.0836849
16880 -0.0837
16900 -0.0837248
16920 -0.0837257
16940 -0.0837306
16960 -0.0837526
16980 -0.0837626
17000 -0.0837708
17020 -0.0837871
17040 -0.0837908
17060 -0.0837978
17080 -0.0838185
17100 -0.0838234
17120 -0.0838257
17140 -0.0838454
17160 -0.0838483
17180 -0.0838435
17200 -0.0838674
17220 -0.0838792
17240 -0.0838637
17260 -0.0838758
17280 -0.0838996
17300 -0.0838908
17320 -0.0838871
17340 -0.0839073
17360 -0.0839146
17380 -0.0839121
17400 -0.0839175
17420 -0.0839237
17440 -0.0839349
17460 -0.0839457
17480 -0.0839457
17500 -0.0839569
17520 -0.0839777
17540 -0.083981
17560 -0.0839911
17580 -0.0840258
17600 -0.0840473
17620 -0.0840566
17640 -0.084089
17660 -0.0841333
17680 -0.0841738
17700 -0.0842195
17720 -0.0842694
17740 -0.0843342
17760 -0.0844233
17780 -0.0845076
17800 -0.0845918
17820 -0.0847198
17840 -0.0848716
17860 -0.0850117
17880 -0.0851786
17900 -0.085394
17920 -0.0856274
17940 -0.085884
17960 -0.0861832
17980 -0.086514
18000 -0.0868877
18020 -0.0873191
18040 -0.0877893
18060 -0.0883078
18080 -0.0889038
18100 -0.0895612
18120 -0.0902709
18140 -0.0910619
18160 -0.0919407
18180 -0.0929027
18200 -0.0939545
18220 -0.095089
18240 -0.0963173
18260 -0.0976701
18280 -0.0991327
18300 -0.100687
18320 -0.102356
18340 -0.104149
18360 -0.106061
18380 -0.108105
18400 -0.110259
18420 -0.112509
18440 -0.114899
18460 -0.11743
18480 -0.12005
18500 -0.122768
18520 -0.125596
18540 -0.128511
18560 -0.131523
18580 -0.134635
18600 -0.137795
18620 -0.140985
18640 -0.144222
18660 -0.147492
18680 -0.150787
18700 -0.154096
18720 -0.157367
18740 -0.16057
18760 -0.163713
18780 -0.166785
18800 -0.169781
18820 -0.172698
18840 -0.175484
18860 -0.178094
18880 -0.180514
18900 -0.182723
18920 -0.184731
18940 -0.186569
18960 -0.188216
18980 -0.189646
19000 -0.190869
19020 -0.191843
19040 -0.192503
19060 -0.192842
19080 -0.192836
19100 -0.192437
19120 -0.191651
19140 -0.190495
19160 -0.188953
19180 -0.187038
19200 -0.184782
19220 -0.182197
19240 -0.179309
19260 -0.176152
19280 -0.172737
19300 -0.169101
19320 -0.165292
19340 -0.161328
19360 -0.157245
19380 -0.15308
19400 -0.148847
19420 -0.144586
19440 -0.140344
19460 -0.136127
19480 -0.13196
19500 -0.127887
19520 -0.12391
19540 -0.120038
19560 -0.116318
19580 -0.112755
19600 -0.109328
19620 -0.106075
19640 -0.103015
19660 -0.100125
19680 -0.0974128
19700 -0.0948838
19720 -0.0925279
19740 -0.0903509
19760 -0.0883496
19780 -0.0865099
19800 -0.0848369
19820 -0.0833147
19840 -0.081918
19860 -0.0806652
19880 -0.0795541
19900 -0.0785446
19920 -0.0776408
19940 -0.0768524
19960 -0.0761465
19980 -0.0755199
20000 -0.0749828
20020 -0.0745042
20040 -0.0740761
20060 -0.0737161
20080 -0.0734065
20100 -0.0731344
20120 -0.0729074
20140 -0.0727093
20160 -0.0725301
20180 -0.0723809
20200 -0.0722551
20220 -0.0721493
20240 -0.0720646
20260 -0.0719819
20280 -0.0719054
20300 -0.0718536
20320 -0.0718039
20340 -0.0717444
20360 -0.0716995
20380 -0.0716608
20400 -0.0716101
20420 -0.0715667
20440 -0.0715344
20460 -0.0714906
20480 -0.0714336
20500 -0.071372
20520 -0.0713093
20540 -0.0712475
20560 -0.071176
20580 -0.0710914
20600 -0.0710038
20620 -0.0709049
20640 -0.0707876
20660 -0.0706662
20680 -0.0705361
20700 -0.0703816
20720 -0.0702125
20740 -0.0700369
20760 -0.0698479
20780 -0.069647
20800 -0.0694304
20820 -0.0691888
20840 -0.0689291
20860 -0.0686567
20880 -0.0683701
20900 -0.0680734
20920 -0.0677629
20940 -0.0674348
20960 -0.0670983
20980 -0.0667518
21000 -0.0663915
21020 -0.0660312
21040 -0.0656661
21060 -0.0652814
21080 -0.0648967
21100 -0.0645281
21120 -0.0641621
21140 -0.063801
21160 -0.0634542
21180 -0.0631138
21200 -0.0627822
21220 -0.0624666
21240 -0.0621676
21260 -0.0618967
21280 -0.0616512
21300 -0.0614136
21320 -0.0612027
21340 -0.0610362
21360 -0.0608913
21380 -0.0607667
21400 -0.0606786
21420 -0.060607
21440 -0.0605414
21460 -0.0604988
21480 -0.0604745
21500 -0.0604619
21520 -0.0604634
21540 -0.060461
21560 -0.0604541
21580 -0.0604612
21600 -0.0604679
21620 -0.0604671
21640 -0.0604773
21660 -0.0604819
21680 -0.0604623
21700 -0.0604372
21720 -0.0604048
21740 -0.060353
21760 -0.0602962
21780 -0.0602284
21800 -0.0601357
21820 -0.0600357
21840 -0.0599285
21860 -0.0598001
21880 -0.0596633
21900 -0.0595165
21920 -0.0593427
21940 -0.0591524
21960 -0.0589498
21980 -0.0587277
22000 -0.0585029
22020 -0.0582785
22040 -0.0580407
22060 -0.0578033
22080 -0.0575764
22100 -0.0573504
22120 -0.0571358
22140 -0.0569472
22160 -0.0567822
22180 -0.0566418
22200 -0.0565221
22220 -0.056419
22240 -0.0563446
22260 -0.0562998
22280 -0.0562779
22300 -0.0562903
22320 -0.0563343
22340 -0.0563896
22360 -0.0564555
22380 -0.0565387
22400 -0.0566413
22420 -0.0567658
22440 -0.0568999
22460 -0.0570376
22480 -0.0571908
22500 -0.0573477
22520 -0.0574934
22540 -0.0576487
22560 -0.0578217
22580 -0.0579997
22600 -0.0581878
22620 -0.0583832
22640 -0.058573
22660 -0.0587625
22680 -0.0589471
22700 -0.0591214
22720 -0.0593071
22740 -0.0595015
22760 -0.0596811
22780 -0.059859
22800 -0.0600407
22820 -0.0602014
22840 -0.0603461
22860 -0.0604902
22880 -0.0606284
22900 -0.0607652
22920 -0.0608979
22940 -0.0610098
22960 -0.0611105
22980 -0.0612035
23000 -0.0612651
23020 -0.0613039
23040 -0.0613452
23060 -0.0613776
23080 -0.0613902
23100 -0.0613887
23120 -0.0613666
23140 -0.0613171
23160 -0.0612372
23180 -0.0611198
23200 -0.0609766
23220 -0.0608221
23240 -0.0606423
23260 -0.0604269
23280 -0.0601838
23300 -0.0599074
23320 -0.0595812
23340 -0.0591993
23360 -0.058767
23380 -0.0582916
23400 -0.0577697
23420 -0.0571944
23440 -0.0565739
23460 -0.0559129
23480 -0.0551957
23500 -0.0544078
23520 -0.0535466
23540 -0.0526143
23560 -0.0516124
23580 -0.0505353
23600 -0.0493853
23620 -0.0481822
23640 -0.0469289
23660 -0.0456113
23680 -0.0442374
23700 -0.0428174
23720 -0.0413373
23740 -0.0397901
23760 -0.0381809
23780 -0.0365124
23800 -0.0347983
23820 -0.0330493
23840 -0.0312647
23860 -0.0294661
23880 -0.0276823
23900 -0.0259115
23920 -0.0241559
23940 -0.0224363
23960 -0.0207543
23980 -0.0191068
24000 -0.0175035
24020 -0.0159417
24040 -0.0144219
24060 -0.0129601
24080 -0.0115563
24100 -0.0102085
24120 -0.00894006
24140 -0.00776482
24160 -0.00667837
24180 -0.00569194
24200 -0.00482048
24220 -0.00406423
24240 -0.00342045
24260 -0.00288152
24280 -0.00243728
24300 -0.00208416
24320 -0.00180626
24340 -0.00157523
24360 -0.00137881
24380 -0.00121239
24400 -0.00105921
24420 -0.000906206
24440 -0.000756853
24460 -0.000620812
24480 -0.000505032
24500 -0.00041808
24520 -0.000378037
24540 -0.000400331
24560 -0.000484455
24580 -0.000629133
24600 -0.000832401
24620 -0.00107366
24640 -0.00132993
24660 -0.00158495
24680 -0.00181423
24700 -0.0020061
24720 -0.00216906
24740 -0.00229956
24760 -0.00240082
24780 -0.00250292
24800 -0.00261803
24820 -0.00273679
24840 -0.00285946
24860 -0.00297704
24880 -0.00307173
24900 -0.00313746
24920 -0.00315968
24940 -0.00313226
24960 -0.00308497
24980 -0.00303452
25000 -0.00297562
25020 -0.00292621
25040 -0.00289533
25060 -0.00285886
25080 -0.00280562
25100 -0.00273433
25120 -0.00263521
25140 -0.00251832
25160 -0.00240332
25180 -0.0022963
25200 -0.00220908
25220 -0.00214867
25240 -0.00209599
25260 -0.00203167
25280 -0.0019535
25300 -0.00186806
25320 -0.00178207
25340 -0.00169786
25360 -0.00162839
25380 -0.0015911
25400 -0.00157151
25420 -0.00154381
25440 -0.00150594
25460 -0.00145704
25480 -0.0014001
25500 -0.00135635
25520 -0.00133019
25540 -0.00131562
25560 -0.00131894
25580 -0.00132168
25600 -0.00129883
25620 -0.00126815
25640 -0.00124574
25660 -0.00122617
25680 -0.0012211
25700 -0.00123325
25720 -0.00124461
25740 -0.0012521
25760 -0.00124867
25780 -0.00122636
25800 -0.00121281
25820 -0.00122534
25840 -0.00124618
25860 -0.00127018
25880 -0.00129368
25900 -0.00130052
25920 -0.00129988
25940 -0.00130913
25960 -0.00133019
25980 -0.00137078
26000 -0.0014251
26020 -0.00146691
26040 -0.0014939
26060 -0.00152305
26080 -0.0015654
26100 -0.00162952
26120 -0.00170943
26140 -0.00179116
26160 -0.0018735
26180 -0.0019522
26200 -0.00202898
26220 -0.0021273
26240 -0.00225367
26260 -0.00239479
26280 -0.00254341
26300 -0.00268428
26320 -0.00281895
26340 -0.00298142
26360 -0.00317284
26380 -0.00337113
26400 -0.00358729
26420 -0.00381778
26440 -0.00403674
26460 -0.00426001
26480 -0.00451052
26500 -0.0047816
26520 -0.00507193
26540 -0.00536967
26560 -0.00565384
26580 -0.00594415
26600 -0.00626078
26620 -0.00658459
26640 -0.00690847
26660 -0.0072392
26680 -0.00756538
26700 -0.00788397
26720 -0.00820811
26740 -0.00854354
26760 -0.00888442
26780 -0.0092121
26800 -0.00951285
26820 -0.00979541
26840 -0.0100701
26860 -0.0103417
26880 -0.0106099
26900 -0.0108537
26920 -0.0110645
26940 -0.011265
26960 -0.0114572
26980 -0.0116277
27000 -0.0117822
27020 -0.0119106
27040 -0.0119939
27060 -0.0120428
27080 -0.0120634
27100 -0.0120507
27120 -0.012013
27140 -0.0119352
27160 -0.0117926
27180 -0.011612
27200 -0.0114208
27220 -0.0111995
27240 -0.0109352
27260 -0.0106369
27280 -0.0103076
27300 -0.00995524
27320 -0.00959098
27340 -0.00921345
27360 -0.00881795
27380 -0.00840339
27400 -0.00797614
27420 -0.00754856
27440 -0.0071252
27460 -0.00670707
27480 -0.00629239
27500 -0.00587021
27520 -0.00544781
27540 -0.00505103
27560 -0.00467964
27580 -0.00431545
27600 -0.00395421
27620 -0.00360104
27640 -0.00327253
27660 -0.00297994
27680 -0.00270093
27700 -0.00242217
27720 -0.00216417
27740 -0.00193097
27760 -0.00171247
27780 -0.00151643
27800 -0.00134047
27820 -0.00116996
27840 -0.00100946
27860 -0.000869035
27880 -0.000748504
27900 -0.000643119
27920 -0.000544107
27940 -0.000449337
27960 -0.000364037
27980 -0.000291717
28000 -0.000239561
28020 -0.000198922
28040 -0.000143493
28060 -8.53832e-05
28080 -5.78568e-05
28100 -4.53801e-05
28120 -2.07727e-05
28140 6.91003e-06
28160 2.88959e-05
28180 4.33106e-05
28200 4.44342e-05
28220 4.55407e-05
28240 5.84056e-05
28260 6.95588e-05
28280 7.10191e-05
28300 6.71114e-05
28320 6.20398e-05
28340 6.38278e-05
28360 6.89921e-05
28380 6.59023e-05
28400 6.03613e-05
28420 5.7541e-05
28440 5.17876e-05
28460 4.8297e-05
28480 5.05877e-05
28500 4.99603e-05
28520 4.2717e-05
28540 3.16707e-05
28560 2.8045e-05
28580 3.81412e-05
28600 3.9028e-05
28620 2.18092e-05
28640 1.53111e-05
28660 2.16861e-05
28680 2.13804e-05
28700 2.21427e-05
28720 2.00615e-05
28740 3.36883e-06
28760 1.56086e-06
28780 2.17311e-05
28800 2.10131e-05
28820 -2.30633e-07
28840 -3.75058e-06
28860 7.92633e-06
28880 1.28252e-05
28900 8.40798e-06
28920 1.5586e-07
28940 -3.55576e-06
28960 1.55771e-06
28980 8.57361e-06
29000 8.50233e-06
29020 -2.03891e-06
29040 -9.16961e-06
29060 2.58249e-06
29080 1.26347e-05
29100 7.89374e-07
29120 -8.22397e-06
29140 -9.39341e-08
29160 4.13284e-06
29180 1.65475e-06
29200 1.98494e-06
29220 -1.40884e-06
29240 -4.85535e-06
29260 1.54329e-06
29280 6.18991e-06
29300 -2.51013e-07
29320 -5.28545e-06
29340 -4.91386e-07
29360 3.96422e-06
29380 5.26314e-07
29400 -1.92859e-06
29420 6.73473e-07
29440 -3.2544e-07
29460 -1.76217e-06
29480 2.45522e-06
29500 1.78141e-06
29520 -3.2397e-06
29540 -4.82323e-07
29560 2.14816e-06
29580 -1.03659e-06
29600 1.82522e-07
29620 1.69787e-06
29640 -1.9791e-06
29660 -1.40244e-06
29680 1.8784e-06
29700 1.13936e-06
29720 -9.9467e-08
29740 -1.72853e-06
29760 -1.67404e-06
29780 2.73719e-06
29800 1.85917e-06
29820 -2.6816e-06
29840 -4.24468e-07
29860 5.28183e-07
29880 -1.1304e-06
29900 3.00868e-06
29920 1.28615e-06
29940 -5.73662e-06
29960 0
