-20 0
0 1.25251e-07
20 2.44815e-07
40 3.53128e-07
60 4.44876e-07
80 5.15125e-07
100 5.59434e-07
120 5.73961e-07
140 5.55565e-07
160 5.019e-07
180 4.11493e-07
200 2.83799e-07
220 1.1924e-07
240 -8.07692e-08
260 -3.13829e-07
280 -5.76578e-07
300 -8.64756e-07
320 -1.17327e-06
340 -1.49632e-06
360 -1.82751e-06
380 -2.15999e-06
400 -2.48668e-06
420 -2.80036e-06
440 -3.09393e-06
460 -3.36061e-06
480 -3.59405e-06
500 -3.78859e-06
520 -3.93938e-06
540 -4.04253e-06
560 -4.09521e-06
580 -4.09576e-06
600 -4.04371e-06
620 -3.93978e-06
640 -3.7859e-06
660 -3.58511e-06
680 -3.34145e-06
700 -3.0599e-06
720 -2.74616e-06
740 -2.4065e-06
760 -2.0476e-06
780 -1.67634e-06
800 -1.29964e-06
820 -9.24207e-07
840 -5.56456e-07
860 -2.02299e-07
880 1.32965e-07
900 4.44759e-07
920 7.29288e-07
940 9.83601e-07
960 1.2056e-06
980 1.39405e-06
1000 1.54852e-06
1020 1.66932e-06
1040 1.75749e-06
1060 1.81464e-06
1080 1.84288e-06
1100 1.84472e-06
1120 1.82297e-06
1140 1.78064e-06
1160 1.72081e-06
1180 1.6466e-06
1200 1.56101e-06
1220 1.46695e-06
1240 1.36709e-06
1260 1.26391e-06
1280 1.15958e-06
1300 1.05601e-06
1320 9.54812e-07
1340 8.57306e-07
1360 7.64533e-07
1380 6.77278e-07
1400 5.96087e-07
1420 5.21284e-07
1440 4.53012e-07
1460 3.91257e-07
1480 3.35875e-07
1500 2.86611e-07
1520 2.43145e-07
1540 2.05096e-07
1560 1.72053e-07
1580 1.4359e-07
1600 1.19291e-07
1620 9.87517e-08
1640 8.16079e-08
1660 6.75461e-08
1680 5.63163e-08
1700 4.77524e-08
1720 4.18022e-08
1740 3.8556e-08
1760 3.8282e-08
1780 4.15047e-08
1800 4.90701e-08
1820 6.22665e-08
1840 8.29716e-08
1860 1.13873e-07
1880 1.58721e-07
1900 2.22723e-07
1920 3.13018e-07
1940 4.39324e-07
1960 6.14772e-07
1980 8.57004e-07
2000 1.18957e-06
2020 1.6437e-06
2040 2.26063e-06
2060 3.09442e-06
2080 4.21558e-06
2100 5.71557e-06
2120 7.71227e-06
2140 1.03568e-05
2160 1.38418e-05
2180 1.84113e-05
2200 2.43726e-05
2220 3.21107e-05
2240 4.21047e-05
2260 5.49473e-05
2280 7.13674e-05
2300 9.2256e-05
2320 0.000118695
2340 0.000151991
2360 0.00019371
2380 0.000245718
2400 0.000310225
2420 0.00038983
2440 0.000487566
2460 0.000606952
2480 0.000752041
2500 0.000927463
2520 0.00113847
2540 0.00139099
2560 0.00169161
2580 0.00204765
2600 0.00246714
2620 0.00295881
2640 0.00353205
2660 0.00419688
2680 0.00496385
2700 0.00584395
2720 0.00684845
2740 0.00798874
2760 0.00927614
2780 0.0107217
2800 0.0123357
2820 0.014128
2840 0.0161067
2860 0.0182789
2880 0.0206497
2900 0.0232219
2920 0.0259959
2940 0.0289693
2960 0.0321367
2980 0.0354891
3000 0.0390142
3020 0.0426959
3040 0.0465146
3060 0.0504469
3080 0.0544656
3100 0.0585406
3120 0.0626384
3140 0.066723
3160 0.0707561
3180 0.0746979
3200 0.0785076
3220 0.082144
3240 0.0855665
3260 0.0887354
3280 0.0916133
3300 0.0941653
3320 0.0963599
3340 0.0981696
3360 0.0995716
3380 0.100548
3400 0.101087
3420 0.101181
3440 0.100831
3460 0.10004
3480 0.098821
3500 0.0971891
3520 0.095166
3540 0.0927779
3560 0.090055
3580 0.0870311
3600 0.0837426
3620 0.080228
3640 0.0765271
3660 0.0726801
3680 0.0687274
3700 0.0647083
3720 0.0606606
3740 0.0566204
3760 0.052621
3780 0.0486929
3800 0.0448636
3820 0.0411568
3840 0.0375931
3860 0.0341891
3880 0.0309582
3900 0.02791
3920 0.025051
3940 0.0223843
3960 0.0199105
3980 0.0176272
4000 0.01553
4020 0.0136121
4040 0.0118651
4060 0.0102793
4080 0.00884348
4100 0.00754558
4120 0.00637279
4140 0.00531171
4160 0.00434856
4180 0.00346927
4200 0.00265962
4220 0.0019053
4240 0.001192
4260 0.000505428
4280 -0.000168629
4300 -0.000844313
4320 -0.00153566
4340 -0.00225656
4360 -0.00302079
4380 -0.00384188
4400 -0.00473315
4420 -0.00570758
4440 -0.00677774
4460 -0.00795566
4480 -0.00925268
4500 -0.0106793
4520 -0.0122451
4540 -0.0139581
4560 -0.0158253
4580 -0.0178516
4600 -0.0200402
4620 -0.0223919
4640 -0.0249054
4660 -0.0275765
4680 -0.0303982
4700 -0.0333608
4720 -0.0364514
4740 -0.0396539
4760 -0.0429494
4780 -0.0463157
4800 -0.0497282
4820 -0.0531595
4840 -0.0565798
4860 -0.0599576
4880 -0.0632601
4900 -0.0664532
4920 -0.0695028
4940 -0.0723749
4960 -0.0750363
4980 -0.0774554
5000 -0.0789484
5020 -0.0802279
5040 -0.0812821
5060 -0.0821005
5080 -0.0826752
5100 -0.0830001
5120 -0.0830715
5140 -0.082888
5160 -0.0824505
5180 -0.0817624
5200 -0.0808293
5220 -0.0796591
5240 -0.0782619
5260 -0.0766496
5280 -0.074836
5300 -0.0728366
5320 -0.0706681
5340 -0.0683486
5360 -0.065897
5380 -0.0633326
5400 -0.0606754
5420 -0.0579454
5440 -0.0551624
5460 -0.052346
5480 -0.049515
5500 -0.0466875
5520 -0.0438806
5540 -0.0411103
5560 -0.0383913
5580 -0.0357369
5600 -0.0331589
5620 -0.0306676
5640 -0.0282719
5660 -0.0259791
5680 -0.0237949
5700 -0.0217236
5720 -0.0197683
5740 -0.0179304
5760 -0.0162105
5780 -0.0146078
5800 -0.0131205
5820 -0.0117462
5840 -0.0104814
5860 -0.00932215
5880 -0.00826393
5900 -0.00730177
5920 -0.00643043
5940 -0.00564444
5960 -0.00493819
5980 -0.00430606
6000 -0.00374245
6020 -0.00324186
6040 -0.00279893
6060 -0.00240852
6080 -0.00206569
6100 -0.00176578
6120 -0.0015044
6140 -0.00127745
6160 -0.00108112
6180 -0.000911915
6200 -0.000766627
6220 -0.000642335
6240 -0.000536395
6260 -0.000446429
6280 -0.000370308
6300 -0.000306136
6320 -0.000252236
6340 -0.000207128
6360 -0.000169515
6380 -0.000138265
6400 -0.000112396
6420 -9.1059e-05
6440 -7.35236e-05
6460 -5.91644e-05
6480 -4.74486e-05
6500 -3.7924e-05
6520 -3.02086e-05
6540 -2.39812e-05
6560 -1.8973e-05
6580 -1.49596e-05
6600 -1.17551e-05
6620 -9.2056e-06
6640 -7.18446e-06
6660 -5.58795e-06
6680 -4.33137e-06
6700 -3.34589e-06
6720 -2.57578e-06
6740 -1.97613e-06
6760 -1.51089e-06
6780 -1.15122e-06
6800 -8.74151e-07
6820 -6.61484e-07
6840 -4.98835e-07
6860 -3.74883e-07
6880 -2.80756e-07
6900 -2.0954e-07
6920 -1.55849e-07
6940 -1.15512e-07
6960 -8.53186e-08
6980 -6.28016e-08
7000 -4.60653e-08
7020 -3.367e-08
7040 -2.45269e-08
7060 -1.78051e-08
7080 -1.28777e-08
7100 -9.28211e-09
7120 -6.66951e-09
7140 -4.77362e-09
7160 -3.40322e-09
7180 -2.42036e-09
7200 -1.71556e-09
7220 -1.20897e-09
7240 -8.50046e-10
7260 -5.97833e-10
7280 -4.16829e-10
7300 -2.88327e-10
7320 -2.01449e-10
7340 -1.40232e-10
7360 -9.44822e-11
7380 -6.45916e-11
7400 -4.61009e-11
7420 -3.0341e-11
7440 -1.84783e-11
7460 -1.35711e-11
7480 -9.44114e-12
7500 -3.26699e-12
7520 -8.09467e-13
7540 -1.1927e-12
7560 1.72103e-12
7580 4.74307e-12
7600 3.23792e-12
7620 2.4541e-12
7640 4.76967e-12
7660 3.91295e-12
7680 3.67115e-13
7700 6.84726e-13
7720 2.27198e-12
7740 3.85495e-13
7760 3.45064e-13
7780 5.21431e-12
7800 8.45035e-12
7820 9.2888e-12
7840 1.40752e-11
7860 2.06075e-11
7880 2.34975e-11
7900 2.8062e-11
7920 3.94619e-11
7940 5.26601e-11
7960 6.67601e-11
7980 8.9188e-11
8000 1.19688e-10
8020 1.52707e-10
8040 1.93413e-10
8060 2.50032e-10
8080 3.20797e-10
8100 4.06065e-10
8120 5.16393e-10
8140 6.57124e-10
8160 8.26215e-10
8180 1.03158e-09
8200 1.28831e-09
8220 1.6027e-09
8240 1.98005e-09
8260 2.43724e-09
8280 2.99009e-09
8300 3.64537e-09
8320 4.41701e-09
8340 5.32919e-09
8360 6.39803e-09
8380 7.63214e-09
8400 9.04818e-09
8420 1.06634e-08
8440 1.24803e-08
8460 1.44961e-08
8480 1.67099e-08
8500 1.91038e-08
8520 2.16324e-08
8540 2.42357e-08
8560 2.68359e-08
8580 2.9313e-08
8600 3.14986e-08
8620 3.31831e-08
8640 3.40982e-08
8660 3.38929e-08
8680 3.21319e-08
8700 2.82935e-08
8720 2.17398e-08
8740 1.16931e-08
8760 -2.7608e-09
8780 -2.26833e-08
8800 -4.93152e-08
8820 -8.40917e-08
8840 -1.28636e-07
8860 -1.84772e-07
8880 -2.54541e-07
8900 -3.402e-07
8920 -4.44196e-07
8940 -5.6917e-07
8960 -7.17946e-07
8980 -8.93484e-07
9000 -1.09883e-06
9020 -1.3371e-06
9040 -1.61138e-06
9060 -1.92469e-06
9080 -2.27985e-06
9100 -2.6794e-06
9120 -3.12554e-06
9140 -3.61991e-06
9160 -4.16356e-06
9180 -4.75673e-06
9200 -5.3988e-06
9220 -6.08807e-06
9240 -6.82167e-06
9260 -7.59547e-06
9280 -8.40391e-06
9300 -9.23993e-06
9320 -1.00949e-05
9340 -1.09587e-05
9360 -1.18196e-05
9380 -1.26642e-05
9400 -1.34777e-05
9420 -1.42442e-05
9440 -1.49464e-05
9460 -1.55662e-05
9480 -1.60851e-05
9500 -1.6484e-05
9520 -1.6744e-05
9540 -1.6847e-05
9560 -1.67755e-05
9580 -1.65136e-05
9600 -1.60472e-05
9620 -1.53648e-05
9640 -1.44573e-05
9660 -1.33192e-05
9680 -1.19485e-05
9700 -1.0347e-05
9720 -8.52072e-06
9740 -6.48003e-06
9760 -4.23967e-06
9780 -1.81872e-06
9800 7.59535e-07
9820 3.46783e-06
9840 6.2753e-06
9860 9.14793e-06
9880 1.20491e-05
9900 1.49403e-05
9920 1.77817e-05
9940 2.05329e-05
9960 2.31539e-05
9980 2.56059e-05
10000 2.73304e-05
10020 2.88578e-05
10040 3.01682e-05
10060 3.12442e-05
10080 3.20716e-05
10100 3.26395e-05
10120 3.29405e-05
10140 3.29708e-05
10160 3.27303e-05
10180 3.22226e-05
10200 3.14549e-05
10220 3.0438e-05
10240 2.91859e-05
10260 2.77156e-05
10280 2.60466e-05
10300 2.42011e-05
10320 2.22029e-05
10340 2.00774e-05
10360 1.7851e-05
10380 1.55506e-05
10400 1.32035e-05
10420 1.08364e-05
10440 8.47539e-06
10460 6.14538e-06
10480 3.86985e-06
10500 1.67051e-06
10520 -4.32989e-07
10540 -2.42327e-06
10560 -4.28537e-06
10580 -6.00682e-06
10600 -7.57774e-06
10620 -8.99084e-06
10640 -1.02413e-05
10660 -1.13269e-05
10680 -1.22476e-05
10700 -1.30055e-05
10720 -1.36048e-05
10740 -1.40513e-05
10760 -1.43524e-05
10780 -1.45168e-05
10800 -1.45544e-05
10820 -1.44756e-05
10840 -1.42915e-05
10860 -1.40138e-05
10880 -1.36539e-05
10900 -1.32235e-05
10920 -1.2734e-05
10940 -1.21964e-05
10960 -1.1621e-05
10980 -1.10178e-05
11000 -1.0396e-05
11020 -9.76394e-06
11040 -9.12919e-06
11060 -8.49852e-06
11080 -7.87787e-06
11100 -7.27231e-06
11120 -6.68612e-06
11140 -6.12281e-06
11160 -5.58515e-06
11180 -5.07526e-06
11200 -4.59461e-06
11220 -4.1441e-06
11240 -3.72415e-06
11260 -3.33473e-06
11280 -2.97544e-06
11300 -2.64557e-06
11320 -2.34413e-06
11340 -2.06992e-06
11360 -1.82157e-06
11380 -1.59764e-06
11400 -1.39658e-06
11420 -1.2168e-06
11440 -1.05669e-06
11460 -9.14664e-07
11480 -7.89171e-07
11500 -6.78714e-07
11520 -5.81866e-07
11540 -4.97267e-07
11560 -4.23635e-07
11580 -3.59774e-07
11600 -3.04585e-07
11620 -2.57064e-07
11640 -2.16294e-07
11660 -1.81439e-07
11680 -1.51741e-07
11700 -1.26516e-07
11720 -1.0516e-07
11740 -8.7142e-08
11760 -7.19966e-08
11780 -5.9312e-08
11800 -4.87225e-08
11820 -3.99056e-08
11840 -3.25832e-08
11860 -2.65203e-08
11880 -2.15197e-08
11900 -1.74142e-08
11920 -1.40579e-08
11940 -1.1322e-08
11960 -9.09471e-09
11980 -7.28292e-09
12000 -5.81293e-09
12020 -4.62792e-09
12040 -3.68287e-09
12060 -2.93928e-09
12080 -2.36212e-09
12100 -1.92004e-09
12120 -1.58778e-09
12140 -1.34885e-09
12160 -1.19666e-09
12180 -1.13367e-09
12200 -1.16933e-09
12220 -1.31845e-09
12240 -1.60145e-09
12260 -2.04709e-09
12280 -2.69737e-09
12300 -3.61404e-09
12320 -4.88593e-09
12340 -6.63715e-09
12360 -9.03677e-09
12380 -1.23111e-08
12400 -1.67602e-08
12420 -2.27807e-08
12440 -3.08957e-08
12460 -4.1795e-08
12480 -5.63865e-08
12500 -7.5863e-08
12520 -1.01787e-07
12540 -1.36199e-07
12560 -1.81753e-07
12580 -2.41895e-07
12600 -3.21078e-07
12620 -4.25044e-07
12640 -5.61173e-07
12660 -7.3892e-07
12680 -9.70365e-07
12700 -1.27089e-06
12720 -1.66003e-06
12740 -2.16251e-06
12760 -2.80952e-06
12780 -3.64034e-06
12800 -4.70418e-06
12820 -6.0626e-06
12840 -7.79233e-06
12860 -9.98869e-06
12880 -1.27698e-05
12900 -1.62813e-05
12920 -2.07028e-05
12940 -2.62544e-05
12960 -3.32052e-05
12980 -4.18835e-05
13000 -5.26881e-05
13020 -6.61019e-05
13040 -8.27079e-05
13060 -0.000103208
13080 -0.000128442
13100 -0.000159417
13120 -0.000197331
13140 -0.000243604
13160 -0.000299919
13180 -0.000368259
13200 -0.000450955
13220 -0.000550736
13240 -0.000670783
13260 -0.000814797
13280 -0.000987064
13300 -0.00119253
13320 -0.00143688
13340 -0.00172663
13360 -0.0020692
13380 -0.00247306
13400 -0.00294774
13420 -0.00350405
13440 -0.00415407
13460 -0.00491135
13480 -0.00579096
13500 -0.0068096
13520 -0.00798569
13540 -0.00933949
13560 -0.0108931
13580 -0.0126706
13600 -0.0146981
13620 -0.0170035
13640 -0.0196168
13660 -0.0225699
13680 -0.0258965
13700 -0.029632
13720 -0.0338133
13740 -0.0384786
13760 -0.0436669
13780 -0.049418
13800 -0.055772
13820 -0.0627685
13840 -0.0704465
13860 -0.0788435
13880 -0.0879949
13900 -0.0979335
13920 -0.108688
13940 -0.120284
13960 -0.13274
13980 -0.14607
14000 -0.16028
14020 -0.175368
14040 -0.191323
14060 -0.208126
14080 -0.225745
14100 -0.244137
14120 -0.263249
14140 -0.283014
14160 -0.303351
14180 -0.324167
14200 -0.345355
14220 -0.366795
14240 -0.388353
14260 -0.409884
14280 -0.431229
14300 -0.452219
14320 -0.472674
14340 -0.492407
14360 -0.511222
14380 -0.528919
14400 -0.545295
14420 -0.560146
14440 -0.573267
14460 -0.58446
14480 -0.593532
14500 -0.600298
14520 -0.604586
14540 -0.606237
14560 -0.605111
14580 -0.601084
14600 -0.594055
14620 -0.583948
14640 -0.57071
14660 -0.554317
14680 -0.534771
14700 -0.512106
14720 -0.486383
14740 -0.457695
14760 -0.426163
14780 -0.391939
14800 -0.355201
14820 -0.316155
14840 -0.27503
14860 -0.232079
14880 -0.187575
14900 -0.141806
14920 -0.0950766
14940 -0.0477008
14960 0
