-20 0
0 7.49112e-06
20 1.73975e-05
40 2.59987e-05
60 3.7319e-05
80 4.05727e-05
100 5.23396e-05
120 5.49371e-05
140 5.91859e-05
160 6.60485e-05
180 6.86548e-05
200 8.39138e-05
220 7.28513e-05
240 8.70032e-05
260 8.1447e-05
280 8.9969e-05
300 9.16143e-05
320 9.01452e-05
340 9.99636e-05
360 9.18687e-05
380 0.000101862
400 9.56274e-05
420 9.75072e-05
440 0.000101827
460 9.96776e-05
480 0.000104065
500 0.000103565
520 0.000101593
540 0.00010564
560 0.000102786
580 0.000108276
600 9.85349e-05
620 0.000109831
640 0.000109183
660 0.000110123
680 0.000111447
700 0.000110505
720 0.000115746
740 0.000113002
760 0.000121945
780 0.000123567
800 0.000133977
820 0.000133353
840 0.00014541
860 0.000149474
880 0.000163915
900 0.000172399
920 0.0001836
940 0.000201666
960 0.000223504
980 0.000249142
1000 0.000273278
1020 0.000299853
1040 0.000327032
1060 0.000373544
1080 0.000407915
1100 0.000455512
1120 0.000498632
1140 0.000561954
1160 0.000627251
1180 0.000692254
1200 0.000769555
1220 0.000839259
1240 0.000929469
1260 0.00100835
1280 0.00110493
1300 0.00119725
1320 0.00129091
1340 0.00139775
1360 0.00150364
1380 0.00161159
1400 0.00171858
1420 0.00183212
1440 0.00194211
1460 0.00204505
1480 0.00214139
1500 0.00224006
1520 0.00232075
1540 0.00240733
1560 0.00247203
1580 0.00252985
1600 0.00257663
1620 0.00261835
1640 0.00265579
1660 0.00267732
1680 0.00268933
1700 0.00269128
1720 0.00269191
1740 0.00268545
1760 0.00267703
1780 0.00265547
1800 0.00263054
1820 0.00260108
1840 0.00257647
1860 0.00254314
1880 0.0025137
1900 0.00247794
1920 0.00245012
1940 0.0024207
1960 0.00239519
1980 0.00237589
2000 0.00234706
2020 0.00234626
2040 0.00233647
2060 0.0023452
2080 0.00235992
2100 0.00236975
2120 0.00240371
2140 0.00243079
2160 0.00249274
2180 0.0025549
2200 0.00262959
2220 0.00271545
2240 0.00280315
2260 0.00290646
2280 0.00302906
2300 0.00315525
2320 0.00330498
2340 0.00344941
2360 0.00360778
2380 0.00378346
2400 0.00394855
2420 0.00414449
2440 0.00432054
2460 0.00451862
2480 0.00471049
2500 0.00491239
2520 0.00512197
2540 0.00533573
2560 0.00554562
2580 0.00575378
2600 0.0059485
2620 0.00615541
2640 0.0063575
2660 0.00656512
2680 0.00678809
2700 0.00700144
2720 0.00722765
2740 0.00744714
2760 0.00767305
2780 0.00790304
2800 0.00813974
2820 0.00837185
2840 0.00860821
2860 0.00883399
2880 0.00906332
2900 0.00929005
2920 0.00952036
2940 0.0097678
2960 0.01001
2980 0.0102739
3000 0.0105268
3020 0.0107797
3040 0.0110405
3060 0.011289
3080 0.0115522
3100 0.0118088
3120 0.012085
3140 0.0123636
3160 0.0126478
3180 0.0129459
3200 0.0132535
3220 0.0135821
3240 0.0139397
3260 0.0143374
3280 0.0147761
3300 0.0152725
3320 0.015813
3340 0.0164074
3360 0.0170522
3380 0.017741
3400 0.0184851
3420 0.0192713
3440 0.0201137
3460 0.0209949
3480 0.0219184
3500 0.0228826
3520 0.0238689
3540 0.0248687
3560 0.0258683
3580 0.0268393
3600 0.0277882
3620 0.0286736
3640 0.029502
3660 0.0302492
3680 0.0309002
3700 0.0314636
3720 0.0319164
3740 0.032264
3760 0.0324977
3780 0.0326201
3800 0.0326249
3820 0.0325267
3840 0.032315
3860 0.0319976
3880 0.0315851
3900 0.0310706
3920 0.0304797
3940 0.0297987
3960 0.0290537
3980 0.0282406
4000 0.0273653
4020 0.0264505
4040 0.0254832
4060 0.0244864
4080 0.0234539
4100 0.0223941
4120 0.021308
4140 0.0202024
4160 0.0190675
4180 0.0179204
4200 0.0167443
4220 0.0155392
4240 0.0143153
4260 0.0130547
4280 0.0117668
4300 0.0104468
4320 0.00909013
4340 0.00770354
4360 0.00628249
4380 0.00482918
4400 0.0033483
4420 0.001857
4440 0.000340347
4460 -0.00116288
4480 -0.00267599
4500 -0.00415531
4520 -0.00560411
4540 -0.00701177
4560 -0.00833603
4580 -0.00959417
4600 -0.0107446
4620 -0.0117906
4640 -0.012705
4660 -0.013487
4680 -0.0141225
4700 -0.0146009
4720 -0.0149297
4740 -0.0150871
4760 -0.0151059
4780 -0.0149639
4800 -0.0146933
4820 -0.0143079
4840 -0.0138052
4860 -0.0132229
4880 -0.0125632
4900 -0.0118445
4920 -0.0110737
4940 -0.010271
4960 -0.00942568
4980 -0.00855822
5000 -0.00791881
5020 -0.00727256
5040 -0.00660188
5060 -0.0059213
5080 -0.00523196
5100 -0.00453877
5120 -0.00385412
5140 -0.00318059
5160 -0.00251505
5180 -0.00188066
5200 -0.00125777
5220 -0.00065763
5240 -7.42139e-05
5260 0.000500229
5280 0.00106112
5300 0.00161339
5320 0.00216059
5340 0.00268936
5360 0.0031949
5380 0.00369386
5400 0.00415189
5420 0.00460047
5440 0.00502116
5460 0.00543122
5480 0.0058231
5500 0.00619795
5520 0.00656843
5540 0.00690949
5560 0.00722635
5580 0.00752177
5600 0.00779806
5620 0.008036
5640 0.00827377
5660 0.00848111
5680 0.00868629
5700 0.0088667
5720 0.00903232
5740 0.00917888
5760 0.00930319
5780 0.00941582
5800 0.00950621
5820 0.00960257
5840 0.00967749
5860 0.00974989
5880 0.00980588
5900 0.00986009
5920 0.00989079
5940 0.00992053
5960 0.00995413
5980 0.00998386
6000 0.0100114
6020 0.0100443
6040 0.0100875
6060 0.010107
6080 0.010143
6100 0.010183
6120 0.0102309
6140 0.0102803
6160 0.0103432
6180 0.0104071
6200 0.0104701
6220 0.0105308
6240 0.0106059
6260 0.010689
6280 0.0107638
6300 0.0108499
6320 0.0109412
6340 0.0110194
6360 0.0111011
6380 0.0111851
6400 0.0112755
6420 0.0113707
6440 0.0114427
6460 0.0115409
6480 0.0116209
6500 0.011697
6520 0.0117822
6540 0.0118703
6560 0.0119557
6580 0.0120296
6600 0.0121116
6620 0.0121867
6640 0.0122585
6660 0.0123254
6680 0.0124031
6700 0.012467
6720 0.0125153
6740 0.0125633
6760 0.0126157
6780 0.0126568
6800 0.0126896
6820 0.0127289
6840 0.012755
6860 0.0127757
6880 0.0127969
6900 0.0128231
6920 0.0128495
6940 0.0128602
6960 0.0128769
6980 0.0128952
7000 0.0129021
7020 0.012918
7040 0.0129338
7060 0.0129459
7080 0.0129573
7100 0.0129713
7120 0.0129817
7140 0.0130166
7160 0.0130355
7180 0.0130573
7200 0.0130827
7220 0.0131189
7240 0.0131457
7260 0.0131809
7280 0.0132263
7300 0.0132628
7320 0.0132994
7340 0.0133498
7360 0.0134086
7380 0.0134564
7400 0.0135077
7420 0.0135609
7440 0.0136215
7460 0.0136687
7480 0.0137309
7500 0.0137843
7520 0.0138348
7540 0.0138936
7560 0.0139421
7580 0.0139946
7600 0.0140472
7620 0.014091
7640 0.014125
7660 0.0141778
7680 0.0142165
7700 0.0142522
7720 0.014281
7740 0.0143194
7760 0.0143424
7780 0.0143653
7800 0.0143856
7820 0.0143983
7840 0.014415
7860 0.014409
7880 0.0144181
7900 0.01442
7920 0.0144059
7940 0.0143839
7960 0.0143579
7980 0.0143288
8000 0.0142776
8020 0.0142092
8040 0.0141314
8060 0.0140284
8080 0.0138903
8100 0.0137166
8120 0.0135098
8140 0.0132431
8160 0.0129066
8180 0.0124978
8200 0.0120007
8220 0.0113679
8240 0.0106089
8260 0.00967092
8280 0.00855333
8300 0.00719152
8320 0.00554786
8340 0.00358581
8360 0.00126061
8380 -0.00151058
8400 -0.00478708
8420 -0.00861815
8440 -0.0131034
8460 -0.0183209
8480 -0.0243619
8500 -0.0313124
8520 -0.0392895
8540 -0.0483719
8560 -0.058684
8580 -0.0703206
8600 -0.0833755
8620 -0.0979746
8640 -0.114189
8660 -0.132098
8680 -0.151778
8700 -0.1733
8720 -0.196693
8740 -0.22195
8760 -0.249104
8780 -0.278091
8800 -0.308877
8820 -0.341337
8840 -0.375352
8860 -0.410773
8880 -0.447396
8900 -0.484999
8920 -0.523297
8940 -0.562026
8960 -0.60085
8980 -0.639426
9000 -0.677383
9020 -0.714355
9040 -0.749966
9060 -0.783801
9080 -0.815488
9100 -0.844677
9120 -0.871001
9140 -0.894139
9160 -0.913815
9180 -0.929797
9200 -0.941906
9220 -0.950021
9240 -0.954153
9260 -0.954363
9280 -0.950873
9300 -0.943963
9320 -0.934024
9340 -0.921507
9360 -0.906766
9380 -0.890059
9400 -0.871488
9420 -0.851028
9440 -0.828604
9460 -0.804233
9480 -0.778143
9500 -0.750739
9520 -0.722475
9540 -0.693644
9560 -0.664352
9580 -0.634613
9600 -0.604514
9620 -0.574337
9640 -0.544459
9660 -0.515171
9680 -0.486511
9700 -0.458444
9720 -0.431033
9740 -0.404565
9760 -0.37928
9780 -0.355204
9800 -0.332197
9820 -0.310254
9840 -0.28958
9860 -0.270316
9880 -0.252338
9900 -0.235485
9920 -0.219792
9940 -0.205379
9960 -0.192236
9980 -0.180152
10000 -0.171598
10020 -0.163927
10040 -0.157189
10060 -0.151274
10080 -0.146024
10100 -0.14142
10120 -0.137542
10140 -0.134367
10160 -0.131744
10180 -0.129579
10200 -0.127912
10220 -0.126779
10240 -0.126086
10260 -0.125704
10280 -0.125638
10300 -0.125943
10320 -0.126548
10340 -0.12733
10360 -0.128286
10380 -0.12948
10400 -0.130877
10420 -0.132335
10440 -0.1338
10460 -0.135362
10480 -0.137036
10500 -0.138702
10520 -0.140311
10540 -0.141916
10560 -0.143495
10580 -0.144941
10600 -0.146238
10620 -0.147474
10640 -0.148646
10660 -0.149656
10680 -0.15052
10700 -0.151293
10720 -0.151904
10740 -0.152257
10760 -0.152367
10780 -0.152284
10800 -0.151957
10820 -0.1513
10840 -0.150368
10860 -0.14924
10880 -0.147848
10900 -0.146165
10920 -0.14429
10940 -0.14225
10960 -0.139994
10980 -0.137557
11000 -0.135031
11020 -0.132407
11040 -0.129639
11060 -0.126808
11080 -0.123999
11100 -0.121158
11120 -0.118271
11140 -0.11544
11160 -0.112684
11180 -0.109948
11200 -0.107279
11220 -0.104743
11240 -0.102291
11260 -0.0999014
11280 -0.0976694
11300 -0.0955979
11320 -0.0935953
11340 -0.0917007
11360 -0.0899897
11380 -0.0884001
11400 -0.086889
11420 -0.0855267
11440 -0.0843123
11460 -0.0831628
11480 -0.082112
11500 -0.0812254
11520 -0.0804122
11540 -0.0796256
11560 -0.0789665
11580 -0.0784153
11600 -0.0778764
11620 -0.0774085
11640 -0.0770433
11660 -0.0766869
11680 -0.0763544
11700 -0.0761204
11720 -0.0759159
11740 -0.0756845
11760 -0.0755062
11780 -0.0753892
11800 -0.075251
11820 -0.0751268
11840 -0.0750644
11860 -0.0749784
11880 -0.0748667
11900 -0.0748247
11920 -0.0747913
11940 -0.0746967
11960 -0.0746349
11980 -0.0746064
12000 -0.0745247
12020 -0.0744566
12040 -0.0744356
12060 -0.0743617
12080 -0.0742578
12100 -0.0742001
12120 -0.0741286
12140 -0.0740153
12160 -0.0739163
12180 -0.0738087
12200 -0.0736553
12220 -0.0735127
12240 -0.0733905
12260 -0.073217
12280 -0.0730169
12300 -0.0728403
12320 -0.0726238
12340 -0.0723733
12360 -0.0721556
12380 -0.0718962
12400 -0.0715705
12420 -0.0712751
12440 -0.07097
12460 -0.0706077
12480 -0.0702646
12500 -0.0699111
12520 -0.069493
12540 -0.0690902
12560 -0.068707
12580 -0.0682758
12600 -0.0678378
12620 -0.0674103
12640 -0.0669389
12660 -0.0664679
12680 -0.0660391
12700 -0.0655811
12720 -0.0651018
12740 -0.0646639
12760 -0.064218
12780 -0.0637672
12800 -0.0633817
12820 -0.0630063
12840 -0.0626158
12860 -0.0622811
12880 -0.0619709
12900 -0.0616685
12920 -0.0614422
12940 -0.0612474
12960 -0.0610401
12980 -0.0608923
13000 -0.0607947
13020 -0.0607033
13040 -0.0606729
13060 -0.0606965
13080 -0.0607126
13100 -0.060763
13120 -0.0608716
13140 -0.0609942
13160 -0.0611573
13180 -0.0613719
13200 -0.0615808
13220 -0.0618077
13240 -0.0620844
13260 -0.062368
13280 -0.0626833
13300 -0.0630489
13320 -0.0633942
13340 -0.0637415
13360 -0.0641421
13380 -0.0645409
13400 -0.0649503
13420 -0.0654151
13440 -0.0658701
13460 -0.0663148
13480 -0.0668011
13500 -0.0672859
13520 -0.0677864
13540 -0.0683492
13560 -0.0689061
13580 -0.0694557
13600 -0.0700518
13620 -0.0706486
13640 -0.0712612
13660 -0.0719394
13680 -0.0726246
13700 -0.0733187
13720 -0.0740575
13740 -0.0747852
13760 -0.0755268
13780 -0.0763361
13800 -0.0771521
13820 -0.0779733
13840 -0.0788345
13860 -0.0796758
13880 -0.0805027
13900 -0.0813632
13920 -0.0822172
13940 -0.0830665
13960 -0.0839297
13980 -0.0847458
14000 -0.0855191
14020 -0.0862794
14040 -0.0869774
14060 -0.0876362
14080 -0.0882933
14100 -0.0888755
14120 -0.089378
14140 -0.0898354
14160 -0.0901931
14180 -0.0904663
14200 -0.0906988
14220 -0.0908469
14240 -0.0909296
14260 -0.0909627
14280 -0.0908815
14300 -0.0907174
14320 -0.0905049
14340 -0.0902015
14360 -0.0898574
14380 -0.0895011
14400 -0.0890759
14420 -0.0886149
14440 -0.0881255
14460 -0.0875526
14480 -0.086943
14500 -0.0863197
14520 -0.0856479
14540 -0.0849682
14560 -0.0842747
14580 -0.0835188
14600 -0.0827263
14620 -0.081879
14640 -0.08095
14660 -0.0799902
14680 -0.0789921
14700 -0.0779447
14720 -0.0768963
14740 -0.07581
14760 -0.0746478
14780 -0.0734403
14800 -0.0721509
14820 -0.0707555
14840 -0.0692874
14860 -0.0677287
14880 -0.0660865
14900 -0.0643839
14920 -0.0625752
14940 -0.0606599
14960 -0.0586481
14980 -0.0564824
15000 -0.054847
15020 -0.0530916
15040 -0.0512031
15060 -0.0491883
15080 -0.0470744
15100 -0.0448581
15120 -0.042535
15140 -0.0401189
15160 -0.0376007
15180 -0.0349651
15200 -0.0322194
15220 -0.0293618
15240 -0.026387
15260 -0.0233168
15280 -0.0201727
15300 -0.0169666
15320 -0.0137279
15340 -0.0104859
15360 -0.00725474
15380 -0.004057
15400 -0.000912513
15420 0.00217902
15440 0.00521136
15460 0.0081701
15480 0.0110535
15500 0.013859
15520 0.0165764
15540 0.019194
15560 0.0216884
15580 0.0240357
15600 0.026224
15620 0.0282239
15640 0.0299932
15660 0.0315121
15680 0.0327607
15700 0.0337043
15720 0.0343233
15740 0.0346047
15760 0.0345293
15780 0.0340938
15800 0.0332979
15820 0.0321331
15840 0.030614
15860 0.0287588
15880 0.0265668
15900 0.0240616
15920 0.0212797
15940 0.0182312
15960 0.0149409
15980 0.0114531
16000 0.00778584
16020 0.0039652
16040 4.06823e-05
16060 -0.00396853
16080 -0.00804474
16100 -0.0121382
16120 -0.0162247
16140 -0.0202935
16160 -0.0243038
16180 -0.0282362
16200 -0.0320891
16220 -0.0358216
16240 -0.039414
16260 -0.0428856
16280 -0.0462102
16300 -0.049356
16320 -0.0523457
16340 -0.055178
16360 -0.0578251
16380 -0.0603039
16400 -0.0626227
16420 -0.0647623
16440 -0.0667411
16460 -0.0685736
16480 -0.0702405
16500 -0.0717611
16520 -0.0731608
16540 -0.0744181
16560 -0.0755436
16580 -0.0765727
16600 -0.0774922
16620 -0.0783014
16640 -0.0790329
16660 -0.0796802
16680 -0.0802404
16700 -0.0807459
16720 -0.0811916
16740 -0.0815659
16760 -0.0818989
16780 -0.0821951
16800 -0.0824401
16820 -0.0826559
16840 -0.0828459
16860 -0.0829953
16880 -0.0831275
16900 -0.0832509
16920 -0.083343
16940 -0.0834161
16960 -0.0834878
16980 -0.0835445
17000 -0.0835875
17020 -0.0836257
17040 -0.0836539
17060 -0.0836782
17080 -0.0837
17100 -0.0837096
17120 -0.0837195
17140 -0.0837339
17160 -0.0837361
17180 -0.083735
17200 -0.0837405
17220 -0.083739
17240 -0.0837367
17260 -0.0837395
17280 -0.0837311
17300 -0.0837229
17320 -0.0837275
17340 -0.0837223
17360 -0.083711
17380 -0.0837123
17400 -0.0837067
17420 -0.0836942
17440 -0.083698
17460 -0.0836971
17480 -0.0836798
17500 -0.083677
17520 -0.0836822
17540 -0.0836715
17560 -0.0836642
17580 -0.0836659
17600 -0.0836589
17620 -0.0836542
17640 -0.0836564
17660 -0.0836502
17680 -0.0836455
17700 -0.0836501
17720 -0.0836468
17740 -0.0836398
17760 -0.0836435
17780 -0.0836474
17800 -0.0836438
17820 -0.083641
17840 -0.0836421
17860 -0.0836454
17880 -0.083646
17900 -0.0836434
17920 -0.0836454
17940 -0.0836465
17960 -0.0836411
17980 -0.0836448
18000 -0.0836514
18020 -0.0836401
18040 -0.0836331
18060 -0.0836441
18080 -0.0836408
18100 -0.0836267
18120 -0.08363
18140 -0.0836287
18160 -0.0836129
18180 -0.0836113
18200 -0.0836106
18220 -0.0835909
18240 -0.0835806
18260 -0.0835805
18280 -0.083561
18300 -0.0835383
18320 -0.0835318
18340 -0.0835181
18360 -0.0834873
18380 -0.0834597
18400 -0.0834401
18420 -0.0834123
18440 -0.0833703
18460 -0.0833301
18480 -0.0832927
18500 -0.0832377
18520 -0.0831753
18540 -0.083125
18560 -0.0830581
18580 -0.0829637
18600 -0.0828802
18620 -0.0827992
18640 -0.0826856
18660 -0.0825608
18680 -0.082441
18700 -0.0823007
18720 -0.082141
18740 -0.0819763
18760 -0.081796
18780 -0.0815977
18800 -0.0813869
18820 -0.0811595
18840 -0.0809172
18860 -0.0806601
18880 -0.0803864
18900 -0.0801035
18920 -0.0798051
18940 -0.0794835
18960 -0.0791581
18980 -0.0788322
19000 -0.0784867
19020 -0.0781293
19040 -0.0777744
19060 -0.0774164
19080 -0.0770559
19100 -0.0766985
19120 -0.0763447
19140 -0.0759987
19160 -0.0756586
19180 -0.0753293
19200 -0.0750276
19220 -0.07474
19240 -0.0744541
19260 -0.0742038
19280 -0.0739939
19300 -0.0737882
19320 -0.0736036
19340 -0.0734721
19360 -0.0733684
19380 -0.0732757
19400 -0.073217
19420 -0.0731978
19440 -0.0732041
19460 -0.0732279
19480 -0.0732703
19500 -0.0733387
19520 -0.0734225
19540 -0.073506
19560 -0.0736056
19580 -0.0737289
19600 -0.07385
19620 -0.0739699
19640 -0.0741129
19660 -0.0742747
19680 -0.0744421
19700 -0.0746093
19720 -0.0747754
19740 -0.0749571
19760 -0.0751523
19780 -0.0753312
19800 -0.0755108
19820 -0.0757266
19840 -0.0759512
19860 -0.0761607
19880 -0.0763862
19900 -0.0766394
19920 -0.0769056
19940 -0.0771912
19960 -0.0775019
19980 -0.0778402
20000 -0.0782199
20020 -0.0786391
20040 -0.0790928
20060 -0.0796022
20080 -0.0801793
20100 -0.080817
20120 -0.0815189
20140 -0.082295
20160 -0.08316
20180 -0.0841292
20200 -0.0851905
20220 -0.0863374
20240 -0.0876014
20260 -0.0889953
20280 -0.0905033
20300 -0.0921317
20320 -0.0938857
20340 -0.0957627
20360 -0.0977841
20380 -0.0999488
20400 -0.102221
20420 -0.10461
20440 -0.107149
20460 -0.109817
20480 -0.112591
20500 -0.115474
20520 -0.118457
20540 -0.12154
20560 -0.124732
20580 -0.128014
20600 -0.131358
20620 -0.134747
20640 -0.138169
20660 -0.141629
20680 -0.145127
20700 -0.148622
20720 -0.152078
20740 -0.155477
20760 -0.158799
20780 -0.162049
20800 -0.165236
20820 -0.168326
20840 -0.171277
20860 -0.174061
20880 -0.176637
20900 -0.17899
20920 -0.181152
20940 -0.183127
20960 -0.184901
20980 -0.186469
21000 -0.187812
21020 -0.188888
21040 -0.189661
21060 -0.1901
21080 -0.190177
21100 -0.18987
21120 -0.189167
21140 -0.188077
21160 -0.186608
21180 -0.184757
21200 -0.182548
21220 -0.180021
21240 -0.177187
21260 -0.174063
21280 -0.17069
21300 -0.167094
21320 -0.163308
21340 -0.159374
21360 -0.155322
21380 -0.151173
21400 -0.146963
21420 -0.142724
21440 -0.138489
21460 -0.134287
21480 -0.13014
21500 -0.126071
21520 -0.122103
21540 -0.118244
21560 -0.114527
21580 -0.110968
21600 -0.107554
21620 -0.104303
21640 -0.101244
21660 -0.0983637
21680 -0.0956501
21700 -0.0931236
21720 -0.0907783
21740 -0.0885998
21760 -0.0865967
21780 -0.084766
21800 -0.0830942
21820 -0.0815707
21840 -0.0801817
21860 -0.0789299
21880 -0.0778168
21900 -0.0768135
21920 -0.0759121
21940 -0.075123
21960 -0.0744216
21980 -0.0737938
22000 -0.0732533
22020 -0.0727784
22040 -0.072346
22060 -0.0719726
22080 -0.0716527
22100 -0.0713613
22120 -0.0710983
22140 -0.0708545
22160 -0.0706077
22180 -0.0703563
22200 -0.070095
22220 -0.0698057
22240 -0.0694698
22260 -0.0690592
22280 -0.0685597
22300 -0.0679696
22320 -0.0672548
22340 -0.0663818
22360 -0.0653572
22380 -0.0641743
22400 -0.0628096
22420 -0.0612778
22440 -0.0596019
22460 -0.0577807
22480 -0.0558302
22500 -0.0537936
22520 -0.051709
22540 -0.049599
22560 -0.0474795
22580 -0.0453703
22600 -0.0432851
22620 -0.0412143
22640 -0.0391503
22660 -0.0371005
22680 -0.0350573
22700 -0.0330077
22720 -0.0309663
22740 -0.0289609
22760 -0.0270113
22780 -0.025134
22800 -0.0233414
22820 -0.0216412
22840 -0.0200343
22860 -0.018514
22880 -0.0170728
22900 -0.0156973
22920 -0.0143701
22940 -0.0130987
22960 -0.0119007
22980 -0.010776
23000 -0.00973749
23020 -0.00880601
23040 -0.00796158
23060 -0.00717511
23080 -0.00644848
23100 -0.00577678
23120 -0.00514253
23140 -0.00454802
23160 -0.00400329
23180 -0.00351541
23200 -0.00308955
23220 -0.00271584
23240 -0.00238439
23260 -0.00208958
23280 -0.00180463
23300 -0.00151519
23320 -0.00124828
23340 -0.00101862
23360 -0.000819208
23380 -0.000657134
23400 -0.000523665
23420 -0.000386429
23440 -0.000236406
23460 -7.92881e-05
23480 8.12872e-05
23500 0.000227144
23520 0.000350721
23540 0.000466094
23560 0.000574416
23580 0.000680244
23600 0.000806192
23620 0.000950077
23640 0.0010935
23660 0.00123952
23680 0.00138893
23700 0.00153259
23720 0.00167936
23740 0.00184309
23760 0.00202458
23780 0.00221928
23800 0.00241655
23820 0.00260556
23840 0.00278611
23860 0.00296304
23880 0.0031474
23900 0.00335234
23920 0.00357399
23940 0.00379977
23960 0.00402354
23980 0.00423897
24000 0.00444738
24020 0.00466339
24040 0.00489323
24060 0.00512828
24080 0.00535517
24100 0.00556093
24120 0.00574365
24140 0.00590999
24160 0.00606445
24180 0.00621487
24200 0.00636162
24220 0.00648674
24240 0.00658207
24260 0.00665716
24280 0.00671946
24300 0.00677833
24320 0.00683647
24340 0.00688128
24360 0.00691382
24380 0.00694054
24400 0.00695183
24420 0.00695894
24440 0.00698242
24460 0.00700174
24480 0.0070003
24500 0.00699791
24520 0.00700025
24540 0.00700396
24560 0.00701753
24580 0.00702906
24600 0.00702582
24620 0.00701942
24640 0.00701006
24660 0.00700175
24680 0.00701964
24700 0.00705107
24720 0.00705811
24740 0.0070462
24760 0.00703743
24780 0.00703492
24800 0.0070447
24820 0.00706948
24840 0.00709776
24860 0.00711904
24880 0.0071273
24900 0.00713143
24920 0.00715352
24940 0.00719224
24960 0.00722765
24980 0.00726057
25000 0.00730687
25020 0.00737209
25040 0.00744703
25060 0.00752161
25080 0.00760038
25100 0.00768693
25120 0.00777815
25140 0.00789446
25160 0.00805685
25180 0.00824478
25200 0.00843668
25220 0.00864003
25240 0.00886335
25260 0.00911724
25280 0.00940998
25300 0.00973025
25320 0.0100813
25340 0.0104834
25360 0.0109355
25380 0.0114363
25400 0.0119931
25420 0.0125877
25440 0.0132101
25460 0.0138813
25480 0.0146133
25500 0.0154138
25520 0.0162935
25540 0.0172358
25560 0.0182325
25580 0.01931
25600 0.0204706
25620 0.0216879
25640 0.0229518
25660 0.0242638
25680 0.0256298
25700 0.0270591
25720 0.0285491
25740 0.0301001
25760 0.0317155
25780 0.0333792
25800 0.0350843
25820 0.0368443
25840 0.0386431
25860 0.0404407
25880 0.042221
25900 0.0439881
25920 0.0457441
25940 0.0474765
25960 0.049164
25980 0.0508033
26000 0.0524025
26020 0.05396
26040 0.0554754
26060 0.0569399
26080 0.0583295
26100 0.0596395
26120 0.0608729
26140 0.0620066
26160 0.0630218
26180 0.0639079
26200 0.0646364
26220 0.0651919
26240 0.0655815
26260 0.0657942
26280 0.0658075
26300 0.0656092
26320 0.0652002
26340 0.0645992
26360 0.063812
26380 0.0628172
26400 0.0616218
26420 0.0602578
26440 0.0587319
26460 0.0570511
26480 0.055241
26500 0.0533075
26520 0.0512557
26540 0.0491201
26560 0.0469279
26580 0.0446827
26600 0.0423908
26620 0.0400723
26640 0.0377544
26660 0.0354558
26680 0.0331841
26700 0.0309456
26720 0.0287471
26740 0.0266062
26760 0.0245504
26780 0.0225781
26800 0.0206692
26820 0.0188383
26840 0.0171131
26860 0.0154902
26880 0.0139573
26900 0.0125126
26920 0.0111618
26940 0.00991433
26960 0.00876422
26980 0.00769989
27000 0.00672532
27020 0.00583417
27040 0.00501529
27060 0.00428275
27080 0.003633
27100 0.00303503
27120 0.00249173
27140 0.00201833
27160 0.00159897
27180 0.00122598
27200 0.000900824
27220 0.000604986
27240 0.000338802
27260 0.000123233
27280 -5.6011e-05
27300 -0.000228785
27320 -0.000388467
27340 -0.000513427
27360 -0.000608855
27380 -0.000696949
27400 -0.000782835
27420 -0.000855217
27440 -0.000910747
27460 -0.000953135
27480 -0.000987951
27500 -0.00102556
27520 -0.00106224
27540 -0.0010838
27560 -0.00109701
27580 -0.00111348
27600 -0.00112882
27620 -0.00114314
27640 -0.00115635
27660 -0.00116144
27680 -0.00116573
27700 -0.00117536
27720 -0.0011836
27740 -0.00119339
27760 -0.00120206
27780 -0.00120152
27800 -0.00121008
27820 -0.00123191
27840 -0.00123928
27860 -0.0012404
27880 -0.00126087
27900 -0.00128512
27920 -0.00130153
27940 -0.00132107
27960 -0.00134086
27980 -0.00136708
28000 -0.00141212
28020 -0.00145461
28040 -0.00148163
28060 -0.00151996
28080 -0.00158203
28100 -0.00164883
28120 -0.00170864
28140 -0.00177283
28160 -0.0018557
28180 -0.00194947
28200 -0.00204202
28220 -0.00214328
28240 -0.0022593
28260 -0.00238559
28280 -0.00252813
28300 -0.00267877
28320 -0.00282436
28340 -0.00298833
28360 -0.00318185
28380 -0.00337758
28400 -0.00357748
28420 -0.00380073
28440 -0.00403335
28460 -0.00427034
28480 -0.00452513
28500 -0.0047898
28520 -0.00506047
28540 -0.00534967
28560 -0.00565261
28580 -0.00595901
28600 -0.00627004
28620 -0.00658487
28640 -0.00690413
28660 -0.00723032
28680 -0.0075594
28700 -0.00788892
28720 -0.00821872
28740 -0.00854938
28760 -0.00888198
28780 -0.00920404
28800 -0.00950463
28820 -0.00979653
28840 -0.0100849
28860 -0.0103549
28880 -0.0106039
28900 -0.0108385
28920 -0.0110622
28940 -0.0112771
28960 -0.0114715
28980 -0.0116338
29000 -0.0117767
29020 -0.0119047
29040 -0.0120006
29060 -0.0120564
29080 -0.0120743
29100 -0.0120602
29120 -0.0120199
29140 -0.0119369
29160 -0.0117997
29180 -0.0116326
29200 -0.0114454
29220 -0.0112172
29240 -0.0109472
29260 -0.0106495
29280 -0.0103293
29300 -0.00999188
29320 -0.00963179
29340 -0.00924064
29360 -0.00883703
29380 -0.00843768
29400 -0.00802921
29420 -0.00760206
29440 -0.00717031
29460 -0.00675094
29480 -0.00634241
29500 -0.00592926
29520 -0.00551449
29540 -0.00511868
29560 -0.00474284
29580 -0.00437616
29600 -0.00401821
29620 -0.00367084
29640 -0.00334471
29660 -0.00304782
29680 -0.0027585
29700 -0.00246848
29720 -0.0022065
29740 -0.00197441
29760 -0.0017457
29780 -0.00152214
29800 -0.00131643
29820 -0.00112659
29840 -0.000951119
29860 -0.000781651
29880 -0.000608678
29900 -0.000445366
29920 -0.000301126
29940 -0.000157287
29960 0
