-20 0
0 1.86582e-06
20 3.82711e-06
40 5.97507e-06
60 8.39253e-06
80 1.11501e-05
100 1.4303e-05
120 1.78879e-05
140 2.19213e-05
160 2.63977e-05
180 3.12894e-05
200 3.65467e-05
220 4.20989e-05
240 4.78565e-05
260 5.37135e-05
280 5.9551e-05
300 6.52408e-05
320 7.06496e-05
340 7.56435e-05
360 8.00924e-05
380 8.38742e-05
400 8.68794e-05
420 8.90141e-05
440 9.02039e-05
460 9.03956e-05
480 8.95599e-05
500 8.76915e-05
520 8.48097e-05
540 8.09578e-05
560 7.62015e-05
580 7.06266e-05
600 6.43369e-05
620 5.74503e-05
640 5.00954e-05
660 4.2408e-05
680 3.45268e-05
700 2.659e-05
720 1.87311e-05
740 1.10764e-05
760 3.741e-06
780 -3.17253e-06
800 -9.57676e-06
820 -1.54005e-05
840 -2.05893e-05
860 -2.51062e-05
880 -2.89309e-05
900 -3.20588e-05
920 -3.45006e-05
940 -3.62796e-05
960 -3.7431e-05
980 -3.79993e-05
1000 -3.80362e-05
1020 -3.7599e-05
1040 -3.67482e-05
1060 -3.5546e-05
1080 -3.40544e-05
1100 -3.23334e-05
1120 -3.04404e-05
1140 -2.84288e-05
1160 -2.63473e-05
1180 -2.4239e-05
1200 -2.2142e-05
1220 -2.00881e-05
1240 -1.8104e-05
1260 -1.62107e-05
1280 -1.4424e-05
1300 -1.27554e-05
1320 -1.12119e-05
1340 -9.79699e-06
1360 -8.51095e-06
1380 -7.35152e-06
1400 -6.31433e-06
1420 -5.39339e-06
1440 -4.58156e-06
1460 -3.87088e-06
1480 -3.25293e-06
1500 -2.71918e-06
1520 -2.2611e-06
1540 -1.87042e-06
1560 -1.53928e-06
1580 -1.26031e-06
1600 -1.02666e-06
1620 -8.32116e-07
1640 -6.71077e-07
1660 -5.38527e-07
1680 -4.30013e-07
1700 -3.41675e-07
1720 -2.70177e-07
1740 -2.12607e-07
1760 -1.66481e-07
1780 -1.29734e-07
1800 -1.00631e-07
1820 -7.76879e-08
1840 -5.96759e-08
1860 -4.56185e-08
1880 -3.47232e-08
1900 -2.63148e-08
1920 -1.98371e-08
1940 -1.48719e-08
1960 -1.11053e-08
1980 -8.27007e-09
2000 -6.13034e-09
2020 -4.50781e-09
2040 -3.2903e-09
2060 -2.40002e-09
2080 -1.75833e-09
2100 -1.28482e-09
2120 -9.21155e-10
2140 -6.43337e-10
2160 -4.46958e-10
2180 -3.22629e-10
2200 -2.46132e-10
2220 -1.88465e-10
2240 -1.31806e-10
2260 -7.5909e-11
2280 -3.15643e-11
2300 -8.76646e-12
2320 -8.82021e-12
2340 -2.40626e-11
2360 -4.28249e-11
2380 -5.5e-11
2400 -5.50324e-11
2420 -4.17057e-11
2440 -1.59845e-11
2460 2.15802e-11
2480 7.29584e-11
2500 1.44153e-10
2520 2.46488e-10
2540 3.9834e-10
2560 6.27824e-10
2580 9.77164e-10
2600 1.50937e-09
2620 2.31816e-09
2640 3.54253e-09
2660 5.38782e-09
2680 8.15598e-09
2700 1.2289e-08
2720 1.84305e-08
2740 2.75131e-08
2760 4.08817e-08
2780 6.04649e-08
2800 8.90155e-08
2820 1.30442e-07
2840 1.90264e-07
2860 2.76241e-07
2880 3.99221e-07
2900 5.7429e-07
2920 8.22326e-07
2940 1.17207e-06
2960 1.66288e-06
2980 2.34836e-06
3000 3.30119e-06
3020 4.61932e-06
3040 6.43409e-06
3060 8.92072e-06
3080 1.23117e-05
3100 1.69139e-05
3120 2.31299e-05
3140 3.14858e-05
3160 4.26644e-05
3180 5.75476e-05
3200 7.72683e-05
3220 0.000103274
3240 0.000137402
3260 0.000181975
3280 0.000239909
3300 0.000314848
3320 0.000411316
3340 0.000534898
3360 0.00069245
3380 0.000892339
3400 0.00114471
3420 0.0014618
3440 0.00185825
3460 0.00235153
3480 0.00296229
3500 0.00371479
3520 0.00463737
3540 0.00576293
3560 0.00712933
3580 0.0087799
3600 0.0107638
3620 0.0131366
3640 0.0159601
3660 0.0193032
3680 0.0232415
3700 0.0278575
3720 0.0332402
3740 0.0394847
3760 0.0466918
3780 0.0549667
3800 0.0644179
3820 0.0751559
3840 0.0872912
3860 0.100932
3880 0.116182
3900 0.133139
3920 0.151889
3940 0.172506
3960 0.195047
3980 0.219549
4000 0.246028
4020 0.274472
4040 0.304841
4060 0.337063
4080 0.371035
4100 0.406615
4120 0.443627
4140 0.481859
4160 0.521065
4180 0.560961
4200 0.601236
4220 0.641548
4240 0.681532
4260 0.720806
4280 0.758972
4300 0.795627
4320 0.830369
4340 0.862802
4360 0.892548
4380 0.919248
4400 0.942575
4420 0.962238
4440 0.977987
4460 0.989622
4480 0.996992
4500 1
4520 0.998621
4540 0.992862
4560 0.982807
4580 0.968589
4600 0.950394
4620 0.928457
4640 0.903057
4660 0.87451
4680 0.843164
4700 0.809389
4720 0.773574
4740 0.736117
4760 0.697419
4780 0.657874
4800 0.617868
4820 0.577768
4840 0.53792
4860 0.498641
4880 0.460221
4900 0.422916
4920 0.386947
4940 0.3525
4960 0.319728
4980 0.288745
5000 0.259634
5020 0.232448
5040 0.207207
5060 0.183909
5080 0.162524
5100 0.143005
5120 0.125287
5140 0.109291
5160 0.0949257
5180 0.0820931
5200 0.0706894
5220 0.0606076
5240 0.0517401
5260 0.0439799
5280 0.0372229
5300 0.0313687
5320 0.0263216
5340 0.0219918
5360 0.0182954
5380 0.015155
5400 0.0124999
5420 0.0102658
5440 0.00839488
5460 0.00683557
5480 0.00554209
5500 0.00447417
5520 0.0035966
5540 0.00287882
5560 0.00229445
5580 0.0018209
5600 0.00143893
5620 0.00113224
5640 0.000887124
5660 0.000692115
5680 0.000537676
5700 0.000415923
5720 0.000320373
5740 0.000245726
5760 0.000187672
5780 0.000142725
5800 0.000108083
5820 8.15019e-05
5840 6.11979e-05
5860 4.57576e-05
5880 3.40681e-05
5900 2.52576e-05
5920 1.86465e-05
5940 1.37077e-05
5960 1.00345e-05
5980 7.31454e-06
6000 5.30939e-06
6020 3.83767e-06
6040 2.76221e-06
6060 1.97976e-06
6080 1.41299e-06
6100 1.00423e-06
6120 7.10719e-07
6140 5.0088e-07
6160 3.51514e-07
6180 2.45654e-07
6200 1.70954e-07
6220 1.1847e-07
6240 8.17553e-08
6260 5.61823e-08
6280 3.84469e-08
6300 2.62e-08
6320 1.77796e-08
6340 1.2015e-08
6360 8.08547e-09
6380 5.4184e-09
6400 3.61593e-09
6420 2.403e-09
6440 1.59028e-09
6460 1.04804e-09
6480 6.87813e-10
6500 4.49523e-10
6520 2.92565e-10
6540 1.89619e-10
6560 1.22387e-10
6580 7.86642e-11
6600 5.03517e-11
6620 3.20955e-11
6640 2.03737e-11
6660 1.28792e-11
6680 8.10789e-12
6700 5.08303e-12
6720 3.17349e-12
6740 1.9731e-12
6760 1.2217e-12
6780 7.53317e-13
6800 4.62588e-13
6820 2.82888e-13
6840 1.72281e-13
6860 1.04488e-13
6880 6.31106e-14
6900 3.79615e-14
6920 2.27401e-14
6940 1.3566e-14
6960 8.05967e-15
6980 4.76865e-15
7000 2.80985e-15
7020 1.64886e-15
7040 9.63605e-16
7060 5.60824e-16
7080 3.25065e-16
7100 1.87641e-16
7120 1.07871e-16
7140 6.17585e-17
7160 3.52134e-17
7180 1.99958e-17
7200 1.13081e-17
7220 6.36887e-18
7240 3.57237e-18
7260 1.9956e-18
7280 1.11024e-18
7300 6.1515e-19
7320 3.39447e-19
7340 1.86548e-19
7360 1.02102e-19
7380 5.56556e-20
7400 3.02142e-20
7420 1.63359e-20
7440 8.79645e-21
7460 4.7174e-21
7480 2.5196e-21
7500 1.34027e-21
7520 7.10049e-22
7540 3.74645e-22
7560 1.96873e-22
7580 1.03037e-22
7600 5.37073e-23
7620 2.78814e-23
7640 1.44157e-23
7660 7.42328e-24
7680 3.80714e-24
7700 1.94466e-24
7720 9.89307e-25
7740 5.0126e-25
7760 2.52953e-25
7780 1.27134e-25
7800 6.36401e-26
7820 3.17283e-26
7840 1.57547e-26
7860 7.79157e-27
7880 3.83786e-27
7900 1.8828e-27
7920 9.19961e-28
7940 4.47701e-28
7960 2.17e-28
7980 1.04758e-28
8000 5.03695e-29
8020 2.41215e-29
8040 1.15053e-29
8060 5.46576e-30
8080 2.58619e-30
8100 1.21879e-30
8120 5.72085e-31
8140 2.67455e-31
8160 1.24538e-31
8180 5.77589e-32
8200 2.66807e-32
8220 1.22755e-32
8240 5.62535e-33
8260 2.56758e-33
8280 1.16725e-33
8300 5.28535e-34
8320 2.3837e-34
8340 1.07078e-34
8360 4.79088e-35
8380 2.13503e-35
8400 9.47685e-36
8420 4.18983e-36
8440 1.84503e-36
8460 8.09252e-37
8480 3.53541e-37
8500 1.53841e-37
8520 6.66777e-38
8540 2.8785e-38
8560 1.23775e-38
8580 5.30122e-39
8600 2.26152e-39
8620 9.60961e-40
8640 4.06717e-40
8660 1.7146e-40
8680 7.19971e-41
8700 3.01129e-41
8720 1.25451e-41
8740 5.20574e-42
8760 2.15168e-42
8780 8.85849e-43
8800 3.6327e-43
8820 1.48385e-43
8840 6.03725e-44
8860 2.44669e-44
8880 9.87667e-45
8900 3.97132e-45
8920 1.59057e-45
8940 6.34545e-46
8960 2.52155e-46
8980 9.98089e-47
9000 3.9352e-47
9020 1.54547e-47
9040 6.0458e-48
9060 2.35584e-48
9080 9.144e-49
9100 3.53531e-49
9120 1.36151e-49
9140 5.22292e-50
9160 1.99577e-50
9180 7.59646e-51
9200 2.88015e-51
9220 1.08774e-51
9240 4.09205e-52
9260 1.53343e-52
9280 5.72391e-53
9300 2.12829e-53
9320 7.88275e-54
9340 2.90827e-54
9360 1.06881e-54
9380 3.91274e-55
9400 1.42683e-55
9420 5.18294e-56
9440 1.8754e-56
9460 6.75967e-57
9480 2.42702e-57
9500 8.68033e-58
9520 3.09255e-58
9540 1.09753e-58
9560 3.87999e-59
9580 1.36636e-59
9600 4.79316e-60
9620 1.67494e-60
9640 5.83036e-61
9660 2.02169e-61
9680 6.98326e-62
9700 2.40284e-62
9720 8.236e-63
9740 2.81212e-63
9760 9.5648e-64
9780 3.24075e-64
9800 1.09381e-64
9820 3.67764e-65
9840 1.23175e-65
9860 4.10963e-66
9880 1.36574e-66
9900 4.51692e-67
9920 1.47461e-67
9940 4.37776e-68
9960 0
