-20 0
0 -1.96703e-13
20 -4.53632e-13
40 -7.65561e-13
60 -1.27114e-12
80 -1.95548e-12
100 -3.0987e-12
120 -4.71944e-12
140 -7.33841e-12
160 -1.11569e-11
180 -1.71337e-11
200 -2.59747e-11
220 -3.95253e-11
240 -5.96466e-11
260 -9.00295e-11
280 -1.35113e-10
300 -2.02441e-10
320 -3.01957e-10
340 -4.49268e-10
360 -6.65835e-10
380 -9.83898e-10
400 -1.44863e-09
420 -2.12612e-09
440 -3.10958e-09
460 -4.53303e-09
480 -6.58539e-09
500 -9.53498e-09
520 -1.37586e-08
540 -1.97859e-08
560 -2.83565e-08
580 -4.05012e-08
600 -5.76495e-08
620 -8.17774e-08
640 -1.15605e-07
660 -1.62864e-07
680 -2.2865e-07
700 -3.19901e-07
720 -4.46018e-07
740 -6.19698e-07
760 -8.58013e-07
780 -1.18383e-06
800 -1.62768e-06
820 -2.23009e-06
840 -3.04473e-06
860 -4.14234e-06
880 -5.61577e-06
900 -7.58638e-06
920 -1.02122e-05
940 -1.36981e-05
960 -1.83085e-05
980 -2.43833e-05
1000 -3.23578e-05
1020 -4.27864e-05
1040 -5.63728e-05
1060 -7.40062e-05
1080 -9.68047e-05
1100 -0.000126169
1120 -0.000163843
1140 -0.000211994
1160 -0.000273297
1180 -0.000351041
1200 -0.000449248
1220 -0.000572821
1240 -0.000727697
1260 -0.000921039
1280 -0.00116144
1300 -0.00145916
1320 -0.00182638
1340 -0.00227751
1360 -0.00282946
1380 -0.00350201
1400 -0.00431816
1420 -0.00530447
1440 -0.00649148
1460 -0.00791406
1480 -0.0096118
1500 -0.0116294
1520 -0.0140167
1540 -0.0168297
1560 -0.0201296
1580 -0.0239841
1600 -0.0284665
1620 -0.0336561
1640 -0.0396375
1660 -0.0465006
1680 -0.0543395
1700 -0.0632518
1720 -0.0733373
1740 -0.0846968
1760 -0.0974305
1780 -0.111636
1800 -0.127405
1820 -0.144825
1840 -0.16397
1860 -0.184903
1880 -0.207674
1900 -0.232311
1920 -0.258823
1940 -0.287194
1960 -0.317383
1980 -0.349318
2000 -0.382897
2020 -0.417987
2040 -0.454419
2060 -0.491992
2080 -0.530471
2100 -0.569589
2120 -0.60905
2140 -0.648529
2160 -0.687679
2180 -0.726131
2200 -0.763506
2220 -0.799414
2240 -0.833464
2260 -0.86527
2280 -0.894458
2300 -0.920674
2320 -0.94359
2340 -0.962909
2360 -0.978376
2380 -0.98978
2400 -0.996959
2420 -0.999803
2440 -0.998262
2460 -0.992339
2480 -0.982098
2500 -0.967657
2520 -0.949191
2540 -0.926923
2560 -0.901124
2580 -0.872107
2600 -0.840218
2620 -0.80583
2640 -0.769337
2660 -0.731147
2680 -0.691672
2700 -0.65132
2720 -0.610493
2740 -0.569574
2760 -0.528927
2780 -0.488888
2800 -0.449763
2820 -0.411821
2840 -0.375298
2860 -0.340392
2880 -0.307262
2900 -0.27603
2920 -0.246782
2940 -0.219568
2960 -0.194409
2980 -0.171296
3000 -0.150193
3020 -0.131044
3040 -0.113772
3060 -0.0982885
3080 -0.0844896
3100 -0.0722651
3120 -0.0614993
3140 -0.0520734
3160 -0.043869
3180 -0.0367691
3200 -0.0306608
3220 -0.0254358
3240 -0.0209924
3260 -0.0172353
3280 -0.0140769
3300 -0.011437
3320 -0.00924333
3340 -0.00743086
3360 -0.00594201
3380 -0.00472607
3400 -0.00373875
3420 -0.00294172
3440 -0.00230203
3460 -0.0017916
3480 -0.0013867
3500 -0.00106737
3520 -0.000817024
3540 -0.000621902
3560 -0.00047072
3580 -0.000354278
3600 -0.000265126
3620 -0.000197275
3640 -0.000145944
3660 -0.000107346
3680 -7.84959e-05
3700 -5.70636e-05
3720 -4.12387e-05
3740 -2.96257e-05
3760 -2.1156e-05
3780 -1.50169e-05
3800 -1.05948e-05
3820 -7.42944e-06
3840 -5.17784e-06
3860 -3.58635e-06
3880 -2.4686e-06
3900 -1.68858e-06
3920 -1.14774e-06
3940 -7.75183e-07
3960 -5.20205e-07
3980 -3.46849e-07
4000 -2.29759e-07
4020 -1.51202e-07
4040 -9.88472e-08
4060 -6.41905e-08
4080 -4.1407e-08
4100 -2.65274e-08
4120 -1.68811e-08
4140 -1.06671e-08
4160 -6.69413e-09
4180 -4.17211e-09
4200 -2.57997e-09
4220 -1.58603e-09
4240 -9.65406e-10
4260 -5.84217e-10
4280 -3.49788e-10
4300 -2.05763e-10
4320 -1.20385e-10
4340 -6.54017e-11
4360 -3.41545e-11
4380 -1.25412e-11
4400 1.9078e-12
4420 1.11263e-11
4440 2.17337e-11
4460 2.80006e-11
4480 3.74808e-11
4500 4.58841e-11
4520 5.45515e-11
4540 6.68642e-11
4560 7.71562e-11
4580 9.3583e-11
4600 1.1144e-10
4620 1.35653e-10
4640 1.70863e-10
4660 2.16365e-10
4680 2.85795e-10
4700 3.80752e-10
4720 5.16354e-10
4740 7.07152e-10
4760 9.66849e-10
4780 1.32575e-09
4800 1.80586e-09
4820 2.44939e-09
4840 3.30372e-09
4860 4.42649e-09
4880 5.90429e-09
4900 7.83194e-09
4920 1.03459e-08
4940 1.36126e-08
4960 1.78393e-08
4980 2.32982e-08
5000 3.03103e-08
5020 3.9287e-08
5040 5.07253e-08
5060 6.5228e-08
5080 8.35401e-08
5100 1.06545e-07
5120 1.35322e-07
5140 1.71154e-07
5160 2.15566e-07
5180 2.70371e-07
5200 3.37682e-07
5220 4.19969e-07
5240 5.20086e-07
5260 6.41294e-07
5280 7.87319e-07
5300 9.62351e-07
5320 1.17109e-06
5340 1.41874e-06
5360 1.711e-06
5380 2.0541e-06
5400 2.45466e-06
5420 2.91971e-06
5440 3.45654e-06
5460 4.07259e-06
5480 4.77529e-06
5500 5.57184e-06
5520 6.46901e-06
5540 7.4728e-06
5560 8.58814e-06
5580 9.81851e-06
5600 1.11655e-05
5620 1.26286e-05
5640 1.42042e-05
5660 1.58859e-05
5680 1.76633e-05
5700 1.95223e-05
5720 2.14442e-05
5740 2.34054e-05
5760 2.53776e-05
5780 2.73274e-05
5800 2.92163e-05
5820 3.10011e-05
5840 3.26342e-05
5860 3.40641e-05
5880 3.52365e-05
5900 3.60949e-05
5920 3.65823e-05
5940 3.6642e-05
5960 3.62199e-05
5980 3.52657e-05
6000 3.37351e-05
6020 3.15913e-05
6040 2.88073e-05
6060 2.53671e-05
6080 2.12679e-05
6100 1.65212e-05
6120 1.11538e-05
6140 5.20853e-06
6160 -1.25518e-06
6180 -8.16193e-06
6200 -1.54209e-05
6220 -2.29271e-05
6240 -3.05631e-05
6260 -3.82017e-05
6280 -4.57081e-05
6300 -5.29434e-05
6320 -5.97683e-05
6340 -6.60462e-05
6360 -7.16473e-05
6380 -7.64522e-05
6400 -8.03554e-05
6420 -8.32684e-05
6440 -8.51226e-05
6460 -8.58717e-05
6480 -8.54928e-05
6500 -8.39875e-05
6520 -8.13824e-05
6540 -7.7728e-05
6560 -7.30975e-05
6580 -6.7585e-05
6600 -6.13025e-05
6620 -5.43769e-05
6640 -4.69461e-05
6660 -3.91558e-05
6680 -3.11546e-05
6700 -2.30908e-05
6720 -1.5108e-05
6740 -7.34172e-06
6760 8.37777e-08
6780 7.05819e-06
6800 1.34873e-05
6820 1.92947e-05
6840 2.44224e-05
6860 2.88313e-05
6880 3.25009e-05
6900 3.54284e-05
6920 3.76272e-05
6940 3.91255e-05
6960 3.99642e-05
6980 4.01946e-05
7000 3.9876e-05
7020 3.90734e-05
7040 3.78552e-05
7060 3.62913e-05
7080 3.44508e-05
7100 3.24002e-05
7120 3.02025e-05
7140 2.79154e-05
7160 2.5591e-05
7180 2.32748e-05
7200 2.10058e-05
7220 1.88161e-05
7240 1.67314e-05
7260 1.47708e-05
7280 1.2948e-05
7300 1.12712e-05
7320 9.74438e-06
7340 8.36729e-06
7360 7.13663e-06
7380 6.04654e-06
7400 5.0892e-06
7420 4.25538e-06
7440 3.53501e-06
7460 2.91758e-06
7480 2.39246e-06
7500 1.94925e-06
7520 1.57798e-06
7540 1.26924e-06
7560 1.01439e-06
7580 8.05559e-07
7600 6.3564e-07
7620 4.98366e-07
7640 3.88244e-07
7660 3.00526e-07
7680 2.31152e-07
7700 1.76658e-07
7720 1.34136e-07
7740 1.01197e-07
7760 7.58606e-08
7780 5.65024e-08
7800 4.18139e-08
7820 3.07369e-08
7840 2.24432e-08
7860 1.62907e-08
7880 1.17498e-08
7900 8.40978e-09
7920 5.97914e-09
7940 4.22603e-09
7960 2.96875e-09
7980 2.07416e-09
8000 1.43318e-09
8020 9.79049e-10
8040 6.74042e-10
8060 4.63384e-10
8080 3.07151e-10
8100 2.01985e-10
8120 1.36289e-10
8140 9.20331e-11
8160 6.25615e-11
8180 3.75899e-11
8200 1.90154e-11
8220 1.75992e-11
8240 1.6542e-11
8260 3.7559e-12
8280 -1.03658e-12
8300 4.70022e-12
8320 4.52563e-12
8340 8.03274e-13
8360 -1.43335e-12
8380 -2.28921e-12
8400 2.83934e-12
8420 4.49617e-12
8440 -4.24136e-12
8460 -4.32342e-12
8480 5.44261e-12
8500 2.88821e-12
8520 -5.02755e-12
8540 -1.41311e-12
8560 3.11436e-12
8580 1.08874e-12
8600 -9.07164e-13
8620 -2.37042e-12
8640 -4.46827e-13
8660 4.33746e-12
8680 9.80212e-14
8700 -5.93946e-12
8720 1.40983e-12
8740 6.06664e-12
8760 -3.15474e-12
8780 -4.8316e-12
8800 3.91756e-12
8820 2.87963e-12
8840 -3.34653e-12
8860 -1.4209e-12
8880 1.71998e-12
8900 1.14162e-12
8920 -6.59075e-14
8940 -2.18765e-12
8960 -7.71607e-13
8980 3.83316e-12
9000 2.1868e-13
9020 -5.25375e-12
9040 1.39731e-12
9060 5.57277e-12
9080 -3.47846e-12
9100 -4.67327e-12
9120 5.0496e-12
9140 2.75821e-12
9160 -5.63946e-12
9180 -6.54887e-13
9200 5.01061e-12
9220 -1.02723e-12
9240 -3.66614e-12
9260 1.70716e-12
9280 2.09189e-12
9300 -1.48208e-12
9320 -1.04284e-12
9340 5.85895e-13
9360 7.44381e-13
9380 3.14505e-13
9400 -1.3146e-12
9420 -8.04011e-13
9440 2.31999e-12
9460 4.61384e-13
9480 -3.35274e-12
9500 6.36565e-13
9520 3.84366e-12
9540 -2.28074e-12
9560 -3.55559e-12
9580 3.93019e-12
9600 2.31498e-12
9620 -5.21802e-12
9640 -4.22119e-13
9660 5.65358e-12
9680 -1.83988e-12
9700 -5.14438e-12
9720 3.94185e-12
9740 3.67415e-12
9760 -5.50708e-12
9780 -1.53894e-12
9800 6.16651e-12
9820 -9.43753e-13
9840 -5.83825e-12
9860 3.28728e-12
9880 4.52699e-12
9900 -5.12263e-12
9920 -2.46942e-12
9940 6.11797e-12
9960 0
