-10 0
0 1.13539e-09
10 -7.6538e-10
20 5.78332e-11
30 -6.09867e-10
40 1.44211e-09
50 -7.97738e-10
60 -5.66027e-10
70 6.87583e-10
80 7.40607e-11
90 2.01044e-10
100 -1.35023e-09
110 1.35622e-09
120 -6.25046e-11
130 -4.90655e-10
140 -2.30615e-10
150 3.4607e-10
160 8.61751e-10
170 -1.51676e-09
180 5.58634e-10
190 3.04746e-10
200 2.6491e-10
210 -8.07886e-10
220 -1.46587e-10
230 1.26466e-09
240 -8.06957e-10
250 -2.00817e-10
260 -9.37699e-11
270 9.54973e-10
280 -4.97475e-10
290 -7.50809e-10
300 8.02367e-10
310 1.593e-10
320 -2.17582e-10
330 -6.95702e-10
340 7.71181e-10
350 2.5025e-10
360 -6.41298e-10
370 -9.93549e-11
380 4.60151e-10
390 1.85954e-10
400 -5.48108e-10
410 -4.18772e-11
420 4.76124e-10
430 -4.10936e-11
440 -4.00542e-10
450 2.0047e-10
460 7.8651e-12
470 2.46494e-10
480 -4.38323e-10
490 2.37169e-10
500 -2.91947e-11
510 -8.34502e-11
520 4.03949e-10
530 -7.03795e-10
540 5.60589e-10
550 -3.76905e-10
560 6.17789e-10
570 -6.14188e-10
580 -2.45401e-10
590 1.01295e-09
600 -7.28646e-10
610 3.47896e-10
620 -9.7353e-10
630 1.50281e-09
640 -5.36319e-10
650 -7.91226e-10
660 7.18413e-10
670 -1.34159e-10
680 8.33636e-10
690 -1.93524e-09
700 1.42402e-09
710 3.68333e-11
720 -3.46232e-10
730 -1.69579e-10
740 -3.3843e-10
750 1.54914e-09
760 -1.64604e-09
770 7.26686e-10
780 -3.19036e-10
790 4.40313e-10
800 -3.6087e-11
810 -6.89858e-10
820 8.91259e-10
830 -8.14959e-10
840 8.815e-10
850 -5.92111e-10
860 -8.39085e-11
870 1.80629e-10
880 2.21726e-10
890 1.07081e-10
900 -8.99031e-10
910 5.45494e-10
920 5.7926e-10
930 -4.87956e-10
940 -6.15699e-10
950 5.92992e-10
960 3.97759e-10
970 -2.40648e-10
980 -9.91849e-10
990 1.11263e-09
1000 -9.62779e-11
1010 -2.92673e-10
1020 -8.34201e-11
1030 -2.48727e-10
1040 9.87012e-10
1050 -1.18095e-09
1060 9.51181e-10
1070 -1.02564e-09
1080 4.74591e-10
1090 4.27495e-10
1100 -8.12248e-10
1110 3.30233e-10
1120 -1.02924e-09
1130 1.75332e-09
1140 -1.4125e-09
1150 -3.98209e-10
1160 2.06688e-10
1170 6.3958e-11
1180 -1.16718e-10
1190 -1.65546e-09
1200 6.54904e-10
1210 -6.09687e-10
1220 -6.62598e-10
1230 -9.84379e-10
1240 -9.5154e-10
1250 -9.67831e-10
1260 -1.01221e-09
1270 -1.79374e-09
1280 -2.03804e-09
1290 -2.67147e-09
1300 -1.76452e-09
1310 -3.2129e-09
1320 -5.14535e-09
1330 -3.80203e-09
1340 -5.73843e-09
1350 -5.66244e-09
1360 -9.51532e-09
1370 -8.73756e-09
1380 -1.07372e-08
1390 -1.38425e-08
1400 -1.50829e-08
1410 -1.99956e-08
1420 -2.12104e-08
1430 -2.69312e-08
1440 -3.03982e-08
1450 -3.75511e-08
1460 -4.43272e-08
1470 -5.04433e-08
1480 -6.08173e-08
1490 -7.21882e-08
1500 -8.50289e-08
1510 -9.89115e-08
1520 -1.16655e-07
1530 -1.37962e-07
1540 -1.61956e-07
1550 -1.88897e-07
1560 -2.22853e-07
1570 -2.59057e-07
1580 -3.05495e-07
1590 -3.56355e-07
1600 -4.16016e-07
1610 -4.85618e-07
1620 -5.66061e-07
1630 -6.62669e-07
1640 -7.67973e-07
1650 -8.95484e-07
1660 -1.04051e-06
1670 -1.20961e-06
1680 -1.40384e-06
1690 -1.62722e-06
1700 -1.88646e-06
1710 -2.18345e-06
1720 -2.52726e-06
1730 -2.9212e-06
1740 -3.37251e-06
1750 -3.89233e-06
1760 -4.48982e-06
1770 -5.1714e-06
1780 -5.95378e-06
1790 -6.84639e-06
1800 -7.87082e-06
1810 -9.03678e-06
1820 -1.03689e-05
1830 -1.18876e-05
1840 -1.36147e-05
1850 -1.55854e-05
1860 -1.78217e-05
1870 -2.03647e-05
1880 -2.32483e-05
1890 -2.6522e-05
1900 -3.0231e-05
1910 -3.44282e-05
1920 -3.91771e-05
1930 -4.45444e-05
1940 -5.06045e-05
1950 -5.74438e-05
1960 -6.51517e-05
1970 -7.38321e-05
1980 -8.36022e-05
1990 -9.45859e-05
2000 -0.000106928
2010 -0.000120774
2020 -0.000136307
2030 -0.000153707
2040 -0.000173188
2050 -0.000194978
2060 -0.000219326
2070 -0.000246513
2080 -0.000276842
2090 -0.000310649
2100 -0.000348295
2110 -0.000390181
2120 -0.000436747
2130 -0.00048847
2140 -0.000545866
2150 -0.000609509
2160 -0.000680008
2170 -0.000758042
2180 -0.000844336
2190 -0.000939681
2200 -0.00104494
2210 -0.00116102
2220 -0.00128895
2230 -0.0014298
2240 -0.00158474
2250 -0.00175502
2260 -0.00194201
2270 -0.00214717
2280 -0.00237205
2290 -0.00261833
2300 -0.00288781
2310 -0.00318242
2320 -0.00350421
2330 -0.00385538
2340 -0.00423827
2350 -0.00465537
2360 -0.00510933
2370 -0.00560296
2380 -0.00613926
2390 -0.00672139
2400 -0.00735269
2410 -0.00803671
2420 -0.00877718
2430 -0.00957804
2440 -0.0104434
2450 -0.0113777
2460 -0.0123854
2470 -0.0134713
2480 -0.0146405
2490 -0.0158982
2500 -0.0172498
2510 -0.018701
2520 -0.0202578
2530 -0.0219262
2540 -0.0237127
2550 -0.0256238
2560 -0.0276664
2570 -0.0298474
2580 -0.0321741
2590 -0.0346539
2600 -0.0372944
2610 -0.0401034
2620 -0.0430888
2630 -0.0462587
2640 -0.0496214
2650 -0.0531851
2660 -0.0569584
2670 -0.0609497
2680 -0.0651676
2690 -0.0696207
2700 -0.0743176
2710 -0.0792668
2720 -0.0844768
2730 -0.0899561
2740 -0.0957128
2750 -0.101755
2760 -0.108091
2770 -0.114728
2780 -0.121674
2790 -0.128935
2800 -0.136519
2810 -0.144432
2820 -0.152679
2830 -0.161266
2840 -0.170197
2850 -0.179478
2860 -0.189111
2870 -0.1991
2880 -0.209446
2890 -0.220151
2900 -0.231216
2910 -0.24264
2920 -0.254422
2930 -0.26656
2940 -0.279052
2950 -0.291892
2960 -0.305075
2970 -0.318596
2980 -0.332447
2990 -0.34662
3000 -0.361104
3010 -0.375889
3020 -0.390963
3030 -0.406313
3040 -0.421925
3050 -0.437782
3060 -0.453868
3070 -0.470165
3080 -0.486654
3090 -0.503315
3100 -0.520125
3110 -0.537064
3120 -0.554106
3130 -0.571228
3140 -0.588404
3150 -0.605608
3160 -0.622812
3170 -0.639988
3180 -0.657109
3190 -0.674143
3200 -0.691062
3210 -0.707835
3220 -0.724432
3230 -0.74082
3240 -0.75697
3250 -0.772849
3260 -0.788426
3270 -0.80367
3280 -0.81855
3290 -0.833036
3300 -0.847096
3310 -0.860701
3320 -0.873822
3330 -0.88643
3340 -0.898498
3350 -0.909998
3360 -0.920906
3370 -0.931197
3380 -0.940847
3390 -0.949834
3400 -0.958138
3410 -0.96574
3420 -0.972621
3430 -0.978766
3440 -0.984161
3450 -0.988792
3460 -0.992649
3470 -0.995723
3480 -0.998007
3490 -0.999495
3500 -1.00018
3510 -1.00007
3520 -0.999162
3530 -0.997453
3540 -0.994951
3550 -0.991662
3560 -0.987593
3570 -0.982755
3580 -0.97716
3590 -0.97082
3600 -0.963751
3610 -0.955969
3620 -0.947494
3630 -0.938344
3640 -0.928541
3650 -0.918108
3660 -0.907068
3670 -0.895446
3680 -0.883268
3690 -0.870561
3700 -0.857354
3710 -0.843674
3720 -0.829552
3730 -0.815016
3740 -0.800097
3750 -0.784827
3760 -0.769235
3770 -0.753354
3780 -0.737213
3790 -0.720845
3800 -0.70428
3810 -0.687548
3820 -0.670681
3830 -0.653708
3840 -0.636658
3850 -0.619561
3860 -0.602444
3870 -0.585335
3880 -0.568261
3890 -0.551247
3900 -0.534318
3910 -0.517499
3920 -0.500812
3930 -0.484279
3940 -0.46792
3950 -0.451756
3960 -0.435805
3970 -0.420084
3980 -0.40461
3990 -0.389397
4000 -0.37446
4010 -0.359811
4020 -0.345462
4030 -0.331423
4040 -0.317703
4050 -0.30431
4060 -0.291251
4070 -0.278533
4080 -0.26616
4090 -0.254135
4100 -0.242463
4110 -0.231144
4120 -0.220179
4130 -0.209569
4140 -0.199313
4150 -0.18941
4160 -0.179857
4170 -0.170651
4180 -0.161789
4190 -0.153266
4200 -0.145078
4210 -0.137219
4220 -0.129683
4230 -0.122466
4240 -0.115558
4250 -0.108955
4260 -0.102648
4270 -0.0966307
4280 -0.0908944
4290 -0.0854313
4300 -0.0802336
4310 -0.0752929
4320 -0.070601
4330 -0.0661495
4340 -0.0619301
4350 -0.0579343
4360 -0.0541539
4370 -0.0505804
4380 -0.0472057
4390 -0.0440216
4400 -0.0410202
4410 -0.0381935
4420 -0.0355337
4430 -0.0330332
4440 -0.0306847
4450 -0.0284808
4460 -0.0264146
4470 -0.0244791
4480 -0.0226677
4490 -0.0209739
4500 -0.0193916
4510 -0.0179146
4520 -0.0165372
4530 -0.0152538
4540 -0.014059
4550 -0.0129478
4560 -0.011915
4570 -0.0109562
4580 -0.0100666
4590 -0.00924213
4600 -0.0084786
4610 -0.00777213
4620 -0.00711903
4630 -0.00651579
4640 -0.0059591
4650 -0.00544581
4660 -0.00497296
4670 -0.00453774
4680 -0.00413752
4690 -0.00376981
4700 -0.00343227
4710 -0.00312272
4720 -0.0028391
4730 -0.00257949
4740 -0.00234209
4750 -0.00212523
4760 -0.00192733
4770 -0.00174694
4780 -0.00158272
4790 -0.00143338
4800 -0.00129779
4810 -0.00117484
4820 -0.00106357
4830 -0.00096304
4840 -0.000872421
4850 -0.000790941
4860 -0.000717901
4870 -0.000652657
4880 -0.000594635
4890 -0.000543309
4900 -0.000498217
4910 -0.000458941
4920 -0.000425119
4930 -0.00039643
4940 -0.000372609
4950 -0.000353421
4960 -0.000338689
4970 -0.000328267
4980 -0.000322054
4990 -0.000319989
5000 -0.000322055
5010 -0.000328266
5020 -0.00033869
5030 -0.000353422
5040 -0.000372608
5050 -0.000396431
5060 -0.000425119
5070 -0.00045894
5080 -0.000498218
5090 -0.000543309
5100 -0.000594635
5110 -0.000652657
5120 -0.000717901
5130 -0.000790941
5140 -0.000872422
5150 -0.000963039
5160 -0.00106357
5170 -0.00117485
5180 -0.00129779
5190 -0.00143338
5200 -0.00158272
5210 -0.00174694
5220 -0.00192733
5230 -0.00212523
5240 -0.00234209
5250 -0.00257949
5260 -0.0028391
5270 -0.00312272
5280 -0.00343227
5290 -0.00376981
5300 -0.00413752
5310 -0.00453774
5320 -0.00497296
5330 -0.00544581
5340 -0.0059591
5350 -0.00651579
5360 -0.00711903
5370 -0.00777213
5380 -0.0084786
5390 -0.00924213
5400 -0.0100666
5410 -0.0109562
5420 -0.011915
5430 -0.0129478
5440 -0.014059
5450 -0.0152538
5460 -0.0165372
5470 -0.0179146
5480 -0.0193916
5490 -0.0209739
5500 -0.0226677
5510 -0.0244791
5520 -0.0264146
5530 -0.0284808
5540 -0.0306847
5550 -0.0330332
5560 -0.0355337
5570 -0.0381935
5580 -0.0410202
5590 -0.0440216
5600 -0.0472057
5610 -0.0505804
5620 -0.0541539
5630 -0.0579343
5640 -0.0619301
5650 -0.0661495
5660 -0.070601
5670 -0.0752929
5680 -0.0802336
5690 -0.0854313
5700 -0.0908944
5710 -0.0966307
5720 -0.102648
5730 -0.108955
5740 -0.115558
5750 -0.122466
5760 -0.129683
5770 -0.137219
5780 -0.145078
5790 -0.153266
5800 -0.161789
5810 -0.170651
5820 -0.179857
5830 -0.18941
5840 -0.199313
5850 -0.209569
5860 -0.220179
5870 -0.231144
5880 -0.242463
5890 -0.254135
5900 -0.26616
5910 -0.278533
5920 -0.291251
5930 -0.30431
5940 -0.317703
5950 -0.331423
5960 -0.345462
5970 -0.359811
5980 -0.37446
5990 -0.389397
6000 -0.40461
6010 -0.420084
6020 -0.435805
6030 -0.451756
6040 -0.46792
6050 -0.484279
6060 -0.500812
6070 -0.517499
6080 -0.534318
6090 -0.551247
6100 -0.568261
6110 -0.585335
6120 -0.602444
6130 -0.619561
6140 -0.636658
6150 -0.653708
6160 -0.670681
6170 -0.687548
6180 -0.70428
6190 -0.720845
6200 -0.737213
6210 -0.753354
6220 -0.769235
6230 -0.784827
6240 -0.800097
6250 -0.815016
6260 -0.829552
6270 -0.843674
6280 -0.857354
6290 -0.870561
6300 -0.883268
6310 -0.895446
6320 -0.907068
6330 -0.918108
6340 -0.928541
6350 -0.938344
6360 -0.947494
6370 -0.955969
6380 -0.963751
6390 -0.97082
6400 -0.97716
6410 -0.982755
6420 -0.987593
6430 -0.991662
6440 -0.994951
6450 -0.997453
6460 -0.999162
6470 -1.00007
6480 -1.00018
6490 -0.999495
6500 -0.998007
6510 -0.995723
6520 -0.992649
6530 -0.988792
6540 -0.984161
6550 -0.978766
6560 -0.972621
6570 -0.96574
6580 -0.958138
6590 -0.949834
6600 -0.940847
6610 -0.931197
6620 -0.920906
6630 -0.909998
6640 -0.898498
6650 -0.88643
6660 -0.873822
6670 -0.860701
6680 -0.847096
6690 -0.833036
6700 -0.81855
6710 -0.80367
6720 -0.788426
6730 -0.772849
6740 -0.75697
6750 -0.74082
6760 -0.724432
6770 -0.707835
6780 -0.691062
6790 -0.674143
6800 -0.657109
6810 -0.639988
6820 -0.622812
6830 -0.605608
6840 -0.588404
6850 -0.571228
6860 -0.554106
6870 -0.537064
6880 -0.520125
6890 -0.503315
6900 -0.486654
6910 -0.470165
6920 -0.453868
6930 -0.437782
6940 -0.421925
6950 -0.406313
6960 -0.390963
6970 -0.375889
6980 -0.361104
6990 -0.34662
7000 -0.332447
7010 -0.318596
7020 -0.305075
7030 -0.291892
7040 -0.279052
7050 -0.26656
7060 -0.254422
7070 -0.24264
7080 -0.231216
7090 -0.220151
7100 -0.209446
7110 -0.1991
7120 -0.189111
7130 -0.179478
7140 -0.170197
7150 -0.161266
7160 -0.152679
7170 -0.144432
7180 -0.136519
7190 -0.128935
7200 -0.121674
7210 -0.114728
7220 -0.108091
7230 -0.101755
7240 -0.0957128
7250 -0.0899561
7260 -0.0844768
7270 -0.0792668
7280 -0.0743176
7290 -0.0696207
7300 -0.0651676
7310 -0.0609497
7320 -0.0569584
7330 -0.0531851
7340 -0.0496214
7350 -0.0462587
7360 -0.0430888
7370 -0.0401034
7380 -0.0372944
7390 -0.0346539
7400 -0.0321741
7410 -0.0298474
7420 -0.0276664
7430 -0.0256238
7440 -0.0237127
7450 -0.0219262
7460 -0.0202578
7470 -0.018701
7480 -0.0172498
7490 -0.0158982
7500 -0.0146405
7510 -0.0134713
7520 -0.0123854
7530 -0.0113777
7540 -0.0104434
7550 -0.00957804
7560 -0.00877718
7570 -0.00803671
7580 -0.00735269
7590 -0.00672139
7600 -0.00613926
7610 -0.00560296
7620 -0.00510932
7630 -0.00465537
7640 -0.00423827
7650 -0.00385538
7660 -0.00350421
7670 -0.00318242
7680 -0.00288781
7690 -0.00261833
7700 -0.00237205
7710 -0.00214717
7720 -0.00194201
7730 -0.00175502
7740 -0.00158474
7750 -0.0014298
7760 -0.00128895
7770 -0.00116102
7780 -0.00104493
7790 -0.000939682
7800 -0.000844336
7810 -0.000758041
7820 -0.000680008
7830 -0.00060951
7840 -0.000545866
7850 -0.000488469
7860 -0.000436748
7870 -0.000390182
7880 -0.000348294
7890 -0.00031065
7900 -0.000276842
7910 -0.000246513
7920 -0.000219326
7930 -0.000194978
7940 -0.000173188
7950 -0.000153707
7960 -0.000136308
7970 -0.000120774
7980 -0.000106927
7990 -9.45869e-05
8000 -8.36024e-05
8010 -7.38313e-05
8020 -6.5152e-05
8030 -5.74443e-05
8040 -5.06042e-05
8050 -4.45437e-05
8060 -3.91781e-05
8070 -3.44282e-05
8080 -3.02299e-05
8090 -2.65231e-05
8100 -2.32483e-05
8110 -2.03639e-05
8120 -1.78221e-05
8130 -1.55859e-05
8140 -1.36143e-05
8150 -1.18869e-05
8160 -1.03701e-05
8170 -9.03651e-06
8180 -7.8698e-06
8190 -6.84752e-06
8200 -5.95372e-06
8210 -5.1707e-06
8220 -4.49001e-06
8230 -3.89299e-06
8240 -3.37208e-06
8250 -2.92046e-06
8260 -2.52855e-06
8270 -2.18308e-06
8280 -1.88554e-06
8290 -1.62821e-06
8300 -1.40388e-06
8310 -1.209e-06
8320 -1.04044e-06
8330 -8.96391e-07
8340 -7.67496e-07
8350 -6.61825e-07
8360 -5.67401e-07
8370 -4.85273e-07
8380 -4.15198e-07
8390 -3.57033e-07
8400 -3.05825e-07
8410 -2.58501e-07
8420 -2.22415e-07
8430 -1.90094e-07
8440 -1.61482e-07
8450 -1.3704e-07
8460 -1.17855e-07
8470 -9.87932e-08
8480 -8.43171e-08
8490 -7.23526e-08
8500 -6.15918e-08
8510 -4.99473e-08
8520 -4.35156e-08
8530 -3.89043e-08
8540 -3.00776e-08
8550 -2.60202e-08
8560 -2.1955e-08
8570 -2.03385e-08
8580 -1.45168e-08
8590 -1.33565e-08
8600 -1.1937e-08
8610 -8.39457e-09
8620 -8.46347e-09
8630 -6.7939e-09
8640 -5.81473e-09
8650 -3.06302e-09
8660 -5.09911e-09
8670 -4.12404e-09
8680 -1.44603e-09
8690 -1.61168e-09
8700 -3.30784e-09
8710 -1.8047e-09
8720 -3.5526e-11
8730 -1.33838e-09
8740 -1.60727e-09
8750 -6.3609e-10
8760 2.69765e-10
8770 -1.81836e-09
8780 5.65786e-10
8790 -4.51468e-10
8800 -7.74358e-10
8810 -4.70231e-10
8820 6.68296e-10
8830 3.30138e-10
8840 -2.45891e-09
8850 1.52616e-09
8860 3.32069e-10
8870 -4.37843e-10
8880 -1.38066e-09
8890 1.05459e-09
8900 1.00468e-09
8910 -1.89995e-09
8920 5.86375e-10
8930 2.45376e-10
8940 2.79631e-10
8950 -9.74476e-10
8960 7.01202e-10
8970 1.14742e-10
8980 -8.40091e-10
8990 6.3064e-10
9000 4.15026e-10
9010 -7.49239e-10
9020 -5.52182e-10
9030 1.46601e-09
9040 -2.18391e-10
9050 -1.14685e-09
9060 -1.11303e-11
9070 1.86564e-09
9080 -1.1075e-09
9090 -1.07425e-09
9100 1.06689e-09
9110 6.79087e-10
9120 -6.6925e-10
9130 -1.30442e-09
9140 2.05424e-09
9150 -6.51573e-10
9160 -4.71556e-10
9170 -1.65741e-11
9180 6.3692e-10
9190 -2.78087e-11
9200 -1.17615e-09
9210 1.67647e-09
9220 -1.06614e-09
9230 1.12593e-10
9240 1.53176e-11
9250 6.81136e-10
9260 -5.99377e-10
9270 -9.64634e-10
9280 2.0432e-09
9290 -9.35054e-10
9300 -5.08954e-10
9310 -2.17263e-10
9320 1.65421e-09
9330 -7.05399e-10
9340 -1.61489e-09
9350 1.65578e-09
9360 3.76285e-10
9370 -6.82617e-10
9380 -1.28506e-09
9390 1.83858e-09
9400 2.70921e-10
9410 -1.59983e-09
9420 1.83158e-10
9430 1.13683e-09
9440 6.79107e-11
9450 -1.62891e-09
9460 8.54579e-10
9470 8.38077e-10
9480 -6.51755e-10
9490 -8.06882e-10
9500 9.23495e-10
9510 4.32534e-10
9520 -9.99627e-10
9530 3.83489e-11
9540 7.0489e-10
9550 -8.38557e-12
9560 -9.96085e-10
9570 7.82123e-10
9580 2.43239e-10
9590 -4.71487e-10
9600 -3.67743e-10
9610 7.65131e-10
9620 1.9319e-10
9630 -1.2155e-09
9640 7.72625e-10
9650 3.17343e-10
9660 -1.14647e-10
9670 -1.05071e-09
9680 9.41293e-10
9690 6.85437e-10
9700 -1.37741e-09
9710 1.94603e-10
9720 5.10613e-10
9730 7.63777e-10
9740 -1.77791e-09
9750 4.46138e-10
9760 1.27116e-09
9770 -7.01214e-10
9780 -6.99538e-10
9790 -5.37636e-11
9800 1.93723e-09
9810 -1.58754e-09
9820 -5.66352e-10
9830 9.58057e-10
9840 6.76536e-10
9850 -7.96794e-10
9860 -1.37422e-09
9870 2.25802e-09
9880 -3.71456e-10
9890 -9.12725e-10
9900 -4.75716e-10
9910 1.51011e-09
9920 3.22592e-10
9930 -2.24304e-09
9940 1.16795e-09
9950 6.71781e-10
9960 1.42826e-10
9970 -1.87375e-09
9980 8.61785e-10
9990 1.61885e-09
10000 6.16762e-10
10010 -9.8164e-10
10020 -1.43323e-09
10030 -4.48351e-10
10040 7.74167e-10
10050 1.13396e-09
10060 5.69617e-10
10070 -3.6169e-10
10080 -1.05185e-09
10090 -9.50786e-10
10100 9.19304e-11
10110 1.26923e-09
10120 1.27456e-09
10130 -1.37897e-10
10140 -1.51457e-09
10150 -1.27771e-09
10160 3.1585e-10
10170 1.47599e-09
10180 1.05543e-09
10190 -2.79413e-10
10200 -1.13731e-09
10210 -9.41646e-10
10220 -8.05197e-11
10230 8.0742e-10
10240 1.14572e-09
10250 5.23806e-10
10260 -7.62852e-10
10270 -1.50381e-09
10280 -7.15043e-10
10290 9.50324e-10
10300 1.67107e-09
10310 6.08068e-10
10320 -1.0332e-09
10330 -1.49152e-09
10340 -4.8312e-10
10350 7.79377e-10
10360 1.18247e-09
10370 6.44201e-10
10380 -3.08659e-10
10390 -1.07809e-09
10400 -1.06444e-09
10410 -2.66077e-11
10420 1.26727e-09
10430 1.42423e-09
10440 4.44684e-11
10450 -1.48009e-09
10460 -1.45075e-09
10470 7.83969e-11
10480 1.39885e-09
10490 1.23018e-09
10500 6.43431e-12
10510 -9.98731e-10
10520 -1.09612e-09
10530 -4.15557e-10
10540 5.88098e-10
10550 1.26699e-09
10560 9.11551e-10
10570 -4.54416e-10
10580 -1.58673e-09
10590 -1.14886e-09
10600 5.58812e-10
10610 1.70693e-09
10620 1.06504e-09
10630 -5.68272e-10
10640 -1.45753e-09
10650 -9.31376e-10
10660 2.42189e-10
10670 1.04756e-09
10680 1.05965e-09
10690 3.094e-10
10700 -8.18634e-10
10710 -1.43605e-09
10720 -7.27608e-10
10730 8.8014e-10
10740 1.74377e-09
10750 8.09314e-10
10760 -9.75011e-10
10770 -1.69431e-09
10780 -7.1118e-10
10790 7.80675e-10
10800 1.35618e-09
10810 7.8185e-10
10820 -2.57116e-10
10830 -1.06214e-09
10840 -1.15352e-09
10850 -2.88451e-10
10860 1.05262e-09
10870 1.59988e-09
10880 5.46819e-10
10890 -1.19526e-09
10900 -1.76336e-09
10910 -5.25874e-10
10920 1.1457e-09
10930 1.55593e-09
10940 5.45232e-10
10950 -7.18195e-10
10960 -1.23627e-09
10970 -8.58171e-10
10980 1.1081e-10
10990 1.13289e-09
11000 1.37287e-09
11010 3.17443e-10
11020 -1.26518e-09
11030 -1.72742e-09
11040 -4.183e-10
11050 1.3342e-09
11060 1.68997e-09
11070 4.17959e-10
11080 -1.04205e-09
11090 -1.39148e-09
11100 -6.40799e-10
11110 4.3864e-10
11120 1.1855e-09
11130 1.14759e-09
11140 1.34203e-10
11150 -1.2425e-09
11160 -1.6413e-09
11170 -3.95991e-10
11180 1.36892e-09
11190 1.78584e-09
11200 4.27587e-10
11210 -1.21536e-09
11220 -1.55644e-09
11230 -5.60368e-10
11240 6.69488e-10
11250 1.25579e-09
11260 9.8962e-10
11270 3.71536e-12
11280 -1.18182e-09
11290 -1.55005e-09
11300 -4.5209e-10
11310 1.27671e-09
11320 1.85038e-09
11330 5.70036e-10
11340 -1.23234e-09
11350 -1.73314e-09
11360 -6.49832e-10
11370 7.66693e-10
11380 1.35021e-09
11390 9.37536e-10
11400 -6.41678e-11
11410 -1.1236e-09
11420 -1.49593e-09
11430 -5.90467e-10
11440 1.06468e-09
11450 1.85979e-09
11460 8.06697e-10
11470 -1.10316e-09
11480 -1.9134e-09
11490 -9.36365e-10
11500 6.57316e-10
11510 1.40311e-09
11520 9.67712e-10
11530 -8.55052e-11
11540 -1.12044e-09
11550 -1.55672e-09
11560 -8.82354e-10
11570 6.54436e-10
11580 1.69421e-09
11590 9.94839e-10
11600 -9.37478e-10
11610 -2.17498e-09
11620 -1.54377e-09
11630 1.18444e-10
11640 1.13735e-09
11650 8.24895e-10
11660 -2.89274e-10
11670 -1.43305e-09
11680 -2.05997e-09
11690 -1.71606e-09
11700 -4.10115e-10
11710 8.04389e-10
11720 5.09502e-10
11730 -1.37333e-09
11740 -3.15978e-09
11750 -3.21627e-09
11760 -1.80574e-09
11770 -6.09321e-10
11780 -7.64249e-10
11790 -2.01138e-09
11800 -3.5163e-09
11810 -4.66781e-09
11820 -5.01283e-09
11830 -4.3448e-09
11840 -3.36109e-09
11850 -3.53818e-09
11860 -5.58448e-09
11870 -8.31689e-09
11880 -9.80807e-09
11890 -9.57645e-09
11900 -9.00883e-09
11910 -9.63925e-09
11920 -1.17031e-08
11930 -1.44983e-08
11940 -1.73522e-08
11950 -1.9767e-08
11960 -2.13292e-08
11970 -2.23248e-08
11980 -2.41295e-08
11990 -2.80553e-08
12000 -3.37018e-08
12010 -3.91874e-08
12020 -4.32861e-08
12030 -4.6769e-08
12040 -5.13465e-08
12050 -5.78818e-08
12060 -6.60952e-08
12070 -7.54296e-08
12080 -8.54116e-08
12090 -9.54855e-08
12100 -1.05506e-07
12110 -1.16567e-07
12120 -1.30478e-07
12130 -1.47902e-07
12140 -1.67555e-07
12150 -1.87789e-07
12160 -2.08611e-07
12170 -2.31613e-07
12180 -2.583e-07
12190 -2.89164e-07
12200 -3.24181e-07
12210 -3.63263e-07
12220 -4.06036e-07
12230 -4.52131e-07
12240 -5.02319e-07
12250 -5.58808e-07
12260 -6.23637e-07
12270 -6.96963e-07
12280 -7.77615e-07
12290 -8.65257e-07
12300 -9.61379e-07
12310 -1.06823e-06
12320 -1.1876e-06
12330 -1.32082e-06
12340 -1.46914e-06
12350 -1.63342e-06
12360 -1.81405e-06
12370 -2.01211e-06
12380 -2.2306e-06
12390 -2.47362e-06
12400 -2.74423e-06
12410 -3.04373e-06
12420 -3.37324e-06
12430 -3.73543e-06
12440 -4.13443e-06
12450 -4.57469e-06
12460 -5.06082e-06
12470 -5.59773e-06
12480 -6.1903e-06
12490 -6.84268e-06
12500 -7.55909e-06
12510 -8.34572e-06
12520 -9.21117e-06
12530 -1.01647e-05
12540 -1.12144e-05
12550 -1.23679e-05
12560 -1.36337e-05
12570 -1.50224e-05
12580 -1.65459e-05
12590 -1.8217e-05
12600 -2.00505e-05
12610 -2.20621e-05
12620 -2.42677e-05
12630 -2.6683e-05
12640 -2.93257e-05
12650 -3.2217e-05
12660 -3.53811e-05
12670 -3.88436e-05
12680 -4.26304e-05
12690 -4.67691e-05
12700 -5.12901e-05
12710 -5.62265e-05
12720 -6.16142e-05
12730 -6.74929e-05
12740 -7.39067e-05
12750 -8.09025e-05
12760 -8.85288e-05
12770 -9.68373e-05
12780 -0.000105884
12790 -0.000115734
12800 -0.000126453
12810 -0.000138116
12820 -0.000150801
12830 -0.00016459
12840 -0.000179575
12850 -0.000195851
12860 -0.000213522
12870 -0.000232701
12880 -0.000253513
12890 -0.000276086
12900 -0.00030056
12910 -0.000327082
12920 -0.000355814
12930 -0.000386926
12940 -0.000420605
12950 -0.000457049
12960 -0.00049647
12970 -0.000539095
12980 -0.000585166
12990 -0.00063494
13000 -0.000688694
13010 -0.000746726
13020 -0.000809352
13030 -0.000876913
13040 -0.000949766
13050 -0.0010283
13060 -0.00111291
13070 -0.00120405
13080 -0.00130217
13090 -0.00140777
13100 -0.00152139
13110 -0.00164357
13120 -0.00177493
13130 -0.00191607
13140 -0.00206769
13150 -0.00223048
13160 -0.00240522
13170 -0.0025927
13180 -0.00279378
13190 -0.00300935
13200 -0.00324037
13210 -0.00348785
13220 -0.00375287
13230 -0.00403655
13240 -0.00434009
13250 -0.00466475
13260 -0.00501188
13270 -0.00538287
13280 -0.00577922
13290 -0.00620249
13300 -0.00665434
13310 -0.0071365
13320 -0.00765081
13330 -0.0081992
13340 -0.0087837
13350 -0.00940644
13360 -0.0100697
13370 -0.0107757
13380 -0.0115271
13390 -0.0123264
13400 -0.0131763
13410 -0.0140796
13420 -0.0150395
13430 -0.0160589
13440 -0.0171412
13450 -0.0182898
13460 -0.0195082
13470 -0.0208002
13480 -0.0221698
13490 -0.023621
13500 -0.0251579
13510 -0.0267852
13520 -0.0285074
13530 -0.0303292
13540 -0.0322558
13550 -0.0342922
13560 -0.0364441
13570 -0.0387168
13580 -0.0411164
13590 -0.0436489
13600 -0.0463205
13610 -0.0491378
13620 -0.0521075
13630 -0.0552366
13640 -0.0585324
13650 -0.0620024
13660 -0.0656543
13670 -0.069496
13680 -0.0735358
13690 -0.0777823
13700 -0.0822441
13710 -0.0869304
13720 -0.0918504
13730 -0.0970137
13740 -0.10243
13750 -0.10811
13760 -0.114063
13770 -0.1203
13780 -0.126833
13790 -0.133672
13800 -0.140828
13810 -0.148315
13820 -0.156142
13830 -0.164323
13840 -0.17287
13850 -0.181796
13860 -0.191114
13870 -0.200836
13880 -0.210977
13890 -0.221549
13900 -0.232567
13910 -0.244045
13920 -0.255997
13930 -0.268437
13940 -0.28138
13950 -0.29484
13960 -0.308832
13970 -0.323372
13980 -0.338474
13990 -0.354153
14000 -0.370424
14010 -0.387303
14020 -0.404805
14030 -0.422945
14040 -0.441739
14050 -0.461201
14060 -0.481347
14070 -0.502191
14080 -0.523749
14090 -0.546035
14100 -0.569064
14110 -0.592851
14120 -0.617409
14130 -0.642752
14140 -0.668895
14150 -0.69585
14160 -0.72363
14170 -0.752247
14180 -0.781715
14190 -0.812044
14200 -0.843247
14210 -0.875332
14220 -0.908311
14230 -0.942193
14240 -0.976987
14250 -1.0127
14260 -1.04934
14270 -1.08692
14280 -1.12544
14290 -1.1649
14300 -1.20531
14310 -1.24667
14320 -1.28899
14330 -1.33227
14340 -1.37651
14350 -1.4217
14360 -1.46785
14370 -1.51495
14380 -1.563
14390 -1.61199
14400 -1.66193
14410 -1.71279
14420 -1.76458
14430 -1.81728
14440 -1.87088
14450 -1.92537
14460 -1.98073
14470 -2.03696
14480 -2.09403
14490 -2.15192
14500 -2.21062
14510 -2.27011
14520 -2.33037
14530 -2.39136
14540 -2.45307
14550 -2.51547
14560 -2.57853
14570 -2.64222
14580 -2.70652
14590 -2.77139
14600 -2.83679
14610 -2.9027
14620 -2.96907
14630 -3.03587
14640 -3.10307
14650 -3.17061
14660 -3.23846
14670 -3.30658
14680 -3.37493
14690 -3.44345
14700 -3.51211
14710 -3.58085
14720 -3.64963
14730 -3.7184
14740 -3.78712
14750 -3.85572
14760 -3.92416
14770 -3.99238
14780 -4.06034
14790 -4.12798
14800 -4.19524
14810 -4.26208
14820 -4.32843
14830 -4.39424
14840 -4.45946
14850 -4.52403
14860 -4.5879
14870 -4.651
14880 -4.71329
14890 -4.7747
14900 -4.83519
14910 -4.8947
14920 -4.95317
14930 -5.01054
14940 -5.06678
14950 -5.12181
14960 -5.1756
14970 -5.22808
14980 -5.27921
14990 -5.32894
15000 -5.37722
15010 -5.424
15020 -5.46924
15030 -5.51289
15040 -5.5549
15050 -5.59524
15060 -5.63387
15070 -5.67073
15080 -5.70581
15090 -5.73906
15100 -5.77044
15110 -5.79993
15120 -5.8275
15130 -5.8531
15140 -5.87673
15150 -5.89836
15160 -5.91795
15170 -5.9355
15180 -5.95098
15190 -5.96438
15200 -5.97568
15210 -5.98487
15220 -5.99194
15230 -5.99689
15240 -5.99971
15250 -6.00039
15260 -5.99894
15270 -5.99536
15280 -5.98966
15290 -5.98183
15300 -5.97188
15310 -5.95984
15320 -5.94571
15330 -5.9295
15340 -5.91124
15350 -5.89094
15360 -5.86863
15370 -5.84432
15380 -5.81805
15390 -5.78984
15400 -5.75973
15410 -5.72773
15420 -5.6939
15430 -5.65825
15440 -5.62083
15450 -5.58169
15460 -5.54084
15470 -5.49835
15480 -5.45425
15490 -5.40858
15500 -5.3614
15510 -5.31274
15520 -5.26266
15530 -5.2112
15540 -5.15842
15550 -5.10436
15560 -5.04909
15570 -4.99264
15580 -4.93507
15590 -4.87645
15600 -4.81681
15610 -4.75622
15620 -4.69472
15630 -4.63239
15640 -4.56926
15650 -4.5054
15660 -4.44086
15670 -4.3757
15680 -4.30996
15690 -4.24372
15700 -4.17701
15710 -4.10991
15720 -4.04244
15730 -3.97469
15740 -3.90668
15750 -3.83849
15760 -3.77015
15770 -3.70172
15780 -3.63324
15790 -3.56478
15800 -3.49637
15810 -3.42806
15820 -3.3599
15830 -3.29194
15840 -3.22421
15850 -3.15676
15860 -3.08963
15870 -3.02286
15880 -2.95649
15890 -2.89056
15900 -2.8251
15910 -2.76015
15920 -2.69574
15930 -2.63191
15940 -2.56868
15950 -2.50609
15960 -2.44416
15970 -2.38293
15980 -2.32241
15990 -2.26262
16000 -2.2036
16010 -2.14537
16020 -2.08794
16030 -2.03133
16040 -1.97556
16050 -1.92064
16060 -1.8666
16070 -1.81343
16080 -1.76116
16090 -1.7098
16100 -1.65935
16110 -1.60982
16120 -1.56122
16130 -1.51356
16140 -1.46683
16150 -1.42105
16160 -1.37622
16170 -1.33233
16180 -1.28938
16190 -1.24738
16200 -1.20633
16210 -1.16622
16220 -1.12704
16230 -1.0888
16240 -1.05149
16250 -1.0151
16260 -0.979621
16270 -0.945053
16280 -0.911386
16290 -0.878609
16300 -0.846714
16310 -0.815691
16320 -0.785529
16330 -0.756216
16340 -0.727743
16350 -0.700096
16360 -0.673263
16370 -0.647231
16380 -0.621988
16390 -0.59752
16400 -0.573814
16410 -0.550855
16420 -0.528629
16430 -0.507123
16440 -0.486321
16450 -0.466209
16460 -0.446772
16470 -0.427996
16480 -0.409865
16490 -0.392365
16500 -0.375481
16510 -0.359198
16520 -0.3435
16530 -0.328374
16540 -0.313804
16550 -0.299776
16560 -0.286274
16570 -0.273285
16580 -0.260795
16590 -0.248788
16600 -0.237251
16610 -0.22617
16620 -0.215531
16630 -0.205321
16640 -0.195526
16650 -0.186133
16660 -0.17713
16670 -0.168504
16680 -0.160241
16690 -0.152331
16700 -0.14476
16710 -0.137518
16720 -0.130592
16730 -0.123972
16740 -0.117647
16750 -0.111605
16760 -0.105837
16770 -0.100332
16780 -0.0950797
16790 -0.0900712
16800 -0.0852968
16810 -0.0807473
16820 -0.0764139
16830 -0.0722878
16840 -0.0683607
16850 -0.0646244
16860 -0.061071
16870 -0.0576929
16880 -0.0544827
16890 -0.0514332
16900 -0.0485375
16910 -0.0457889
16920 -0.0431809
16930 -0.0407073
16940 -0.038362
16950 -0.0361393
16960 -0.0340335
16970 -0.0320393
16980 -0.0301514
16990 -0.0283649
17000 -0.026675
17010 -0.025077
17020 -0.0235666
17030 -0.0221394
17040 -0.0207915
17050 -0.0195188
17060 -0.0183177
17070 -0.0171845
17080 -0.0161158
17090 -0.0151084
17100 -0.0141589
17110 -0.0132646
17120 -0.0124224
17130 -0.0116297
17140 -0.0108837
17150 -0.0101821
17160 -0.00952241
17170 -0.00890236
17180 -0.00831981
17190 -0.00777268
17200 -0.00725902
17210 -0.00677695
17220 -0.0063247
17230 -0.00590059
17240 -0.00550301
17250 -0.00513043
17260 -0.00478142
17270 -0.00445461
17280 -0.00414869
17290 -0.00386245
17300 -0.00359471
17310 -0.00334437
17320 -0.00311039
17330 -0.00289178
17340 -0.00268761
17350 -0.00249699
17360 -0.00231909
17370 -0.00215312
17380 -0.00199833
17390 -0.00185403
17400 -0.00171956
17410 -0.00159428
17420 -0.00147761
17430 -0.00136901
17440 -0.00126795
17450 -0.00117394
17460 -0.00108653
17470 -0.00100528
17480 -0.000929792
17490 -0.000859675
17500 -0.000794573
17510 -0.000734149
17520 -0.000678088
17530 -0.000626092
17540 -0.000577884
17550 -0.000533201
17560 -0.000491802
17570 -0.000453459
17580 -0.000417958
17590 -0.000385101
17600 -0.000354702
17610 -0.000326589
17620 -0.0003006
17630 -0.000276584
17640 -0.0002544
17650 -0.000233917
17660 -0.000215012
17670 -0.000197569
17680 -0.000181482
17690 -0.000166648
17700 -0.000152977
17710 -0.00014038
17720 -0.000128776
17730 -0.000118089
17740 -0.00010825
17750 -9.91951e-05
17760 -9.0864e-05
17770 -8.32005e-05
17780 -7.61538e-05
17790 -6.96776e-05
17800 -6.37289e-05
17810 -5.82666e-05
17820 -5.32529e-05
17830 -4.8654e-05
17840 -4.44387e-05
17850 -4.0577e-05
17860 -3.70402e-05
17870 -3.38024e-05
17880 -3.08403e-05
17890 -2.81319e-05
17900 -2.56556e-05
17910 -2.33911e-05
17920 -2.13208e-05
17930 -1.94289e-05
17940 -1.76999e-05
17950 -1.61185e-05
17960 -1.46717e-05
17970 -1.33484e-05
17980 -1.21384e-05
17990 -1.10316e-05
18000 -1.00183e-05
18010 -9.09075e-06
18020 -8.24303e-06
18030 -7.46878e-06
18040 -6.76132e-06
18050 -6.115e-06
18060 -5.52593e-06
18070 -4.99057e-06
18080 -4.50453e-06
18090 -4.06325e-06
18100 -3.66351e-06
18110 -3.30317e-06
18120 -2.97957e-06
18130 -2.68905e-06
18140 -2.42838e-06
18150 -2.19574e-06
18160 -1.98965e-06
18170 -1.80755e-06
18180 -1.64633e-06
18190 -1.50394e-06
18200 -1.37945e-06
18210 -1.27156e-06
18220 -1.17782e-06
18230 -1.09593e-06
18240 -1.02499e-06
18250 -9.64633e-07
18260 -9.13558e-07
18270 -8.69671e-07
18280 -8.31721e-07
18290 -7.99728e-07
18300 -7.73529e-07
18310 -7.51767e-07
18320 -7.32937e-07
18330 -7.16808e-07
18340 -7.03911e-07
18350 -6.93917e-07
18360 -6.85492e-07
18370 -6.7786e-07
18380 -6.71551e-07
18390 -6.67123e-07
18400 -6.63898e-07
18410 -6.60743e-07
18420 -6.57629e-07
18430 -6.55457e-07
18440 -6.54432e-07
18450 -6.53579e-07
18460 -6.52182e-07
18470 -6.5083e-07
18480 -6.50388e-07
18490 -6.50541e-07
18500 -6.50238e-07
18510 -6.49336e-07
18520 -6.48792e-07
18530 -6.49099e-07
18540 -6.49472e-07
18550 -6.49086e-07
18560 -6.48386e-07
18570 -6.48361e-07
18580 -6.48951e-07
18590 -6.49133e-07
18600 -6.48557e-07
18610 -6.481e-07
18620 -6.48462e-07
18630 -6.49039e-07
18640 -6.48888e-07
18650 -6.48236e-07
18660 -6.48117e-07
18670 -6.48714e-07
18680 -6.49067e-07
18690 -6.48605e-07
18700 -6.48064e-07
18710 -6.48308e-07
18720 -6.48946e-07
18730 -6.48956e-07
18740 -6.4832e-07
18750 -6.48055e-07
18760 -6.48584e-07
18770 -6.49062e-07
18780 -6.48724e-07
18790 -6.48109e-07
18800 -6.482e-07
18810 -6.48853e-07
18820 -6.49024e-07
18830 -6.48439e-07
18840 -6.48032e-07
18850 -6.48454e-07
18860 -6.49031e-07
18870 -6.48842e-07
18880 -6.48187e-07
18890 -6.48113e-07
18900 -6.48738e-07
18910 -6.49066e-07
18920 -6.48572e-07
18930 -6.48044e-07
18940 -6.48325e-07
18950 -6.48967e-07
18960 -6.48946e-07
18970 -6.48294e-07
18980 -6.48051e-07
18990 -6.48605e-07
19000 -6.49074e-07
19010 -6.48709e-07
19020 -6.48092e-07
19030 -6.48206e-07
19040 -6.48871e-07
19050 -6.49027e-07
19060 -6.48425e-07
19070 -6.48023e-07
19080 -6.48462e-07
19090 -6.49044e-07
19100 -6.48841e-07
19110 -6.48176e-07
19120 -6.48107e-07
19130 -6.48745e-07
19140 -6.49075e-07
19150 -6.48571e-07
19160 -6.48034e-07
19170 -6.48319e-07
19180 -6.48973e-07
19190 -6.48956e-07
19200 -6.48294e-07
19210 -6.48039e-07
19220 -6.48598e-07
19230 -6.49083e-07
19240 -6.48723e-07
19250 -6.48089e-07
19260 -6.48189e-07
19270 -6.48865e-07
19280 -6.49043e-07
19290 -6.4844e-07
19300 -6.48012e-07
19310 -6.4844e-07
19320 -6.49045e-07
19330 -6.48866e-07
19340 -6.48186e-07
19350 -6.48085e-07
19360 -6.48723e-07
19370 -6.49089e-07
19380 -6.48601e-07
19390 -6.48033e-07
19400 -6.48285e-07
19410 -6.4896e-07
19420 -6.48987e-07
19430 -6.48322e-07
19440 -6.4802e-07
19450 -6.48559e-07
19460 -6.49086e-07
19470 -6.48766e-07
19480 -6.48104e-07
19490 -6.48149e-07
19500 -6.48831e-07
19510 -6.4907e-07
19520 -6.48487e-07
19530 -6.48004e-07
19540 -6.48387e-07
19550 -6.4903e-07
19560 -6.48916e-07
19570 -6.48224e-07
19580 -6.48049e-07
19590 -6.48668e-07
19600 -6.49103e-07
19610 -6.48665e-07
19620 -6.48045e-07
19630 -6.48224e-07
19640 -6.4892e-07
19650 -6.49033e-07
19660 -6.48384e-07
19670 -6.47998e-07
19680 -6.48485e-07
19690 -6.49077e-07
19700 -6.48839e-07
19710 -6.48145e-07
19720 -6.48091e-07
19730 -6.48764e-07
19740 -6.49101e-07
19750 -6.4857e-07
19760 -6.48008e-07
19770 -6.48302e-07
19780 -6.48989e-07
19790 -6.48986e-07
19800 -6.48296e-07
19810 -6.48007e-07
19820 -6.48575e-07
19830 -6.49106e-07
19840 -6.48762e-07
19850 -6.48085e-07
19860 -6.48141e-07
19870 -6.48844e-07
19880 -6.49086e-07
19890 -6.48486e-07
19900 -6.47987e-07
19910 -6.48376e-07
19920 -6.49041e-07
19930 -6.48935e-07
19940 -6.48224e-07
19950 -6.48026e-07
19960 -6.48654e-07
19970 -6.49121e-07
19980 -6.48692e-07
19990 -6.4804e-07
20000 -6.48191e-07
20010 -6.48908e-07
20020 -6.49064e-07
20030 -6.48414e-07
20040 -6.47977e-07
20050 -6.48442e-07
20060 -6.49078e-07
20070 -6.48887e-07
20080 -6.48167e-07
20090 -6.48049e-07
20100 -6.48719e-07
20110 -6.49126e-07
20120 -6.48631e-07
20130 -6.48009e-07
20140 -6.48237e-07
20150 -6.48958e-07
20160 -6.49042e-07
20170 -6.48356e-07
20180 -6.47975e-07
20190 -6.48497e-07
20200 -6.49105e-07
20210 -6.48845e-07
20220 -6.48124e-07
20230 -6.48071e-07
20240 -6.4877e-07
20250 -6.49127e-07
20260 -6.48582e-07
20270 -6.47987e-07
20280 -6.48274e-07
20290 -6.48995e-07
20300 -6.49022e-07
20310 -6.48311e-07
20320 -6.47975e-07
20330 -6.48539e-07
20340 -6.49123e-07
20350 -6.48813e-07
20360 -6.48092e-07
20370 -6.48088e-07
20380 -6.48807e-07
20390 -6.49127e-07
20400 -6.48547e-07
20410 -6.47972e-07
20420 -6.48301e-07
20430 -6.49021e-07
20440 -6.49008e-07
20450 -6.48281e-07
20460 -6.47974e-07
20470 -6.48567e-07
20480 -6.49136e-07
20490 -6.48793e-07
20500 -6.48071e-07
20510 -6.48097e-07
20520 -6.48831e-07
20530 -6.49129e-07
20540 -6.48526e-07
20550 -6.47961e-07
20560 -6.48314e-07
20570 -6.49037e-07
20580 -6.49004e-07
20590 -6.48265e-07
20600 -6.4797e-07
20610 -6.4858e-07
20620 -6.49145e-07
20630 -6.48786e-07
20640 -6.4806e-07
20650 -6.48096e-07
20660 -6.4884e-07
20670 -6.49135e-07
20680 -6.48522e-07
20690 -6.47953e-07
20700 -6.48313e-07
20710 -6.49044e-07
20720 -6.4901e-07
20730 -6.48262e-07
20740 -6.47962e-07
20750 -6.48576e-07
20760 -6.49152e-07
20770 -6.48795e-07
20780 -6.48058e-07
20790 -6.48085e-07
20800 -6.48835e-07
20810 -6.49145e-07
20820 -6.48534e-07
20830 -6.47948e-07
20840 -6.48296e-07
20850 -6.4904e-07
20860 -6.49027e-07
20870 -6.48275e-07
20880 -6.47949e-07
20890 -6.48555e-07
20900 -6.49155e-07
20910 -6.4882e-07
20920 -6.48067e-07
20930 -6.48062e-07
20940 -6.48814e-07
20950 -6.4916e-07
20960 -6.48564e-07
20970 -6.47947e-07
20980 -6.48263e-07
20990 -6.49025e-07
21000 -6.49055e-07
21010 -6.48305e-07
21020 -6.47934e-07
21030 -6.48516e-07
21040 -6.49153e-07
21050 -6.48861e-07
21060 -6.48089e-07
21070 -6.4803e-07
21080 -6.48775e-07
21090 -6.49176e-07
21100 -6.48612e-07
21110 -6.47953e-07
21120 -6.48215e-07
21130 -6.48996e-07
21140 -6.49091e-07
21150 -6.48354e-07
21160 -6.47919e-07
21170 -6.48458e-07
21180 -6.49141e-07
21190 -6.48916e-07
21200 -6.48128e-07
21210 -6.4799e-07
21220 -6.48716e-07
21230 -6.49189e-07
21240 -6.48681e-07
21250 -6.47971e-07
21260 -6.48153e-07
21270 -6.48947e-07
21280 -6.49133e-07
21290 -6.48424e-07
21300 -6.47908e-07
21310 -6.4838e-07
21320 -6.49115e-07
21330 -6.48984e-07
21340 -6.48187e-07
21350 -6.47947e-07
21360 -6.48634e-07
21370 -6.49194e-07
21380 -6.48768e-07
21390 -6.48007e-07
21400 -6.4808e-07
21410 -6.48875e-07
21420 -6.49175e-07
21430 -6.48518e-07
21440 -6.4791e-07
21450 -6.48284e-07
21460 -6.49067e-07
21470 -6.4906e-07
21480 -6.48273e-07
21490 -6.47909e-07
21500 -6.48528e-07
21510 -6.49183e-07
21520 -6.48871e-07
21530 -6.48069e-07
21540 -6.48003e-07
21550 -6.48775e-07
21560 -6.49206e-07
21570 -6.48635e-07
21580 -6.47934e-07
21590 -6.48175e-07
21600 -6.4899e-07
21610 -6.49136e-07
21620 -6.48388e-07
21630 -6.47887e-07
21640 -6.48399e-07
21650 -6.49144e-07
21660 -6.48984e-07
21670 -6.48163e-07
21680 -6.47932e-07
21690 -6.48645e-07
21700 -6.49216e-07
21710 -6.48774e-07
21720 -6.47991e-07
21730 -6.4806e-07
21740 -6.48877e-07
21750 -6.49198e-07
21760 -6.48534e-07
21770 -6.47894e-07
21780 -6.48253e-07
21790 -6.49066e-07
21800 -6.49096e-07
21810 -6.48296e-07
21820 -6.47882e-07
21830 -6.48484e-07
21840 -6.49189e-07
21850 -6.48925e-07
21860 -6.48092e-07
21870 -6.47955e-07
21880 -6.48723e-07
21890 -6.49231e-07
21900 -6.48707e-07
21910 -6.47944e-07
21920 -6.48101e-07
21930 -6.4894e-07
21940 -6.4919e-07
21950 -6.48471e-07
21960 -6.47871e-07
21970 -6.48301e-07
21980 -6.4911e-07
21990 -6.49073e-07
22000 -6.48244e-07
22010 -6.47878e-07
22020 -6.4853e-07
22030 -6.49215e-07
22040 -6.48895e-07
22050 -6.48054e-07
22060 -6.47963e-07
22070 -6.48761e-07
22080 -6.49243e-07
22090 -6.48679e-07
22100 -6.4792e-07
22110 -6.48113e-07
22120 -6.48968e-07
22130 -6.49194e-07
22140 -6.48449e-07
22150 -6.47856e-07
22160 -6.4831e-07
22170 -6.49128e-07
22180 -6.49076e-07
22190 -6.48231e-07
22200 -6.47866e-07
22210 -6.48533e-07
22220 -6.49228e-07
22230 -6.48904e-07
22240 -6.48047e-07
22250 -6.47948e-07
22260 -6.48756e-07
22270 -6.49257e-07
22280 -6.48695e-07
22290 -6.47915e-07
22300 -6.4809e-07
22310 -6.48958e-07
22320 -6.49216e-07
22330 -6.48474e-07
22340 -6.47846e-07
22350 -6.48276e-07
22360 -6.4912e-07
22370 -6.4911e-07
22380 -6.48261e-07
22390 -6.47845e-07
22400 -6.48488e-07
22410 -6.49226e-07
22420 -6.48953e-07
22430 -6.48075e-07
22440 -6.47909e-07
22450 -6.48704e-07
22460 -6.49271e-07
22470 -6.48759e-07
22480 -6.47934e-07
22490 -6.48031e-07
22500 -6.48906e-07
22510 -6.49251e-07
22520 -6.48549e-07
22530 -6.47848e-07
22540 -6.48197e-07
22550 -6.49076e-07
22560 -6.49171e-07
22570 -6.4834e-07
22580 -6.47822e-07
22590 -6.48392e-07
22600 -6.492e-07
22610 -6.49041e-07
22620 -6.48149e-07
22630 -6.47855e-07
22640 -6.48598e-07
22650 -6.49272e-07
22660 -6.48872e-07
22670 -6.47992e-07
22680 -6.47943e-07
22690 -6.488e-07
22700 -6.49287e-07
22710 -6.48679e-07
22720 -6.47879e-07
22730 -6.48077e-07
22740 -6.48981e-07
22750 -6.49246e-07
22760 -6.48478e-07
22770 -6.47816e-07
22780 -6.48245e-07
22790 -6.49129e-07
22800 -6.49156e-07
22810 -6.48284e-07
22820 -6.47807e-07
22830 -6.48433e-07
22840 -6.49235e-07
22850 -6.49024e-07
22860 -6.4811e-07
22870 -6.47848e-07
22880 -6.48627e-07
22890 -6.49295e-07
22900 -6.48862e-07
22910 -6.47967e-07
22920 -6.47935e-07
22930 -6.48814e-07
22940 -6.49305e-07
22950 -6.48681e-07
22960 -6.47863e-07
22970 -6.4806e-07
22980 -6.48983e-07
22990 -6.49269e-07
23000 -6.48494e-07
23010 -6.47801e-07
23020 -6.48214e-07
23030 -6.49125e-07
23040 -6.4919e-07
23050 -6.48312e-07
23060 -6.47784e-07
23070 -6.48385e-07
23080 -6.49232e-07
23090 -6.49076e-07
23100 -6.48146e-07
23110 -6.4781e-07
23120 -6.48564e-07
23130 -6.493e-07
23140 -6.48935e-07
23150 -6.48004e-07
23160 -6.47875e-07
23170 -6.48739e-07
23180 -6.49328e-07
23190 -6.48776e-07
23200 -6.47892e-07
23210 -6.47974e-07
23220 -6.48903e-07
23230 -6.49317e-07
23240 -6.48608e-07
23250 -6.47813e-07
23260 -6.48098e-07
23270 -6.49048e-07
23280 -6.49271e-07
23290 -6.48439e-07
23300 -6.4777e-07
23310 -6.48242e-07
23320 -6.49167e-07
23330 -6.49192e-07
23340 -6.48279e-07
23350 -6.47761e-07
23360 -6.48397e-07
23370 -6.49259e-07
23380 -6.49088e-07
23390 -6.48132e-07
23400 -6.47785e-07
23410 -6.48556e-07
23420 -6.4932e-07
23430 -6.48964e-07
23440 -6.48004e-07
23450 -6.47839e-07
23460 -6.48711e-07
23470 -6.49351e-07
23480 -6.48827e-07
23490 -6.47899e-07
23500 -6.47918e-07
23510 -6.48858e-07
23520 -6.49353e-07
23530 -6.48682e-07
23540 -6.47819e-07
23550 -6.48017e-07
23560 -6.48991e-07
23570 -6.49327e-07
23580 -6.48537e-07
23590 -6.47765e-07
23600 -6.48132e-07
23610 -6.49107e-07
23620 -6.49278e-07
23630 -6.48395e-07
23640 -6.47736e-07
23650 -6.48256e-07
23660 -6.49204e-07
23670 -6.49208e-07
23680 -6.4826e-07
23690 -6.47731e-07
23700 -6.48386e-07
23710 -6.49281e-07
23720 -6.49123e-07
23730 -6.48137e-07
23740 -6.47747e-07
23750 -6.48516e-07
23760 -6.49337e-07
23770 -6.49025e-07
23780 -6.48028e-07
23790 -6.47783e-07
23800 -6.48644e-07
23810 -6.49373e-07
23820 -6.48918e-07
23830 -6.47934e-07
23840 -6.47835e-07
23850 -6.48766e-07
23860 -6.49389e-07
23870 -6.48808e-07
23880 -6.47855e-07
23890 -6.479e-07
23900 -6.4888e-07
23910 -6.49389e-07
23920 -6.48696e-07
23930 -6.47793e-07
23940 -6.47975e-07
23950 -6.48984e-07
23960 -6.49373e-07
23970 -6.48585e-07
23980 -6.47746e-07
23990 -6.48058e-07
24000 -6.49076e-07
24010 -6.49345e-07
24020 -6.48478e-07
24030 -6.47713e-07
24040 -6.48144e-07
24050 -6.49157e-07
24060 -6.49306e-07
24070 -6.48376e-07
24080 -6.47693e-07
24090 -6.48232e-07
24100 -6.49227e-07
24110 -6.49259e-07
24120 -6.48282e-07
24130 -6.47685e-07
24140 -6.4832e-07
24150 -6.49285e-07
24160 -6.49206e-07
24170 -6.48195e-07
24180 -6.47687e-07
24190 -6.48407e-07
24200 -6.49333e-07
24210 -6.4915e-07
24220 -6.48115e-07
24230 -6.47697e-07
24240 -6.48489e-07
24250 -6.49371e-07
24260 -6.49091e-07
24270 -6.48045e-07
24280 -6.47713e-07
24290 -6.48567e-07
24300 -6.494e-07
24310 -6.49032e-07
24320 -6.47982e-07
24330 -6.47734e-07
24340 -6.4864e-07
24350 -6.49422e-07
24360 -6.48975e-07
24370 -6.47927e-07
24380 -6.47758e-07
24390 -6.48707e-07
24400 -6.49438e-07
24410 -6.48919e-07
24420 -6.4788e-07
24430 -6.47783e-07
24440 -6.48767e-07
24450 -6.49449e-07
24460 -6.48868e-07
24470 -6.47839e-07
24480 -6.47809e-07
24490 -6.48821e-07
24500 -6.49456e-07
24510 -6.4882e-07
24520 -6.47805e-07
24530 -6.47834e-07
24540 -6.48869e-07
24550 -6.4946e-07
24560 -6.48778e-07
24570 -6.47776e-07
24580 -6.47857e-07
24590 -6.4891e-07
24600 -6.49462e-07
24610 -6.48741e-07
24620 -6.47752e-07
24630 -6.47877e-07
24640 -6.48944e-07
24650 -6.49464e-07
24660 -6.4871e-07
24670 -6.47732e-07
24680 -6.47894e-07
24690 -6.48973e-07
24700 -6.49466e-07
24710 -6.48685e-07
24720 -6.47715e-07
24730 -6.47906e-07
24740 -6.48995e-07
24750 -6.49468e-07
24760 -6.48667e-07
24770 -6.47703e-07
24780 -6.47914e-07
24790 -6.4901e-07
24800 -6.49471e-07
24810 -6.48656e-07
24820 -6.47693e-07
24830 -6.47917e-07
24840 -6.4902e-07
24850 -6.49476e-07
24860 -6.48652e-07
24870 -6.47686e-07
24880 -6.47914e-07
24890 -6.49023e-07
24900 -6.49482e-07
24910 -6.48656e-07
24920 -6.47683e-07
24930 -6.47905e-07
24940 -6.49019e-07
24950 -6.4949e-07
24960 -6.48667e-07
24970 -6.47682e-07
24980 -6.47891e-07
24990 -6.49009e-07
25000 -6.49499e-07
25010 -6.48686e-07
25020 -6.47685e-07
25030 -6.47871e-07
25040 -6.48991e-07
25050 -6.49509e-07
25060 -6.48713e-07
25070 -6.47693e-07
25080 -6.47846e-07
25090 -6.48966e-07
25100 -6.4952e-07
25110 -6.48748e-07
25120 -6.47705e-07
25130 -6.47816e-07
25140 -6.48932e-07
25150 -6.4953e-07
25160 -6.48792e-07
25170 -6.47722e-07
25180 -6.47781e-07
25190 -6.4889e-07
25200 -6.49539e-07
25210 -6.48843e-07
25220 -6.47747e-07
25230 -6.47743e-07
25240 -6.48838e-07
25250 -6.49545e-07
25260 -6.48902e-07
25270 -6.4778e-07
25280 -6.47702e-07
25290 -6.48776e-07
25300 -6.49547e-07
25310 -6.48969e-07
25320 -6.47822e-07
25330 -6.4766e-07
25340 -6.48704e-07
25350 -6.49543e-07
25360 -6.49042e-07
25370 -6.47875e-07
25380 -6.47619e-07
25390 -6.48621e-07
25400 -6.49531e-07
25410 -6.4912e-07
25420 -6.4794e-07
25430 -6.4758e-07
25440 -6.48528e-07
25450 -6.49508e-07
25460 -6.49202e-07
25470 -6.48019e-07
25480 -6.47548e-07
25490 -6.48424e-07
25500 -6.49473e-07
25510 -6.49286e-07
25520 -6.48112e-07
25530 -6.47523e-07
25540 -6.48311e-07
25550 -6.49422e-07
25560 -6.49369e-07
25570 -6.4822e-07
25580 -6.47511e-07
25590 -6.48191e-07
25600 -6.49354e-07
25610 -6.49447e-07
25620 -6.48344e-07
25630 -6.47514e-07
25640 -6.48065e-07
25650 -6.49265e-07
25660 -6.49516e-07
25670 -6.48482e-07
25680 -6.47536e-07
25690 -6.47938e-07
25700 -6.49156e-07
25710 -6.49572e-07
25720 -6.48633e-07
25730 -6.47582e-07
25740 -6.47814e-07
25750 -6.49023e-07
25760 -6.4961e-07
25770 -6.48795e-07
25780 -6.47655e-07
25790 -6.47697e-07
25800 -6.48869e-07
25810 -6.49623e-07
25820 -6.48963e-07
25830 -6.47757e-07
25840 -6.47595e-07
25850 -6.48694e-07
25860 -6.49607e-07
25870 -6.49131e-07
25880 -6.4789e-07
25890 -6.47515e-07
25900 -6.48502e-07
25910 -6.49555e-07
25920 -6.49292e-07
25930 -6.48055e-07
25940 -6.47465e-07
25950 -6.48298e-07
25960 -6.49464e-07
25970 -6.49437e-07
25980 -6.4825e-07
25990 -6.47453e-07
26000 -6.4809e-07
26010 -6.49331e-07
26020 -6.49557e-07
26030 -6.48469e-07
26040 -6.47485e-07
26050 -6.47888e-07
26060 -6.49155e-07
26070 -6.49639e-07
26080 -6.48707e-07
26090 -6.4757e-07
26100 -6.47704e-07
26110 -6.48939e-07
26120 -6.49673e-07
26130 -6.48952e-07
26140 -6.47708e-07
26150 -6.47553e-07
26160 -6.48689e-07
26170 -6.49649e-07
26180 -6.49189e-07
26190 -6.47902e-07
26200 -6.47448e-07
26210 -6.48416e-07
26220 -6.49559e-07
26230 -6.49403e-07
26240 -6.48146e-07
26250 -6.47405e-07
26260 -6.48134e-07
26270 -6.49399e-07
26280 -6.49573e-07
26290 -6.4843e-07
26300 -6.47435e-07
26310 -6.47865e-07
26320 -6.4917e-07
26330 -6.4968e-07
26340 -6.48738e-07
26350 -6.47548e-07
26360 -6.47631e-07
26370 -6.48886e-07
26380 -6.49712e-07
26390 -6.49057e-07
26400 -6.47758e-07
26410 -6.47479e-07
26420 -6.48589e-07
26430 -6.49696e-07
26440 -6.49417e-07
26450 -6.48143e-07
26460 -6.47546e-07
26470 -6.48465e-07
26480 -6.49847e-07
26490 -6.50092e-07
26500 -6.491e-07
26510 -6.48416e-07
26520 -6.49304e-07
26530 -6.51182e-07
26540 -6.52403e-07
26550 -6.52393e-07
26560 -6.52454e-07
26570 -6.54218e-07
26580 -6.5771e-07
26590 -6.61469e-07
26600 -6.64576e-07
26610 -6.68043e-07
26620 -6.73835e-07
26630 -6.82743e-07
26640 -6.93816e-07
26650 -7.06053e-07
26660 -7.20259e-07
26670 -7.38734e-07
26680 -7.63217e-07
26690 -7.93644e-07
26700 -8.2931e-07
26710 -8.70961e-07
26720 -9.21233e-07
26730 -9.82868e-07
26740 -1.05695e-06
26750 -1.14336e-06
26760 -1.24282e-06
26770 -1.35806e-06
26780 -1.49254e-06
26790 -1.64838e-06
26800 -1.82598e-06
26810 -2.02586e-06
26820 -2.25032e-06
26830 -2.50296e-06
26840 -2.78659e-06
26850 -3.10212e-06
26860 -3.44989e-06
26870 -3.83178e-06
26880 -4.2516e-06
26890 -4.71328e-06
26900 -5.21933e-06
26910 -5.77142e-06
26920 -6.37257e-06
26930 -7.0284e-06
26940 -7.74591e-06
26950 -8.53153e-06
26960 -9.39079e-06
26970 -1.03302e-05
26980 -1.1359e-05
26990 -1.24885e-05
27000 -1.37302e-05
27010 -1.50945e-05
27020 -1.65917e-05
27030 -1.8234e-05
27040 -2.00364e-05
27050 -2.20144e-05
27060 -2.41825e-05
27070 -2.65548e-05
27080 -2.91472e-05
27090 -3.19787e-05
27100 -3.50711e-05
27110 -3.84465e-05
27120 -4.21278e-05
27130 -4.61399e-05
27140 -5.0512e-05
27150 -5.52781e-05
27160 -6.04741e-05
27170 -6.61376e-05
27180 -7.23075e-05
27190 -7.90274e-05
27200 -8.63452e-05
27210 -9.43128e-05
27220 -0.000102984
27230 -0.000112414
27240 -0.000122662
27250 -0.000133795
27260 -0.000145885
27270 -0.00015901
27280 -0.000173252
27290 -0.000188698
27300 -0.000205446
27310 -0.000223601
27320 -0.000243278
27330 -0.000264597
27340 -0.000287686
27350 -0.000312682
27360 -0.000339732
27370 -0.000368995
27380 -0.00040064
27390 -0.000434844
27400 -0.000471798
27410 -0.000511706
27420 -0.000554793
27430 -0.000601294
27440 -0.000651463
27450 -0.000705569
27460 -0.000763899
27470 -0.000826762
27480 -0.000894488
27490 -0.000967424
27500 -0.00104594
27510 -0.00113043
27520 -0.0012213
27530 -0.00131902
27540 -0.00142405
27550 -0.00153689
27560 -0.00165809
27570 -0.00178821
27580 -0.00192786
27590 -0.00207769
27600 -0.00223837
27610 -0.00241063
27620 -0.00259522
27630 -0.00279296
27640 -0.0030047
27650 -0.00323134
27660 -0.00347385
27670 -0.00373322
27680 -0.00401054
27690 -0.00430692
27700 -0.00462357
27710 -0.00496175
27720 -0.00532277
27730 -0.00570802
27740 -0.00611899
27750 -0.00655721
27760 -0.00702431
27770 -0.007522
27780 -0.00805208
27790 -0.00861645
27800 -0.00921709
27810 -0.00985608
27820 -0.0105356
27830 -0.011258
27840 -0.0120256
27850 -0.012841
27860 -0.0137067
27870 -0.0146256
27880 -0.0156005
27890 -0.0166344
27900 -0.0177305
27910 -0.0188921
27920 -0.0201225
27930 -0.0214255
27940 -0.0228046
27950 -0.0242637
27960 -0.025807
27970 -0.0274385
27980 -0.0291627
27990 -0.0309841
28000 -0.0329074
28010 -0.0349376
28020 -0.0370796
28030 -0.0393388
28040 -0.0417205
28050 -0.0442306
28060 -0.0468747
28070 -0.0496589
28080 -0.0525894
28090 -0.0556728
28100 -0.0589156
28110 -0.0623248
28120 -0.0659073
28130 -0.0696704
28140 -0.0736217
28150 -0.0777689
28160 -0.0821198
28170 -0.0866825
28180 -0.0914655
28190 -0.0964773
28200 -0.101727
28210 -0.107222
28220 -0.112974
28230 -0.11899
28240 -0.125281
28250 -0.131856
28260 -0.138726
28270 -0.1459
28280 -0.153388
28290 -0.161202
28300 -0.169351
28310 -0.177847
28320 -0.186701
28330 -0.195922
28340 -0.205524
28350 -0.215516
28360 -0.22591
28370 -0.236718
28380 -0.247952
28390 -0.259621
28400 -0.271739
28410 -0.284317
28420 -0.297366
28430 -0.310898
28440 -0.324925
28450 -0.339457
28460 -0.354506
28470 -0.370084
28480 -0.386201
28490 -0.402869
28500 -0.420098
28510 -0.437898
28520 -0.456281
28530 -0.475255
28540 -0.494831
28550 -0.515018
28560 -0.535824
28570 -0.557259
28580 -0.579331
28590 -0.602047
28600 -0.625414
28610 -0.649439
28620 -0.674128
28630 -0.699486
28640 -0.725519
28650 -0.75223
28660 -0.779623
28670 -0.807699
28680 -0.836462
28690 -0.865912
28700 -0.896049
28710 -0.926872
28720 -0.95838
28730 -0.990569
28740 -1.02344
28750 -1.05698
28760 -1.09118
28770 -1.12605
28780 -1.16157
28790 -1.19773
28800 -1.23452
28810 -1.27194
28820 -1.30996
28830 -1.34857
28840 -1.38775
28850 -1.4275
28860 -1.46779
28870 -1.50859
28880 -1.5499
28890 -1.59168
28900 -1.63391
28910 -1.67657
28920 -1.71962
28930 -1.76304
28940 -1.80681
28950 -1.85087
28960 -1.89522
28970 -1.9398
28980 -1.98458
28990 -2.02953
29000 -2.0746
29010 -2.11976
29020 -2.16495
29030 -2.21015
29040 -2.2553
29050 -2.30036
29060 -2.34528
29070 -2.39001
29080 -2.4345
29090 -2.47869
29100 -2.52255
29110 -2.56601
29120 -2.60902
29130 -2.65152
29140 -2.69346
29150 -2.73477
29160 -2.77542
29170 -2.81532
29180 -2.85443
29190 -2.89268
29200 -2.93002
29210 -2.96638
29220 -3.0017
29230 -3.03592
29240 -3.06899
29250 -3.10083
29260 -3.1314
29270 -3.16062
29280 -3.18844
29290 -3.2148
29300 -3.23964
29310 -3.26289
29320 -3.28451
29330 -3.30444
29340 -3.32261
29350 -3.33898
29360 -3.35348
29370 -3.36608
29380 -3.37671
29390 -3.38534
29400 -3.3919
29410 -3.39635
29420 -3.39866
29430 -3.39878
29440 -3.39666
29450 -3.39228
29460 -3.38559
29470 -3.37656
29480 -3.36517
29490 -3.35138
29500 -3.33517
29510 -3.31652
29520 -3.29541
29530 -3.27181
29540 -3.24573
29550 -3.21714
29560 -3.18604
29570 -3.15243
29580 -3.1163
29590 -3.07766
29600 -3.03651
29610 -2.99286
29620 -2.94673
29630 -2.89812
29640 -2.84707
29650 -2.79358
29660 -2.73769
29670 -2.67943
29680 -2.61883
29690 -2.55592
29700 -2.49075
29710 -2.42335
29720 -2.35378
29730 -2.28208
29740 -2.20831
29750 -2.13252
29760 -2.05477
29770 -1.97512
29780 -1.89364
29790 -1.81039
29800 -1.72545
29810 -1.63888
29820 -1.55077
29830 -1.46119
29840 -1.37021
29850 -1.27793
29860 -1.18443
29870 -1.08979
29880 -0.994106
29890 -0.897461
29900 -0.799949
29910 -0.701663
29920 -0.602697
29930 -0.503145
29940 -0.403105
29950 -0.302673
29960 -0.201946
29970 -0.101022
29980 0
