-10 0
0 1.25497e-14
10 1.06514e-14
20 -1.94384e-14
30 -8.48218e-15
40 2.65966e-15
50 -3.4788e-14
60 -2.63391e-14
70 -5.94229e-15
80 3.38189e-15
90 -7.12652e-15
100 1.13384e-14
110 8.40083e-15
120 -7.77935e-15
130 -1.61243e-14
140 -1.20293e-14
150 -1.88523e-14
160 -1.72429e-14
170 -4.07497e-14
180 -4.28254e-14
190 -4.99175e-14
200 -4.76209e-14
210 -3.7655e-14
220 -5.34557e-14
230 -2.99936e-14
240 -3.26926e-14
250 -2.32931e-14
260 -1.73042e-14
270 -4.00055e-14
280 -1.87327e-14
290 -1.36299e-14
300 -6.50873e-15
310 -2.10045e-14
320 -3.16501e-16
330 -2.6679e-16
340 -2.473e-14
350 -6.07608e-15
360 -8.40244e-15
370 -2.13134e-14
380 -1.06284e-14
390 -3.65184e-16
400 -4.34054e-15
410 -7.33618e-15
420 -1.30881e-16
430 -1.77402e-14
440 -8.48133e-15
450 -2.72542e-14
460 -3.61456e-14
470 -3.89735e-14
480 -3.85415e-14
490 -6.92872e-14
500 -6.97816e-14
510 -7.39809e-14
520 -8.76926e-14
530 -6.12623e-14
540 -8.28668e-14
550 -9.33958e-14
560 -7.12668e-14
570 -5.91893e-14
580 -7.56191e-14
590 -7.39935e-14
600 -3.42843e-14
610 -3.80422e-14
620 -5.34373e-14
630 -5.03183e-14
640 -2.05245e-14
650 -2.85247e-14
660 -2.55263e-14
670 7.72241e-16
680 1.60627e-15
690 -3.51652e-15
700 -1.7051e-15
710 2.68448e-15
720 -1.25378e-14
730 -3.63966e-14
740 -9.85908e-15
750 -2.84058e-14
760 -1.43042e-14
770 -3.6437e-14
780 -4.63295e-14
790 -2.55826e-14
800 -1.23831e-14
810 -2.846e-14
820 -2.4841e-14
830 -3.73206e-14
840 -3.58717e-14
850 -1.06171e-14
860 1.22413e-15
870 1.09733e-14
880 -9.52261e-15
890 2.83005e-15
900 5.19227e-15
910 1.4199e-14
920 1.00897e-14
930 -3.97655e-15
940 -2.48084e-14
950 -3.34222e-14
960 -2.18578e-14
970 -1.33475e-14
980 -3.96773e-14
990 -1.20629e-14
1000 -3.04983e-14
1010 -4.12809e-14
1020 -4.28583e-14
1030 -3.16291e-14
1040 -5.08242e-14
1050 -6.05299e-14
1060 -6.94602e-14
1070 -7.98359e-14
1080 -8.58253e-14
1090 -7.60759e-14
1100 -5.7992e-14
1110 -7.85873e-14
1120 -7.11675e-14
1130 -4.91791e-14
1140 -6.14553e-14
1150 -6.19061e-14
1160 -4.85058e-14
1170 -2.69451e-14
1180 -3.3874e-14
1190 -2.38056e-14
1200 -1.74973e-14
1210 -3.63123e-14
1220 -3.37942e-14
1230 -4.30233e-14
1240 -2.47831e-14
1250 -2.89331e-14
1260 -5.11156e-14
1270 -2.37362e-14
1280 -3.37225e-14
1290 -2.49267e-14
1300 -5.61126e-15
1310 1.86267e-14
1320 1.43201e-14
1330 6.92589e-15
1340 1.60683e-14
1350 5.88087e-16
1360 -2.43522e-14
1370 -1.81948e-15
1380 -2.65463e-15
1390 -1.00358e-14
1400 -3.97783e-14
1410 -2.59436e-14
1420 -2.91352e-14
1430 -5.43389e-14
1440 -4.77356e-14
1450 -4.1481e-14
1460 -3.7456e-14
1470 -4.999e-14
1480 -5.6573e-14
1490 -6.7869e-15
1500 -4.61263e-14
1510 -3.79747e-14
1520 -2.46279e-14
1530 -2.39081e-14
1540 -4.50791e-14
1550 -4.97931e-14
1560 -1.25135e-14
1570 -2.34327e-14
1580 -3.90646e-14
1590 -3.42907e-14
1600 -4.74256e-14
1610 -5.67615e-14
1620 -6.98369e-14
1630 -5.29674e-14
1640 -4.02722e-14
1650 -6.17348e-14
1660 -6.56657e-14
1670 -6.42967e-14
1680 -6.64023e-14
1690 -4.52537e-14
1700 -3.54295e-14
1710 -3.5305e-14
1720 -3.38727e-14
1730 -6.37328e-14
1740 -7.3535e-14
1750 -6.13113e-14
1760 -7.05958e-14
1770 -5.88133e-14
1780 -6.95952e-14
1790 -7.95372e-14
1800 -6.59378e-14
1810 -7.88165e-14
1820 -7.86703e-14
1830 -8.6e-14
1840 -7.95476e-14
1850 -8.46327e-14
1860 -8.45979e-14
1870 -7.95641e-14
1880 -8.6732e-14
1890 -8.61131e-14
1900 -7.07746e-14
1910 -8.1802e-14
1920 -8.15572e-14
1930 -8.53483e-14
1940 -6.51411e-14
1950 -1.0625e-13
1960 -8.74429e-14
1970 -7.37228e-14
1980 -7.82879e-14
1990 -8.69214e-14
2000 -7.53769e-14
2010 -6.84897e-14
2020 -4.04719e-14
2030 -3.66344e-14
2040 -4.54743e-14
2050 -3.73331e-14
2060 -3.636e-14
2070 -2.55566e-14
2080 -2.89534e-14
2090 -2.66404e-14
2100 -1.31851e-14
2110 -7.2884e-15
2120 -4.43403e-15
2130 -2.37656e-14
2140 -1.72449e-15
2150 -4.82811e-15
2160 -1.98313e-14
2170 -1.96929e-14
2180 -3.14288e-14
2190 -3.13944e-14
2200 -3.06116e-14
2210 -1.65179e-14
2220 -3.41278e-14
2230 -1.57307e-14
2240 1.8723e-14
2250 2.27097e-14
2260 1.69531e-14
2270 3.22039e-14
2280 1.18858e-14
2290 4.09842e-14
2300 5.33893e-14
2310 3.59536e-14
2320 3.13118e-14
2330 4.22369e-14
2340 3.45085e-14
2350 5.70594e-14
2360 4.45137e-14
2370 5.45699e-14
2380 4.66674e-14
2390 7.58087e-14
2400 5.63597e-14
2410 7.0259e-14
2420 7.53944e-14
2430 8.27434e-14
2440 8.1101e-14
2450 6.49387e-14
2460 7.52127e-14
2470 8.52879e-14
2480 8.27114e-14
2490 6.69453e-14
2500 7.64476e-14
2510 7.40149e-14
2520 7.5248e-14
2530 7.91361e-14
2540 7.29963e-14
2550 6.8312e-14
2560 7.80205e-14
2570 7.95141e-14
2580 5.37293e-14
2590 4.38075e-14
2600 4.49686e-14
2610 4.49807e-14
2620 3.3998e-14
2630 3.84059e-14
2640 4.19411e-14
2650 5.10999e-14
2660 5.75929e-14
2670 5.57894e-14
2680 3.70496e-14
2690 3.96505e-14
2700 4.10585e-14
2710 4.00017e-14
2720 4.31554e-14
2730 5.19482e-14
2740 5.96841e-14
2750 5.9243e-14
2760 5.03379e-14
2770 6.88154e-14
2780 5.6344e-14
2790 1.39889e-14
2800 4.00999e-14
2810 4.78369e-14
2820 4.66458e-14
2830 5.32571e-14
2840 4.26895e-14
2850 1.72631e-14
2860 2.81388e-14
2870 -9.2875e-16
2880 1.14607e-14
2890 -2.45612e-14
2900 -4.59621e-14
2910 -3.37151e-14
2920 -4.69434e-14
2930 -3.89805e-14
2940 -7.09637e-14
2950 -8.98192e-14
2960 -9.28468e-14
2970 -8.29264e-14
2980 -1.10128e-13
2990 -9.48661e-14
3000 -1.00013e-13
3010 -1.11559e-13
3020 -1.0592e-13
3030 -1.01754e-13
3040 -1.02549e-13
3050 -1.32364e-13
3060 -1.25625e-13
3070 -1.45618e-13
3080 -1.40943e-13
3090 -1.46123e-13
3100 -1.68837e-13
3110 -1.68828e-13
3120 -1.57057e-13
3130 -1.72219e-13
3140 -1.55363e-13
3150 -1.41505e-13
3160 -1.32723e-13
3170 -1.35764e-13
3180 -1.16969e-13
3190 -1.13053e-13
3200 -1.00854e-13
3210 -1.08233e-13
3220 -8.88019e-14
3230 -9.26786e-14
3240 -9.44728e-14
3250 -8.42797e-14
3260 -9.45525e-14
3270 -9.63647e-14
3280 -8.60369e-14
3290 -1.1123e-13
3300 -9.00259e-14
3310 -1.33062e-13
3320 -1.18366e-13
3330 -1.29561e-13
3340 -1.19813e-13
3350 -1.15691e-13
3360 -1.41199e-13
3370 -1.55114e-13
3380 -1.46518e-13
3390 -1.52947e-13
3400 -1.28142e-13
3410 -1.41988e-13
3420 -1.52708e-13
3430 -1.55836e-13
3440 -1.43903e-13
3450 -1.42308e-13
3460 -1.66825e-13
3470 -1.40718e-13
3480 -1.54224e-13
3490 -1.31327e-13
3500 -1.4727e-13
3510 -1.33736e-13
3520 -1.47941e-13
3530 -1.47657e-13
3540 -1.54193e-13
3550 -1.60015e-13
3560 -1.53769e-13
3570 -1.52663e-13
3580 -1.30938e-13
3590 -1.31573e-13
3600 -1.68566e-13
3610 -1.93994e-13
3620 -3.16258e-13
3630 -5.88935e-13
3640 -1.02489e-12
3650 -1.6523e-12
3660 -2.22299e-12
3670 -2.02378e-12
3680 6.5775e-13
3690 9.29711e-12
3700 3.01035e-11
3710 7.27534e-11
3720 1.49812e-10
3730 2.72134e-10
3740 4.34686e-10
3750 5.81623e-10
3760 5.30755e-10
3770 -1.78362e-10
3780 -2.57285e-09
3790 -8.77062e-09
3800 -2.28975e-08
3810 -5.26419e-08
3820 -1.11817e-07
3830 -2.24477e-07
3840 -4.31372e-07
3850 -7.99857e-07
3860 -1.43879e-06
3870 -2.52053e-06
3880 -4.31271e-06
3890 -7.22349e-06
3900 -1.18648e-05
3910 -1.91392e-05
3920 -3.03573e-05
3930 -4.73941e-05
3940 -7.28936e-05
3950 -0.000110532
3960 -0.000165354
3970 -0.000244187
3980 -0.000356156
3990 -0.000513307
4000 -0.000731337
4010 -0.00103046
4020 -0.00143639
4030 -0.00198146
4040 -0.00270581
4050 -0.00365877
4060 -0.00490014
4070 -0.00650165
4080 -0.00854828
4090 -0.0111395
4100 -0.0143904
4110 -0.0184324
4120 -0.0234136
4130 -0.029499
4140 -0.0368694
4150 -0.0457206
4160 -0.0562609
4170 -0.0687086
4180 -0.0832877
4190 -0.100224
4200 -0.119738
4210 -0.142042
4220 -0.167329
4230 -0.195768
4240 -0.227495
4250 -0.262605
4260 -0.301146
4270 -0.34311
4280 -0.388427
4290 -0.43696
4300 -0.488502
4310 -0.542771
4320 -0.599413
4330 -0.658001
4340 -0.71804
4350 -0.778974
4360 -0.840192
4370 -0.901038
4380 -0.960824
4390 -1.01885
4400 -1.07439
4410 -1.12675
4420 -1.17526
4430 -1.21928
4440 -1.25823
4450 -1.29158
4460 -1.31891
4470 -1.33986
4480 -1.35418
4490 -1.36172
4500 -1.36242
4510 -1.35633
4520 -1.3436
4530 -1.32449
4540 -1.29931
4550 -1.26848
4560 -1.23247
4570 -1.19181
4580 -1.14709
4590 -1.09891
4600 -1.04788
4610 -0.994641
4620 -0.939811
4630 -0.883994
4640 -0.827765
4650 -0.771664
4660 -0.716188
4670 -0.661785
4680 -0.608851
4690 -0.55773
4700 -0.508707
4710 -0.462015
4720 -0.417832
4730 -0.376285
4740 -0.337454
4750 -0.301375
4760 -0.268045
4770 -0.237427
4780 -0.209453
4790 -0.184033
4800 -0.161055
4810 -0.140392
4820 -0.121906
4830 -0.105452
4840 -0.0908816
4850 -0.0780463
4860 -0.0667991
4870 -0.0569977
4880 -0.0485063
4890 -0.0411968
4900 -0.0349505
4910 -0.0296586
4920 -0.0252229
4930 -0.0215564
4940 -0.0185838
4950 -0.0162408
4960 -0.0144754
4970 -0.0132468
4980 -0.0125261
4990 -0.012296
5000 -0.0125448
5010 -0.0132843
5020 -0.0145318
5030 -0.0163164
5040 -0.0186786
5050 -0.0216707
5060 -0.0253567
5070 -0.0298119
5080 -0.0351232
5090 -0.0413883
5100 -0.0487158
5110 -0.057224
5120 -0.0670404
5130 -0.0783003
5140 -0.0911453
5150 -0.105722
5160 -0.122177
5170 -0.14066
5180 -0.161314
5190 -0.184277
5200 -0.209674
5210 -0.237616
5220 -0.268194
5230 -0.301476
5240 -0.337498
5250 -0.376263
5260 -0.417736
5270 -0.461837
5280 -0.50844
5290 -0.557368
5300 -0.608391
5310 -0.661224
5320 -0.715527
5330 -0.770906
5340 -0.826915
5350 -0.88306
5360 -0.938804
5370 -0.993573
5380 -1.04677
5390 -1.09777
5400 -1.14595
5410 -1.19069
5420 -1.23139
5430 -1.26746
5440 -1.29838
5450 -1.32367
5460 -1.34292
5470 -1.35579
5480 -1.36204
5490 -1.36152
5500 -1.35416
5510 -1.34003
5520 -1.31927
5530 -1.29212
5540 -1.25893
5550 -1.22014
5560 -1.17626
5570 -1.12786
5580 -1.07558
5590 -1.0201
5600 -0.962115
5610 -0.902335
5620 -0.841469
5630 -0.780206
5640 -0.719203
5650 -0.659075
5660 -0.600381
5670 -0.54362
5680 -0.489222
5690 -0.437547
5700 -0.388879
5710 -0.343429
5720 -0.301337
5730 -0.262678
5740 -0.227459
5750 -0.195637
5760 -0.167116
5770 -0.141761
5780 -0.119404
5790 -0.0998509
5800 -0.0828891
5810 -0.0682967
5820 -0.0558467
5830 -0.0453134
5840 -0.036477
5850 -0.0291276
5860 -0.0230679
5870 -0.0181154
5880 -0.014104
5890 -0.0108842
5900 -0.00832371
5910 -0.00630666
5920 -0.00473296
5930 -0.0035172
5940 -0.00258741
5950 -0.00188362
5960 -0.00135654
5970 -0.000966085
5980 -0.000680076
5990 -0.000472994
6000 -0.000324853
6010 -0.000220189
6020 -0.000147198
6030 -9.69787e-05
6040 -6.29145e-05
6050 -4.01506e-05
6060 -2.51763e-05
6070 -1.54896e-05
6080 -9.33469e-06
6090 -5.49856e-06
6100 -3.15729e-06
6110 -1.76096e-06
6120 -9.49371e-07
6130 -4.91261e-07
6140 -2.41347e-07
6150 -1.10496e-07
6160 -4.54435e-08
6170 -1.52908e-08
6180 -2.71883e-09
6190 1.59013e-09
6200 2.39861e-09
6210 1.98015e-09
6220 1.31544e-09
6230 7.57287e-10
6240 3.82161e-10
6250 1.64137e-10
6260 5.32319e-11
6270 5.25999e-12
6280 -1.03622e-11
6290 -1.18833e-11
6300 -8.7823e-12
6310 -5.22087e-12
6320 -2.61496e-12
6330 -1.07358e-12
6340 -3.32904e-13
6350 -9.0007e-14
6360 -2.75062e-14
6370 -9.94238e-14
6380 -1.29157e-13
6390 -1.74069e-13
6400 -2.16909e-13
6410 -2.07635e-13
6420 -2.2939e-13
6430 -2.20558e-13
6440 -2.04469e-13
6450 -2.08889e-13
6460 -2.0583e-13
6470 -2.03691e-13
6480 -2.06042e-13
6490 -2.01911e-13
6500 -1.96872e-13
6510 -1.93697e-13
6520 -1.94004e-13
6530 -1.83549e-13
6540 -1.9142e-13
6550 -1.91911e-13
6560 -2.06602e-13
6570 -2.16454e-13
6580 -2.14026e-13
6590 -2.07568e-13
6600 -2.10692e-13
6610 -2.03188e-13
6620 -2.04621e-13
6630 -2.03932e-13
6640 -2.05324e-13
6650 -2.25416e-13
6660 -2.19071e-13
6670 -2.20097e-13
6680 -2.03312e-13
6690 -1.92973e-13
6700 -2.1575e-13
6710 -2.11617e-13
6720 -2.19565e-13
6730 -2.03864e-13
6740 -2.1008e-13
6750 -2.05706e-13
6760 -2.00369e-13
6770 -1.94728e-13
6780 -2.20917e-13
6790 -2.32584e-13
6800 -2.12428e-13
6810 -2.14337e-13
6820 -2.17077e-13
6830 -2.08082e-13
6840 -1.92548e-13
6850 -1.80839e-13
6860 -1.82138e-13
6870 -1.90697e-13
6880 -1.99546e-13
6890 -1.92557e-13
6900 -1.92533e-13
6910 -1.96501e-13
6920 -2.0879e-13
6930 -2.00038e-13
6940 -1.97354e-13
6950 -1.78305e-13
6960 -1.7896e-13
6970 -1.81807e-13
6980 -1.90158e-13
6990 -1.79807e-13
7000 -1.63065e-13
7010 -1.2666e-13
7020 -1.14474e-13
7030 -1.23928e-13
7040 -1.16338e-13
7050 -1.21958e-13
7060 -1.33391e-13
7070 -1.25179e-13
7080 -1.43756e-13
7090 -1.53781e-13
7100 -1.30315e-13
7110 -1.5333e-13
7120 -1.63997e-13
7130 -1.60808e-13
7140 -1.68041e-13
7150 -1.6085e-13
7160 -1.59685e-13
7170 -1.59629e-13
7180 -1.63228e-13
7190 -1.63936e-13
7200 -1.4663e-13
7210 -1.20147e-13
7220 -1.28419e-13
7230 -1.32855e-13
7240 -1.18247e-13
7250 -1.28383e-13
7260 -9.6879e-14
7270 -1.10407e-13
7280 -9.66702e-14
7290 -9.25952e-14
7300 -9.12478e-14
7310 -8.71661e-14
7320 -9.03017e-14
7330 -9.17331e-14
7340 -1.15426e-13
7350 -9.45753e-14
7360 -1.12925e-13
7370 -1.11809e-13
7380 -1.13049e-13
7390 -1.04691e-13
7400 -1.04527e-13
7410 -1.12891e-13
7420 -1.22688e-13
7430 -1.16232e-13
7440 -1.3024e-13
7450 -1.27585e-13
7460 -1.38586e-13
7470 -1.38556e-13
7480 -1.64446e-13
7490 -1.54262e-13
7500 -1.64558e-13
7510 -1.51265e-13
7520 -1.32934e-13
7530 -1.40304e-13
7540 -1.28608e-13
7550 -1.2642e-13
7560 -1.1506e-13
7570 -1.27686e-13
7580 -1.20714e-13
7590 -1.48509e-13
7600 -1.36491e-13
7610 -1.47646e-13
7620 -1.39416e-13
7630 -1.12506e-13
7640 -1.04705e-13
7650 -1.07152e-13
7660 -8.31594e-14
7670 -9.31355e-14
7680 -9.16635e-14
7690 -9.98229e-14
7700 -9.37737e-14
7710 -1.16677e-13
7720 -1.19323e-13
7730 -1.12535e-13
7740 -1.18572e-13
7750 -1.37143e-13
7760 -1.51371e-13
7770 -1.40987e-13
7780 -1.41163e-13
7790 -1.13488e-13
7800 -1.18475e-13
7810 -1.07766e-13
7820 -1.12844e-13
7830 -1.21689e-13
7840 -1.07478e-13
7850 -9.61251e-14
7860 -9.66465e-14
7870 -1.12849e-13
7880 -1.08889e-13
7890 -1.08278e-13
7900 -1.30823e-13
7910 -1.07913e-13
7920 -1.05306e-13
7930 -1.06395e-13
7940 -1.06582e-13
7950 -9.50705e-14
7960 -9.65212e-14
7970 -8.58341e-14
7980 -8.38588e-14
7990 -4.86555e-14
8000 -4.15613e-14
8010 -5.68774e-14
8020 -3.74175e-14
8030 -4.49322e-14
8040 -1.92298e-14
8050 -3.29524e-14
8060 -1.51076e-14
8070 -4.76309e-15
8080 -1.58447e-14
8090 3.28031e-15
8100 -1.05787e-14
8110 5.08274e-15
8120 3.08512e-15
8130 2.28883e-14
8140 1.53028e-14
8150 9.10715e-15
8160 1.5461e-14
8170 2.3731e-14
8180 1.14614e-14
8190 1.92308e-14
8200 1.64603e-14
8210 2.37025e-14
8220 9.57017e-15
8230 1.85576e-14
8240 1.32332e-14
8250 2.58054e-14
8260 2.3046e-14
8270 2.26833e-14
8280 5.31373e-14
8290 4.09751e-14
8300 4.7916e-14
8310 4.75077e-14
8320 5.89127e-14
8330 5.06684e-14
8340 6.53488e-14
8350 5.87582e-14
8360 5.21377e-14
8370 5.13898e-14
8380 4.03114e-14
8390 3.15159e-14
8400 1.2544e-14
8410 2.23834e-14
8420 1.31684e-14
8430 5.19425e-15
8440 -6.37057e-15
8450 8.41353e-15
8460 7.86521e-15
8470 -5.00532e-15
8480 -1.0615e-14
8490 1.55322e-14
8500 1.81329e-14
8510 2.62886e-14
8520 2.71786e-14
8530 4.22436e-14
8540 2.8821e-14
8550 2.19086e-14
8560 3.07233e-14
8570 1.49044e-14
8580 1.248e-14
8590 1.56619e-14
8600 1.88483e-14
8610 5.87161e-15
8620 2.43081e-14
8630 2.36423e-14
8640 2.17662e-14
8650 1.66623e-14
8660 6.73055e-15
8670 6.88713e-15
8680 3.14442e-15
8690 1.98445e-14
8700 3.72015e-14
8710 2.8422e-14
8720 2.45815e-14
8730 2.62196e-14
8740 2.47918e-14
8750 3.71866e-14
8760 3.87369e-14
8770 4.0735e-14
8780 2.31238e-14
8790 3.02143e-14
8800 2.87467e-14
8810 2.10701e-14
8820 3.35517e-14
8830 3.90401e-14
8840 4.17692e-14
8850 4.46491e-14
8860 3.62174e-14
8870 3.37118e-14
8880 3.85293e-14
8890 6.04171e-14
8900 4.88063e-14
8910 3.59676e-14
8920 5.28138e-14
8930 5.34736e-14
8940 4.35952e-14
8950 5.19047e-14
8960 4.98803e-14
8970 4.21398e-14
8980 4.57796e-14
8990 4.31249e-14
9000 2.87205e-14
9010 1.42173e-14
9020 7.69402e-15
9030 8.88e-15
9040 2.64522e-14
9050 2.95265e-14
9060 3.64086e-14
9070 3.93308e-14
9080 2.71367e-14
9090 6.5755e-14
9100 5.85524e-14
9110 5.75024e-14
9120 6.13482e-14
9130 4.1535e-14
9140 4.85309e-14
9150 5.02233e-14
9160 4.74209e-14
9170 6.28837e-14
9180 5.36373e-14
9190 6.94953e-14
9200 7.04983e-14
9210 7.43769e-14
9220 7.51342e-14
9230 9.12081e-14
9240 9.87078e-14
9250 1.01317e-13
9260 8.69129e-14
9270 8.61919e-14
9280 8.14415e-14
9290 8.10846e-14
9300 7.47695e-14
9310 7.91966e-14
9320 7.13015e-14
9330 6.995e-14
9340 6.38487e-14
9350 5.47722e-14
9360 3.85558e-14
9370 5.82876e-14
9380 5.02765e-14
9390 5.49236e-14
9400 5.82286e-14
9410 4.47165e-14
9420 2.86347e-14
9430 4.22063e-14
9440 3.50719e-14
9450 2.19998e-14
9460 1.74987e-14
9470 3.706e-14
9480 3.14106e-14
9490 3.97616e-14
9500 5.1607e-14
9510 7.76987e-14
9520 1.04178e-13
9530 1.50657e-13
9540 2.48801e-13
9550 4.11306e-13
9560 6.40274e-13
9570 1.02644e-12
9580 1.58751e-12
9590 2.49602e-12
9600 3.88375e-12
9610 6.03922e-12
9620 9.31917e-12
9630 1.43479e-11
9640 2.20419e-11
9650 3.37164e-11
9660 5.13725e-11
9670 7.80016e-11
9680 1.18049e-10
9690 1.78026e-10
9700 2.67595e-10
9710 4.00867e-10
9720 5.98484e-10
9730 8.905e-10
9740 1.32044e-09
9750 1.9513e-09
9760 2.87364e-09
9770 4.21741e-09
9780 6.16816e-09
9790 8.99003e-09
9800 1.30574e-08
9810 1.88988e-08
9820 2.72579e-08
9830 3.91763e-08
9840 5.61079e-08
9850 8.00736e-08
9860 1.13871e-07
9870 1.61358e-07
9880 2.27834e-07
9890 3.20546e-07
9900 4.49365e-07
9910 6.27686e-07
9920 8.736e-07
9930 1.21145e-06
9940 1.67385e-06
9950 2.30429e-06
9960 3.16057e-06
9970 4.3191e-06
9980 5.88053e-06
9990 7.97681e-06
10000 1.04823e-05
10010 1.35139e-05
10020 1.72102e-05
10030 2.17364e-05
10040 2.72899e-05
10050 3.41076e-05
10060 4.24728e-05
10070 5.2725e-05
10080 6.52699e-05
10090 8.05916e-05
10100 9.92664e-05
10110 0.000121979
10120 0.000149539
10130 0.000182906
10140 0.000223206
10150 0.000271767
10160 0.000330141
10170 0.00040014
10180 0.000483877
10190 0.000583804
10200 0.000702756
10210 0.000844007
10220 0.00101132
10230 0.00120901
10240 0.00144201
10250 0.00171593
10260 0.00203715
10270 0.00241286
10280 0.0028512
10290 0.00336129
10300 0.00395333
10310 0.00463871
10320 0.00543006
10330 0.00634137
10340 0.00738805
10350 0.00858699
10360 0.00995666
10370 0.0115172
10380 0.0132903
10390 0.0152994
10400 0.0175697
10410 0.020128
10420 0.0230028
10430 0.026224
10440 0.0298233
10450 0.0338335
10460 0.0382884
10470 0.0432231
10480 0.0486729
10490 0.0546738
10500 0.0612616
10510 0.0684717
10520 0.0763386
10530 0.0848954
10540 0.0941731
10550 0.1042
10560 0.115003
10570 0.126602
10580 0.139014
10590 0.152252
10600 0.166322
10610 0.181224
10620 0.196949
10630 0.213482
10640 0.2308
10650 0.24887
10660 0.267651
10670 0.28709
10680 0.307128
10690 0.327692
10700 0.348703
10710 0.37007
10720 0.391693
10730 0.413464
10740 0.435267
10750 0.456977
10760 0.478465
10770 0.499597
10780 0.520232
10790 0.540229
10800 0.559447
10810 0.577742
10820 0.594976
10830 0.611013
10840 0.625724
10850 0.638985
10860 0.650684
10870 0.660718
10880 0.668997
10890 0.675442
10900 0.679992
10910 0.6826
10920 0.683235
10930 0.681884
10940 0.67855
10950 0.673253
10960 0.666033
10970 0.656944
10980 0.646056
10990 0.633455
11000 0.619241
11010 0.603527
11020 0.586435
11030 0.5681
11040 0.548662
11050 0.528269
11060 0.50707
11070 0.485219
11080 0.46287
11090 0.440174
11100 0.417281
11110 0.394335
11120 0.371473
11130 0.348826
11140 0.326515
11150 0.304651
11160 0.283335
11170 0.262658
11180 0.242698
11190 0.223522
11200 0.205184
11210 0.187729
11220 0.171189
11230 0.155585
11240 0.140929
11250 0.127223
11260 0.114461
11270 0.102629
11280 0.0917041
11290 0.0816601
11300 0.0724644
11310 0.0640803
11320 0.0564677
11330 0.0495843
11340 0.0433858
11350 0.0378269
11360 0.0328621
11370 0.0284461
11380 0.0245343
11390 0.0210832
11400 0.0180511
11410 0.0153981
11420 0.0130862
11430 0.0110798
11440 0.00934583
11450 0.00785338
11460 0.00657414
11470 0.00548219
11480 0.00455398
11490 0.00376824
11500 0.00310589
11510 0.00254989
11520 0.00208513
11530 0.00169829
11540 0.00137766
11550 0.00111304
11560 0.00089559
11570 0.000717667
11580 0.000572716
11590 0.00045514
11600 0.000360186
11610 0.000283838
11620 0.000222722
11630 0.000174016
11640 0.000135374
11650 0.000104855
11660 8.08591e-05
11670 6.20791e-05
11680 4.74483e-05
11690 3.61027e-05
11700 2.73455e-05
11710 2.06178e-05
11720 1.54736e-05
11730 1.15589e-05
11740 8.59411e-06
11750 6.35953e-06
11760 4.68351e-06
11770 3.43257e-06
11780 2.50353e-06
11790 1.81698e-06
11800 1.31217e-06
11810 9.4287e-07
11820 6.74088e-07
11830 4.7947e-07
11840 3.39284e-07
11850 2.38837e-07
11860 1.67244e-07
11870 1.1649e-07
11880 8.07027e-08
11890 5.56065e-08
11900 3.81045e-08
11910 2.59664e-08
11920 1.75957e-08
11930 1.18557e-08
11940 7.94242e-09
11950 5.2899e-09
11960 3.50253e-09
11970 2.30528e-09
11980 1.50812e-09
11990 9.80591e-10
12000 6.33645e-10
12010 4.06877e-10
12020 2.59596e-10
12030 1.64533e-10
12040 1.03577e-10
12050 6.4779e-11
12060 4.02172e-11
12070 2.47818e-11
12080 1.51484e-11
12090 9.15138e-12
12100 5.4849e-12
12110 3.23334e-12
12120 1.85649e-12
12130 1.03462e-12
12140 5.51327e-13
12150 2.64248e-13
12160 7.24916e-14
12170 -4.70832e-14
12180 -1.09338e-13
12190 -1.51647e-13
12200 -1.61112e-13
12210 -1.68678e-13
12220 -1.85702e-13
12230 -1.78958e-13
12240 -1.78528e-13
12250 -1.6689e-13
12260 -1.7181e-13
12270 -1.68959e-13
12280 -1.79493e-13
12290 -1.87109e-13
12300 -1.86421e-13
12310 -1.67894e-13
12320 -1.93862e-13
12330 -1.8965e-13
12340 -1.83955e-13
12350 -1.68822e-13
12360 -1.76933e-13
12370 -1.80381e-13
12380 -1.83294e-13
12390 -1.59673e-13
12400 -1.58939e-13
12410 -1.64171e-13
12420 -1.69496e-13
12430 -1.44276e-13
12440 -1.32761e-13
12450 -1.53044e-13
12460 -1.53299e-13
12470 -1.58166e-13
12480 -1.3851e-13
12490 -1.53973e-13
12500 -1.62824e-13
12510 -1.68679e-13
12520 -1.60128e-13
12530 -1.6946e-13
12540 -1.66786e-13
12550 -1.89482e-13
12560 -1.92609e-13
12570 -1.93035e-13
12580 -1.84788e-13
12590 -1.9688e-13
12600 -2.02764e-13
12610 -2.13637e-13
12620 -2.24319e-13
12630 -2.22601e-13
12640 -2.27278e-13
12650 -2.44023e-13
12660 -2.38916e-13
12670 -2.52615e-13
12680 -2.26685e-13
12690 -2.40567e-13
12700 -2.29863e-13
12710 -2.21686e-13
12720 -2.1157e-13
12730 -2.19296e-13
12740 -2.0982e-13
12750 -2.46303e-13
12760 -2.38638e-13
12770 -2.47229e-13
12780 -2.45147e-13
12790 -2.51774e-13
12800 -2.64028e-13
12810 -2.55792e-13
12820 -2.77695e-13
12830 -2.77971e-13
12840 -2.69567e-13
12850 -2.29398e-13
12860 -2.21219e-13
12870 -2.1948e-13
12880 -2.25671e-13
12890 -2.18907e-13
12900 -2.08667e-13
12910 -2.1082e-13
12920 -1.99435e-13
12930 -1.93295e-13
12940 -1.95018e-13
12950 -1.98512e-13
12960 -1.99343e-13
12970 -2.00742e-13
12980 -1.81293e-13
12990 -1.94926e-13
13000 -1.86921e-13
13010 -1.91417e-13
13020 -1.50276e-13
13030 -1.52315e-13
13040 -1.81332e-13
13050 -1.77769e-13
13060 -1.94558e-13
13070 -1.87989e-13
13080 -1.79246e-13
13090 -1.75751e-13
13100 -1.80082e-13
13110 -1.75659e-13
13120 -1.73564e-13
13130 -1.7815e-13
13140 -1.94069e-13
13150 -2.14327e-13
13160 -2.0319e-13
13170 -2.18567e-13
13180 -1.98943e-13
13190 -1.97034e-13
13200 -2.11329e-13
13210 -2.31293e-13
13220 -2.26079e-13
13230 -2.23265e-13
13240 -2.03262e-13
13250 -2.18013e-13
13260 -2.2123e-13
13270 -2.30389e-13
13280 -2.30096e-13
13290 -2.50165e-13
13300 -2.42204e-13
13310 -2.33479e-13
13320 -2.2561e-13
13330 -2.17755e-13
13340 -2.44311e-13
13350 -2.65782e-13
13360 -2.76543e-13
13370 -2.62756e-13
13380 -2.24853e-13
13390 -2.39169e-13
13400 -2.49332e-13
13410 -2.6772e-13
13420 -2.6112e-13
13430 -2.56591e-13
13440 -2.54537e-13
13450 -2.487e-13
13460 -2.41917e-13
13470 -2.28142e-13
13480 -2.26906e-13
13490 -2.29967e-13
13500 -2.44698e-13
13510 -2.63242e-13
13520 -2.48624e-13
13530 -2.38246e-13
13540 -2.34592e-13
13550 -2.32702e-13
13560 -2.35497e-13
13570 -2.39854e-13
13580 -2.56639e-13
13590 -2.5442e-13
13600 -2.44046e-13
13610 -2.65037e-13
13620 -2.62106e-13
13630 -2.74905e-13
13640 -2.54031e-13
13650 -2.43285e-13
13660 -2.61838e-13
13670 -2.62175e-13
13680 -2.50492e-13
13690 -2.78557e-13
13700 -2.80276e-13
13710 -2.73173e-13
13720 -2.85635e-13
13730 -2.7447e-13
13740 -2.81102e-13
13750 -3.03531e-13
13760 -2.83527e-13
13770 -2.81517e-13
13780 -2.83104e-13
13790 -2.89095e-13
13800 -2.62072e-13
13810 -2.61429e-13
13820 -2.76462e-13
13830 -2.80602e-13
13840 -2.65187e-13
13850 -2.70659e-13
13860 -2.71844e-13
13870 -2.81705e-13
13880 -2.84457e-13
13890 -2.76301e-13
13900 -2.60656e-13
13910 -2.59373e-13
13920 -2.35372e-13
13930 -2.53929e-13
13940 -2.38534e-13
13950 -2.47487e-13
13960 -2.34912e-13
13970 -2.3683e-13
13980 -2.35042e-13
13990 -2.23886e-13
14000 -2.40188e-13
14010 -2.28105e-13
14020 -2.17399e-13
14030 -2.13778e-13
14040 -2.44453e-13
14050 -2.27607e-13
14060 -2.39865e-13
14070 -2.38056e-13
14080 -2.32211e-13
14090 -2.33233e-13
14100 -2.69919e-13
14110 -2.74335e-13
14120 -2.46488e-13
14130 -2.41751e-13
14140 -2.44969e-13
14150 -2.38393e-13
14160 -2.33092e-13
14170 -2.20031e-13
14180 -2.38358e-13
14190 -2.42111e-13
14200 -2.56029e-13
14210 -2.40565e-13
14220 -2.39347e-13
14230 -2.35878e-13
14240 -2.43915e-13
14250 -2.70408e-13
14260 -2.68368e-13
14270 -2.75024e-13
14280 -2.56988e-13
14290 -2.6633e-13
14300 -2.84619e-13
14310 -2.76193e-13
14320 -2.75241e-13
14330 -2.60147e-13
14340 -2.53797e-13
14350 -2.1886e-13
14360 -2.33607e-13
14370 -2.47079e-13
14380 -2.51658e-13
14390 -2.56905e-13
14400 -2.52961e-13
14410 -2.39571e-13
14420 -2.17605e-13
14430 -2.32948e-13
14440 -2.47349e-13
14450 -2.34948e-13
14460 -2.3435e-13
14470 -2.0243e-13
14480 -2.00465e-13
14490 -1.95391e-13
14500 -2.1377e-13
14510 -2.26832e-13
14520 -2.19016e-13
14530 -2.16985e-13
14540 -2.31607e-13
14550 -2.29219e-13
14560 -2.33959e-13
14570 -2.23633e-13
14580 -2.45254e-13
14590 -2.41071e-13
14600 -2.31168e-13
14610 -2.28161e-13
14620 -2.30773e-13
14630 -2.31862e-13
14640 -2.1135e-13
14650 -1.98506e-13
14660 -2.10626e-13
14670 -2.15173e-13
14680 -2.43178e-13
14690 -2.44852e-13
14700 -2.78303e-13
14710 -3.25599e-13
14720 -4.03105e-13
14730 -5.24262e-13
14740 -7.1223e-13
14750 -7.79958e-13
14760 -6.26193e-13
14770 1.3283e-13
14780 2.14298e-12
14790 6.43605e-12
14800 1.45564e-11
14810 2.84976e-11
14820 5.02849e-11
14830 8.07481e-11
14840 1.1663e-10
14850 1.44483e-10
14860 1.29002e-10
14870 -8.31785e-12
14880 -4.27137e-10
14890 -1.43276e-09
14900 -3.58343e-09
14910 -7.86456e-09
14920 -1.59657e-08
14930 -3.07126e-08
14940 -5.67307e-08
14950 -1.01445e-07
14960 -1.76572e-07
14970 -3.00302e-07
14980 -5.00468e-07
14990 -8.19077e-07
15000 -1.31871e-06
15010 -2.09148e-06
15020 -3.27143e-06
15030 -5.05145e-06
15040 -7.70627e-06
15050 -1.16232e-05
15060 -1.73432e-05
15070 -2.56143e-05
15080 -3.74624e-05
15090 -5.42815e-05
15100 -7.79501e-05
15110 -0.000110979
15120 -0.000156695
15130 -0.000219476
15140 -0.000305036
15150 -0.000420774
15160 -0.000576208
15170 -0.000783485
15180 -0.001058
15190 -0.00141914
15200 -0.00189111
15210 -0.00250399
15220 -0.00329485
15230 -0.00430908
15240 -0.00560193
15250 -0.00724016
15260 -0.00930394
15270 -0.0118889
15280 -0.0151085
15290 -0.0190962
15300 -0.0240082
15310 -0.0300262
15320 -0.03736
15330 -0.0462504
15340 -0.0569718
15350 -0.0698354
15360 -0.0851908
15370 -0.103429
15380 -0.124984
15390 -0.150334
15400 -0.180003
15410 -0.214558
15420 -0.254613
15430 -0.300823
15440 -0.353883
15450 -0.414525
15460 -0.483509
15470 -0.561621
15480 -0.649663
15490 -0.748445
15500 -0.85877
15510 -0.981428
15520 -1.11718
15530 -1.26675
15540 -1.43079
15550 -1.60989
15560 -1.80455
15570 -2.01516
15580 -2.24199
15590 -2.48518
15600 -2.7447
15610 -3.02037
15620 -3.31184
15630 -3.61854
15640 -3.93973
15650 -4.27448
15660 -4.62163
15670 -4.97983
15680 -5.34755
15690 -5.72304
15700 -6.1044
15710 -6.48954
15720 -6.87624
15730 -7.26216
15740 -7.64485
15750 -8.02177
15760 -8.39035
15770 -8.748
15780 -9.09215
15790 -9.42025
15800 -9.72985
15810 -10.0186
15820 -10.2843
15830 -10.5249
15840 -10.7385
15850 -10.9235
15860 -11.0785
15870 -11.2024
15880 -11.2942
15890 -11.3534
15900 -11.3797
15910 -11.3731
15920 -11.3337
15930 -11.2622
15940 -11.1593
15950 -11.0261
15960 -10.8639
15970 -10.6741
15980 -10.4585
15990 -10.219
16000 -9.9575
16010 -9.67619
16020 -9.37726
16030 -9.063
16040 -8.73571
16050 -8.39772
16060 -8.05133
16070 -7.69879
16080 -7.34229
16090 -6.98396
16100 -6.62579
16110 -6.26968
16120 -5.91739
16130 -5.57055
16140 -5.23063
16150 -4.89895
16160 -4.57669
16170 -4.26484
16180 -3.96428
16190 -3.67569
16200 -3.39964
16210 -3.13654
16220 -2.88667
16230 -2.65019
16240 -2.42714
16250 -2.21746
16260 -2.02099
16270 -1.83749
16280 -1.66664
16290 -1.50806
16300 -1.36132
16310 -1.22595
16320 -1.10144
16330 -0.987242
16340 -0.882815
16350 -0.787593
16360 -0.70101
16370 -0.622502
16380 -0.551513
16390 -0.487498
16400 -0.429928
16410 -0.378294
16420 -0.332105
16430 -0.290897
16440 -0.254228
16450 -0.221684
16460 -0.192873
16470 -0.167433
16480 -0.145026
16490 -0.12534
16500 -0.108088
16510 -0.0930055
16520 -0.0798527
16530 -0.0684106
16540 -0.0584807
16550 -0.049884
16560 -0.0424592
16570 -0.0360619
16580 -0.0305628
16590 -0.025847
16600 -0.0218123
16610 -0.0183684
16620 -0.0154356
16630 -0.0129437
16640 -0.0108313
16650 -0.00904464
16660 -0.00753696
16670 -0.00626754
16680 -0.00520112
16690 -0.00430723
16700 -0.00355961
16710 -0.00293573
16720 -0.00241623
16730 -0.0019846
16740 -0.00162676
16750 -0.00133074
16760 -0.00108638
16770 -0.000885103
16780 -0.000719668
16790 -0.000583982
16800 -0.00047293
16810 -0.000382234
16820 -0.000308316
16830 -0.000248201
16840 -0.000199412
16850 -0.000159898
16860 -0.000127961
16870 -0.000102203
16880 -8.14705e-05
16890 -6.48171e-05
16900 -5.14677e-05
16910 -4.07885e-05
16920 -3.22626e-05
16930 -2.54698e-05
16940 -2.00685e-05
16950 -1.57823e-05
16960 -1.23879e-05
16970 -9.70497e-06
16980 -7.58865e-06
16990 -5.92258e-06
17000 -4.61354e-06
17010 -3.58706e-06
17020 -2.78371e-06
17030 -2.15623e-06
17040 -1.66706e-06
17050 -1.28646e-06
17060 -9.90903e-07
17070 -7.61831e-07
17080 -5.84629e-07
17090 -4.47815e-07
17100 -3.42386e-07
17110 -2.61296e-07
17120 -1.99045e-07
17130 -1.51348e-07
17140 -1.1487e-07
17150 -8.7025e-08
17160 -6.58101e-08
17170 -4.96767e-08
17180 -3.74306e-08
17190 -2.81525e-08
17200 -2.11361e-08
17210 -1.58399e-08
17220 -1.18495e-08
17230 -8.84856e-09
17240 -6.59585e-09
17250 -4.9079e-09
17260 -3.64546e-09
17270 -2.70298e-09
17280 -2.00062e-09
17290 -1.47816e-09
17300 -1.09024e-09
17310 -8.02734e-10
17320 -5.90011e-10
17330 -4.32916e-10
17340 -3.17117e-10
17350 -2.31901e-10
17360 -1.69303e-10
17370 -1.23398e-10
17380 -8.98067e-11
17390 -6.52615e-11
17400 -4.7352e-11
17410 -3.43049e-11
17420 -2.4832e-11
17430 -1.7963e-11
17440 -1.2993e-11
17450 -9.39055e-12
17460 -6.79937e-12
17470 -4.92749e-12
17480 -3.57547e-12
17490 -2.61471e-12
17500 -1.9205e-12
17510 -1.41148e-12
17520 -1.05188e-12
17530 -7.88765e-13
17540 -6.16495e-13
17550 -4.88862e-13
17560 -3.96254e-13
17570 -3.39613e-13
17580 -3.0393e-13
17590 -2.55792e-13
17600 -2.44222e-13
17610 -2.08639e-13
17620 -2.02278e-13
17630 -2.06176e-13
17640 -1.98319e-13
17650 -2.02728e-13
17660 -2.01401e-13
17670 -1.96797e-13
17680 -1.93277e-13
17690 -1.92133e-13
17700 -1.90046e-13
17710 -1.89207e-13
17720 -1.93203e-13
17730 -1.97425e-13
17740 -2.00147e-13
17750 -2.20682e-13
17760 -2.1685e-13
17770 -2.20211e-13
17780 -2.11369e-13
17790 -2.20561e-13
17800 -2.07844e-13
17810 -1.93936e-13
17820 -2.21385e-13
17830 -2.16413e-13
17840 -2.19897e-13
17850 -2.35333e-13
17860 -2.37419e-13
17870 -2.52242e-13
17880 -2.35184e-13
17890 -2.37757e-13
17900 -2.31498e-13
17910 -2.2654e-13
17920 -2.23638e-13
17930 -2.16713e-13
17940 -2.34543e-13
17950 -2.28022e-13
17960 -2.18478e-13
17970 -2.2374e-13
17980 -2.24634e-13
17990 -2.21133e-13
18000 -2.12231e-13
18010 -2.18707e-13
18020 -2.24173e-13
18030 -2.13029e-13
18040 -2.05969e-13
18050 -1.97803e-13
18060 -1.99276e-13
18070 -1.93048e-13
18080 -1.86905e-13
18090 -1.88142e-13
18100 -2.05518e-13
18110 -2.08563e-13
18120 -2.15698e-13
18130 -2.29538e-13
18140 -2.31443e-13
18150 -2.28095e-13
18160 -2.19283e-13
18170 -2.42349e-13
18180 -2.46757e-13
18190 -2.44226e-13
18200 -2.33429e-13
18210 -2.30568e-13
18220 -2.41589e-13
18230 -2.35936e-13
18240 -2.38758e-13
18250 -2.3351e-13
18260 -2.37465e-13
18270 -2.2579e-13
18280 -2.2959e-13
18290 -2.30899e-13
18300 -2.33611e-13
18310 -2.35995e-13
18320 -2.26433e-13
18330 -2.39158e-13
18340 -2.34802e-13
18350 -2.43012e-13
18360 -2.4486e-13
18370 -2.37969e-13
18380 -2.43473e-13
18390 -2.33493e-13
18400 -2.32686e-13
18410 -2.48816e-13
18420 -2.28664e-13
18430 -2.36889e-13
18440 -2.33324e-13
18450 -2.4789e-13
18460 -2.47047e-13
18470 -2.53194e-13
18480 -2.58658e-13
18490 -2.57333e-13
18500 -2.542e-13
18510 -2.49253e-13
18520 -2.55349e-13
18530 -2.58332e-13
18540 -2.42989e-13
18550 -2.43409e-13
18560 -2.2896e-13
18570 -2.34098e-13
18580 -2.178e-13
18590 -2.21481e-13
18600 -2.30531e-13
18610 -2.32606e-13
18620 -2.21283e-13
18630 -2.22582e-13
18640 -2.29262e-13
18650 -2.43231e-13
18660 -2.41774e-13
18670 -2.36673e-13
18680 -2.31153e-13
18690 -2.18724e-13
18700 -2.2145e-13
18710 -2.25076e-13
18720 -2.35909e-13
18730 -2.28889e-13
18740 -2.27005e-13
18750 -2.33651e-13
18760 -2.32572e-13
18770 -2.23083e-13
18780 -2.18313e-13
18790 -2.41577e-13
18800 -2.38746e-13
18810 -2.37315e-13
18820 -2.37512e-13
18830 -2.48291e-13
18840 -2.46164e-13
18850 -2.50095e-13
18860 -2.57779e-13
18870 -2.56643e-13
18880 -2.55953e-13
18890 -2.74435e-13
18900 -2.69192e-13
18910 -2.82132e-13
18920 -2.71421e-13
18930 -2.73586e-13
18940 -2.69619e-13
18950 -2.6523e-13
18960 -2.68634e-13
18970 -2.57763e-13
18980 -2.68765e-13
18990 -2.58409e-13
19000 -2.56774e-13
19010 -2.58818e-13
19020 -2.53447e-13
19030 -2.53023e-13
19040 -2.55669e-13
19050 -2.64833e-13
19060 -2.55611e-13
19070 -2.64061e-13
19080 -2.51206e-13
19090 -2.52273e-13
19100 -2.46083e-13
19110 -2.38465e-13
19120 -2.41884e-13
19130 -2.28021e-13
19140 -2.3844e-13
19150 -2.37538e-13
19160 -2.37488e-13
19170 -2.37206e-13
19180 -2.16072e-13
19190 -2.06508e-13
19200 -2.01452e-13
19210 -1.9875e-13
19220 -1.86025e-13
19230 -1.9401e-13
19240 -1.96279e-13
19250 -2.1395e-13
19260 -2.04164e-13
19270 -2.07361e-13
19280 -1.90587e-13
19290 -1.89786e-13
19300 -1.81344e-13
19310 -1.83345e-13
19320 -1.80624e-13
19330 -1.72062e-13
19340 -1.64379e-13
19350 -1.65586e-13
19360 -1.58205e-13
19370 -1.526e-13
19380 -1.55057e-13
19390 -1.60628e-13
19400 -1.51873e-13
19410 -1.42397e-13
19420 -1.32632e-13
19430 -1.28975e-13
19440 -1.41486e-13
19450 -1.34707e-13
19460 -1.32791e-13
19470 -1.17752e-13
19480 -1.27399e-13
19490 -1.29443e-13
19500 -1.32562e-13
19510 -1.33161e-13
19520 -1.42114e-13
19530 -1.34621e-13
19540 -1.2672e-13
19550 -1.22372e-13
19560 -1.33343e-13
19570 -1.28769e-13
19580 -1.20138e-13
19590 -1.27093e-13
19600 -1.40645e-13
19610 -1.35192e-13
19620 -1.30289e-13
19630 -1.27678e-13
19640 -1.19567e-13
19650 -1.23181e-13
19660 -1.19575e-13
19670 -1.31561e-13
19680 -1.30582e-13
19690 -1.31762e-13
19700 -1.3121e-13
19710 -1.35141e-13
19720 -1.35545e-13
19730 -1.36506e-13
19740 -1.44998e-13
19750 -1.53811e-13
19760 -1.56104e-13
19770 -1.39879e-13
19780 -1.21592e-13
19790 -1.42024e-13
19800 -1.30751e-13
19810 -1.39863e-13
19820 -1.28781e-13
19830 -1.24793e-13
19840 -1.25033e-13
19850 -1.2089e-13
19860 -1.22063e-13
19870 -1.24102e-13
19880 -1.23083e-13
19890 -1.25836e-13
19900 -1.26315e-13
19910 -1.30323e-13
19920 -1.44839e-13
19930 -1.48519e-13
19940 -1.41255e-13
19950 -1.48495e-13
19960 -1.54246e-13
19970 -1.63242e-13
19980 -1.581e-13
19990 -1.56879e-13
20000 -1.77306e-13
20010 -1.67027e-13
20020 -1.78694e-13
20030 -1.70302e-13
20040 -1.73007e-13
20050 -1.73529e-13
20060 -1.66667e-13
20070 -1.7326e-13
20080 -1.61125e-13
20090 -1.63444e-13
20100 -1.53597e-13
20110 -1.57917e-13
20120 -1.71514e-13
20130 -1.67241e-13
20140 -1.66526e-13
20150 -1.78572e-13
20160 -1.81321e-13
20170 -1.75802e-13
20180 -1.79942e-13
20190 -1.65868e-13
20200 -1.73488e-13
20210 -1.71377e-13
20220 -1.67105e-13
20230 -1.76035e-13
20240 -1.67327e-13
20250 -1.76021e-13
20260 -1.6007e-13
20270 -1.69128e-13
20280 -1.54302e-13
20290 -1.5988e-13
20300 -1.47452e-13
20310 -1.42156e-13
20320 -1.52324e-13
20330 -1.34884e-13
20340 -1.36714e-13
20350 -1.31972e-13
20360 -1.38066e-13
20370 -1.39734e-13
20380 -1.48232e-13
20390 -1.45723e-13
20400 -1.50718e-13
20410 -1.44146e-13
20420 -1.39692e-13
20430 -1.49799e-13
20440 -1.52054e-13
20450 -1.63684e-13
20460 -1.51691e-13
20470 -1.50739e-13
20480 -1.45275e-13
20490 -1.48081e-13
20500 -1.43642e-13
20510 -1.42436e-13
20520 -1.5461e-13
20530 -1.71619e-13
20540 -1.69421e-13
20550 -1.66626e-13
20560 -1.65758e-13
20570 -1.63729e-13
20580 -1.62803e-13
20590 -1.71015e-13
20600 -1.8551e-13
20610 -1.74951e-13
20620 -1.94974e-13
20630 -1.67272e-13
20640 -1.71135e-13
20650 -1.76102e-13
20660 -1.81488e-13
20670 -1.58517e-13
20680 -1.64985e-13
20690 -1.48295e-13
20700 -1.45956e-13
20710 -1.47677e-13
20720 -1.57357e-13
20730 -1.37826e-13
20740 -1.5006e-13
20750 -1.60077e-13
20760 -1.50229e-13
20770 -1.47669e-13
20780 -1.63486e-13
20790 -1.59024e-13
20800 -1.70477e-13
20810 -1.72731e-13
20820 -1.72847e-13
20830 -1.78268e-13
20840 -1.70989e-13
20850 -1.54681e-13
20860 -1.56438e-13
20870 -1.67793e-13
20880 -1.68125e-13
20890 -1.70987e-13
20900 -1.72638e-13
20910 -1.59557e-13
20920 -1.77e-13
20930 -1.73181e-13
20940 -1.67484e-13
20950 -1.54171e-13
20960 -1.4961e-13
20970 -1.49684e-13
20980 -1.61403e-13
20990 -1.50682e-13
21000 -1.47085e-13
21010 -1.53683e-13
21020 -1.62885e-13
21030 -1.60675e-13
21040 -1.57016e-13
21050 -1.50687e-13
21060 -1.56757e-13
21070 -1.52092e-13
21080 -1.56342e-13
21090 -1.5221e-13
21100 -1.51567e-13
21110 -1.56465e-13
21120 -1.66135e-13
21130 -1.63103e-13
21140 -1.59979e-13
21150 -1.57052e-13
21160 -1.72417e-13
21170 -1.69225e-13
21180 -1.66245e-13
21190 -1.68012e-13
21200 -1.81605e-13
21210 -1.78502e-13
21220 -1.7462e-13
21230 -1.66047e-13
21240 -1.78536e-13
21250 -1.7278e-13
21260 -1.76064e-13
21270 -1.80749e-13
21280 -1.7465e-13
21290 -1.76594e-13
21300 -1.77504e-13
21310 -1.80599e-13
21320 -1.78608e-13
21330 -1.91453e-13
21340 -1.82496e-13
21350 -1.73535e-13
21360 -1.65367e-13
21370 -1.74853e-13
21380 -1.73095e-13
21390 -1.74457e-13
21400 -1.83451e-13
21410 -1.81808e-13
21420 -1.58412e-13
21430 -1.54194e-13
21440 -1.61791e-13
21450 -1.53601e-13
21460 -1.57249e-13
21470 -1.64264e-13
21480 -1.53307e-13
21490 -1.63941e-13
21500 -1.72573e-13
21510 -1.64664e-13
21520 -1.69546e-13
21530 -1.68032e-13
21540 -1.72066e-13
21550 -1.63685e-13
21560 -1.64393e-13
21570 -1.6141e-13
21580 -1.65587e-13
21590 -1.74643e-13
21600 -1.68043e-13
21610 -1.66374e-13
21620 -1.59422e-13
21630 -1.70555e-13
21640 -1.7642e-13
21650 -1.77716e-13
21660 -1.84678e-13
21670 -1.79649e-13
21680 -1.80584e-13
21690 -1.81863e-13
21700 -1.80188e-13
21710 -1.68575e-13
21720 -1.66649e-13
21730 -1.79789e-13
21740 -1.84885e-13
21750 -1.86893e-13
21760 -1.79586e-13
21770 -1.83866e-13
21780 -1.86879e-13
21790 -1.72467e-13
21800 -1.71826e-13
21810 -1.78103e-13
21820 -1.66338e-13
21830 -1.7159e-13
21840 -1.6625e-13
21850 -1.65348e-13
21860 -1.71332e-13
21870 -1.69523e-13
21880 -1.70983e-13
21890 -1.58232e-13
21900 -1.61779e-13
21910 -1.75903e-13
21920 -1.80866e-13
21930 -1.84455e-13
21940 -1.88671e-13
21950 -1.84013e-13
21960 -1.87449e-13
21970 -1.95198e-13
21980 -1.89929e-13
21990 -1.85588e-13
22000 -1.97365e-13
22010 -2.16489e-13
22020 -2.10537e-13
22030 -1.95831e-13
22040 -1.9015e-13
22050 -1.99524e-13
22060 -2.02576e-13
22070 -1.97805e-13
22080 -2.00126e-13
22090 -1.9452e-13
22100 -2.07799e-13
22110 -2.23275e-13
22120 -2.0411e-13
22130 -1.95862e-13
22140 -1.89415e-13
22150 -1.98646e-13
22160 -2.08769e-13
22170 -2.08322e-13
22180 -1.85927e-13
22190 -1.73785e-13
22200 -1.84957e-13
22210 -1.7919e-13
22220 -1.72094e-13
22230 -1.48383e-13
22240 -1.58101e-13
22250 -1.66397e-13
22260 -1.68562e-13
22270 -1.51298e-13
22280 -1.54377e-13
22290 -1.61059e-13
22300 -1.5896e-13
22310 -1.50281e-13
22320 -1.42976e-13
22330 -1.48074e-13
22340 -1.51138e-13
22350 -1.58649e-13
22360 -1.49451e-13
22370 -1.35472e-13
22380 -1.42463e-13
22390 -1.34126e-13
22400 -1.35164e-13
22410 -1.41847e-13
22420 -1.47515e-13
22430 -1.43181e-13
22440 -1.38431e-13
22450 -1.34092e-13
22460 -1.21222e-13
22470 -1.41102e-13
22480 -1.45626e-13
22490 -1.47619e-13
22500 -1.53719e-13
22510 -1.41128e-13
22520 -1.46991e-13
22530 -1.51874e-13
22540 -1.52421e-13
22550 -1.42568e-13
22560 -1.48802e-13
22570 -1.42744e-13
22580 -1.40876e-13
22590 -1.38256e-13
22600 -1.50114e-13
22610 -1.30477e-13
22620 -1.29361e-13
22630 -1.48816e-13
22640 -1.44483e-13
22650 -1.44088e-13
22660 -1.58024e-13
22670 -1.5714e-13
22680 -1.49647e-13
22690 -1.49513e-13
22700 -1.59499e-13
22710 -1.56356e-13
22720 -1.51092e-13
22730 -1.52442e-13
22740 -1.48126e-13
22750 -1.42877e-13
22760 -1.55102e-13
22770 -1.63361e-13
22780 -1.63574e-13
22790 -1.74904e-13
22800 -1.85494e-13
22810 -1.80103e-13
22820 -1.8415e-13
22830 -2.04473e-13
22840 -2.06192e-13
22850 -2.08142e-13
22860 -2.11317e-13
22870 -2.06267e-13
22880 -2.0449e-13
22890 -2.03205e-13
22900 -2.03951e-13
22910 -2.09757e-13
22920 -2.10849e-13
22930 -2.17243e-13
22940 -2.29937e-13
22950 -2.22239e-13
22960 -2.23393e-13
22970 -2.16616e-13
22980 -2.18497e-13
22990 -2.13638e-13
23000 -2.07028e-13
23010 -2.0578e-13
23020 -2.1279e-13
23030 -2.17006e-13
23040 -2.15532e-13
23050 -2.23464e-13
23060 -2.18266e-13
23070 -2.18472e-13
23080 -2.25055e-13
23090 -2.26e-13
23100 -2.03208e-13
23110 -2.00752e-13
23120 -1.95949e-13
23130 -1.90374e-13
23140 -1.86875e-13
23150 -1.99611e-13
23160 -2.06161e-13
23170 -1.91596e-13
23180 -1.97712e-13
23190 -2.00686e-13
23200 -1.84986e-13
23210 -1.8165e-13
23220 -1.77512e-13
23230 -1.81096e-13
23240 -1.8727e-13
23250 -1.80543e-13
23260 -1.78631e-13
23270 -1.77167e-13
23280 -1.6892e-13
23290 -1.71753e-13
23300 -1.73403e-13
23310 -1.87526e-13
23320 -1.91738e-13
23330 -1.85884e-13
23340 -1.93073e-13
23350 -1.83266e-13
23360 -1.88894e-13
23370 -1.80594e-13
23380 -1.82962e-13
23390 -1.85965e-13
23400 -1.72747e-13
23410 -1.6581e-13
23420 -1.70727e-13
23430 -1.58463e-13
23440 -1.51212e-13
23450 -1.39216e-13
23460 -1.46887e-13
23470 -1.45552e-13
23480 -1.45764e-13
23490 -1.40158e-13
23500 -1.35066e-13
23510 -1.35241e-13
23520 -1.29944e-13
23530 -1.16419e-13
23540 -1.24995e-13
23550 -1.16853e-13
23560 -1.15689e-13
23570 -1.31399e-13
23580 -1.12735e-13
23590 -1.20393e-13
23600 -1.1915e-13
23610 -1.27912e-13
23620 -1.28753e-13
23630 -1.06347e-13
23640 -1.05886e-13
23650 -1.01802e-13
23660 -1.10293e-13
23670 -1.13546e-13
23680 -1.09632e-13
23690 -1.07143e-13
23700 -9.17798e-14
23710 -8.35559e-14
23720 -1.03206e-13
23730 -9.38628e-14
23740 -9.39014e-14
23750 -9.36181e-14
23760 -8.42435e-14
23770 -1.06305e-13
23780 -8.87053e-14
23790 -8.60556e-14
23800 -8.101e-14
23810 -7.9445e-14
23820 -7.56796e-14
23830 -7.49839e-14
23840 -6.95368e-14
23850 -7.69011e-14
23860 -8.44189e-14
23870 -1.10328e-13
23880 -1.01887e-13
23890 -1.00504e-13
23900 -9.53491e-14
23910 -9.78677e-14
23920 -9.84681e-14
23930 -8.97679e-14
23940 -1.04472e-13
23950 -1.05407e-13
23960 -9.79043e-14
23970 -1.09361e-13
23980 -1.05112e-13
23990 -1.19379e-13
24000 -1.11249e-13
24010 -9.50239e-14
24020 -1.00827e-13
24030 -9.42623e-14
24040 -1.0169e-13
24050 -9.47073e-14
24060 -1.0887e-13
24070 -1.0009e-13
24080 -1.01994e-13
24090 -1.04969e-13
24100 -1.08674e-13
24110 -1.13972e-13
24120 -1.15475e-13
24130 -1.09363e-13
24140 -1.03065e-13
24150 -1.13793e-13
24160 -1.23659e-13
24170 -1.30108e-13
24180 -1.35787e-13
24190 -1.32146e-13
24200 -1.2425e-13
24210 -1.24987e-13
24220 -1.30741e-13
24230 -1.07904e-13
24240 -1.29058e-13
24250 -1.16842e-13
24260 -1.26222e-13
24270 -1.18957e-13
24280 -1.15964e-13
24290 -9.72164e-14
24300 -9.04825e-14
24310 -1.01645e-13
24320 -9.72555e-14
24330 -9.51071e-14
24340 -1.09704e-13
24350 -1.17305e-13
24360 -1.18664e-13
24370 -1.06771e-13
24380 -1.25864e-13
24390 -1.14641e-13
24400 -1.27239e-13
24410 -1.18204e-13
24420 -1.21416e-13
24430 -1.09254e-13
24440 -1.06555e-13
24450 -1.12782e-13
24460 -1.23364e-13
24470 -1.35262e-13
24480 -1.23127e-13
24490 -1.23755e-13
24500 -1.02926e-13
24510 -9.6876e-14
24520 -1.02337e-13
24530 -1.0154e-13
24540 -9.3832e-14
24550 -9.05968e-14
24560 -9.70385e-14
24570 -1.08056e-13
24580 -1.17072e-13
24590 -1.27167e-13
24600 -1.22959e-13
24610 -1.39088e-13
24620 -1.36509e-13
24630 -1.48824e-13
24640 -1.45816e-13
24650 -1.35199e-13
24660 -1.35162e-13
24670 -1.36011e-13
24680 -1.48425e-13
24690 -1.50108e-13
24700 -1.3705e-13
24710 -1.34859e-13
24720 -1.40044e-13
24730 -1.60433e-13
24740 -1.47939e-13
24750 -1.53932e-13
24760 -1.54724e-13
24770 -1.55748e-13
24780 -1.6505e-13
24790 -1.67725e-13
24800 -1.57177e-13
24810 -1.57594e-13
24820 -1.75723e-13
24830 -1.80549e-13
24840 -1.84471e-13
24850 -1.71909e-13
24860 -1.72661e-13
24870 -1.8213e-13
24880 -1.90362e-13
24890 -1.71582e-13
24900 -1.84189e-13
24910 -1.85541e-13
24920 -1.85503e-13
24930 -1.84973e-13
24940 -1.8595e-13
24950 -1.70227e-13
24960 -1.54342e-13
24970 -1.63194e-13
24980 -1.72835e-13
24990 -1.78927e-13
25000 -1.63241e-13
25010 -1.55404e-13
25020 -1.64203e-13
25030 -1.54305e-13
25040 -1.52053e-13
25050 -1.36549e-13
25060 -1.49403e-13
25070 -1.44148e-13
25080 -1.3683e-13
25090 -1.3682e-13
25100 -1.54351e-13
25110 -1.4798e-13
25120 -1.5171e-13
25130 -1.73754e-13
25140 -1.62094e-13
25150 -1.61154e-13
25160 -1.57916e-13
25170 -1.71975e-13
25180 -1.67283e-13
25190 -1.58463e-13
25200 -1.4723e-13
25210 -1.36929e-13
25220 -1.41393e-13
25230 -1.4929e-13
25240 -1.32514e-13
25250 -1.32801e-13
25260 -1.38051e-13
25270 -1.34337e-13
25280 -1.46383e-13
25290 -1.41921e-13
25300 -1.52257e-13
25310 -1.44649e-13
25320 -1.40515e-13
25330 -1.50755e-13
25340 -1.43698e-13
25350 -1.3235e-13
25360 -1.37911e-13
25370 -1.29174e-13
25380 -1.23163e-13
25390 -1.37041e-13
25400 -1.44734e-13
25410 -1.41332e-13
25420 -1.46688e-13
25430 -1.51733e-13
25440 -1.57482e-13
25450 -1.61055e-13
25460 -1.56876e-13
25470 -1.53063e-13
25480 -1.66852e-13
25490 -1.74806e-13
25500 -1.71284e-13
25510 -1.83567e-13
25520 -1.74391e-13
25530 -1.71373e-13
25540 -1.67273e-13
25550 -1.76005e-13
25560 -1.54668e-13
25570 -1.5887e-13
25580 -1.70768e-13
25590 -1.78912e-13
25600 -1.8394e-13
25610 -1.79869e-13
25620 -1.85431e-13
25630 -1.9738e-13
25640 -1.76794e-13
25650 -1.84737e-13
25660 -1.92736e-13
25670 -1.84518e-13
25680 -1.74329e-13
25690 -1.85085e-13
25700 -1.87824e-13
25710 -1.85117e-13
25720 -1.77173e-13
25730 -1.66052e-13
25740 -1.63588e-13
25750 -1.78862e-13
25760 -1.75621e-13
25770 -1.65227e-13
25780 -1.61276e-13
25790 -1.62911e-13
25800 -1.73402e-13
25810 -1.63452e-13
25820 -1.75347e-13
25830 -1.58437e-13
25840 -1.60458e-13
25850 -1.58913e-13
25860 -1.54885e-13
25870 -1.55973e-13
25880 -1.4916e-13
25890 -1.50631e-13
25900 -1.72123e-13
25910 -1.697e-13
25920 -1.66659e-13
25930 -1.63921e-13
25940 -1.58749e-13
25950 -1.46938e-13
25960 -1.48278e-13
25970 -1.52491e-13
25980 -1.51742e-13
25990 -1.33992e-13
26000 -1.47648e-13
26010 -1.44937e-13
26020 -1.14198e-13
26030 -1.31406e-13
26040 -1.51999e-13
26050 -1.60315e-13
26060 -1.39973e-13
26070 -1.45388e-13
26080 -1.37024e-13
26090 -1.4157e-13
26100 -1.31347e-13
26110 -9.98745e-14
26120 -1.129e-13
26130 -1.2024e-13
26140 -1.09346e-13
26150 -9.32033e-14
26160 -9.24967e-14
26170 -9.3906e-14
26180 -1.05999e-13
26190 -8.8779e-14
26200 -6.84937e-14
26210 -7.24124e-14
26220 -6.96064e-14
26230 -7.45547e-14
26240 -7.47958e-14
26250 -6.07862e-14
26260 -5.80487e-14
26270 -6.5316e-14
26280 -8.07123e-14
26290 -6.14664e-14
26300 -5.00757e-14
26310 -6.50165e-14
26320 -6.98021e-14
26330 -5.87243e-14
26340 -5.97856e-14
26350 -4.58439e-14
26360 -3.44894e-14
26370 -4.00628e-14
26380 -2.80891e-14
26390 -3.70072e-14
26400 -1.62199e-14
26410 -3.29331e-14
26420 -3.1198e-14
26430 -1.81653e-14
26440 -1.13822e-14
26450 -8.8214e-15
26460 -1.98393e-14
26470 -6.07815e-15
26480 -8.86536e-15
26490 9.0277e-16
26500 -1.3921e-14
26510 -2.01514e-14
26520 -7.85026e-15
26530 -4.51503e-16
26540 2.01278e-17
26550 -1.11505e-14
26560 -2.30551e-14
26570 -2.20886e-14
26580 -2.28797e-14
26590 -2.23701e-14
26600 -1.52276e-14
26610 -1.98074e-14
26620 -1.19926e-14
26630 -6.39142e-15
26640 -7.8572e-16
26650 -6.09992e-15
26660 -1.30632e-15
26670 -1.0941e-14
26680 -9.5195e-15
26690 -7.09047e-15
26700 -3.61386e-15
26710 4.35616e-15
26720 -6.74211e-15
26730 -7.74033e-15
26740 2.29744e-15
26750 2.14448e-15
26760 -1.08306e-14
26770 -2.32277e-14
26780 3.42083e-15
26790 8.9028e-15
26800 -8.19855e-15
26810 -2.33484e-14
26820 -2.45446e-14
26830 -3.54693e-14
26840 -4.56158e-14
26850 -1.67483e-14
26860 -2.2133e-14
26870 -4.55068e-14
26880 -6.30351e-14
26890 -5.28666e-14
26900 -5.28026e-14
26910 -3.36039e-14
26920 -4.34332e-14
26930 -3.27347e-14
26940 -4.87452e-14
26950 -6.01034e-14
26960 -3.4878e-14
26970 -2.5857e-14
26980 -3.61044e-14
26990 -2.3996e-14
27000 -4.27969e-14
27010 -4.4791e-14
27020 -3.60451e-14
27030 -3.62822e-14
27040 -3.16239e-14
27050 -4.29868e-14
27060 -4.36467e-14
27070 -4.96732e-14
27080 -3.82844e-14
27090 -2.01115e-14
27100 -3.96716e-14
27110 -2.72455e-14
27120 -3.86587e-14
27130 -4.37776e-14
27140 -3.20338e-14
27150 -1.54627e-14
27160 -1.47836e-15
27170 -3.13688e-14
27180 -3.19422e-14
27190 -2.53873e-14
27200 -3.38269e-14
27210 -1.97962e-14
27220 -2.669e-14
27230 -1.92611e-14
27240 -3.16584e-14
27250 -1.51186e-14
27260 -2.89527e-14
27270 -3.30116e-15
27280 -1.38878e-14
27290 -2.97876e-14
27300 -8.79022e-15
27310 -2.06926e-14
27320 -2.87318e-14
27330 -2.47121e-15
27340 -8.13951e-15
27350 -1.12805e-14
27360 -1.37002e-14
27370 -6.05886e-15
27380 -3.60988e-15
27390 -3.5313e-15
27400 -1.20215e-14
27410 -5.17498e-15
27420 -7.46048e-15
27430 6.65918e-16
27440 -1.84382e-15
27450 2.08668e-14
27460 3.96901e-14
27470 1.88323e-14
27480 -2.35828e-15
27490 -3.07088e-15
27500 2.66685e-14
27510 3.7929e-14
27520 2.38861e-14
27530 -2.35578e-15
27540 3.62701e-15
27550 9.10518e-15
27560 1.62741e-14
27570 1.73654e-14
27580 2.19984e-15
27590 2.23458e-14
27600 3.93898e-14
27610 2.33407e-14
27620 1.75998e-14
27630 1.13724e-14
27640 9.04305e-15
27650 1.7065e-14
27660 2.3242e-14
27670 4.0924e-15
27680 3.80202e-15
27690 2.33418e-14
27700 1.25301e-14
27710 5.76755e-15
27720 5.08181e-15
27730 -4.74779e-15
27740 1.27037e-14
27750 2.22225e-14
27760 8.1458e-16
27770 -1.93429e-14
27780 -1.33105e-14
27790 -2.67824e-15
27800 4.31589e-15
27810 5.70751e-15
27820 4.49652e-15
27830 -1.39504e-14
27840 -8.93316e-15
27850 -9.0768e-15
27860 -1.07305e-14
27870 -1.11552e-14
27880 -1.98124e-14
27890 -3.13373e-14
27900 -4.64746e-14
27910 -5.63177e-14
27920 -8.5234e-14
27930 -1.08188e-13
27940 -1.45618e-13
27950 -1.94317e-13
27960 -2.72967e-13
27970 -3.75785e-13
27980 -5.14793e-13
27990 -7.1673e-13
28000 -9.99315e-13
28010 -1.36045e-12
28020 -1.87627e-12
28030 -2.57789e-12
28040 -3.54933e-12
28050 -4.86689e-12
28060 -6.67244e-12
28070 -9.12378e-12
28080 -1.24344e-11
28090 -1.69672e-11
28100 -2.31104e-11
28110 -3.14231e-11
28120 -4.26635e-11
28130 -5.78215e-11
28140 -7.82514e-11
28150 -1.05729e-10
28160 -1.42593e-10
28170 -1.92061e-10
28180 -2.58282e-10
28190 -3.46757e-10
28200 -4.64808e-10
28210 -6.22014e-10
28220 -8.31064e-10
28230 -1.10859e-09
28240 -1.47643e-09
28250 -1.96318e-09
28260 -2.60615e-09
28270 -3.45408e-09
28280 -4.5705e-09
28290 -6.03793e-09
28300 -7.96356e-09
28310 -1.04862e-08
28320 -1.37854e-08
28330 -1.80929e-08
28340 -2.37076e-08
28350 -3.10138e-08
28360 -4.05049e-08
28370 -5.28135e-08
28380 -6.87489e-08
28390 -8.93447e-08
28400 -1.15919e-07
28410 -1.50147e-07
28420 -1.9416e-07
28430 -2.50658e-07
28440 -3.23056e-07
28450 -4.1567e-07
28460 -5.33942e-07
28470 -6.84717e-07
28480 -8.76596e-07
28490 -1.12036e-06
28500 -1.4295e-06
28510 -1.82086e-06
28520 -2.31546e-06
28530 -2.93941e-06
28540 -3.72518e-06
28550 -4.71299e-06
28560 -5.95258e-06
28570 -7.50539e-06
28580 -9.44711e-06
28590 -1.18708e-05
28600 -1.48908e-05
28610 -1.8647e-05
28620 -2.33105e-05
28630 -2.909e-05
28640 -3.62399e-05
28650 -4.50689e-05
28660 -5.59517e-05
28670 -6.93418e-05
28680 -8.57868e-05
28690 -0.000105947
28700 -0.000130616
28710 -0.000160747
28720 -0.000197482
28730 -0.000242185
28740 -0.000296485
28750 -0.000362319
28760 -0.000441989
28770 -0.000538221
28780 -0.000654243
28790 -0.000793861
28800 -0.000961556
28810 -0.0011626
28820 -0.00140315
28830 -0.00169045
28840 -0.00203291
28850 -0.00244034
28860 -0.00292415
28870 -0.00349754
28880 -0.00417579
28890 -0.00497651
28900 -0.00591997
28910 -0.00702946
28920 -0.00833164
28930 -0.00985695
28940 -0.0116401
28950 -0.0137206
28960 -0.0161431
28970 -0.0189582
28980 -0.022223
28990 -0.0260017
29000 -0.0303664
29010 -0.0353977
29020 -0.0411855
29030 -0.0478299
29040 -0.0554421
29050 -0.0641449
29060 -0.0740739
29070 -0.0853782
29080 -0.0982213
29090 -0.112782
29100 -0.129255
29110 -0.147851
29120 -0.1688
29130 -0.192347
29140 -0.218759
29150 -0.248318
29160 -0.281327
29170 -0.318107
29180 -0.358999
29190 -0.40436
29200 -0.454564
29210 -0.510004
29220 -0.571084
29230 -0.638223
29240 -0.711851
29250 -0.792406
29260 -0.88033
29270 -0.976069
29280 -1.08007
29290 -1.19276
29300 -1.31457
29310 -1.44592
29320 -1.58719
29330 -1.73874
29340 -1.90091
29350 -2.07398
29360 -2.25819
29370 -2.45374
29380 -2.66075
29390 -2.87928
29400 -3.10933
29410 -3.35079
29420 -3.60348
29430 -3.86713
29440 -4.14136
29450 -4.42568
29460 -4.7195
29470 -5.02212
29480 -5.33272
29490 -5.65034
29500 -5.97394
29510 -6.30233
29520 -6.63422
29530 -6.9682
29540 -7.30274
29550 -7.63622
29560 -7.96693
29570 -8.29305
29580 -8.6127
29590 -8.92391
29600 -9.22469
29610 -9.51297
29620 -9.78667
29630 -10.0437
29640 -10.282
29650 -10.4995
29660 -10.6941
29670 -10.8639
29680 -11.007
29690 -11.1215
29700 -11.2058
29710 -11.2584
29720 -11.2776
29730 -11.2623
29740 -11.2114
29750 -11.1239
29760 -10.9991
29770 -10.8364
29780 -10.6356
29790 -10.3964
29800 -10.119
29810 -9.8038
29820 -9.45129
29830 -9.06228
29840 -8.63777
29850 -8.179
29860 -7.68741
29870 -7.16465
29880 -6.61256
29890 -6.03319
29900 -5.42872
29910 -4.80154
29920 -4.15414
29930 -3.48917
29940 -2.80937
29950 -2.11761
29960 -1.4168
29970 -0.709919
29980 0
