-20 0
0 7.93742e-05
20 0.000247501
40 0.000421791
60 0.000525575
80 0.000656485
100 0.000900811
120 0.00116741
140 0.00138343
160 0.00165657
180 0.00207164
200 0.00253764
220 0.00299194
240 0.00353401
260 0.00423493
280 0.0050362
300 0.00590557
320 0.00688929
340 0.0080156
360 0.00930541
380 0.0107867
400 0.0124137
420 0.014142
440 0.0160693
460 0.018285
480 0.0207021
500 0.0232371
520 0.0259481
540 0.0288826
560 0.032037
580 0.0354278
600 0.038995
620 0.0426204
640 0.0463315
660 0.0502227
680 0.0542626
700 0.0583896
720 0.0625566
740 0.0666345
760 0.0705546
780 0.0743926
800 0.0781676
820 0.0818398
840 0.0854065
860 0.0887617
880 0.0917354
900 0.0942765
920 0.0963464
940 0.0978986
960 0.0990256
980 0.0998206
1000 0.100314
1020 0.100622
1040 0.100825
1060 0.100916
1080 0.100966
1100 0.10101
1120 0.101009
1140 0.101009
1160 0.101026
1180 0.101009
1200 0.101006
1220 0.101017
1240 0.100998
1260 0.100997
1280 0.101006
1300 0.100986
1320 0.100991
1340 0.100995
1360 0.100977
1380 0.100987
1400 0.100986
1420 0.100971
1440 0.100985
1460 0.100979
1480 0.100971
1500 0.100986
1520 0.100974
1540 0.100974
1560 0.100986
1580 0.100972
1600 0.10098
1620 0.100986
1640 0.100973
1660 0.100988
1680 0.100983
1700 0.100978
1720 0.100993
1740 0.100981
1760 0.100986
1780 0.100994
1800 0.100981
1820 0.100994
1840 0.100991
1860 0.100985
1880 0.100999
1900 0.100987
1920 0.100992
1940 0.100998
1960 0.100986
1980 0.100999
2000 0.100992
2020 0.100991
2040 0.101001
2060 0.100988
2080 0.100998
2100 0.100996
2120 0.10099
2140 0.101002
2160 0.10099
2180 0.100997
2200 0.100998
2220 0.100989
2240 0.101002
2260 0.100991
2280 0.100996
2300 0.100998
2320 0.100989
2340 0.101001
2360 0.100991
2380 0.100996
2400 0.100998
2420 0.10099
2440 0.101001
2460 0.100991
2480 0.100997
2500 0.100997
2520 0.100991
2540 0.101001
2560 0.10099
2580 0.100998
2600 0.100995
2620 0.100992
2640 0.101
2660 0.10099
2680 0.101
2700 0.100993
2720 0.100995
2740 0.100998
2760 0.10099
2780 0.101001
2800 0.100991
2820 0.100998
2840 0.100995
2860 0.100993
2880 0.101
2900 0.10099
2920 0.101
2940 0.100992
2960 0.100997
2980 0.100996
3000 0.100992
3020 0.101
3040 0.100991
3060 0.101
3080 0.100992
3100 0.100997
3120 0.100996
3140 0.100993
3160 0.100999
3180 0.100991
3200 0.101
3220 0.100992
3240 0.100998
3260 0.100995
3280 0.100994
3300 0.100998
3320 0.100992
3340 0.100999
3360 0.100991
3380 0.100999
3400 0.100993
3420 0.100997
3440 0.100995
3460 0.100994
3480 0.100998
3500 0.100992
3520 0.100999
3540 0.100992
3560 0.100999
3580 0.100993
3600 0.100997
3620 0.100995
3640 0.100995
3660 0.100997
3680 0.100993
3700 0.100998
3720 0.100992
3740 0.100999
3760 0.100992
3780 0.100998
3800 0.100993
3820 0.100997
3840 0.100994
3860 0.100995
3880 0.100996
3900 0.100994
3920 0.100997
3940 0.100993
3960 0.100998
3980 0.100993
4000 0.100998
4020 0.100993
4040 0.100998
4060 0.100993
4080 0.100997
4100 0.100994
4120 0.100996
4140 0.100995
4160 0.100995
4180 0.100996
4200 0.100995
4220 0.100996
4240 0.100994
4260 0.100997
4280 0.100994
4300 0.100997
4320 0.100994
4340 0.100997
4360 0.100994
4380 0.100997
4400 0.100994
4420 0.100997
4440 0.100994
4460 0.100996
4480 0.100994
4500 0.100996
4520 0.100995
4540 0.100996
4560 0.100995
4580 0.100996
4600 0.100995
4620 0.100995
4640 0.100995
4660 0.100995
4680 0.100995
4700 0.100995
4720 0.100995
4740 0.100995
4760 0.100996
4780 0.100995
4800 0.100996
4820 0.100995
4840 0.100995
4860 0.100995
4880 0.100995
4900 0.100995
4920 0.100995
4940 0.100995
4960 0.100995
4980 0.100995
5000 0.100995
5020 0.100995
5040 0.100995
5060 0.100995
5080 0.100995
5100 0.100995
5120 0.100995
5140 0.100995
5160 0.100995
5180 0.100995
5200 0.100995
5220 0.100995
5240 0.100995
5260 0.100995
5280 0.100995
5300 0.100995
5320 0.100996
5340 0.100995
5360 0.100996
5380 0.100995
5400 0.100996
5420 0.100995
5440 0.100996
5460 0.100995
5480 0.100996
5500 0.100994
5520 0.100997
5540 0.100994
5560 0.100997
5580 0.100994
5600 0.100997
5620 0.100994
5640 0.100997
5660 0.100993
5680 0.100997
5700 0.100993
5720 0.100997
5740 0.100993
5760 0.100997
5780 0.100993
5800 0.100997
5820 0.100994
5840 0.100997
5860 0.100994
5880 0.100996
5900 0.100994
5920 0.100996
5940 0.100995
5960 0.100995
5980 0.100996
6000 0.100994
6020 0.100997
6040 0.100993
6060 0.100998
6080 0.100993
6100 0.100998
6120 0.100992
6140 0.100999
6160 0.100992
6180 0.100999
6200 0.100992
6220 0.100998
6240 0.100993
6260 0.100998
6280 0.100993
6300 0.100996
6320 0.100995
6340 0.100995
6360 0.100996
6380 0.100993
6400 0.100998
6420 0.100992
6440 0.100999
6460 0.100991
6480 0.100999
6500 0.10099
6520 0.100998
6540 0.100989
6560 0.100996
6580 0.100989
6600 0.100992
6620 0.100989
6640 0.100986
6660 0.100986
6680 0.100977
6700 0.100979
6720 0.100965
6740 0.100967
6760 0.100946
6780 0.100944
6800 0.100919
6820 0.100907
6840 0.100875
6860 0.100848
6880 0.100808
6900 0.100757
6920 0.100703
6940 0.100622
6960 0.100544
6980 0.100424
7000 0.100306
7020 0.100139
7040 0.099962
7060 0.0997324
7080 0.0994731
7100 0.0991626
7120 0.0987951
7140 0.0983773
7160 0.0978737
7180 0.0973159
7200 0.0966466
7220 0.0959096
7240 0.0950444
7260 0.0940854
7280 0.0929919
7300 0.0917704
7320 0.0904143
7340 0.0888958
7360 0.0872441
7380 0.0854039
7400 0.0834277
7420 0.0812558
7440 0.0789371
7460 0.0764373
7480 0.0737782
7500 0.0709695
7520 0.0679968
7540 0.064916
7560 0.0616858
7580 0.0583877
7600 0.0549846
7620 0.0515475
7640 0.0480769
7660 0.0446058
7680 0.0411869
7700 0.0378102
7720 0.0345695
7740 0.0314326
7760 0.028497
7780 0.0257485
7800 0.0232439
7820 0.0210169
7840 0.0190641
7860 0.017463
7880 0.0161651
7900 0.0152545
7920 0.0146782
7940 0.0144705
7960 0.0146132
7980 0.0150549
8000 0.0158159
8020 0.016785
8040 0.0179975
8060 0.0193642
8080 0.0209121
8100 0.0226441
8120 0.0245388
8140 0.0266586
8160 0.0289019
8180 0.0313031
8200 0.0337643
8220 0.0362872
8240 0.0388884
8260 0.0415185
8280 0.0442344
8300 0.0469132
8320 0.0495891
8340 0.0522183
8360 0.0548024
8380 0.057384
8400 0.0598525
8420 0.0622666
8440 0.0645565
8460 0.0667728
8480 0.0689179
8500 0.0709104
8520 0.0728244
8540 0.0745884
8560 0.0762831
8580 0.0778636
8600 0.07929
8620 0.0806527
8640 0.0818768
8660 0.0830375
8680 0.0840704
8700 0.0849945
8720 0.0858853
8740 0.0866415
8760 0.08735
8780 0.0879643
8800 0.0885202
8820 0.0890448
8840 0.0894457
8860 0.0898549
8880 0.0901999
8900 0.0904847
8920 0.0907618
8940 0.0909654
8960 0.0911904
8980 0.0913457
9000 0.091476
9020 0.0916378
9040 0.091712
9060 0.0918152
9080 0.0918971
9100 0.0919478
9120 0.0920249
9140 0.0920416
9160 0.0921029
9180 0.0921368
9200 0.0921317
9220 0.0921962
9240 0.0921884
9260 0.0921982
9280 0.0922378
9300 0.0922165
9320 0.0922458
9340 0.0922451
9360 0.0922426
9380 0.0922697
9400 0.0922406
9420 0.0922693
9440 0.0922712
9460 0.0922413
9480 0.092289
9500 0.09226
9520 0.0922525
9540 0.092295
9560 0.0922488
9580 0.0922693
9600 0.0922878
9620 0.0922462
9640 0.0922833
9660 0.0922737
9680 0.0922533
9700 0.0922891
9720 0.0922603
9740 0.0922662
9760 0.0922857
9780 0.0922529
9800 0.0922792
9820 0.0922763
9840 0.0922527
9860 0.0922884
9880 0.0922652
9900 0.092258
9920 0.0922922
9940 0.0922558
9960 0.0922659
9980 0.0922914
10000 0.0922541
10020 0.0922607
10040 0.0922941
10060 0.092264
10080 0.0922511
10100 0.0922906
10120 0.0922769
10140 0.0922464
10160 0.0922808
10180 0.0922892
10200 0.0922495
10220 0.0922674
10240 0.0922967
10260 0.092261
10280 0.0922552
10300 0.0922963
10320 0.092279
10340 0.092251
10360 0.0922886
10380 0.0922988
10400 0.0922607
10420 0.0922795
10440 0.0923161
10460 0.0922879
10480 0.092281
10500 0.092331
10520 0.0923333
10540 0.0923095
10560 0.0923541
10580 0.0923979
10600 0.0923836
10620 0.0924112
10640 0.0924917
10660 0.0925227
10680 0.0925453
10700 0.0926475
10720 0.0927535
10740 0.0928146
10760 0.0929348
10780 0.0931276
10800 0.0932926
10820 0.0934669
10840 0.09375
10860 0.0940817
10880 0.0944003
10900 0.0948064
10920 0.0953497
10940 0.0959368
10960 0.096573
10980 0.0973811
11000 0.0983542
11020 0.0994072
11040 0.100609
11060 0.102074
11080 0.103755
11100 0.1056
11120 0.107722
11140 0.110217
11160 0.11302
11180 0.116112
11200 0.119636
11220 0.123672
11240 0.128149
11260 0.133075
11280 0.138605
11300 0.144816
11320 0.151637
11340 0.159077
11360 0.167297
11380 0.17638
11400 0.186255
11420 0.196905
11440 0.208475
11460 0.22107
11480 0.234619
11500 0.249051
11520 0.26446
11540 0.280971
11560 0.298536
11580 0.317016
11600 0.336399
11620 0.356793
11640 0.378213
11660 0.400492
11680 0.423466
11700 0.447131
11720 0.471549
11740 0.496641
11760 0.522161
11780 0.547891
11800 0.573779
11820 0.59985
11840 0.626007
11860 0.651978
11880 0.677453
11900 0.702261
11920 0.726385
11940 0.749825
11960 0.772437
11980 0.793916
12000 0.813921
12020 0.832223
12040 0.848773
12060 0.863645
12080 0.876917
12100 0.888564
12120 0.898415
12140 0.906184
12160 0.911532
12180 0.914141
12200 0.91376
12220 0.910227
12240 0.903471
12260 0.893499
12280 0.880383
12300 0.864249
12320 0.845262
12340 0.823621
12360 0.799553
12380 0.773303
12400 0.745138
12420 0.715331
12440 0.684168
12460 0.651933
12480 0.618912
12500 0.585383
12520 0.551617
12540 0.517872
12560 0.484389
12580 0.451391
12600 0.419083
12620 0.387645
12640 0.357239
12660 0.327998
12680 0.300036
12700 0.273442
12720 0.248283
12740 0.224605
12760 0.202434
12780 0.181777
12800 0.162624
12820 0.144952
12840 0.128722
12860 0.113888
12880 0.100391
12900 0.0881665
12920 0.0771449
12940 0.0672519
12960 0.0584112
12980 0.0505455
13000 0.0435776
13020 0.0374317
13040 0.032034
13060 0.0273136
13080 0.0232029
13100 0.0196383
13120 0.01656
13140 0.0139128
13160 0.0116457
13180 0.0097121
13200 0.00806974
13220 0.00668042
13240 0.00550993
13260 0.0045278
13280 0.00370704
13300 0.00302389
13320 0.00245756
13340 0.00198995
13360 0.00160539
13380 0.00129038
13400 0.00103337
13420 0.000824504
13440 0.000655437
13460 0.000519123
13480 0.000409648
13500 0.000322072
13520 0.000252287
13540 0.000196897
13560 0.000153104
13580 0.000118614
13600 9.15557e-05
13620 7.04106e-05
13640 5.39503e-05
13660 4.11862e-05
13680 3.13265e-05
13700 2.37397e-05
13720 1.79243e-05
13740 1.34838e-05
13760 1.01062e-05
13780 7.54681e-06
13800 5.61493e-06
13820 4.16226e-06
13840 3.0741e-06
13860 2.26209e-06
13880 1.65847e-06
13900 1.21146e-06
13920 8.81685e-07
13940 6.39328e-07
13960 4.6189e-07
13980 3.32474e-07
14000 2.38441e-07
14020 1.70377e-07
14040 1.21295e-07
14060 8.60367e-08
14080 6.08034e-08
14100 4.28132e-08
14120 3.00353e-08
14140 2.09938e-08
14160 1.46203e-08
14180 1.01444e-08
14200 7.013e-09
14220 4.83043e-09
14240 3.31492e-09
14260 2.26655e-09
14280 1.54406e-09
14300 1.04802e-09
14320 7.08727e-10
14340 4.77524e-10
14360 3.20565e-10
14380 2.14409e-10
14400 1.42882e-10
14420 9.48671e-11
14440 6.27567e-11
14460 4.13629e-11
14480 2.71623e-11
14500 1.77717e-11
14520 1.1585e-11
14540 7.52437e-12
14560 4.8691e-12
14580 3.13931e-12
14600 2.01662e-12
14620 1.29068e-12
14640 8.23042e-13
14660 5.22913e-13
14680 3.3101e-13
14700 2.08766e-13
14720 1.31185e-13
14740 8.21319e-14
14760 5.12325e-14
14780 3.18407e-14
14800 1.97162e-14
14820 1.21635e-14
14840 7.47609e-15
14860 4.57748e-15
14880 2.79121e-15
14900 1.69366e-15
14920 1.02037e-15
14940 6.06492e-16
14960 3.49046e-16
14980 1.82943e-16
15000 1.11984e-16
15020 6.83192e-17
15040 4.15414e-17
15060 2.51751e-17
15080 1.52058e-17
15100 9.15374e-18
15120 5.49208e-18
15140 3.28416e-18
15160 1.95731e-18
15180 1.16264e-18
15200 6.883e-19
15220 4.06124e-19
15240 2.38829e-19
15260 1.39979e-19
15280 8.17682e-20
15300 4.76051e-20
15320 2.76228e-20
15340 1.59746e-20
15360 9.20737e-21
15380 5.28917e-21
15400 3.02819e-21
15420 1.72792e-21
15440 9.82674e-22
15460 5.56978e-22
15480 3.14637e-22
15500 1.77144e-22
15520 9.93992e-23
15540 5.55882e-23
15560 3.09831e-23
15580 1.7211e-23
15600 9.52865e-24
15620 5.2577e-24
15640 2.89135e-24
15660 1.58469e-24
15680 8.65624e-25
15700 4.71251e-25
15720 2.5569e-25
15740 1.38265e-25
15760 7.45161e-26
15780 4.00243e-26
15800 2.14257e-26
15820 1.1431e-26
15840 6.07808e-27
15860 3.22096e-27
15880 1.70113e-27
15900 8.9542e-28
15920 4.69731e-28
15940 2.45587e-28
15960 1.27966e-28
15980 6.64532e-29
16000 3.4393e-29
16020 1.77401e-29
16040 9.11951e-30
16060 4.67217e-30
16080 2.38559e-30
16100 1.21396e-30
16120 6.15659e-31
16140 3.11175e-31
16160 1.56747e-31
16180 7.86899e-32
16200 3.93701e-32
16220 1.9631e-32
16240 9.75533e-33
16260 4.83135e-33
16280 2.38462e-33
16300 1.17299e-33
16320 5.75035e-34
16340 2.80942e-34
16360 1.36793e-34
16380 6.6379e-35
16400 3.21011e-35
16420 1.54715e-35
16440 7.43126e-36
16460 3.55725e-36
16480 1.69701e-36
16500 8.06816e-37
16520 3.82281e-37
16540 1.80513e-37
16560 8.49476e-38
16580 3.98392e-38
16600 1.86202e-38
16620 8.67313e-39
16640 4.02607e-39
16660 1.86252e-39
16680 8.58684e-40
16700 3.94529e-40
16720 1.8065e-40
16740 8.24342e-41
16760 3.74876e-41
16780 1.69894e-41
16800 7.67327e-42
16820 3.45375e-42
16840 1.54921e-42
16860 6.92525e-43
16880 3.0851e-43
16900 1.36965e-43
16920 6.05977e-44
16940 2.67182e-44
16960 1.17399e-44
16980 5.14072e-45
17000 2.2433e-45
17020 9.75559e-46
17040 4.22787e-46
17060 1.82596e-46
17080 7.85889e-47
17100 3.37079e-47
17120 1.44079e-47
17140 6.13717e-48
17160 2.60516e-48
17180 1.10204e-48
17200 4.64575e-49
17220 1.95169e-49
17240 8.17074e-50
17260 3.40884e-50
17280 1.41724e-50
17300 5.87186e-51
17320 2.42437e-51
17340 9.97503e-52
17360 4.08997e-52
17380 1.67115e-52
17400 6.80459e-53
17420 2.76106e-53
17440 1.11645e-53
17460 4.4987e-54
17480 1.80644e-54
17500 7.22843e-55
17520 2.88237e-55
17540 1.14536e-55
17560 4.53543e-56
17580 1.7897e-56
17600 7.03768e-57
17620 2.75787e-57
17640 1.07711e-57
17660 4.19406e-58
17680 1.62921e-58
17700 6.31807e-59
17720 2.4459e-59
17740 9.43654e-60
17760 3.61504e-60
17780 1.36846e-60
17800 5.09646e-61
17820 1.86304e-61
17840 6.6877e-62
17860 2.36373e-62
17880 8.25634e-63
17900 2.85976e-63
17920 9.84602e-64
17940 3.37393e-64
17960 1.1513e-64
17980 3.91281e-65
18000 1.3245e-65
18020 4.4656e-66
18040 1.49959e-66
18060 5.01566e-67
18080 1.67089e-67
18100 5.54411e-68
18120 1.83222e-68
18140 6.03098e-69
18160 1.97724e-69
18180 6.45643e-70
18200 2.09984e-70
18220 6.80209e-71
18240 2.19462e-71
18260 7.05238e-72
18280 2.25721e-72
18300 7.19562e-73
18320 2.28467e-73
18340 7.22499e-74
18360 2.27567e-74
18380 7.13904e-75
18400 2.23063e-75
18420 6.94181e-76
18440 2.15166e-76
18460 6.64251e-77
18480 2.04242e-77
18500 6.25483e-78
18520 1.90783e-78
18540 5.79588e-79
18560 1.75369e-79
18580 5.28495e-80
18600 1.58629e-80
18620 4.74215e-81
18640 1.41196e-81
18660 4.18718e-82
18680 1.23672e-82
18700 3.6381e-83
18720 1.06593e-83
18740 3.11052e-84
18760 9.04039e-85
18780 2.61693e-85
18800 7.54475e-86
18820 2.16644e-86
18840 6.19581e-87
18860 1.76481e-87
18880 5.00662e-88
18900 1.41462e-88
18920 3.98089e-89
18940 1.11575e-89
18960 3.11459e-90
18980 8.65924e-91
19000 2.39775e-91
19020 6.61261e-92
19040 1.8163e-92
19060 4.96871e-93
19080 1.35377e-93
19100 3.67357e-94
19120 9.9283e-95
19140 2.67241e-95
19160 7.1643e-96
19180 1.91287e-96
19200 5.08672e-97
19220 1.3472e-97
19240 3.55356e-98
19260 9.33548e-99
19280 2.44258e-99
19300 6.36501e-100
19320 1.65191e-100
19340 4.26987e-101
19360 1.0992e-101
19380 2.81825e-102
19400 7.19643e-103
19420 1.83017e-103
19440 4.63554e-104
19460 1.16935e-104
19480 2.93782e-105
19500 7.35087e-106
19520 1.83184e-106
19540 4.5464e-107
19560 1.12378e-107
19580 2.76649e-108
19600 6.78279e-109
19620 1.65622e-109
19640 4.02774e-110
19660 9.75516e-111
19680 2.35309e-111
19700 5.6529e-112
19720 1.35249e-112
19740 3.22275e-113
19760 7.64799e-114
19780 1.80757e-114
19800 4.25474e-115
19820 9.97417e-116
19840 2.32867e-116
19860 5.41458e-117
19880 1.25386e-117
19900 2.89173e-118
19920 6.64188e-119
19940 1.51932e-119
19960 3.46125e-120
19980 7.85307e-121
20000 1.77447e-121
20020 3.99321e-122
20040 8.94947e-123
20060 1.99754e-123
20080 4.44031e-124
20100 9.83e-125
20120 2.16728e-125
20140 4.75877e-126
20160 1.04063e-126
20180 2.26629e-127
20200 4.91535e-128
20220 1.06172e-128
20240 2.28395e-129
20260 4.89305e-130
20280 1.04397e-130
20300 2.21828e-131
20320 4.69417e-132
20340 9.89276e-133
20360 2.07631e-133
20380 4.33991e-134
20400 9.03408e-135
20420 1.87284e-135
20440 3.86662e-136
20460 7.95016e-137
20480 1.62792e-137
20500 3.31972e-138
20520 6.7419e-139
20540 1.36356e-139
20560 2.74649e-140
20580 5.50923e-141
20600 1.10056e-141
20620 2.18951e-142
20640 4.338e-143
20660 8.55934e-144
20680 1.6819e-144
20700 3.29129e-145
20720 6.41418e-146
20740 1.24487e-146
20760 2.40608e-147
20780 4.63131e-148
20800 8.87776e-149
20820 1.69476e-149
20840 3.22194e-150
20860 6.10002e-151
20880 1.15014e-151
20900 2.15958e-152
20920 4.03826e-153
20940 7.52005e-154
20960 1.3946e-154
20980 2.57561e-155
21000 4.73709e-156
21020 8.6765e-157
21040 1.58262e-157
21060 2.87482e-158
21080 5.20047e-159
21100 9.36859e-160
21120 1.68076e-160
21140 3.00285e-161
21160 5.34268e-162
21180 9.46636e-163
21200 1.67033e-163
21220 2.93508e-164
21240 5.1361e-165
21260 8.9504e-166
21280 1.55327e-166
21300 2.68439e-167
21320 4.61996e-168
21340 7.91818e-169
21360 1.35147e-169
21380 2.2971e-170
21400 3.88818e-171
21420 6.55397e-172
21440 1.10016e-172
21460 1.83906e-173
21480 3.06147e-174
21500 5.07519e-175
21520 8.3785e-176
21540 1.37743e-176
21560 2.25508e-177
21580 3.67657e-178
21600 5.96915e-179
21620 9.65096e-180
21640 1.55387e-180
21660 2.49143e-181
21680 3.97803e-182
21700 6.32519e-183
21720 1.00153e-183
21740 1.57922e-184
21760 2.47973e-185
21780 3.8775e-186
21800 6.03786e-187
21820 9.36264e-188
21840 1.44576e-188
21860 2.2232e-189
21880 3.40442e-190
21900 5.19147e-191
21920 7.88349e-192
21940 1.19214e-192
21960 1.79523e-193
21980 2.6921e-194
22000 4.02016e-195
22020 5.97826e-196
22040 8.85291e-197
22060 1.3055e-197
22080 1.9171e-198
22100 2.80344e-199
22120 4.08241e-200
22140 5.91996e-201
22160 8.54866e-202
22180 1.22929e-202
22200 1.7603e-203
22220 2.51012e-204
22240 3.56432e-205
22260 5.04006e-206
22280 7.0969e-207
22300 9.95121e-208
22320 1.3895e-208
22340 1.93202e-209
22360 2.6751e-210
22380 3.68842e-211
22400 5.06422e-212
22420 6.924e-213
22440 9.427e-214
22460 1.27809e-214
22480 1.72552e-215
22500 2.31978e-216
22520 3.1056e-217
22540 4.14013e-218
22560 5.49606e-219
22580 7.26538e-220
22600 9.56385e-221
22620 1.25365e-221
22640 1.63639e-222
22660 2.12698e-223
22680 2.75302e-224
22700 3.54831e-225
22720 4.55406e-226
22740 5.82026e-227
22760 7.40716e-228
22780 9.38699e-229
22800 1.18458e-229
22820 1.48857e-230
22840 1.86267e-231
22860 2.32096e-232
22880 2.8798e-233
22900 3.55813e-234
22920 4.3778e-235
22940 5.36481e-236
22960 6.56381e-237
22980 8.05773e-238
23000 1.23745e-238
23020 1.37415e-239
23040 1.51926e-240
23060 1.67231e-241
23080 1.8327e-242
23100 1.99966e-243
23120 2.17225e-244
23140 2.34937e-245
23160 2.52978e-246
23180 2.71209e-247
23200 2.89476e-248
23220 3.07618e-249
23240 3.25461e-250
23260 3.42828e-251
23280 3.59536e-252
23300 3.75402e-253
23320 3.90249e-254
23340 4.03901e-255
23360 4.16195e-256
23380 4.26981e-257
23400 4.36123e-258
23420 4.43505e-259
23440 4.49032e-260
23460 4.52632e-261
23480 4.54258e-262
23500 4.53888e-263
23520 4.51527e-264
23540 4.47206e-265
23560 4.40982e-266
23580 4.32936e-267
23600 4.2317e-268
23620 4.11809e-269
23640 3.98994e-270
23660 3.8488e-271
23680 3.69635e-272
23700 3.53435e-273
23720 3.36462e-274
23740 3.18898e-275
23760 3.00923e-276
23780 2.82715e-277
23800 2.64443e-278
23820 2.46266e-279
23840 2.28331e-280
23860 2.10773e-281
23880 1.93711e-282
23900 1.77248e-283
23920 1.61473e-284
23940 1.46456e-285
23960 1.32252e-286
23980 1.18901e-287
24000 1.06429e-288
24020 9.48467e-290
24040 8.41539e-291
24060 7.43387e-292
24080 6.53801e-293
24100 5.72486e-294
24120 4.99083e-295
24140 4.33182e-296
24160 3.74332e-297
24180 3.22057e-298
24200 2.75865e-299
24220 2.35262e-300
24240 1.99753e-301
24260 1.6886e-302
24280 1.42117e-303
24300 1.19085e-304
24320 9.93475e-306
24340 8.25174e-307
24360 6.82375e-308
24380 5.6181e-309
24400 4.60517e-310
24420 3.75829e-311
24440 3.05368e-312
24460 2.47029e-313
24480 1.98957e-314
24500 1.59537e-315
24520 1.27365e-316
24540 1.01238e-317
24560 8.00979e-319
24580 6.32404e-320
24600 4.84184e-321
24620 4.94066e-322
24640 0
24660 0
24680 0
24700 0
24720 0
24740 0
24760 0
24780 0
24800 0
24820 0
24840 0
24860 0
24880 0
24900 0
24920 0
24940 0
24960 0
24980 0
25000 0
25020 0
25040 0
25060 0
25080 0
25100 0
25120 0
25140 0
25160 0
25180 0
25200 0
25220 0
25240 0
25260 0
25280 0
25300 0
25320 0
25340 0
25360 0
25380 0
25400 0
25420 0
25440 0
25460 0
25480 0
25500 0
25520 0
25540 0
25560 0
25580 0
25600 0
25620 0
25640 0
25660 0
25680 0
25700 0
25720 0
25740 0
25760 0
25780 0
25800 0
25820 0
25840 0
25860 0
25880 0
25900 0
25920 0
25940 0
25960 0
25980 0
26000 0
26020 0
26040 0
26060 0
26080 0
26100 0
26120 0
26140 0
26160 0
26180 0
26200 0
26220 0
26240 0
26260 0
26280 0
26300 0
26320 0
26340 0
26360 0
26380 0
26400 0
26420 0
26440 0
26460 0
26480 0
26500 0
26520 0
26540 0
26560 0
26580 0
26600 0
26620 0
26640 0
26660 0
26680 0
26700 0
26720 0
26740 0
26760 0
26780 0
26800 0
26820 0
26840 0
26860 0
26880 0
26900 0
26920 0
26940 0
26960 0
26980 0
27000 0
27020 0
27040 0
27060 0
27080 0
27100 0
27120 0
27140 0
27160 0
27180 0
27200 0
27220 0
27240 0
27260 0
27280 0
27300 0
27320 0
27340 0
27360 0
27380 0
27400 0
27420 0
27440 0
27460 0
27480 0
27500 0
27520 0
27540 0
27560 0
27580 0
27600 0
27620 0
27640 0
27660 0
27680 0
27700 0
27720 0
27740 0
27760 0
27780 0
27800 0
27820 0
27840 0
27860 0
27880 0
27900 0
27920 0
27940 0
27960 0
27980 0
28000 0
28020 0
28040 0
28060 0
28080 0
28100 0
28120 0
28140 0
28160 0
28180 0
28200 0
28220 0
28240 0
28260 0
28280 0
28300 0
28320 0
28340 0
28360 0
28380 0
28400 0
28420 0
28440 0
28460 0
28480 0
28500 0
28520 0
28540 0
28560 0
28580 0
28600 0
28620 0
28640 0
28660 0
28680 0
28700 0
28720 0
28740 0
28760 0
28780 0
28800 0
28820 0
28840 0
28860 0
28880 0
28900 0
28920 0
28940 0
28960 0
28980 0
29000 0
29020 0
29040 0
29060 0
29080 0
29100 0
29120 0
29140 0
29160 0
29180 0
29200 0
29220 0
29240 0
29260 0
29280 0
29300 0
29320 0
29340 0
29360 0
29380 0
29400 0
29420 0
29440 0
29460 0
29480 0
29500 0
29520 0
29540 0
29560 0
29580 0
29600 0
29620 0
29640 0
29660 0
29680 0
29700 0
29720 0
29740 0
29760 0
29780 0
29800 0
29820 0
29840 0
29860 0
29880 0
29900 0
29920 0
29940 0
29960 0
