-10 0
0 5.8709e-15
10 -9.36703e-15
20 -5.15819e-15
30 -1.19781e-14
40 -1.05734e-14
50 1.07955e-14
60 1.02116e-14
70 1.97592e-14
80 3.37685e-14
90 4.73317e-14
100 5.20686e-14
110 5.56965e-14
120 4.81407e-14
130 6.91723e-14
140 6.6435e-14
150 6.73457e-14
160 9.20149e-14
170 7.65825e-14
180 8.81341e-14
190 8.62979e-14
200 8.36906e-14
210 9.60696e-14
220 1.05584e-13
230 1.0295e-13
240 1.0269e-13
250 1.01099e-13
260 1.08143e-13
270 1.25118e-13
280 1.57901e-13
290 1.53595e-13
300 1.53576e-13
310 1.3974e-13
320 1.33697e-13
330 1.19788e-13
340 1.00566e-13
350 1.00763e-13
360 9.44875e-14
370 7.26057e-14
380 6.19894e-14
390 7.15767e-14
400 6.21486e-14
410 6.17184e-14
420 5.07002e-14
430 6.72423e-14
440 6.37497e-14
450 6.81446e-14
460 7.23434e-14
470 6.15835e-14
480 8.00086e-14
490 7.3116e-14
500 8.19594e-14
510 8.25084e-14
520 7.64844e-14
530 7.30737e-14
540 6.88587e-14
550 3.5807e-14
560 5.20893e-14
570 3.38003e-14
580 1.92357e-14
590 2.06226e-14
600 1.2718e-14
610 1.12359e-14
620 2.06078e-14
630 1.65584e-14
640 4.04396e-14
650 1.28353e-14
660 1.77723e-14
670 3.77745e-14
680 1.02157e-14
690 3.2414e-14
700 4.59405e-14
710 2.98585e-14
720 4.0104e-14
730 3.14072e-14
740 4.02639e-14
750 1.95205e-14
760 1.29492e-14
770 2.26031e-14
780 5.62515e-15
790 2.27909e-14
800 1.4605e-14
810 1.35181e-14
820 2.46868e-14
830 3.41038e-14
840 2.84089e-14
850 2.97885e-14
860 1.33368e-14
870 7.02239e-15
880 1.60174e-14
890 2.15223e-14
900 1.99194e-14
910 9.1409e-15
920 -6.77025e-15
930 -6.82744e-15
940 -1.48504e-14
950 -8.49726e-15
960 -5.01411e-16
970 2.16121e-16
980 1.78861e-14
990 3.68096e-14
1000 4.40513e-14
1010 3.51143e-14
1020 4.96596e-14
1030 5.57045e-14
1040 6.03866e-14
1050 6.21442e-14
1060 7.83707e-14
1070 6.25822e-14
1080 5.44686e-14
1090 3.9915e-14
1100 4.67691e-14
1110 5.28394e-14
1120 6.50208e-14
1130 6.37625e-14
1140 7.40952e-14
1150 7.89086e-14
1160 9.64895e-14
1170 1.20099e-13
1180 6.77026e-14
1190 7.15086e-14
1200 4.65188e-14
1210 3.76047e-14
1220 1.79058e-14
1230 3.00792e-14
1240 1.9453e-14
1250 4.12912e-14
1260 2.73079e-14
1270 1.39031e-14
1280 9.00119e-15
1290 -1.46296e-15
1300 -3.88127e-15
1310 -4.7599e-16
1320 -1.14421e-14
1330 6.80174e-15
1340 -1.09018e-14
1350 2.25635e-14
1360 2.05626e-14
1370 9.21621e-15
1380 4.64539e-15
1390 1.10097e-14
1400 2.33618e-14
1410 3.17571e-14
1420 1.40185e-14
1430 2.58468e-14
1440 2.1721e-14
1450 1.31584e-14
1460 1.13106e-14
1470 -9.27073e-15
1480 -1.20027e-14
1490 -3.1539e-15
1500 -8.38762e-15
1510 1.14691e-14
1520 6.0955e-15
1530 7.67356e-15
1540 8.34702e-15
1550 4.68308e-16
1560 -9.9609e-15
1570 -9.25116e-15
1580 -6.23358e-15
1590 -2.08555e-14
1600 -1.49462e-14
1610 -2.33714e-14
1620 -3.04943e-14
1630 -4.77364e-14
1640 -2.89906e-14
1650 -4.08403e-14
1660 -2.63323e-14
1670 -2.57562e-14
1680 -4.38002e-14
1690 -1.57365e-14
1700 -2.42231e-14
1710 -2.3793e-14
1720 3.10559e-15
1730 -5.98557e-15
1740 2.03838e-14
1750 3.2237e-14
1760 3.46769e-14
1770 3.90395e-14
1780 1.93969e-14
1790 3.20833e-14
1800 3.39605e-14
1810 2.2779e-14
1820 4.06614e-14
1830 5.91201e-14
1840 4.60543e-14
1850 6.52596e-14
1860 6.48238e-14
1870 5.87703e-14
1880 5.44233e-14
1890 3.58733e-14
1900 4.73782e-14
1910 2.96769e-14
1920 3.87921e-14
1930 3.85775e-14
1940 5.56136e-14
1950 5.05573e-14
1960 5.25445e-14
1970 6.7209e-14
1980 6.5978e-14
1990 5.68979e-14
2000 7.01187e-14
2010 5.00753e-14
2020 5.28223e-14
2030 6.72529e-14
2040 5.72231e-14
2050 6.76128e-14
2060 8.50326e-14
2070 8.99257e-14
2080 8.32483e-14
2090 8.41317e-14
2100 8.08841e-14
2110 6.42829e-14
2120 6.55562e-14
2130 8.45535e-14
2140 6.80316e-14
2150 6.06532e-14
2160 7.72519e-14
2170 1.0657e-13
2180 9.23081e-14
2190 9.55386e-14
2200 9.73703e-14
2210 9.12002e-14
2220 8.52201e-14
2230 9.67908e-14
2240 1.1401e-13
2250 8.96323e-14
2260 7.89587e-14
2270 1.05308e-13
2280 1.04713e-13
2290 1.07761e-13
2300 1.33274e-13
2310 1.16186e-13
2320 1.02737e-13
2330 9.66631e-14
2340 9.2516e-14
2350 1.09788e-13
2360 7.93523e-14
2370 8.86687e-14
2380 7.53766e-14
2390 8.61276e-14
2400 6.97793e-14
2410 5.6888e-14
2420 4.24657e-14
2430 2.47781e-14
2440 2.61597e-14
2450 3.28355e-14
2460 3.80931e-14
2470 1.63563e-14
2480 3.81823e-14
2490 5.89281e-14
2500 3.88453e-14
2510 2.61378e-14
2520 4.03055e-14
2530 3.4359e-14
2540 3.07603e-14
2550 2.55327e-14
2560 1.41904e-14
2570 1.33907e-14
2580 2.17425e-14
2590 2.01664e-14
2600 2.81832e-14
2610 3.69701e-14
2620 1.01741e-14
2630 3.72135e-14
2640 2.93044e-14
2650 2.32867e-14
2660 2.06296e-14
2670 2.78147e-14
2680 7.80764e-15
2690 1.49385e-14
2700 1.93464e-14
2710 4.17393e-14
2720 4.82135e-14
2730 4.98389e-14
2740 4.7498e-14
2750 8.0011e-14
2760 6.79641e-14
2770 5.78241e-14
2780 6.58241e-14
2790 6.14377e-14
2800 5.98171e-14
2810 4.66632e-14
2820 6.98919e-14
2830 8.7198e-14
2840 7.5659e-14
2850 6.07525e-14
2860 7.32624e-14
2870 6.71003e-14
2880 9.00019e-14
2890 5.83786e-14
2900 6.19334e-14
2910 8.14404e-14
2920 6.97083e-14
2930 6.221e-14
2940 8.42641e-14
2950 7.33667e-14
2960 6.22609e-14
2970 5.0702e-14
2980 4.42461e-14
2990 2.92361e-14
3000 2.42094e-14
3010 3.94741e-14
3020 4.5312e-14
3030 5.40859e-14
3040 4.53618e-14
3050 4.43527e-14
3060 5.3291e-14
3070 2.77644e-14
3080 4.85207e-14
3090 2.15141e-14
3100 1.98463e-14
3110 1.82541e-14
3120 8.83083e-15
3130 1.8511e-14
3140 8.31112e-15
3150 4.66154e-15
3160 5.09067e-15
3170 -5.28904e-15
3180 -1.4394e-14
3190 -1.36583e-14
3200 -1.04852e-14
3210 -5.95107e-15
3220 1.52488e-14
3230 3.02154e-14
3240 3.12287e-14
3250 3.90128e-14
3260 5.05746e-14
3270 7.52816e-14
3280 9.46121e-14
3290 1.09524e-13
3300 1.66746e-13
3310 2.44545e-13
3320 3.88018e-13
3330 5.90481e-13
3340 9.37724e-13
3350 1.47621e-12
3360 2.30524e-12
3370 3.61872e-12
3380 5.68074e-12
3390 8.84949e-12
3400 1.37503e-11
3410 2.12887e-11
3420 3.28615e-11
3430 5.05474e-11
3440 7.7519e-11
3450 1.1849e-10
3460 1.80428e-10
3470 2.73878e-10
3480 4.14301e-10
3490 6.24483e-10
3500 9.3816e-10
3510 1.40448e-09
3520 2.09532e-09
3530 3.11511e-09
3540 4.6151e-09
3550 6.81353e-09
3560 1.00239e-08
3570 1.4695e-08
3580 2.1467e-08
3590 3.1249e-08
3600 4.53269e-08
3610 6.55131e-08
3620 9.43512e-08
3630 1.35397e-07
3640 1.93601e-07
3650 2.75827e-07
3660 3.91556e-07
3670 5.53826e-07
3680 7.80492e-07
3690 1.09591e-06
3700 1.53316e-06
3710 2.13699e-06
3720 2.96764e-06
3730 4.10593e-06
3740 5.65974e-06
3750 7.77249e-06
3760 1.0634e-05
3770 1.44945e-05
3780 1.96822e-05
3790 2.66256e-05
3800 3.5882e-05
3810 4.81726e-05
3820 6.44263e-05
3830 8.58342e-05
3840 0.000113916
3850 0.000150603
3860 0.000198335
3870 0.00026018
3880 0.00033998
3890 0.000442517
3900 0.00057372
3910 0.000740893
3920 0.000952994
3930 0.00122095
3940 0.00155802
3950 0.0019802
3960 0.00250668
3970 0.00316036
3980 0.00396839
3990 0.00496279
4000 0.0061811
4010 0.007667
4020 0.00947109
4030 0.0116515
4040 0.0142745
4050 0.0174155
4060 0.0211591
4070 0.0255997
4080 0.0308422
4090 0.0370016
4100 0.044203
4110 0.0525815
4120 0.0622812
4130 0.0734539
4140 0.0862581
4150 0.100857
4160 0.117414
4170 0.136094
4180 0.157057
4190 0.180451
4200 0.206416
4210 0.235071
4220 0.266513
4230 0.30081
4240 0.337998
4250 0.378072
4260 0.420983
4270 0.466635
4280 0.514876
4290 0.565499
4300 0.61824
4310 0.672773
4320 0.728716
4330 0.785627
4340 0.843012
4350 0.900329
4360 0.956996
4370 1.0124
4380 1.06589
4390 1.11683
4400 1.16457
4410 1.20847
4420 1.24793
4430 1.28239
4440 1.31132
4450 1.3343
4460 1.35096
4470 1.36101
4480 1.36428
4490 1.36069
4500 1.35025
4510 1.33309
4520 1.30944
4530 1.27962
4540 1.24403
4550 1.20318
4560 1.15762
4570 1.10796
4580 1.05487
4590 0.999012
4600 0.941096
4610 0.88181
4620 0.821831
4630 0.761805
4640 0.702341
4650 0.643994
4660 0.587264
4670 0.532587
4680 0.480331
4690 0.430796
4700 0.384211
4710 0.34074
4720 0.300482
4730 0.263476
4740 0.229711
4750 0.199123
4760 0.171614
4770 0.147047
4780 0.125261
4790 0.106077
4800 0.0892991
4810 0.0747263
4820 0.062154
4830 0.0513792
4840 0.0422047
4850 0.0344408
4860 0.027908
4870 0.0224379
4880 0.017874
4890 0.014071
4900 0.0108945
4910 0.00821932
4920 0.0059278
4930 0.00390696
4940 0.00204574
4950 0.000231364
4960 -0.00165475
4970 -0.00374162
4980 -0.00617395
4990 -0.00911791
5000 -0.0127503
5010 -0.017317
5020 -0.0230891
5030 -0.0303882
5040 -0.0395944
5050 -0.0511556
5060 -0.0655949
5070 -0.0835199
5080 -0.105629
5090 -0.132718
5100 -0.165687
5110 -0.205536
5120 -0.253374
5130 -0.310409
5140 -0.37794
5150 -0.45735
5160 -0.550083
5170 -0.657626
5180 -0.781479
5190 -0.923125
5200 -1.08399
5210 -1.26539
5220 -1.46851
5230 -1.69432
5240 -1.94355
5250 -2.21664
5260 -2.51366
5270 -2.83429
5280 -3.17778
5290 -3.5429
5300 -3.92793
5310 -4.33064
5320 -4.74829
5330 -5.17766
5340 -5.61506
5350 -6.05637
5360 -6.49712
5370 -6.93254
5380 -7.35768
5390 -7.76744
5400 -8.15673
5410 -8.52055
5420 -8.85412
5430 -9.15295
5440 -9.41295
5450 -9.63058
5460 -9.80284
5470 -9.92741
5480 -10.0027
5490 -10.0277
5500 -10.0025
5510 -9.92753
5520 -9.80427
5530 -9.63473
5540 -9.42162
5550 -9.16818
5560 -8.87815
5570 -8.55567
5580 -8.20519
5590 -7.83132
5600 -7.43882
5610 -7.03243
5620 -6.61681
5630 -6.19645
5640 -5.77562
5650 -5.35827
5660 -4.948
5670 -4.54804
5680 -4.16118
5690 -3.78979
5700 -3.43582
5710 -3.10078
5720 -2.78576
5730 -2.49149
5740 -2.21832
5750 -1.9663
5760 -1.73517
5770 -1.52444
5780 -1.3334
5790 -1.16119
5800 -1.00681
5810 -0.869163
5820 -0.747084
5830 -0.639383
5840 -0.54486
5850 -0.462325
5860 -0.390622
5870 -0.32864
5880 -0.275325
5890 -0.229689
5900 -0.190814
5910 -0.157858
5920 -0.13005
5930 -0.106698
5940 -0.0871772
5950 -0.0709355
5960 -0.0574834
5970 -0.0463924
5980 -0.0372893
5990 -0.0298511
6000 -0.0238003
6010 -0.0188998
6020 -0.0149483
6030 -0.0117758
6040 -0.00923978
6050 -0.00722123
6060 -0.0056214
6070 -0.00435883
6080 -0.0033666
6090 -0.0025901
6100 -0.00198495
6110 -0.0015153
6120 -0.00115231
6130 -0.000872906
6140 -0.000658717
6150 -0.000495186
6160 -0.000370837
6170 -0.000276661
6180 -0.000205622
6190 -0.000152248
6200 -0.000112306
6210 -8.25327e-05
6220 -6.04266e-05
6230 -4.40772e-05
6240 -3.20324e-05
6250 -2.31931e-05
6260 -1.67313e-05
6270 -1.20255e-05
6280 -8.61172e-06
6290 -6.14457e-06
6300 -4.36831e-06
6310 -3.0943e-06
6320 -2.18395e-06
6330 -1.53588e-06
6340 -1.07625e-06
6350 -7.51481e-07
6360 -5.22844e-07
6370 -3.62479e-07
6380 -2.50411e-07
6390 -1.72381e-07
6400 -1.18249e-07
6410 -8.08313e-08
6420 -5.50608e-08
6430 -3.73757e-08
6440 -2.52829e-08
6450 -1.70434e-08
6460 -1.14495e-08
6470 -7.66518e-09
6480 -5.11407e-09
6490 -3.40036e-09
6500 -2.25324e-09
6510 -1.48804e-09
6520 -9.79416e-10
6530 -6.42481e-10
6540 -4.20078e-10
6550 -2.73753e-10
6560 -1.77837e-10
6570 -1.15164e-10
6580 -7.43521e-11
6590 -4.78871e-11
6600 -3.07557e-11
6610 -1.9729e-11
6620 -1.26525e-11
6630 -8.11791e-12
6640 -5.21271e-12
6650 -3.35744e-12
6660 -2.19276e-12
6670 -1.46854e-12
6680 -1.00509e-12
6690 -6.91636e-13
6700 -5.20036e-13
6710 -4.12286e-13
6720 -3.29617e-13
6730 -2.92863e-13
6740 -2.8431e-13
6750 -2.54029e-13
6760 -2.43157e-13
6770 -2.25839e-13
6780 -2.03243e-13
6790 -2.13565e-13
6800 -2.09546e-13
6810 -2.15682e-13
6820 -2.20199e-13
6830 -2.05058e-13
6840 -2.16612e-13
6850 -2.11802e-13
6860 -2.1254e-13
6870 -2.12984e-13
6880 -2.18215e-13
6890 -2.13453e-13
6900 -2.03673e-13
6910 -2.09398e-13
6920 -2.00126e-13
6930 -1.96301e-13
6940 -1.97413e-13
6950 -2.13565e-13
6960 -2.16402e-13
6970 -2.10134e-13
6980 -2.11722e-13
6990 -2.08421e-13
7000 -2.15224e-13
7010 -2.06652e-13
7020 -2.25258e-13
7030 -2.06183e-13
7040 -2.26693e-13
7050 -2.20022e-13
7060 -2.20179e-13
7070 -2.26687e-13
7080 -2.16703e-13
7090 -2.19275e-13
7100 -2.14116e-13
7110 -2.13621e-13
7120 -2.13274e-13
7130 -2.19796e-13
7140 -2.12668e-13
7150 -2.10713e-13
7160 -2.1328e-13
7170 -2.25789e-13
7180 -2.34216e-13
7190 -2.30471e-13
7200 -2.18959e-13
7210 -2.1657e-13
7220 -2.2793e-13
7230 -2.32481e-13
7240 -2.47505e-13
7250 -2.46464e-13
7260 -2.60408e-13
7270 -2.63328e-13
7280 -2.35546e-13
7290 -2.29462e-13
7300 -2.24628e-13
7310 -2.2835e-13
7320 -2.31099e-13
7330 -2.23717e-13
7340 -2.37549e-13
7350 -2.219e-13
7360 -2.23211e-13
7370 -2.31235e-13
7380 -2.23532e-13
7390 -2.26417e-13
7400 -2.25465e-13
7410 -2.20508e-13
7420 -2.28494e-13
7430 -2.35556e-13
7440 -2.36711e-13
7450 -2.4961e-13
7460 -2.50556e-13
7470 -2.60515e-13
7480 -2.47398e-13
7490 -2.50993e-13
7500 -2.48711e-13
7510 -2.58939e-13
7520 -2.55789e-13
7530 -2.56286e-13
7540 -2.62648e-13
7550 -2.55692e-13
7560 -2.5276e-13
7570 -2.38244e-13
7580 -2.48458e-13
7590 -2.46088e-13
7600 -2.44628e-13
7610 -2.43092e-13
7620 -2.45883e-13
7630 -2.45401e-13
7640 -2.45195e-13
7650 -2.48771e-13
7660 -2.44892e-13
7670 -2.36609e-13
7680 -2.42719e-13
7690 -2.42851e-13
7700 -2.54286e-13
7710 -2.43979e-13
7720 -2.50215e-13
7730 -2.56494e-13
7740 -2.65742e-13
7750 -2.62539e-13
7760 -2.70576e-13
7770 -2.67896e-13
7780 -2.71118e-13
7790 -2.64683e-13
7800 -2.58855e-13
7810 -2.72443e-13
7820 -2.57149e-13
7830 -2.59252e-13
7840 -2.59891e-13
7850 -2.53513e-13
7860 -2.71692e-13
7870 -2.62812e-13
7880 -2.70238e-13
7890 -2.52877e-13
7900 -2.78658e-13
7910 -2.70912e-13
7920 -2.82319e-13
7930 -2.79742e-13
7940 -2.73275e-13
7950 -2.69381e-13
7960 -2.72371e-13
7970 -2.61746e-13
7980 -2.57824e-13
7990 -2.60209e-13
8000 -2.49068e-13
8010 -2.5149e-13
8020 -2.52054e-13
8030 -2.27827e-13
8040 -2.46446e-13
8050 -2.45168e-13
8060 -2.37074e-13
8070 -2.35111e-13
8080 -2.28618e-13
8090 -2.29684e-13
8100 -2.15242e-13
8110 -2.16467e-13
8120 -2.13161e-13
8130 -1.96405e-13
8140 -2.00172e-13
8150 -1.95815e-13
8160 -1.79981e-13
8170 -1.85326e-13
8180 -1.89694e-13
8190 -1.8135e-13
8200 -1.84605e-13
8210 -1.88876e-13
8220 -1.94585e-13
8230 -1.98571e-13
8240 -2.04498e-13
8250 -1.86462e-13
8260 -1.80684e-13
8270 -1.74515e-13
8280 -1.76094e-13
8290 -1.76345e-13
8300 -1.85811e-13
8310 -1.88083e-13
8320 -1.89728e-13
8330 -1.7026e-13
8340 -1.66841e-13
8350 -1.76662e-13
8360 -1.74222e-13
8370 -1.78887e-13
8380 -1.79275e-13
8390 -1.88074e-13
8400 -1.84953e-13
8410 -1.80634e-13
8420 -1.75945e-13
8430 -1.7816e-13
8440 -1.8744e-13
8450 -1.91611e-13
8460 -1.82107e-13
8470 -1.97804e-13
8480 -1.79269e-13
8490 -1.95484e-13
8500 -1.75249e-13
8510 -1.8424e-13
8520 -1.93753e-13
8530 -1.90142e-13
8540 -1.90639e-13
8550 -2.01172e-13
8560 -2.05228e-13
8570 -2.19824e-13
8580 -2.3375e-13
8590 -2.17344e-13
8600 -2.22716e-13
8610 -2.28416e-13
8620 -2.3817e-13
8630 -2.48351e-13
8640 -2.3405e-13
8650 -2.29792e-13
8660 -2.35622e-13
8670 -2.21441e-13
8680 -2.19665e-13
8690 -2.14928e-13
8700 -2.17412e-13
8710 -2.11273e-13
8720 -2.14389e-13
8730 -2.14839e-13
8740 -2.03291e-13
8750 -2.01535e-13
8760 -2.01975e-13
8770 -2.13758e-13
8780 -2.18157e-13
8790 -2.19664e-13
8800 -2.21891e-13
8810 -2.11684e-13
8820 -2.16272e-13
8830 -2.17439e-13
8840 -2.10128e-13
8850 -2.06314e-13
8860 -1.97468e-13
8870 -2.08653e-13
8880 -2.1053e-13
8890 -2.11322e-13
8900 -1.98063e-13
8910 -2.0921e-13
8920 -2.10454e-13
8930 -2.19508e-13
8940 -2.23628e-13
8950 -2.24283e-13
8960 -2.3515e-13
8970 -2.28195e-13
8980 -2.31786e-13
8990 -2.22798e-13
9000 -2.43545e-13
9010 -2.24644e-13
9020 -2.4097e-13
9030 -2.40024e-13
9040 -2.33633e-13
9050 -2.32032e-13
9060 -2.2628e-13
9070 -2.21007e-13
9080 -2.13703e-13
9090 -2.09761e-13
9100 -2.26279e-13
9110 -2.11304e-13
9120 -2.22553e-13
9130 -2.20932e-13
9140 -2.32519e-13
9150 -2.29383e-13
9160 -2.27387e-13
9170 -2.39164e-13
9180 -2.47307e-13
9190 -2.4641e-13
9200 -2.5381e-13
9210 -2.49907e-13
9220 -2.50459e-13
9230 -2.5213e-13
9240 -2.45439e-13
9250 -2.41001e-13
9260 -2.37079e-13
9270 -2.38618e-13
9280 -2.38581e-13
9290 -2.42713e-13
9300 -2.42472e-13
9310 -2.33757e-13
9320 -2.44244e-13
9330 -2.30024e-13
9340 -2.42487e-13
9350 -2.28687e-13
9360 -2.49736e-13
9370 -2.25254e-13
9380 -2.41282e-13
9390 -2.30889e-13
9400 -2.36435e-13
9410 -2.40291e-13
9420 -2.51755e-13
9430 -2.5124e-13
9440 -2.50024e-13
9450 -2.65497e-13
9460 -2.53064e-13
9470 -2.65416e-13
9480 -2.72553e-13
9490 -2.72587e-13
9500 -2.55878e-13
9510 -2.53033e-13
9520 -2.56958e-13
9530 -2.67724e-13
9540 -2.63425e-13
9550 -2.62287e-13
9560 -2.61279e-13
9570 -2.69689e-13
9580 -2.58843e-13
9590 -2.59669e-13
9600 -2.56577e-13
9610 -2.59205e-13
9620 -2.72559e-13
9630 -2.59362e-13
9640 -2.65329e-13
9650 -2.42752e-13
9660 -2.63876e-13
9670 -2.52339e-13
9680 -2.60297e-13
9690 -2.53472e-13
9700 -2.5876e-13
9710 -2.7078e-13
9720 -2.75369e-13
9730 -2.68835e-13
9740 -2.80057e-13
9750 -2.80377e-13
9760 -2.8341e-13
9770 -2.71662e-13
9780 -2.66563e-13
9790 -2.69761e-13
9800 -2.63287e-13
9810 -2.60543e-13
9820 -2.35304e-13
9830 -2.5558e-13
9840 -2.53136e-13
9850 -2.45979e-13
9860 -2.60385e-13
9870 -2.52183e-13
9880 -2.69375e-13
9890 -2.70255e-13
9900 -2.75177e-13
9910 -2.64828e-13
9920 -2.74933e-13
9930 -2.7968e-13
9940 -2.85073e-13
9950 -2.95408e-13
9960 -2.78584e-13
9970 -2.93648e-13
9980 -2.84476e-13
9990 -2.91205e-13
10000 -2.98643e-13
10010 -3.03287e-13
10020 -2.94932e-13
10030 -3.06382e-13
10040 -3.1405e-13
10050 -3.18204e-13
10060 -3.15354e-13
10070 -3.31626e-13
10080 -3.2779e-13
10090 -3.18082e-13
10100 -3.1355e-13
10110 -3.14372e-13
10120 -3.12167e-13
10130 -3.17383e-13
10140 -3.08063e-13
10150 -2.86572e-13
10160 -2.88985e-13
10170 -2.77702e-13
10180 -2.70636e-13
10190 -2.82101e-13
10200 -2.80195e-13
10210 -2.92631e-13
10220 -2.89736e-13
10230 -2.86267e-13
10240 -2.92577e-13
10250 -2.8561e-13
10260 -2.84068e-13
10270 -2.78809e-13
10280 -2.82902e-13
10290 -2.71966e-13
10300 -2.76743e-13
10310 -2.6947e-13
10320 -2.70819e-13
10330 -2.57093e-13
10340 -2.54023e-13
10350 -2.5673e-13
10360 -2.72241e-13
10370 -2.58606e-13
10380 -2.58284e-13
10390 -2.51942e-13
10400 -2.50603e-13
10410 -2.50675e-13
10420 -2.55165e-13
10430 -2.59293e-13
10440 -2.71094e-13
10450 -2.79133e-13
10460 -2.69619e-13
10470 -2.6235e-13
10480 -2.6553e-13
10490 -2.67703e-13
10500 -2.72549e-13
10510 -2.65716e-13
10520 -2.64415e-13
10530 -2.76795e-13
10540 -2.66199e-13
10550 -2.69771e-13
10560 -2.62126e-13
10570 -2.65345e-13
10580 -2.67066e-13
10590 -2.76991e-13
10600 -2.7842e-13
10610 -2.74123e-13
10620 -2.64208e-13
10630 -2.58247e-13
10640 -2.52335e-13
10650 -2.5073e-13
10660 -2.53507e-13
10670 -2.59724e-13
10680 -2.5767e-13
10690 -2.79258e-13
10700 -2.77364e-13
10710 -2.85374e-13
10720 -2.94176e-13
10730 -3.03587e-13
10740 -3.07905e-13
10750 -3.11699e-13
10760 -3.0284e-13
10770 -3.07564e-13
10780 -3.01348e-13
10790 -2.97809e-13
10800 -2.92177e-13
10810 -2.88737e-13
10820 -2.83832e-13
10830 -2.75208e-13
10840 -2.91557e-13
10850 -2.88326e-13
10860 -3.05883e-13
10870 -2.87814e-13
10880 -3.01776e-13
10890 -2.7257e-13
10900 -2.83015e-13
10910 -2.75957e-13
10920 -2.56238e-13
10930 -2.66771e-13
10940 -2.6978e-13
10950 -2.76298e-13
10960 -2.70455e-13
10970 -2.69661e-13
10980 -2.69233e-13
10990 -2.64246e-13
11000 -2.64004e-13
11010 -2.64516e-13
11020 -2.58209e-13
11030 -2.46518e-13
11040 -2.44902e-13
11050 -2.4326e-13
11060 -2.42739e-13
11070 -2.41022e-13
11080 -2.44711e-13
11090 -2.35051e-13
11100 -2.42358e-13
11110 -2.35991e-13
11120 -2.26717e-13
11130 -2.35091e-13
11140 -2.22867e-13
11150 -2.2612e-13
11160 -2.41431e-13
11170 -2.49092e-13
11180 -2.47563e-13
11190 -2.38426e-13
11200 -2.39295e-13
11210 -2.45589e-13
11220 -2.33325e-13
11230 -2.27651e-13
11240 -2.21186e-13
11250 -2.23237e-13
11260 -2.12938e-13
11270 -2.12979e-13
11280 -2.27453e-13
11290 -2.25476e-13
11300 -2.18204e-13
11310 -2.1199e-13
11320 -2.10265e-13
11330 -2.19612e-13
11340 -2.03049e-13
11350 -2.04307e-13
11360 -2.16742e-13
11370 -2.06074e-13
11380 -1.92684e-13
11390 -1.98136e-13
11400 -1.86907e-13
11410 -1.87385e-13
11420 -1.76755e-13
11430 -1.77692e-13
11440 -1.77685e-13
11450 -1.86142e-13
11460 -1.7518e-13
11470 -1.85527e-13
11480 -1.81565e-13
11490 -1.83014e-13
11500 -1.6863e-13
11510 -1.65101e-13
11520 -1.68969e-13
11530 -1.75764e-13
11540 -1.66246e-13
11550 -1.64115e-13
11560 -1.62562e-13
11570 -1.5095e-13
11580 -1.53834e-13
11590 -1.57685e-13
11600 -1.49784e-13
11610 -1.41262e-13
11620 -1.43301e-13
11630 -1.33869e-13
11640 -1.35555e-13
11650 -1.39685e-13
11660 -1.53202e-13
11670 -1.44159e-13
11680 -1.54069e-13
11690 -1.56802e-13
11700 -1.55125e-13
11710 -1.52726e-13
11720 -1.5458e-13
11730 -1.43144e-13
11740 -1.44522e-13
11750 -1.55311e-13
11760 -1.56581e-13
11770 -1.50568e-13
11780 -1.36117e-13
11790 -1.48419e-13
11800 -1.53807e-13
11810 -1.56343e-13
11820 -1.59704e-13
11830 -1.54877e-13
11840 -1.66944e-13
11850 -1.68165e-13
11860 -1.57887e-13
11870 -1.47418e-13
11880 -1.53503e-13
11890 -1.72019e-13
11900 -1.78431e-13
11910 -1.81195e-13
11920 -1.77449e-13
11930 -1.93072e-13
11940 -1.98257e-13
11950 -1.78352e-13
11960 -1.78406e-13
11970 -1.8249e-13
11980 -1.97656e-13
11990 -1.85146e-13
12000 -1.79373e-13
12010 -1.88752e-13
12020 -1.89731e-13
12030 -1.79755e-13
12040 -1.80262e-13
12050 -1.75494e-13
12060 -1.98384e-13
12070 -1.97537e-13
12080 -2.01491e-13
12090 -2.05833e-13
12100 -2.2241e-13
12110 -2.08196e-13
12120 -2.07202e-13
12130 -2.07995e-13
12140 -2.22407e-13
12150 -2.05958e-13
12160 -2.05264e-13
12170 -2.11015e-13
12180 -2.17615e-13
12190 -2.1859e-13
12200 -2.12912e-13
12210 -2.16749e-13
12220 -2.3095e-13
12230 -2.17248e-13
12240 -2.16347e-13
12250 -2.05863e-13
12260 -2.10716e-13
12270 -2.14355e-13
12280 -2.214e-13
12290 -2.15832e-13
12300 -2.23356e-13
12310 -2.32725e-13
12320 -2.41817e-13
12330 -2.35105e-13
12340 -2.49138e-13
12350 -2.3999e-13
12360 -2.35509e-13
12370 -2.46468e-13
12380 -2.41981e-13
12390 -2.2626e-13
12400 -2.23685e-13
12410 -2.32572e-13
12420 -2.38391e-13
12430 -2.45837e-13
12440 -2.47061e-13
12450 -2.40845e-13
12460 -2.2464e-13
12470 -2.37122e-13
12480 -2.31799e-13
12490 -2.39572e-13
12500 -2.28478e-13
12510 -2.34308e-13
12520 -2.26771e-13
12530 -2.35247e-13
12540 -2.3323e-13
12550 -2.41958e-13
12560 -2.35512e-13
12570 -2.47574e-13
12580 -2.46742e-13
12590 -2.52139e-13
12600 -2.50461e-13
12610 -2.5335e-13
12620 -2.6161e-13
12630 -2.48943e-13
12640 -2.51427e-13
12650 -2.527e-13
12660 -2.61796e-13
12670 -2.3817e-13
12680 -2.36675e-13
12690 -2.43769e-13
12700 -2.42346e-13
12710 -2.38348e-13
12720 -2.30069e-13
12730 -2.2718e-13
12740 -2.34228e-13
12750 -2.44695e-13
12760 -2.46364e-13
12770 -2.50248e-13
12780 -2.43379e-13
12790 -2.45218e-13
12800 -2.32583e-13
12810 -2.37963e-13
12820 -2.31124e-13
12830 -2.23599e-13
12840 -2.14234e-13
12850 -2.18808e-13
12860 -2.14356e-13
12870 -2.09159e-13
12880 -2.01633e-13
12890 -2.01725e-13
12900 -1.96301e-13
12910 -1.99407e-13
12920 -1.94544e-13
12930 -2.02027e-13
12940 -2.03735e-13
12950 -2.0366e-13
12960 -2.07342e-13
12970 -2.01054e-13
12980 -2.09387e-13
12990 -2.09988e-13
13000 -2.1057e-13
13010 -2.17826e-13
13020 -2.30636e-13
13030 -2.38484e-13
13040 -2.29183e-13
13050 -2.20229e-13
13060 -2.24592e-13
13070 -2.43983e-13
13080 -2.43872e-13
13090 -2.31555e-13
13100 -2.22027e-13
13110 -2.29232e-13
13120 -2.2387e-13
13130 -2.27561e-13
13140 -2.10851e-13
13150 -2.32006e-13
13160 -2.24928e-13
13170 -2.34067e-13
13180 -2.23617e-13
13190 -2.20066e-13
13200 -2.38603e-13
13210 -2.25052e-13
13220 -2.25273e-13
13230 -2.28523e-13
13240 -2.26992e-13
13250 -2.1546e-13
13260 -2.12422e-13
13270 -2.13951e-13
13280 -2.27692e-13
13290 -2.20407e-13
13300 -2.11248e-13
13310 -2.11905e-13
13320 -2.23778e-13
13330 -2.32483e-13
13340 -2.36463e-13
13350 -2.44963e-13
13360 -2.40962e-13
13370 -2.46102e-13
13380 -2.48505e-13
13390 -2.34742e-13
13400 -2.4239e-13
13410 -2.26523e-13
13420 -2.26707e-13
13430 -2.24921e-13
13440 -2.33341e-13
13450 -2.28392e-13
13460 -2.22021e-13
13470 -2.22027e-13
13480 -2.30504e-13
13490 -2.26284e-13
13500 -2.31261e-13
13510 -2.19867e-13
13520 -2.42914e-13
13530 -2.43583e-13
13540 -2.3883e-13
13550 -2.39395e-13
13560 -2.16585e-13
13570 -2.22918e-13
13580 -2.41188e-13
13590 -2.46114e-13
13600 -2.51344e-13
13610 -2.3957e-13
13620 -2.55868e-13
13630 -2.52835e-13
13640 -2.41107e-13
13650 -2.37635e-13
13660 -2.44877e-13
13670 -2.44912e-13
13680 -2.38481e-13
13690 -2.45222e-13
13700 -2.28952e-13
13710 -2.34681e-13
13720 -2.33372e-13
13730 -2.44759e-13
13740 -2.47005e-13
13750 -2.34416e-13
13760 -2.36757e-13
13770 -2.27176e-13
13780 -2.23408e-13
13790 -2.21415e-13
13800 -2.18793e-13
13810 -2.20817e-13
13820 -2.28659e-13
13830 -2.20869e-13
13840 -2.24347e-13
13850 -2.22883e-13
13860 -2.13527e-13
13870 -2.0053e-13
13880 -1.99843e-13
13890 -2.11369e-13
13900 -2.05314e-13
13910 -2.07261e-13
13920 -2.00433e-13
13930 -2.21248e-13
13940 -2.25562e-13
13950 -2.26643e-13
13960 -2.2031e-13
13970 -2.087e-13
13980 -2.13331e-13
13990 -2.14781e-13
14000 -2.33928e-13
14010 -2.25852e-13
14020 -2.27115e-13
14030 -2.26611e-13
14040 -2.23593e-13
14050 -2.115e-13
14060 -2.18613e-13
14070 -2.21964e-13
14080 -2.22971e-13
14090 -2.12288e-13
14100 -2.09373e-13
14110 -2.04306e-13
14120 -2.13849e-13
14130 -2.06559e-13
14140 -2.03322e-13
14150 -2.14345e-13
14160 -2.14667e-13
14170 -2.21023e-13
14180 -2.26525e-13
14190 -2.27165e-13
14200 -2.38375e-13
14210 -2.39978e-13
14220 -2.40842e-13
14230 -2.43347e-13
14240 -2.64739e-13
14250 -2.69138e-13
14260 -2.75382e-13
14270 -2.75083e-13
14280 -2.85637e-13
14290 -2.92015e-13
14300 -2.88162e-13
14310 -2.71545e-13
14320 -2.78742e-13
14330 -2.83195e-13
14340 -2.83524e-13
14350 -2.71038e-13
14360 -2.59316e-13
14370 -2.58988e-13
14380 -2.62656e-13
14390 -2.54206e-13
14400 -2.60665e-13
14410 -2.64313e-13
14420 -2.5514e-13
14430 -2.55169e-13
14440 -2.66388e-13
14450 -2.71831e-13
14460 -2.85005e-13
14470 -2.71993e-13
14480 -2.60965e-13
14490 -2.59166e-13
14500 -2.63676e-13
14510 -2.58395e-13
14520 -2.5644e-13
14530 -2.46586e-13
14540 -2.47973e-13
14550 -2.47351e-13
14560 -2.60324e-13
14570 -2.531e-13
14580 -2.34637e-13
14590 -2.43522e-13
14600 -2.42562e-13
14610 -2.54419e-13
14620 -2.60161e-13
14630 -2.59668e-13
14640 -2.57398e-13
14650 -2.47168e-13
14660 -2.50362e-13
14670 -2.43896e-13
14680 -2.42284e-13
14690 -2.4242e-13
14700 -2.51008e-13
14710 -2.47238e-13
14720 -2.48805e-13
14730 -2.40163e-13
14740 -2.40855e-13
14750 -2.37279e-13
14760 -2.34604e-13
14770 -2.28284e-13
14780 -2.32553e-13
14790 -2.27342e-13
14800 -2.28589e-13
14810 -2.05137e-13
14820 -2.21247e-13
14830 -2.08491e-13
14840 -2.12458e-13
14850 -2.28803e-13
14860 -2.25748e-13
14870 -2.30695e-13
14880 -2.31807e-13
14890 -2.2465e-13
14900 -2.23321e-13
14910 -2.29319e-13
14920 -2.25667e-13
14930 -2.28833e-13
14940 -2.3305e-13
14950 -2.33376e-13
14960 -2.29974e-13
14970 -2.29855e-13
14980 -2.12548e-13
14990 -2.12123e-13
15000 -2.05147e-13
15010 -2.27197e-13
15020 -2.42035e-13
15030 -2.33537e-13
15040 -2.31181e-13
15050 -2.31329e-13
15060 -2.38998e-13
15070 -2.50857e-13
15080 -2.34654e-13
15090 -2.27461e-13
15100 -2.28701e-13
15110 -2.3607e-13
15120 -2.3103e-13
15130 -2.29468e-13
15140 -2.35474e-13
15150 -2.24308e-13
15160 -2.24478e-13
15170 -2.3736e-13
15180 -2.3013e-13
15190 -2.36722e-13
15200 -2.15519e-13
15210 -2.07398e-13
15220 -2.12638e-13
15230 -2.12085e-13
15240 -2.17803e-13
15250 -2.16841e-13
15260 -2.10378e-13
15270 -1.91455e-13
15280 -2.04837e-13
15290 -2.21174e-13
15300 -2.05292e-13
15310 -1.94953e-13
15320 -1.8684e-13
15330 -1.94301e-13
15340 -2.03857e-13
15350 -2.07127e-13
15360 -1.92968e-13
15370 -1.87084e-13
15380 -1.7834e-13
15390 -1.8126e-13
15400 -2.04547e-13
15410 -1.94741e-13
15420 -1.92814e-13
15430 -1.69651e-13
15440 -1.77434e-13
15450 -2.02888e-13
15460 -2.09025e-13
15470 -2.0375e-13
15480 -1.9285e-13
15490 -2.23209e-13
15500 -2.40113e-13
15510 -2.17098e-13
15520 -2.04966e-13
15530 -2.15059e-13
15540 -2.27054e-13
15550 -2.11625e-13
15560 -2.15258e-13
15570 -2.03716e-13
15580 -2.08315e-13
15590 -2.28508e-13
15600 -2.17719e-13
15610 -2.18016e-13
15620 -2.37711e-13
15630 -2.26529e-13
15640 -2.10503e-13
15650 -2.36231e-13
15660 -2.49992e-13
15670 -2.39954e-13
15680 -2.23099e-13
15690 -2.27236e-13
15700 -2.29348e-13
15710 -2.23965e-13
15720 -2.39578e-13
15730 -2.30159e-13
15740 -2.34846e-13
15750 -2.37438e-13
15760 -2.45518e-13
15770 -2.56096e-13
15780 -2.57844e-13
15790 -2.4529e-13
15800 -2.4024e-13
15810 -2.31442e-13
15820 -2.19458e-13
15830 -1.69884e-13
15840 -1.28928e-13
15850 -6.34592e-14
15860 6.098e-14
15870 2.66709e-13
15880 6.00102e-13
15890 1.13604e-12
15900 1.98301e-12
15910 3.34035e-12
15920 5.51609e-12
15930 8.96691e-12
15940 1.43826e-11
15950 2.28541e-11
15960 3.60698e-11
15970 5.65797e-11
15980 8.8321e-11
15990 1.37206e-10
16000 2.12078e-10
16010 3.26296e-10
16020 4.99772e-10
16030 7.62186e-10
16040 1.15733e-09
16050 1.74981e-09
16060 2.63433e-09
16070 3.94916e-09
16080 5.89532e-09
16090 8.76359e-09
16100 1.2973e-08
16110 1.91243e-08
16120 2.80755e-08
16130 4.10461e-08
16140 5.97619e-08
16150 8.66547e-08
16160 1.25136e-07
16170 1.79969e-07
16180 2.57779e-07
16190 3.67737e-07
16200 5.22485e-07
16210 7.39371e-07
16220 1.0421e-06
16230 1.46292e-06
16240 2.04551e-06
16250 2.84878e-06
16260 3.95184e-06
16270 5.46044e-06
16280 7.51537e-06
16290 1.03032e-05
16300 1.40703e-05
16310 1.91401e-05
16320 2.59361e-05
16330 3.50096e-05
16340 4.7076e-05
16350 6.30591e-05
16360 8.41466e-05
16370 0.000111859
16380 0.000148136
16390 0.000195437
16400 0.000256872
16410 0.000336354
16420 0.000438785
16430 0.000570278
16440 0.000738427
16450 0.000952622
16460 0.00122442
16470 0.00156799
16480 0.00200061
16490 0.0025433
16500 0.00322144
16510 0.00406562
16520 0.00511249
16530 0.00640579
16540 0.00799748
16550 0.00994898
16560 0.0123326
16570 0.015233
16580 0.018749
16590 0.0229951
16600 0.0281036
16610 0.0342268
16620 0.0415386
16630 0.0502368
16640 0.0605457
16650 0.0727178
16660 0.0870359
16670 0.103815
16680 0.123406
16690 0.146192
16700 0.172597
16710 0.203079
16720 0.238138
16730 0.278307
16740 0.324161
16750 0.376305
16760 0.435378
16770 0.502049
16780 0.57701
16790 0.66097
16800 0.754652
16810 0.85878
16820 0.974076
16830 1.10124
16840 1.24096
16850 1.39386
16860 1.56054
16870 1.74152
16880 1.93723
16890 2.14803
16900 2.37416
16910 2.61573
16920 2.87273
16930 3.14498
16940 3.43217
16950 3.73378
16960 4.04915
16970 4.37742
16980 4.71753
16990 5.06826
17000 5.42816
17010 5.79564
17020 6.16892
17030 6.54605
17040 6.92493
17050 7.30335
17060 7.67896
17070 8.04935
17080 8.41204
17090 8.76449
17100 9.10419
17110 9.42863
17120 9.73537
17130 10.0221
17140 10.2864
17150 10.5264
17160 10.7401
17170 10.9257
17180 11.0817
17190 11.207
17200 11.3004
17210 11.3613
17220 11.3893
17230 11.3841
17240 11.3459
17250 11.2752
17260 11.1725
17270 11.039
17280 10.8758
17290 10.6844
17300 10.4663
17310 10.2236
17320 9.95808
17330 9.67204
17340 9.36769
17350 9.04736
17360 8.71344
17370 8.36834
17380 8.01444
17390 7.65411
17400 7.28966
17410 6.92331
17420 6.55718
17430 6.19328
17440 5.83347
17450 5.47948
17460 5.13287
17470 4.79505
17480 4.46726
17490 4.15057
17500 3.84587
17510 3.55389
17520 3.27522
17530 3.01028
17540 2.75934
17550 2.52254
17560 2.2999
17570 2.09132
17580 1.8966
17590 1.71544
17600 1.54748
17610 1.39228
17620 1.24934
17630 1.11813
17640 0.99808
17650 0.888586
17660 0.789039
17670 0.698819
17680 0.617307
17690 0.543889
17700 0.477963
17710 0.418945
17720 0.366268
17730 0.319393
17740 0.277802
17750 0.24101
17760 0.208557
17770 0.180014
17780 0.154983
17790 0.133094
17800 0.114008
17810 0.0974118
17820 0.0830223
17830 0.0705806
17840 0.0598529
17850 0.0506288
17860 0.0427193
17870 0.0359557
17880 0.0301877
17890 0.0252822
17900 0.0211214
17910 0.0176017
17920 0.0146325
17930 0.0121342
17940 0.0100377
17950 0.00828315
17960 0.00681856
17970 0.00559925
17980 0.00458678
17990 0.00374826
18000 0.00305561
18010 0.00248493
18020 0.00201595
18030 0.00163155
18040 0.00131726
18050 0.00106097
18060 0.000852492
18070 0.000683344
18080 0.000546451
18090 0.000435942
18100 0.000346954
18110 0.000275476
18120 0.000218207
18130 0.000172435
18140 0.000135943
18150 0.000106921
18160 8.38982e-05
18170 6.56782e-05
18180 5.12947e-05
18190 3.99677e-05
18200 3.10693e-05
18210 2.40959e-05
18220 1.86443e-05
18230 1.43926e-05
18240 1.10849e-05
18250 8.51757e-06
18260 6.5298e-06
18270 4.9944e-06
18280 3.81127e-06
18290 2.90175e-06
18300 2.20422e-06
18310 1.67054e-06
18320 1.26319e-06
18330 9.52999e-07
18340 7.17346e-07
18350 5.3874e-07
18360 4.03688e-07
18370 3.01809e-07
18380 2.25132e-07
18390 1.67557e-07
18400 1.24427e-07
18410 9.21913e-08
18420 6.81542e-08
18430 5.02717e-08
18440 3.69986e-08
18450 2.71694e-08
18460 1.9907e-08
18470 1.45536e-08
18480 1.06162e-08
18490 7.72696e-09
18500 5.61162e-09
18510 4.06639e-09
18520 2.94018e-09
18530 2.12122e-09
18540 1.52701e-09
18550 1.09685e-09
18560 7.86148e-10
18570 5.62228e-10
18580 4.01212e-10
18590 2.85687e-10
18600 2.02985e-10
18610 1.43911e-10
18620 1.01809e-10
18630 7.18683e-11
18640 5.06235e-11
18650 3.55821e-11
18660 2.49561e-11
18670 1.74658e-11
18680 1.21975e-11
18690 8.50006e-12
18700 5.91079e-12
18710 4.1015e-12
18720 2.83997e-12
18730 1.96229e-12
18740 1.35297e-12
18750 9.30881e-13
18760 6.39117e-13
18770 4.37874e-13
18780 2.99365e-13
18790 2.04239e-13
18800 1.39047e-13
18810 9.44655e-14
18820 6.40433e-14
18830 4.33277e-14
18840 2.92516e-14
18850 1.97073e-14
18860 1.32495e-14
18870 8.88931e-15
18880 5.95161e-15
18890 3.97649e-15
18900 2.65135e-15
18910 1.76414e-15
18920 1.1714e-15
18930 7.76213e-16
18940 5.13289e-16
18950 3.38728e-16
18960 2.23073e-16
18970 1.46607e-16
18980 9.61552e-17
18990 6.29366e-17
19000 4.111e-17
19010 2.67983e-17
19020 1.74334e-17
19030 1.13182e-17
19040 7.33312e-18
19050 4.74156e-18
19060 3.05967e-18
19070 1.97039e-18
19080 1.26635e-18
19090 8.12229e-19
19100 5.19913e-19
19110 3.32132e-19
19120 2.11748e-19
19130 1.34728e-19
19140 8.5552e-20
19150 5.42167e-20
19160 3.42902e-20
19170 2.16443e-20
19180 1.36349e-20
19190 8.57229e-21
19200 5.37875e-21
19210 3.36826e-21
19220 2.10509e-21
19230 1.31304e-21
19240 8.1739e-22
19250 5.07838e-22
19260 3.14895e-22
19270 1.94874e-22
19280 1.20362e-22
19290 7.4195e-23
19300 4.56468e-23
19310 2.80283e-23
19320 1.71766e-23
19330 1.05058e-23
19340 6.41323e-24
19350 3.90734e-24
19360 2.37597e-24
19370 1.44198e-24
19380 8.73451e-25
19390 5.28052e-25
19400 3.18623e-25
19410 1.91884e-25
19420 1.15336e-25
19430 6.9192e-26
19440 4.14297e-26
19450 2.47591e-26
19460 1.47682e-26
19470 8.79198e-27
19480 5.22417e-27
19490 3.09826e-27
19500 1.83397e-27
19510 1.08352e-27
19520 6.38938e-28
19530 3.76058e-28
19540 2.20916e-28
19550 1.29532e-28
19560 7.58062e-29
19570 4.42805e-29
19580 2.58166e-29
19590 1.50234e-29
19600 8.7261e-30
19610 5.05889e-30
19620 2.92735e-30
19630 1.69075e-30
19640 9.74698e-31
19650 5.60852e-31
19660 3.22118e-31
19670 1.84659e-31
19680 1.05662e-31
19690 6.0347e-32
19700 3.44021e-32
19710 1.95753e-32
19720 1.1118e-32
19730 6.30287e-33
19740 3.56654e-33
19750 2.01443e-33
19760 1.13568e-33
19770 6.39085e-34
19780 3.58973e-34
19790 2.01263e-34
19800 1.12634e-34
19810 6.29183e-35
19820 3.50823e-35
19830 1.95256e-35
19840 1.08474e-35
19850 6.01523e-36
19860 3.32956e-36
19870 1.83963e-36
19880 1.01457e-36
19890 5.58527e-37
19900 3.06914e-37
19910 1.68346e-37
19920 9.21735e-38
19930 5.03774e-38
19940 2.7487e-38
19950 1.4976e-38
19960 8.1552e-39
19970 4.45218e-39
19980 2.46186e-39
19990 1.42442e-39
20000 8.22972e-40
20010 4.74797e-40
20020 2.7353e-40
20030 1.57354e-40
20040 9.03917e-41
20050 5.18507e-41
20060 2.97001e-41
20070 1.69878e-41
20080 9.70276e-42
20090 5.53389e-42
20100 3.1517e-42
20110 1.79241e-42
20120 1.0179e-42
20130 5.7724e-43
20140 3.26877e-43
20150 1.84838e-43
20160 1.0437e-43
20170 5.8849e-44
20180 3.31345e-44
20190 1.86294e-44
20200 1.04591e-44
20210 5.86361e-45
20220 3.28255e-45
20230 1.83498e-45
20240 1.02429e-45
20250 5.70934e-46
20260 3.17774e-46
20270 1.7661e-46
20280 9.80118e-47
20290 5.43128e-47
20300 3.00527e-47
20310 1.66043e-47
20320 9.16028e-48
20330 5.04595e-48
20340 2.77536e-48
20350 1.52417e-48
20360 8.35756e-49
20370 4.57563e-49
20380 2.50116e-49
20390 1.36504e-49
20400 7.43798e-50
20410 4.04634e-50
20420 2.19765e-50
20430 1.19162e-50
20440 6.45043e-51
20450 3.4858e-51
20460 1.88048e-51
20470 1.0127e-51
20480 5.44405e-52
20490 2.92137e-52
20500 1.56481e-52
20510 8.36634e-53
20520 4.46475e-53
20530 2.37812e-53
20540 1.26426e-53
20550 6.70791e-54
20560 3.55204e-54
20570 1.87713e-54
20580 9.89979e-55
20590 5.21025e-55
20600 2.7364e-55
20610 1.43409e-55
20620 7.49956e-56
20630 3.91334e-56
20640 2.0375e-56
20650 1.05846e-56
20660 5.48611e-57
20670 2.83699e-57
20680 1.46367e-57
20690 7.53367e-58
20700 3.86847e-58
20710 1.98166e-58
20720 1.01266e-58
20730 5.16223e-59
20740 2.62504e-59
20750 1.33153e-59
20760 6.73709e-60
20770 3.40009e-60
20780 1.71158e-60
20790 8.59378e-61
20800 4.3037e-61
20810 2.14963e-61
20820 1.07088e-61
20830 5.32064e-62
20840 2.63651e-62
20850 1.30295e-62
20860 6.42178e-63
20870 3.15648e-63
20880 1.54727e-63
20890 7.56376e-64
20900 3.68734e-64
20910 1.79262e-64
20920 8.69072e-65
20930 4.20158e-65
20940 2.0256e-65
20950 9.73814e-66
20960 4.66846e-66
20970 2.23174e-66
20980 1.06386e-66
20990 5.05693e-67
21000 2.39692e-67
21010 1.13287e-67
21020 5.33902e-68
21030 2.50898e-68
21040 1.17567e-68
21050 5.49314e-69
21060 2.5592e-69
21070 1.18886e-69
21080 5.50683e-70
21090 2.54339e-70
21100 1.17129e-70
21110 5.37842e-71
21120 2.46253e-71
21130 1.1242e-71
21140 5.11728e-72
21150 2.32257e-72
21160 1.05107e-72
21170 4.7427e-73
21180 2.13378e-73
21190 9.57207e-74
21200 4.28145e-74
21210 1.90944e-74
21220 8.49079e-75
21230 3.76461e-75
21240 1.66425e-75
21250 7.3358e-76
21260 3.22406e-76
21270 1.41282e-76
21280 6.17303e-77
21290 2.68929e-77
21300 1.16817e-77
21310 5.05941e-78
21320 2.18486e-78
21330 9.40752e-79
21340 4.03883e-79
21350 1.72888e-79
21360 7.3791e-80
21370 3.1403e-80
21380 1.33251e-80
21390 5.63765e-81
21400 2.37825e-81
21410 1.00034e-81
21420 4.19537e-82
21430 1.75439e-82
21440 7.31498e-83
21450 3.04112e-83
21460 1.26063e-83
21470 5.2105e-84
21480 2.14736e-84
21490 8.82399e-85
21500 3.61545e-85
21510 1.47706e-85
21520 6.01686e-86
21530 2.44389e-86
21540 9.89763e-87
21550 3.99688e-87
21560 1.60936e-87
21570 6.46137e-88
21580 2.58666e-88
21590 1.03252e-88
21600 4.10958e-89
21610 1.63096e-89
21620 6.45406e-90
21630 2.54665e-90
21640 1.00196e-90
21650 3.93082e-91
21660 1.53766e-91
21670 5.99775e-92
21680 2.33274e-92
21690 9.04676e-93
21700 3.49842e-93
21710 1.34897e-93
21720 5.18664e-94
21730 1.98849e-94
21740 7.60177e-95
21750 2.89775e-95
21760 1.10145e-95
21770 4.17467e-96
21780 1.57775e-96
21790 5.94584e-97
21800 2.23433e-97
21810 8.3722e-98
21820 3.12819e-98
21830 1.16549e-98
21840 4.32996e-99
21850 1.60407e-99
21860 5.92551e-100
21870 2.18269e-100
21880 8.01722e-101
21890 2.93644e-101
21900 1.07247e-101
21910 3.90583e-102
21920 1.41844e-102
21930 5.13662e-103
21940 1.85487e-103
21950 6.6791e-104
21960 2.39825e-104
21970 8.58698e-105
21980 3.06591e-105
21990 1.09157e-105
22000 3.87537e-106
22010 1.37199e-106
22020 4.84355e-107
22030 1.70511e-107
22040 5.98569e-108
22050 2.09534e-108
22060 7.31426e-109
22070 2.54603e-109
22080 8.83764e-110
22090 3.05906e-110
22100 1.05589e-110
22110 3.63436e-111
22120 1.24744e-111
22130 4.26964e-112
22140 1.45729e-112
22150 4.96e-113
22160 1.68345e-113
22170 5.69775e-114
22180 1.92305e-114
22190 6.47233e-115
22200 2.17228e-115
22210 7.2704e-116
22220 2.42653e-116
22230 8.07606e-117
22240 2.68041e-117
22250 8.87135e-118
22260 2.92797e-118
22270 9.63677e-119
22280 3.1629e-119
22290 1.03521e-119
22300 3.3788e-120
22310 1.09973e-120
22320 3.56945e-121
22330 1.15533e-121
22340 3.72911e-122
22350 1.20031e-122
22360 3.85281e-123
22370 1.23325e-123
22380 3.9366e-124
22390 1.25309e-124
22400 3.97777e-125
22410 1.25919e-125
22420 3.97499e-126
22430 1.25135e-126
22440 3.92838e-127
22450 1.22983e-127
22460 3.8395e-128
22470 1.19536e-128
22480 3.71127e-129
22490 1.14906e-129
22500 3.5478e-130
22510 1.09238e-130
22520 3.35419e-131
22530 1.02707e-131
22540 3.13625e-132
22550 9.55036e-133
22560 2.9002e-133
22570 8.78288e-134
22580 2.65244e-134
22590 7.98829e-135
22600 2.39918e-135
22610 7.18575e-136
22620 2.14626e-136
22630 6.39284e-137
22640 1.89892e-137
22650 5.62497e-138
22660 1.66164e-138
22670 4.89502e-139
22680 1.43805e-139
22690 4.21304e-140
22700 1.23089e-140
22710 3.58631e-141
22720 1.04202e-141
22730 3.01933e-142
22740 8.72462e-143
22750 2.51412e-143
22760 7.22484e-144
22770 2.0705e-144
22780 5.91731e-145
22790 1.68647e-145
22800 4.79331e-146
22810 1.35862e-146
22820 3.84027e-147
22830 1.08251e-147
22840 3.04302e-148
22850 8.53068e-149
22860 2.38488e-149
22870 6.64895e-150
22880 1.84861e-150
22890 5.12556e-151
22900 1.41723e-151
22910 3.90793e-152
22920 1.07463e-152
22930 2.94695e-153
22940 8.05919e-154
22950 2.19794e-154
22960 5.97785e-155
22970 1.62136e-155
22980 4.38548e-156
22990 1.18294e-156
23000 3.18206e-157
23010 8.53615e-158
23020 2.2836e-158
23030 6.0923e-159
23040 1.62087e-159
23050 4.3005e-160
23060 1.13788e-160
23070 3.00245e-161
23080 7.9006e-162
23090 2.07324e-162
23100 5.42553e-163
23110 1.41592e-163
23120 3.68502e-164
23130 9.56413e-165
23140 2.47545e-165
23150 6.3895e-166
23160 1.64469e-166
23170 4.22185e-167
23180 1.08075e-167
23190 2.759e-168
23200 7.02395e-169
23210 1.78326e-169
23220 4.51491e-170
23230 1.13995e-170
23240 2.87029e-171
23250 7.20724e-172
23260 1.80473e-172
23270 4.50671e-173
23280 1.1223e-173
23290 2.78713e-174
23300 6.90252e-175
23310 1.70475e-175
23320 4.19868e-176
23330 1.03125e-176
23340 2.52592e-177
23350 6.16984e-178
23360 1.50289e-178
23370 3.65075e-179
23380 8.84372e-180
23390 2.13642e-180
23400 5.14682e-181
23410 1.23649e-181
23420 2.96236e-182
23430 7.07757e-183
23440 1.68628e-183
23450 4.00655e-184
23460 9.49314e-185
23470 2.24309e-185
23480 5.28541e-186
23490 1.24196e-186
23500 2.91027e-187
23510 6.80071e-188
23520 1.58478e-188
23530 3.68283e-189
23540 8.53468e-190
23550 1.97236e-190
23560 4.5455e-191
23570 1.04465e-191
23580 2.39414e-192
23590 5.47171e-193
23600 1.24707e-193
23610 2.83431e-194
23620 6.42388e-195
23630 1.4519e-195
23640 3.27243e-196
23650 7.35517e-197
23660 1.64856e-197
23670 3.68474e-198
23680 8.21293e-199
23690 1.82548e-199
23700 4.04619e-200
23710 8.94339e-201
23720 1.97127e-201
23730 4.33287e-202
23740 9.49714e-203
23750 2.07585e-203
23760 4.52464e-204
23770 9.83463e-205
23780 2.13165e-205
23790 4.60742e-206
23800 9.93079e-207
23810 2.13448e-207
23820 4.57492e-208
23830 9.77816e-209
23840 2.08407e-209
23850 4.42943e-210
23860 9.38781e-211
23870 1.98409e-211
23880 4.18154e-212
23890 8.78801e-213
23900 1.84172e-213
23910 3.84887e-214
23920 8.02086e-215
23930 1.6668e-215
23940 3.45402e-216
23950 7.1374e-217
23960 1.47072e-217
23970 3.022e-218
23980 6.19201e-219
23990 1.26515e-219
24000 2.57766e-220
24010 5.23697e-221
24020 1.06098e-221
24030 2.14339e-222
24040 4.31785e-223
24050 8.67367e-224
24060 1.73743e-224
24070 3.47038e-225
24080 6.9122e-226
24090 1.37284e-226
24100 2.71889e-227
24110 5.36942e-228
24120 1.05737e-228
24130 2.07631e-229
24140 4.06554e-230
24150 7.93794e-231
24160 1.54546e-231
24170 3.00034e-232
24180 5.80821e-233
24190 1.12117e-233
24200 2.15806e-234
24210 4.14201e-235
24220 7.92712e-236
24230 1.51278e-236
24240 2.87868e-237
24250 5.46217e-238
24260 1.03345e-238
24270 1.94971e-239
24280 3.66776e-240
24290 6.87993e-241
24300 1.28682e-241
24310 2.39995e-242
24320 4.46309e-243
24330 8.27593e-244
24340 1.53019e-244
24350 2.82112e-245
24360 5.18614e-246
24370 9.50629e-247
24380 1.73749e-247
24390 3.16648e-248
24400 5.75405e-249
24410 1.04259e-249
24420 1.88361e-250
24430 3.3932e-251
24440 6.09492e-252
24450 1.0916e-252
24460 1.94938e-253
24470 3.47109e-254
24480 6.16269e-255
24490 1.09096e-255
24500 1.92567e-256
24510 3.38911e-257
24520 5.94732e-258
24530 1.04061e-258
24540 1.81545e-259
24550 3.15798e-260
24560 5.47723e-261
24570 9.47197e-262
24580 1.63322e-262
24590 2.80785e-263
24600 4.81312e-264
24610 8.22626e-265
24620 1.40184e-265
24630 2.38187e-266
24640 4.0351e-267
24650 6.8157e-268
24660 1.14785e-268
24670 1.92741e-269
24680 3.22685e-270
24690 5.38639e-271
24700 8.96459e-272
24710 1.48756e-272
24720 2.46111e-273
24730 4.05972e-274
24740 6.67684e-275
24750 1.09485e-275
24760 1.78995e-276
24770 2.91767e-277
24780 4.7417e-278
24790 7.6831e-279
24800 1.24119e-279
24810 1.99915e-280
24820 3.21033e-281
24830 5.13987e-282
24840 8.20451e-283
24850 1.30572e-283
24860 2.07177e-284
24870 3.27737e-285
24880 5.16897e-286
24890 8.1278e-287
24900 1.27419e-287
24910 1.9915e-288
24920 3.10325e-289
24930 4.82102e-290
24940 7.46701e-291
24950 1.15302e-291
24960 1.77506e-292
24970 2.72438e-293
24980 4.16873e-294
24990 6.35943e-295
25000 9.67185e-296
25010 1.46648e-296
25020 2.21677e-297
25030 3.34069e-298
25040 5.01909e-299
25050 7.51769e-300
25060 1.12257e-300
25070 1.67113e-301
25080 2.48012e-302
25090 3.66946e-303
25100 5.41246e-304
25110 7.95885e-305
25120 1.16672e-305
25130 1.70508e-306
25140 2.48415e-307
25150 3.60803e-308
25160 5.22417e-309
25170 7.54081e-310
25180 1.0851e-310
25190 1.5566e-311
25200 2.22603e-312
25210 3.17349e-313
25220 4.51037e-314
25230 6.3927e-315
25240 9.05458e-316
25250 1.30053e-316
25260 2.07999e-317
25270 5.43106e-318
25280 3.25115e-318
25290 2.91731e-318
25300 2.84045e-318
25310 2.79779e-318
25320 2.75894e-318
25330 2.72035e-318
25340 2.68204e-318
25350 2.64399e-318
25360 2.60622e-318
25370 2.56872e-318
25380 2.53149e-318
25390 2.49454e-318
25400 2.45785e-318
25410 2.42144e-318
25420 2.3853e-318
25430 2.34943e-318
25440 2.31383e-318
25450 2.27851e-318
25460 2.24345e-318
25470 2.20867e-318
25480 2.17416e-318
25490 2.13992e-318
25500 2.10595e-318
25510 2.07226e-318
25520 2.03884e-318
25530 2.00568e-318
25540 1.9728e-318
25550 1.9402e-318
25560 1.90786e-318
25570 1.87579e-318
25580 1.844e-318
25590 1.81248e-318
25600 1.78123e-318
25610 1.75025e-318
25620 1.71955e-318
25630 1.68911e-318
25640 1.65895e-318
25650 1.62906e-318
25660 1.59944e-318
25670 1.57009e-318
25680 1.54102e-318
25690 1.51221e-318
25700 1.48368e-318
25710 1.45542e-318
25720 1.42743e-318
25730 1.39971e-318
25740 1.37227e-318
25750 1.34509e-318
25760 1.31819e-318
25770 1.29156e-318
25780 1.2652e-318
25790 1.23912e-318
25800 1.2133e-318
25810 1.18776e-318
25820 1.16249e-318
25830 1.13749e-318
25840 1.11276e-318
25850 1.0883e-318
25860 1.06412e-318
25870 1.04021e-318
25880 1.01656e-318
25890 9.93195e-319
25900 9.70098e-319
25910 9.47272e-319
25920 9.24718e-319
25930 9.02436e-319
25940 8.80425e-319
25950 8.58686e-319
25960 8.37219e-319
25970 8.16024e-319
25980 7.951e-319
25990 7.74448e-319
26000 7.54068e-319
26010 7.33959e-319
26020 7.14122e-319
26030 6.94557e-319
26040 6.75264e-319
26050 6.56243e-319
26060 6.37493e-319
26070 6.19015e-319
26080 6.00809e-319
26090 5.82874e-319
26100 5.65211e-319
26110 5.4782e-319
26120 5.30701e-319
26130 5.13853e-319
26140 4.97277e-319
26150 4.80973e-319
26160 4.6494e-319
26170 4.4918e-319
26180 4.33691e-319
26190 4.18474e-319
26200 4.03528e-319
26210 3.88854e-319
26220 3.74452e-319
26230 3.60322e-319
26240 3.46464e-319
26250 3.32877e-319
26260 3.19562e-319
26270 3.06518e-319
26280 2.93747e-319
26290 2.81247e-319
26300 2.69019e-319
26310 2.57062e-319
26320 2.45378e-319
26330 2.33965e-319
26340 2.22824e-319
26350 2.11954e-319
26360 2.01356e-319
26370 1.9103e-319
26380 1.80976e-319
26390 1.71194e-319
26400 1.61683e-319
26410 1.52444e-319
26420 1.43477e-319
26430 1.34781e-319
26440 1.26357e-319
26450 1.18205e-319
26460 1.10325e-319
26470 1.02716e-319
26480 9.53794e-320
26490 8.83142e-320
26500 8.15208e-320
26510 7.49992e-320
26520 6.87492e-320
26530 6.2771e-320
26540 5.70646e-320
26550 5.16299e-320
26560 4.64669e-320
26570 4.15756e-320
26580 3.69561e-320
26590 3.26083e-320
26600 2.85323e-320
26610 2.4728e-320
26620 2.11954e-320
26630 1.79346e-320
26640 1.49455e-320
26650 1.22281e-320
26660 9.7825e-321
26670 7.60861e-321
26680 5.70646e-321
26690 4.07604e-321
26700 2.71736e-321
26710 1.63042e-321
26720 8.15208e-322
26730 2.71736e-322
26740 0
26750 0
26760 0
26770 0
26780 0
26790 0
26800 0
26810 0
26820 0
26830 0
26840 0
26850 0
26860 0
26870 0
26880 0
26890 0
26900 0
26910 0
26920 0
26930 0
26940 0
26950 0
26960 0
26970 0
26980 0
26990 0
27000 0
27010 0
27020 0
27030 0
27040 0
27050 0
27060 0
27070 0
27080 0
27090 0
27100 0
27110 0
27120 0
27130 0
27140 0
27150 0
27160 0
27170 0
27180 0
27190 0
27200 0
27210 0
27220 0
27230 0
27240 0
27250 0
27260 0
27270 0
27280 0
27290 0
27300 0
27310 0
27320 0
27330 0
27340 0
27350 0
27360 0
27370 0
27380 0
27390 0
27400 0
27410 0
27420 0
27430 0
27440 0
27450 0
27460 0
27470 0
27480 0
27490 0
27500 0
27510 0
27520 0
27530 0
27540 0
27550 0
27560 0
27570 0
27580 0
27590 0
27600 0
27610 0
27620 0
27630 0
27640 0
27650 0
27660 0
27670 0
27680 0
27690 0
27700 0
27710 0
27720 0
27730 0
27740 0
27750 0
27760 0
27770 0
27780 0
27790 0
27800 0
27810 0
27820 0
27830 0
27840 0
27850 0
27860 0
27870 0
27880 0
27890 0
27900 0
27910 0
27920 0
27930 0
27940 0
27950 0
27960 0
27970 0
27980 0
27990 0
28000 0
28010 0
28020 0
28030 0
28040 0
28050 0
28060 0
28070 0
28080 0
28090 0
28100 0
28110 0
28120 0
28130 0
28140 0
28150 0
28160 0
28170 0
28180 0
28190 0
28200 0
28210 0
28220 0
28230 0
28240 0
28250 0
28260 0
28270 0
28280 0
28290 0
28300 0
28310 0
28320 0
28330 0
28340 0
28350 0
28360 0
28370 0
28380 0
28390 0
28400 0
28410 0
28420 0
28430 0
28440 0
28450 0
28460 0
28470 0
28480 0
28490 0
28500 0
28510 0
28520 0
28530 0
28540 0
28550 0
28560 0
28570 0
28580 0
28590 0
28600 0
28610 0
28620 0
28630 0
28640 0
28650 0
28660 0
28670 0
28680 0
28690 0
28700 0
28710 0
28720 0
28730 0
28740 0
28750 0
28760 0
28770 0
28780 0
28790 0
28800 0
28810 0
28820 0
28830 0
28840 0
28850 0
28860 0
28870 0
28880 0
28890 0
28900 0
28910 0
28920 0
28930 0
28940 0
28950 0
28960 0
28970 0
28980 0
28990 0
29000 0
29010 0
29020 0
29030 0
29040 0
29050 0
29060 0
29070 0
29080 0
29090 0
29100 0
29110 0
29120 0
29130 0
29140 0
29150 0
29160 0
29170 0
29180 0
29190 0
29200 0
29210 0
29220 0
29230 0
29240 0
29250 0
29260 0
29270 0
29280 0
29290 0
29300 0
29310 0
29320 0
29330 0
29340 0
29350 0
29360 0
29370 0
29380 0
29390 0
29400 0
29410 0
29420 0
29430 0
29440 0
29450 0
29460 0
29470 0
29480 0
29490 0
29500 0
29510 0
29520 0
29530 0
29540 0
29550 0
29560 0
29570 0
29580 0
29590 0
29600 0
29610 0
29620 0
29630 0
29640 0
29650 0
29660 0
29670 0
29680 0
29690 0
29700 0
29710 0
29720 0
29730 0
29740 0
29750 0
29760 0
29770 0
29780 0
29790 0
29800 0
29810 0
29820 0
29830 0
29840 0
29850 0
29860 0
29870 0
29880 0
29890 0
29900 0
29910 0
29920 0
29930 0
29940 0
29950 0
29960 0
29970 0
29980 0
