-10 0
0 -1.4308e-16
10 3.69648e-15
20 6.88471e-15
30 -2.52561e-15
40 -4.66649e-15
50 -1.07906e-14
60 -1.00541e-14
70 -5.2977e-15
80 -7.86046e-15
90 -2.56968e-15
100 1.13169e-14
110 3.63033e-15
120 1.09735e-14
130 1.01533e-14
140 5.82848e-15
150 7.05228e-15
160 8.18839e-16
170 -3.86795e-15
180 -7.96424e-15
190 4.45549e-15
200 8.76841e-15
210 1.05361e-15
220 6.14557e-15
230 3.37026e-15
240 1.62377e-14
250 6.40272e-15
260 1.01988e-14
270 7.82227e-15
280 1.51999e-14
290 1.49863e-14
300 1.27815e-14
310 2.77193e-14
320 2.38544e-14
330 2.59062e-14
340 1.6124e-14
350 1.30381e-14
360 2.44966e-14
370 2.38471e-14
380 1.60418e-14
390 3.58761e-14
400 3.04196e-14
410 2.17333e-14
420 1.95122e-14
430 2.47139e-14
440 1.56274e-14
450 1.56031e-14
460 2.13174e-14
470 2.25987e-14
480 2.05415e-14
490 1.31795e-14
500 1.40093e-14
510 4.87531e-15
520 1.00844e-14
530 1.35375e-14
540 1.06955e-14
550 8.02443e-15
560 1.00864e-14
570 1.40902e-14
580 9.85265e-15
590 -2.26456e-15
600 8.40786e-15
610 -5.30229e-16
620 -1.60055e-15
630 -1.6841e-15
640 1.93894e-15
650 1.77536e-15
660 4.78231e-15
670 6.70909e-15
680 5.42436e-15
690 7.11441e-15
700 4.7825e-15
710 8.32019e-15
720 6.34028e-15
730 5.84601e-15
740 -5.73281e-15
750 -9.59165e-18
760 7.905e-16
770 -8.34202e-15
780 3.14489e-16
790 -4.29578e-15
800 -6.17831e-15
810 1.91673e-15
820 -3.28446e-15
830 4.01048e-16
840 2.01103e-15
850 -4.46573e-15
860 8.05365e-16
870 5.83509e-15
880 5.02025e-15
890 9.10233e-16
900 3.93499e-15
910 4.52044e-15
920 -8.40483e-15
930 -1.47933e-14
940 -1.40555e-14
950 -1.47006e-14
960 -1.81899e-14
970 -1.88238e-14
980 -1.23057e-14
990 -1.16776e-14
1000 -1.04194e-14
1010 -1.4954e-14
1020 -9.32243e-15
1030 -2.16231e-14
1040 -1.11927e-14
1050 -1.79278e-14
1060 -1.35277e-14
1070 -5.59252e-15
1080 -2.92154e-15
1090 1.33223e-15
1100 -6.02937e-15
1110 -3.85139e-15
1120 -7.92382e-15
1130 -9.50349e-15
1140 -2.08932e-14
1150 -2.06034e-14
1160 -2.1366e-14
1170 -2.50871e-14
1180 -2.5533e-14
1190 -2.66132e-14
1200 -3.34409e-14
1210 -3.01568e-14
1220 -1.95798e-14
1230 -2.40832e-14
1240 -2.97404e-14
1250 -2.11782e-14
1260 -2.81326e-14
1270 -3.64723e-14
1280 -3.71058e-14
1290 -2.9177e-14
1300 -3.06805e-14
1310 -3.42193e-14
1320 -3.30973e-14
1330 -2.82076e-14
1340 -2.65515e-14
1350 -3.65492e-14
1360 -3.45664e-14
1370 -3.72511e-14
1380 -3.2634e-14
1390 -3.52675e-14
1400 -3.79293e-14
1410 -3.38541e-14
1420 -3.71371e-14
1430 -3.79257e-14
1440 -3.82982e-14
1450 -4.90638e-14
1460 -5.14552e-14
1470 -4.65003e-14
1480 -5.7319e-14
1490 -6.5166e-14
1500 -6.15969e-14
1510 -6.75175e-14
1520 -6.88602e-14
1530 -6.28154e-14
1540 -5.44613e-14
1550 -5.09613e-14
1560 -4.83775e-14
1570 -5.01862e-14
1580 -6.15286e-14
1590 -6.26847e-14
1600 -7.13091e-14
1610 -7.08427e-14
1620 -7.48551e-14
1630 -7.36495e-14
1640 -7.12426e-14
1650 -8.72141e-14
1660 -7.34601e-14
1670 -7.38897e-14
1680 -7.42033e-14
1690 -7.39818e-14
1700 -6.42428e-14
1710 -7.35937e-14
1720 -7.48427e-14
1730 -7.61395e-14
1740 -8.87568e-14
1750 -8.86125e-14
1760 -9.27484e-14
1770 -9.31712e-14
1780 -9.7465e-14
1790 -9.80469e-14
1800 -9.0042e-14
1810 -8.37021e-14
1820 -9.35422e-14
1830 -9.27234e-14
1840 -9.60352e-14
1850 -8.99717e-14
1860 -1.03125e-13
1870 -9.4922e-14
1880 -9.9255e-14
1890 -9.22346e-14
1900 -1.01239e-13
1910 -1.05383e-13
1920 -1.12668e-13
1930 -1.07315e-13
1940 -1.04818e-13
1950 -1.04729e-13
1960 -9.76517e-14
1970 -9.20027e-14
1980 -8.55211e-14
1990 -8.41683e-14
2000 -9.84303e-14
2010 -9.0822e-14
2020 -8.84647e-14
2030 -8.62003e-14
2040 -1.08104e-13
2050 -1.04568e-13
2060 -1.0351e-13
2070 -1.06456e-13
2080 -1.13106e-13
2090 -1.07186e-13
2100 -1.05001e-13
2110 -1.02817e-13
2120 -1.01542e-13
2130 -9.24164e-14
2140 -9.34179e-14
2150 -9.18521e-14
2160 -8.87882e-14
2170 -8.23897e-14
2180 -8.41658e-14
2190 -8.13441e-14
2200 -8.68653e-14
2210 -9.3251e-14
2220 -9.20449e-14
2230 -9.91299e-14
2240 -9.77485e-14
2250 -9.4685e-14
2260 -9.34922e-14
2270 -9.72255e-14
2280 -9.89498e-14
2290 -1.04687e-13
2300 -1.02767e-13
2310 -1.08178e-13
2320 -1.04289e-13
2330 -1.02877e-13
2340 -1.00477e-13
2350 -1.05082e-13
2360 -1.12042e-13
2370 -1.12248e-13
2380 -1.07972e-13
2390 -1.05017e-13
2400 -1.08234e-13
2410 -1.13797e-13
2420 -1.01488e-13
2430 -9.43226e-14
2440 -9.26011e-14
2450 -9.35823e-14
2460 -9.10596e-14
2470 -9.41706e-14
2480 -9.02839e-14
2490 -9.83967e-14
2500 -1.05027e-13
2510 -1.10861e-13
2520 -1.0367e-13
2530 -1.10864e-13
2540 -1.07591e-13
2550 -1.10226e-13
2560 -1.15453e-13
2570 -1.07155e-13
2580 -1.10993e-13
2590 -1.05223e-13
2600 -1.04506e-13
2610 -1.01419e-13
2620 -9.46137e-14
2630 -8.68339e-14
2640 -8.78776e-14
2650 -7.51141e-14
2660 -8.15007e-14
2670 -7.99904e-14
2680 -7.41137e-14
2690 -7.39938e-14
2700 -6.54908e-14
2710 -6.59208e-14
2720 -6.44048e-14
2730 -6.37168e-14
2740 -5.66925e-14
2750 -4.5834e-14
2760 -4.26692e-14
2770 -4.2953e-14
2780 -4.54128e-14
2790 -4.87495e-14
2800 -4.97001e-14
2810 -6.04309e-14
2820 -5.82736e-14
2830 -6.18345e-14
2840 -5.93011e-14
2850 -6.59677e-14
2860 -5.76948e-14
2870 -5.32135e-14
2880 -5.33114e-14
2890 -5.23703e-14
2900 -5.20728e-14
2910 -6.00192e-14
2920 -5.45774e-14
2930 -5.46051e-14
2940 -5.90479e-14
2950 -4.67934e-14
2960 -5.08156e-14
2970 -4.79952e-14
2980 -3.84722e-14
2990 -5.08179e-14
3000 -4.98433e-14
3010 -5.85285e-14
3020 -5.3891e-14
3030 -5.05156e-14
3040 -5.08958e-14
3050 -5.23346e-14
3060 -4.65982e-14
3070 -5.80532e-14
3080 -4.73336e-14
3090 -4.77224e-14
3100 -3.98571e-14
3110 -4.42986e-14
3120 -7.36858e-14
3130 -1.37707e-13
3140 -2.74264e-13
3150 -4.90437e-13
3160 -7.56133e-13
3170 -8.67741e-13
3180 -3.07265e-13
3190 1.9933e-12
3200 8.06268e-12
3210 2.1157e-11
3220 4.56034e-11
3230 8.52393e-11
3240 1.38491e-10
3250 1.85987e-10
3260 1.63612e-10
3270 -9.18079e-11
3280 -9.46012e-10
3290 -3.15543e-09
3300 -8.19612e-09
3310 -1.88211e-08
3320 -3.99767e-08
3330 -8.02715e-08
3340 -1.54275e-07
3350 -2.86034e-07
3360 -5.14347e-07
3370 -9.00518e-07
3380 -1.53953e-06
3390 -2.57591e-06
3400 -4.22578e-06
3410 -6.80708e-06
3420 -1.07803e-05
3430 -1.68024e-05
3440 -2.57974e-05
3450 -3.90464e-05
3460 -5.83022e-05
3470 -8.59315e-05
3480 -0.000125089
3490 -0.000179926
3500 -0.00025584
3510 -0.000359764
3520 -0.000500495
3530 -0.000689064
3540 -0.000939141
3550 -0.00126747
3560 -0.00169432
3570 -0.00224394
3580 -0.002945
3590 -0.00383099
3600 -0.00494056
3610 -0.00631776
3620 -0.00801217
3630 -0.0100789
3640 -0.0125781
3650 -0.0155751
3660 -0.0191389
3670 -0.023342
3680 -0.0282583
3690 -0.0339624
3700 -0.0405271
3710 -0.0480219
3720 -0.0565099
3730 -0.0660464
3740 -0.0766753
3750 -0.0884272
3760 -0.101317
3770 -0.11534
3780 -0.130473
3790 -0.146668
3800 -0.163857
3810 -0.181945
3820 -0.200814
3830 -0.220322
3840 -0.240305
3850 -0.260577
3860 -0.280937
3870 -0.301168
3880 -0.321041
3890 -0.340324
3900 -0.358782
3910 -0.376181
3920 -0.392299
3930 -0.406925
3940 -0.419867
3950 -0.430953
3960 -0.44004
3970 -0.447012
3980 -0.451784
3990 -0.454304
4000 -0.454556
4010 -0.452555
4020 -0.44835
4030 -0.442022
4040 -0.433678
4050 -0.423454
4060 -0.411507
4070 -0.398013
4080 -0.383161
4090 -0.367153
4100 -0.350194
4110 -0.332492
4120 -0.314254
4130 -0.29568
4140 -0.27696
4150 -0.258275
4160 -0.23979
4170 -0.221654
4180 -0.203999
4190 -0.186942
4200 -0.170576
4210 -0.154981
4220 -0.140216
4230 -0.126326
4240 -0.113336
4250 -0.101261
4260 -0.0900992
4270 -0.0798397
4280 -0.0704607
4290 -0.0619319
4300 -0.0542167
4310 -0.0472731
4320 -0.041055
4330 -0.035514
4340 -0.0306003
4350 -0.0262635
4360 -0.0224539
4370 -0.0191228
4380 -0.0162234
4390 -0.0137111
4400 -0.0115439
4410 -0.00968253
4420 -0.00809081
4430 -0.00673551
4440 -0.00558641
4450 -0.00461622
4460 -0.00380051
4470 -0.0031175
4480 -0.00254793
4490 -0.00207488
4500 -0.00168357
4510 -0.00136116
4520 -0.00109657
4530 -0.000880281
4540 -0.000704154
4550 -0.000561287
4560 -0.000445841
4570 -0.000352907
4580 -0.000278377
4590 -0.000218829
4600 -0.000171428
4610 -0.000133836
4620 -0.000104132
4630 -8.07457e-05
4640 -6.24006e-05
4650 -4.80615e-05
4660 -3.68937e-05
4670 -2.82266e-05
4680 -2.1524e-05
4690 -1.63588e-05
4700 -1.23923e-05
4710 -9.35683e-06
4720 -7.04187e-06
4730 -5.28245e-06
4740 -3.94982e-06
4750 -2.94388e-06
4760 -2.1871e-06
4770 -1.61967e-06
4780 -1.19565e-06
4790 -8.79839e-07
4800 -6.45403e-07
4810 -4.71945e-07
4820 -3.44026e-07
4830 -2.49998e-07
4840 -1.81106e-07
4850 -1.30794e-07
4860 -9.41694e-08
4870 -6.75948e-08
4880 -4.83751e-08
4890 -3.45206e-08
4900 -2.4568e-08
4910 -1.74448e-08
4920 -1.23687e-08
4930 -8.77135e-09
4940 -6.24286e-09
4950 -4.48997e-09
4960 -3.3062e-09
4970 -2.55015e-09
4980 -2.13049e-09
4990 -1.99609e-09
5000 -2.13049e-09
5010 -2.55016e-09
5020 -3.3062e-09
5030 -4.48997e-09
5040 -6.24285e-09
5050 -8.77137e-09
5060 -1.23687e-08
5070 -1.74448e-08
5080 -2.4568e-08
5090 -3.45207e-08
5100 -4.83751e-08
5110 -6.75948e-08
5120 -9.41694e-08
5130 -1.30794e-07
5140 -1.81106e-07
5150 -2.49998e-07
5160 -3.44026e-07
5170 -4.71945e-07
5180 -6.45403e-07
5190 -8.79839e-07
5200 -1.19565e-06
5210 -1.61967e-06
5220 -2.1871e-06
5230 -2.94388e-06
5240 -3.94982e-06
5250 -5.28245e-06
5260 -7.04187e-06
5270 -9.35683e-06
5280 -1.23923e-05
5290 -1.63588e-05
5300 -2.1524e-05
5310 -2.82266e-05
5320 -3.68937e-05
5330 -4.80615e-05
5340 -6.24006e-05
5350 -8.07457e-05
5360 -0.000104132
5370 -0.000133836
5380 -0.000171428
5390 -0.000218829
5400 -0.000278377
5410 -0.000352907
5420 -0.000445841
5430 -0.000561287
5440 -0.000704154
5450 -0.000880281
5460 -0.00109657
5470 -0.00136116
5480 -0.00168357
5490 -0.00207488
5500 -0.00254793
5510 -0.0031175
5520 -0.00380051
5530 -0.00461622
5540 -0.00558641
5550 -0.00673551
5560 -0.00809081
5570 -0.00968253
5580 -0.0115439
5590 -0.0137111
5600 -0.0162234
5610 -0.0191228
5620 -0.0224539
5630 -0.0262635
5640 -0.0306003
5650 -0.035514
5660 -0.041055
5670 -0.0472731
5680 -0.0542167
5690 -0.0619319
5700 -0.0704607
5710 -0.0798397
5720 -0.0900992
5730 -0.101261
5740 -0.113336
5750 -0.126326
5760 -0.140216
5770 -0.154981
5780 -0.170576
5790 -0.186942
5800 -0.203999
5810 -0.221654
5820 -0.23979
5830 -0.258275
5840 -0.27696
5850 -0.29568
5860 -0.314254
5870 -0.332492
5880 -0.350194
5890 -0.367153
5900 -0.383161
5910 -0.398013
5920 -0.411507
5930 -0.423454
5940 -0.433678
5950 -0.442022
5960 -0.44835
5970 -0.452555
5980 -0.454556
5990 -0.454304
6000 -0.451784
6010 -0.447012
6020 -0.44004
6030 -0.430953
6040 -0.419867
6050 -0.406925
6060 -0.392299
6070 -0.376181
6080 -0.358782
6090 -0.340324
6100 -0.321041
6110 -0.301168
6120 -0.280937
6130 -0.260577
6140 -0.240305
6150 -0.220322
6160 -0.200814
6170 -0.181945
6180 -0.163857
6190 -0.146668
6200 -0.130473
6210 -0.11534
6220 -0.101317
6230 -0.0884272
6240 -0.0766753
6250 -0.0660464
6260 -0.0565099
6270 -0.0480219
6280 -0.0405271
6290 -0.0339624
6300 -0.0282583
6310 -0.023342
6320 -0.0191389
6330 -0.0155751
6340 -0.0125781
6350 -0.0100789
6360 -0.00801217
6370 -0.00631776
6380 -0.00494056
6390 -0.00383099
6400 -0.002945
6410 -0.00224394
6420 -0.00169432
6430 -0.00126747
6440 -0.000939141
6450 -0.000689064
6460 -0.000500495
6470 -0.000359764
6480 -0.00025584
6490 -0.000179926
6500 -0.000125089
6510 -8.59315e-05
6520 -5.83022e-05
6530 -3.90464e-05
6540 -2.57974e-05
6550 -1.68024e-05
6560 -1.07803e-05
6570 -6.80708e-06
6580 -4.22578e-06
6590 -2.57591e-06
6600 -1.53953e-06
6610 -9.00518e-07
6620 -5.14347e-07
6630 -2.86034e-07
6640 -1.54275e-07
6650 -8.02716e-08
6660 -3.99768e-08
6670 -1.88212e-08
6680 -8.19627e-09
6690 -3.15557e-09
6700 -9.46156e-10
6710 -9.19551e-11
6720 1.63458e-10
6730 1.85822e-10
6740 1.38317e-10
6750 8.50599e-11
6760 4.54064e-11
6770 2.09595e-11
6780 7.86396e-12
6790 1.79754e-12
6800 -4.89744e-13
6810 -1.04513e-12
6820 -9.30656e-13
6830 -6.78083e-13
6840 -4.65865e-13
6850 -3.3424e-13
6860 -2.59667e-13
6870 -2.29027e-13
6880 -2.31743e-13
6890 -2.32594e-13
6900 -2.38509e-13
6910 -2.38945e-13
6920 -2.37529e-13
6930 -2.4638e-13
6940 -2.4835e-13
6950 -2.56771e-13
6960 -2.59498e-13
6970 -2.6255e-13
6980 -2.57404e-13
6990 -2.66359e-13
7000 -2.65089e-13
7010 -2.73577e-13
7020 -2.70075e-13
7030 -2.63707e-13
7040 -2.60744e-13
7050 -2.58933e-13
7060 -2.57662e-13
7070 -2.64125e-13
7080 -2.72235e-13
7090 -2.73754e-13
7100 -2.73912e-13
7110 -2.7222e-13
7120 -2.71105e-13
7130 -2.65337e-13
7140 -2.66041e-13
7150 -2.60253e-13
7160 -2.65375e-13
7170 -2.78246e-13
7180 -2.86544e-13
7190 -2.91635e-13
7200 -2.8646e-13
7210 -2.91319e-13
7220 -2.79281e-13
7230 -2.91985e-13
7240 -2.87428e-13
7250 -2.94804e-13
7260 -2.94328e-13
7270 -2.93952e-13
7280 -2.82815e-13
7290 -2.84441e-13
7300 -2.83794e-13
7310 -2.88758e-13
7320 -2.85979e-13
7330 -2.88482e-13
7340 -2.92643e-13
7350 -2.91303e-13
7360 -3.02102e-13
7370 -2.98633e-13
7380 -2.99082e-13
7390 -3.0528e-13
7400 -2.87694e-13
7410 -2.97458e-13
7420 -2.81184e-13
7430 -2.84617e-13
7440 -2.68941e-13
7450 -2.71769e-13
7460 -2.69485e-13
7470 -2.64e-13
7480 -2.62694e-13
7490 -2.64875e-13
7500 -2.61513e-13
7510 -2.63099e-13
7520 -2.52104e-13
7530 -2.53877e-13
7540 -2.55482e-13
7550 -2.57437e-13
7560 -2.57418e-13
7570 -2.57157e-13
7580 -2.70027e-13
7590 -2.72617e-13
7600 -2.71063e-13
7610 -2.74903e-13
7620 -2.65384e-13
7630 -2.53828e-13
7640 -2.60905e-13
7650 -2.621e-13
7660 -2.56225e-13
7670 -2.56821e-13
7680 -2.42676e-13
7690 -2.45274e-13
7700 -2.34066e-13
7710 -2.34602e-13
7720 -2.37481e-13
7730 -2.39126e-13
7740 -2.26514e-13
7750 -2.24952e-13
7760 -2.20512e-13
7770 -2.19542e-13
7780 -2.14953e-13
7790 -2.0576e-13
7800 -2.1023e-13
7810 -2.08203e-13
7820 -2.12713e-13
7830 -2.15763e-13
7840 -2.02791e-13
7850 -2.18327e-13
7860 -2.24696e-13
7870 -2.12226e-13
7880 -2.19436e-13
7890 -2.20099e-13
7900 -2.18235e-13
7910 -2.18875e-13
7920 -2.18216e-13
7930 -2.16513e-13
7940 -2.20914e-13
7950 -2.18901e-13
7960 -2.17797e-13
7970 -2.26095e-13
7980 -2.13856e-13
7990 -1.9997e-13
8000 -1.9703e-13
8010 -1.97668e-13
8020 -2.02928e-13
8030 -2.03669e-13
8040 -2.05527e-13
8050 -2.05228e-13
8060 -2.07438e-13
8070 -1.93805e-13
8080 -2.10096e-13
8090 -2.18734e-13
8100 -2.12005e-13
8110 -2.17494e-13
8120 -2.1182e-13
8130 -2.14776e-13
8140 -2.17193e-13
8150 -2.17219e-13
8160 -2.17855e-13
8170 -2.19434e-13
8180 -2.18622e-13
8190 -2.1944e-13
8200 -2.21896e-13
8210 -2.20351e-13
8220 -2.24271e-13
8230 -2.2697e-13
8240 -2.33134e-13
8250 -2.45844e-13
8260 -2.45128e-13
8270 -2.39629e-13
8280 -2.42288e-13
8290 -2.54392e-13
8300 -2.43486e-13
8310 -2.37403e-13
8320 -2.41917e-13
8330 -2.30172e-13
8340 -2.29365e-13
8350 -2.38709e-13
8360 -2.35068e-13
8370 -2.28447e-13
8380 -2.38084e-13
8390 -2.34396e-13
8400 -2.2753e-13
8410 -2.39901e-13
8420 -2.41107e-13
8430 -2.38639e-13
8440 -2.35103e-13
8450 -2.37219e-13
8460 -2.39713e-13
8470 -2.36829e-13
8480 -2.42718e-13
8490 -2.40228e-13
8500 -2.4025e-13
8510 -2.4681e-13
8520 -2.45553e-13
8530 -2.45329e-13
8540 -2.5003e-13
8550 -2.58971e-13
8560 -2.54853e-13
8570 -2.56011e-13
8580 -2.5802e-13
8590 -2.57373e-13
8600 -2.57114e-13
8610 -2.5017e-13
8620 -2.61925e-13
8630 -2.55574e-13
8640 -2.58733e-13
8650 -2.58623e-13
8660 -2.53868e-13
8670 -2.58286e-13
8680 -2.64945e-13
8690 -2.70058e-13
8700 -2.74731e-13
8710 -2.60994e-13
8720 -2.6827e-13
8730 -2.674e-13
8740 -2.6136e-13
8750 -2.50901e-13
8760 -2.50241e-13
8770 -2.51818e-13
8780 -2.58183e-13
8790 -2.60107e-13
8800 -2.44331e-13
8810 -2.55667e-13
8820 -2.47831e-13
8830 -2.51312e-13
8840 -2.48581e-13
8850 -2.60435e-13
8860 -2.66344e-13
8870 -2.69378e-13
8880 -2.69058e-13
8890 -2.69216e-13
8900 -2.7605e-13
8910 -2.65882e-13
8920 -2.6391e-13
8930 -2.60867e-13
8940 -2.53566e-13
8950 -2.40348e-13
8960 -2.42903e-13
8970 -2.39452e-13
8980 -2.50958e-13
8990 -2.59852e-13
9000 -2.56765e-13
9010 -2.52457e-13
9020 -2.59449e-13
9030 -2.58067e-13
9040 -2.59289e-13
9050 -2.56825e-13
9060 -2.57025e-13
9070 -2.5342e-13
9080 -2.56666e-13
9090 -2.55892e-13
9100 -2.5318e-13
9110 -2.4756e-13
9120 -2.41902e-13
9130 -2.47683e-13
9140 -2.59619e-13
9150 -2.63312e-13
9160 -2.72788e-13
9170 -2.71508e-13
9180 -2.76241e-13
9190 -2.7346e-13
9200 -2.75025e-13
9210 -2.70628e-13
9220 -2.66577e-13
9230 -2.63622e-13
9240 -2.70109e-13
9250 -2.58247e-13
9260 -2.55615e-13
9270 -2.60783e-13
9280 -2.54789e-13
9290 -2.64194e-13
9300 -2.72099e-13
9310 -2.74806e-13
9320 -2.68569e-13
9330 -2.81923e-13
9340 -2.68056e-13
9350 -2.71418e-13
9360 -2.55157e-13
9370 -2.62066e-13
9380 -2.7039e-13
9390 -2.65227e-13
9400 -2.68305e-13
9410 -2.72796e-13
9420 -2.69121e-13
9430 -2.69405e-13
9440 -2.68794e-13
9450 -2.63992e-13
9460 -2.81165e-13
9470 -2.82388e-13
9480 -2.67215e-13
9490 -2.73611e-13
9500 -2.75344e-13
9510 -2.69139e-13
9520 -2.77113e-13
9530 -2.72069e-13
9540 -2.86623e-13
9550 -2.93024e-13
9560 -2.87115e-13
9570 -2.90853e-13
9580 -2.97536e-13
9590 -2.93371e-13
9600 -3.03958e-13
9610 -3.13817e-13
9620 -3.13718e-13
9630 -3.21497e-13
9640 -3.09293e-13
9650 -3.16682e-13
9660 -3.22097e-13
9670 -3.15607e-13
9680 -3.11507e-13
9690 -3.20581e-13
9700 -3.22522e-13
9710 -3.17761e-13
9720 -3.15615e-13
9730 -3.28394e-13
9740 -3.29606e-13
9750 -3.19083e-13
9760 -3.2726e-13
9770 -3.32252e-13
9780 -3.41562e-13
9790 -3.27641e-13
9800 -3.31743e-13
9810 -3.26027e-13
9820 -3.29542e-13
9830 -3.2027e-13
9840 -3.27969e-13
9850 -3.31604e-13
9860 -3.24273e-13
9870 -3.34995e-13
9880 -3.38785e-13
9890 -3.35434e-13
9900 -3.40109e-13
9910 -3.46546e-13
9920 -3.4615e-13
9930 -3.46915e-13
9940 -3.4641e-13
9950 -3.52262e-13
9960 -3.52482e-13
9970 -3.50442e-13
9980 -3.50986e-13
9990 -3.59985e-13
10000 -3.58608e-13
10010 -3.54443e-13
10020 -3.55571e-13
10030 -3.52075e-13
10040 -3.42476e-13
10050 -3.40855e-13
10060 -3.50812e-13
10070 -3.50284e-13
10080 -3.53273e-13
10090 -3.55323e-13
10100 -3.6549e-13
10110 -3.61764e-13
10120 -3.55408e-13
10130 -3.58348e-13
10140 -3.63472e-13
10150 -3.68189e-13
10160 -3.68009e-13
10170 -3.58834e-13
10180 -3.56074e-13
10190 -3.61179e-13
10200 -3.59482e-13
10210 -3.46762e-13
10220 -3.46494e-13
10230 -3.45909e-13
10240 -3.46765e-13
10250 -3.48973e-13
10260 -3.43284e-13
10270 -3.56037e-13
10280 -3.57332e-13
10290 -3.58999e-13
10300 -3.53782e-13
10310 -3.56106e-13
10320 -3.60989e-13
10330 -3.58076e-13
10340 -3.50612e-13
10350 -3.56834e-13
10360 -3.56448e-13
10370 -3.54839e-13
10380 -3.53692e-13
10390 -3.64808e-13
10400 -3.75321e-13
10410 -3.64739e-13
10420 -3.58163e-13
10430 -3.61853e-13
10440 -3.62048e-13
10450 -3.57291e-13
10460 -3.68791e-13
10470 -3.58815e-13
10480 -3.67886e-13
10490 -3.54335e-13
10500 -3.57091e-13
10510 -3.6265e-13
10520 -3.67854e-13
10530 -3.77364e-13
10540 -3.80526e-13
10550 -3.72485e-13
10560 -3.79231e-13
10570 -3.75157e-13
10580 -3.82508e-13
10590 -3.73248e-13
10600 -3.70275e-13
10610 -3.6047e-13
10620 -3.55241e-13
10630 -3.56018e-13
10640 -3.66778e-13
10650 -3.56724e-13
10660 -3.62144e-13
10670 -3.60363e-13
10680 -3.70718e-13
10690 -3.64039e-13
10700 -3.62295e-13
10710 -3.55274e-13
10720 -3.45107e-13
10730 -3.54989e-13
10740 -3.58248e-13
10750 -3.56524e-13
10760 -3.4446e-13
10770 -3.47843e-13
10780 -3.52398e-13
10790 -3.51177e-13
10800 -3.47572e-13
10810 -3.59849e-13
10820 -3.5585e-13
10830 -3.46733e-13
10840 -3.40074e-13
10850 -3.52315e-13
10860 -3.50623e-13
10870 -3.37906e-13
10880 -3.33566e-13
10890 -3.35337e-13
10900 -3.4577e-13
10910 -3.40847e-13
10920 -3.3286e-13
10930 -3.47521e-13
10940 -3.3935e-13
10950 -3.44041e-13
10960 -3.5375e-13
10970 -3.49018e-13
10980 -3.37536e-13
10990 -3.25951e-13
11000 -3.40347e-13
11010 -3.30562e-13
11020 -3.30944e-13
11030 -3.32537e-13
11040 -3.3931e-13
11050 -3.23991e-13
11060 -3.30467e-13
11070 -3.25663e-13
11080 -3.25089e-13
11090 -3.30125e-13
11100 -3.29596e-13
11110 -3.2786e-13
11120 -3.26155e-13
11130 -3.25925e-13
11140 -3.29788e-13
11150 -3.40034e-13
11160 -3.39566e-13
11170 -3.50411e-13
11180 -3.45343e-13
11190 -3.31075e-13
11200 -3.23147e-13
11210 -3.25918e-13
11220 -3.24784e-13
11230 -3.31495e-13
11240 -3.28232e-13
11250 -3.2592e-13
11260 -3.29285e-13
11270 -3.24031e-13
11280 -3.28261e-13
11290 -3.29443e-13
11300 -3.22855e-13
11310 -3.31406e-13
11320 -3.35124e-13
11330 -3.30651e-13
11340 -3.30646e-13
11350 -3.21711e-13
11360 -3.12591e-13
11370 -3.16359e-13
11380 -3.1689e-13
11390 -3.22803e-13
11400 -3.24996e-13
11410 -3.14858e-13
11420 -3.0171e-13
11430 -3.08739e-13
11440 -3.05504e-13
11450 -3.13001e-13
11460 -3.09476e-13
11470 -3.09891e-13
11480 -3.01943e-13
11490 -3.13822e-13
11500 -3.09834e-13
11510 -3.118e-13
11520 -3.09907e-13
11530 -3.03839e-13
11540 -3.17106e-13
11550 -3.12751e-13
11560 -3.15424e-13
11570 -3.1446e-13
11580 -3.09169e-13
11590 -3.14366e-13
11600 -3.07079e-13
11610 -3.25577e-13
11620 -3.2574e-13
11630 -3.2902e-13
11640 -3.22218e-13
11650 -3.23181e-13
11660 -3.30153e-13
11670 -3.21264e-13
11680 -3.11913e-13
11690 -3.11003e-13
11700 -3.17078e-13
11710 -3.00023e-13
11720 -2.87452e-13
11730 -2.74011e-13
11740 -2.656e-13
11750 -2.33039e-13
11760 -1.83438e-13
11770 -1.18049e-13
11780 -2.52039e-14
11790 1.08408e-13
11800 3.09357e-13
11810 5.91926e-13
11820 9.82154e-13
11830 1.56639e-12
11840 2.38519e-12
11850 3.5723e-12
11860 5.26006e-12
11870 7.6599e-12
11880 1.10601e-11
11890 1.58788e-11
11900 2.26915e-11
11910 3.2289e-11
11920 4.57787e-11
11930 6.47206e-11
11940 9.12162e-11
11950 1.28213e-10
11960 1.79752e-10
11970 2.51374e-10
11980 3.50677e-10
11990 4.88055e-10
12000 6.77655e-10
12010 9.38688e-10
12020 1.29722e-09
12030 1.78852e-09
12040 2.46017e-09
12050 3.37617e-09
12060 4.62245e-09
12070 6.31399e-09
12080 8.60439e-09
12090 1.16982e-08
12100 1.58671e-08
12110 2.14712e-08
12120 2.89861e-08
12130 3.90388e-08
12140 5.24534e-08
12150 7.03103e-08
12160 9.40221e-08
12170 1.25431e-07
12180 1.66931e-07
12190 2.2163e-07
12200 2.93544e-07
12210 3.87856e-07
12220 5.1123e-07
12230 6.72215e-07
12240 8.81745e-07
12250 1.15377e-06
12260 1.50602e-06
12270 1.961e-06
12280 2.54715e-06
12290 3.30035e-06
12300 4.2657e-06
12310 5.49976e-06
12320 7.07319e-06
12330 9.07409e-06
12340 1.16119e-05
12350 1.48222e-05
12360 1.88725e-05
12370 2.3969e-05
12380 3.03647e-05
12390 3.83694e-05
12400 4.83608e-05
12410 6.07985e-05
12420 7.62392e-05
12430 9.53559e-05
12440 0.000118959
12450 0.00014802
12460 0.000183704
12470 0.000227398
12480 0.000280749
12490 0.000345711
12500 0.000424588
12510 0.000520087
12520 0.000635383
12530 0.000774182
12540 0.000940794
12550 0.00114021
12560 0.0013782
12570 0.0016614
12580 0.00199738
12590 0.00239483
12600 0.00286357
12610 0.00341475
12620 0.0040609
12630 0.00481608
12640 0.00569599
12650 0.00671809
12660 0.00790166
12670 0.00926793
12680 0.0108401
12690 0.0126436
12700 0.0147057
12710 0.0170558
12720 0.0197257
12730 0.0227487
12740 0.0261603
12750 0.0299975
12760 0.0342988
12770 0.0391039
12780 0.0444533
12790 0.0503878
12800 0.0569482
12810 0.0641745
12820 0.0721054
12830 0.0807777
12840 0.0902253
12850 0.100478
12860 0.111563
12870 0.1235
12880 0.136302
12890 0.149978
12900 0.164526
12910 0.179935
12920 0.196187
12930 0.213249
12940 0.231082
12950 0.24963
12960 0.26883
12970 0.288602
12980 0.308857
12990 0.329493
13000 0.350396
13010 0.371441
13020 0.392494
13030 0.413411
13040 0.43404
13050 0.454225
13060 0.473804
13070 0.492613
13080 0.510489
13090 0.527271
13100 0.5428
13110 0.556928
13120 0.569513
13130 0.580426
13140 0.589551
13150 0.596787
13160 0.602052
13170 0.605282
13180 0.606433
13190 0.605482
13200 0.602429
13210 0.597294
13220 0.59012
13230 0.58097
13240 0.569928
13250 0.557098
13260 0.5426
13270 0.526569
13280 0.509154
13290 0.490516
13300 0.470823
13310 0.450251
13320 0.428976
13330 0.407178
13340 0.385033
13350 0.362715
13360 0.34039
13370 0.318214
13380 0.296337
13390 0.274894
13400 0.254007
13410 0.233785
13420 0.214322
13430 0.195698
13440 0.177976
13450 0.161207
13460 0.145425
13470 0.130652
13480 0.116896
13490 0.104156
13500 0.0924169
13510 0.0816562
13520 0.0718431
13530 0.0629398
13540 0.054903
13550 0.0476852
13560 0.0412357
13570 0.0355019
13580 0.03043
13590 0.0259663
13600 0.0220577
13610 0.0186525
13620 0.0157009
13630 0.0131554
13640 0.0109714
13650 0.00910702
13660 0.00752374
13670 0.00618607
13680 0.00506176
13690 0.00412167
13700 0.00333974
13710 0.00269276
13720 0.00216028
13730 0.00172436
13740 0.00136939
13750 0.00108191
13760 0.000850341
13770 0.000664832
13780 0.000517039
13790 0.000399947
13800 0.000307697
13810 0.00023543
13820 0.000179139
13830 0.000135545
13840 0.000101979
13850 7.62851e-05
13860 5.6734e-05
13870 4.19453e-05
13880 3.08255e-05
13890 2.25137e-05
13900 1.63359e-05
13910 1.17672e-05
13920 8.39972e-06
13930 5.9165e-06
13940 4.06884e-06
13950 2.65714e-06
13960 1.51349e-06
13970 4.85261e-07
13980 -5.81824e-07
13990 -1.86234e-06
14000 -3.57329e-06
14010 -6.00157e-06
14020 -9.53914e-06
14030 -1.47287e-05
14040 -2.23235e-05
14050 -3.33645e-05
14060 -4.92816e-05
14070 -7.20225e-05
14080 -0.000104218
14090 -0.000149389
14100 -0.00021221
14110 -0.000298826
14120 -0.000417256
14130 -0.000577866
14140 -0.000793948
14150 -0.00108241
14160 -0.00146458
14170 -0.00196716
14180 -0.00262327
14190 -0.00347373
14200 -0.00456844
14210 -0.00596789
14220 -0.00774487
14230 -0.00998632
14240 -0.0127952
14250 -0.0162927
14260 -0.0206201
14270 -0.025941
14280 -0.0324432
14290 -0.040341
14300 -0.0498762
14310 -0.0613204
14320 -0.0749751
14330 -0.091173
14340 -0.110277
14350 -0.132682
14360 -0.158807
14370 -0.189102
14380 -0.224037
14390 -0.264098
14400 -0.309788
14410 -0.36161
14420 -0.42007
14430 -0.485658
14440 -0.558847
14450 -0.640076
14460 -0.729741
14470 -0.828184
14480 -0.935679
14490 -1.05242
14500 -1.17851
14510 -1.31396
14520 -1.45865
14530 -1.61235
14540 -1.7747
14550 -1.94521
14560 -2.12324
14570 -2.30803
14580 -2.49866
14590 -2.6941
14600 -2.8932
14610 -3.09466
14620 -3.29711
14630 -3.49908
14640 -3.69904
14650 -3.8954
14660 -4.08654
14670 -4.27085
14680 -4.44673
14690 -4.6126
14700 -4.76699
14710 -4.90847
14720 -5.03574
14730 -5.14765
14740 -5.24315
14750 -5.3214
14760 -5.38171
14770 -5.42358
14780 -5.4467
14790 -5.45096
14800 -5.43644
14810 -5.40341
14820 -5.35233
14830 -5.28383
14840 -5.19871
14850 -5.0979
14860 -4.98249
14870 -4.85365
14880 -4.71267
14890 -4.5609
14900 -4.39974
14910 -4.23063
14920 -4.05502
14930 -3.87435
14940 -3.69002
14950 -3.50343
14960 -3.31587
14970 -3.12861
14980 -2.94279
14990 -2.75951
15000 -2.57973
15010 -2.40433
15020 -2.23407
15030 -2.06963
15040 -1.91154
15050 -1.76028
15060 -1.61618
15070 -1.4795
15080 -1.3504
15090 -1.22897
15100 -1.11521
15110 -1.00906
15120 -0.910378
15130 -0.818997
15140 -0.734688
15150 -0.657187
15160 -0.586202
15170 -0.521414
15180 -0.462489
15190 -0.40908
15200 -0.360834
15210 -0.3174
15220 -0.278427
15230 -0.24357
15240 -0.212496
15250 -0.184884
15260 -0.160425
15270 -0.138827
15280 -0.119815
15290 -0.10313
15300 -0.088533
15310 -0.0758008
15320 -0.0647286
15330 -0.0551286
15340 -0.0468295
15350 -0.0396762
15360 -0.0335284
15370 -0.0282599
15380 -0.0237579
15390 -0.0199219
15400 -0.0166626
15410 -0.0139011
15420 -0.0115678
15430 -0.00960185
15440 -0.00794995
15450 -0.00656573
15460 -0.00540898
15470 -0.00444493
15480 -0.00364364
15490 -0.00297942
15500 -0.00243028
15510 -0.00197749
15520 -0.00160512
15530 -0.0012997
15540 -0.00104983
15550 -0.000845953
15560 -0.000680022
15570 -0.000545323
15580 -0.000436258
15590 -0.000348172
15600 -0.00027721
15610 -0.000220188
15620 -0.000174481
15630 -0.000137937
15640 -0.00010879
15650 -8.56013e-05
15660 -6.7198e-05
15670 -5.26285e-05
15680 -4.11222e-05
15690 -3.20572e-05
15700 -2.4933e-05
15710 -1.93474e-05
15720 -1.49787e-05
15730 -1.157e-05
15740 -8.91666e-06
15750 -6.85621e-06
15760 -5.25995e-06
15770 -4.02622e-06
15780 -3.07493e-06
15790 -2.34314e-06
15800 -1.78151e-06
15810 -1.35147e-06
15820 -1.02296e-06
15830 -7.7259e-07
15840 -5.82206e-07
15850 -4.37769e-07
15860 -3.28441e-07
15870 -2.45876e-07
15880 -1.83665e-07
15890 -1.36894e-07
15900 -1.01813e-07
15910 -7.55568e-08
15920 -5.59508e-08
15930 -4.13429e-08
15940 -3.04832e-08
15950 -2.24279e-08
15960 -1.64659e-08
15970 -1.2063e-08
15980 -8.81867e-09
15990 -6.43321e-09
16000 -4.68309e-09
16010 -3.40191e-09
16020 -2.46603e-09
16030 -1.78388e-09
16040 -1.28774e-09
16050 -9.2766e-10
16060 -6.66893e-10
16070 -4.78447e-10
16080 -3.42559e-10
16090 -2.44768e-10
16100 -1.7456e-10
16110 -1.24248e-10
16120 -8.82665e-11
16130 -6.25994e-11
16140 -4.43276e-11
16150 -3.13472e-11
16160 -2.21333e-11
16170 -1.5622e-11
16180 -1.10259e-11
16190 -7.78716e-12
16200 -5.49651e-12
16210 -3.89855e-12
16220 -2.78102e-12
16230 -1.99617e-12
16240 -1.45206e-12
16250 -1.07774e-12
16260 -8.14896e-13
16270 -6.29943e-13
16280 -5.04137e-13
16290 -4.11096e-13
16300 -3.51676e-13
16310 -3.08967e-13
16320 -2.81381e-13
16330 -2.63563e-13
16340 -2.49964e-13
16350 -2.43755e-13
16360 -2.37926e-13
16370 -2.32257e-13
16380 -2.31649e-13
16390 -2.26783e-13
16400 -2.31095e-13
16410 -2.2788e-13
16420 -2.35775e-13
16430 -2.37786e-13
16440 -2.30893e-13
16450 -2.27548e-13
16460 -2.33711e-13
16470 -2.30107e-13
16480 -2.34618e-13
16490 -2.32463e-13
16500 -2.31701e-13
16510 -2.33257e-13
16520 -2.32222e-13
16530 -2.28778e-13
16540 -2.31029e-13
16550 -2.30517e-13
16560 -2.27269e-13
16570 -2.29071e-13
16580 -2.25992e-13
16590 -2.27046e-13
16600 -2.31409e-13
16610 -2.33026e-13
16620 -2.32493e-13
16630 -2.25823e-13
16640 -2.29119e-13
16650 -2.22403e-13
16660 -2.30947e-13
16670 -2.26784e-13
16680 -2.22105e-13
16690 -2.23915e-13
16700 -2.27949e-13
16710 -2.30464e-13
16720 -2.21352e-13
16730 -2.21574e-13
16740 -2.1403e-13
16750 -2.17945e-13
16760 -2.18655e-13
16770 -2.17686e-13
16780 -2.18948e-13
16790 -2.18228e-13
16800 -2.13013e-13
16810 -2.11146e-13
16820 -2.08555e-13
16830 -2.03948e-13
16840 -2.0093e-13
16850 -1.97666e-13
16860 -1.97251e-13
16870 -2.0339e-13
16880 -1.99124e-13
16890 -1.92658e-13
16900 -1.95587e-13
16910 -1.92411e-13
16920 -2.00323e-13
16930 -1.93942e-13
16940 -1.9478e-13
16950 -1.98825e-13
16960 -1.96765e-13
16970 -1.97535e-13
16980 -1.94333e-13
16990 -1.95801e-13
17000 -1.93748e-13
17010 -1.90539e-13
17020 -1.98857e-13
17030 -1.95791e-13
17040 -2.00265e-13
17050 -2.0724e-13
17060 -2.04729e-13
17070 -2.06175e-13
17080 -2.04545e-13
17090 -2.07728e-13
17100 -2.07028e-13
17110 -2.05515e-13
17120 -2.02088e-13
17130 -1.95243e-13
17140 -1.95478e-13
17150 -1.93538e-13
17160 -1.90891e-13
17170 -2.01389e-13
17180 -2.01302e-13
17190 -1.96658e-13
17200 -1.96065e-13
17210 -2.00626e-13
17220 -1.95089e-13
17230 -1.96064e-13
17240 -1.96814e-13
17250 -1.93319e-13
17260 -1.93296e-13
17270 -1.90847e-13
17280 -1.93827e-13
17290 -1.92375e-13
17300 -1.91431e-13
17310 -1.9288e-13
17320 -1.9262e-13
17330 -1.84086e-13
17340 -1.88468e-13
17350 -1.93457e-13
17360 -1.90497e-13
17370 -1.84367e-13
17380 -1.94066e-13
17390 -1.84074e-13
17400 -1.8719e-13
17410 -1.91194e-13
17420 -1.9475e-13
17430 -1.92903e-13
17440 -1.91987e-13
17450 -1.99101e-13
17460 -1.97955e-13
17470 -1.9206e-13
17480 -1.89416e-13
17490 -1.9012e-13
17500 -1.88657e-13
17510 -1.90781e-13
17520 -1.94778e-13
17530 -1.96394e-13
17540 -1.95922e-13
17550 -2.01422e-13
17560 -2.02424e-13
17570 -2.03475e-13
17580 -2.0476e-13
17590 -2.07748e-13
17600 -2.04685e-13
17610 -1.95489e-13
17620 -1.89746e-13
17630 -1.96058e-13
17640 -1.95398e-13
17650 -1.91247e-13
17660 -1.90388e-13
17670 -1.90605e-13
17680 -1.84825e-13
17690 -1.9463e-13
17700 -1.95298e-13
17710 -2.03411e-13
17720 -2.06831e-13
17730 -2.04272e-13
17740 -2.00714e-13
17750 -2.02899e-13
17760 -2.09127e-13
17770 -2.04201e-13
17780 -2.0704e-13
17790 -2.02981e-13
17800 -2.01811e-13
17810 -2.01028e-13
17820 -1.99824e-13
17830 -1.95121e-13
17840 -1.97727e-13
17850 -1.98738e-13
17860 -1.98796e-13
17870 -2.01195e-13
17880 -2.10943e-13
17890 -2.08639e-13
17900 -2.08823e-13
17910 -2.13723e-13
17920 -2.17393e-13
17930 -2.16593e-13
17940 -2.16172e-13
17950 -2.16205e-13
17960 -2.2335e-13
17970 -2.22265e-13
17980 -2.24298e-13
17990 -2.26314e-13
18000 -2.25157e-13
18010 -2.28706e-13
18020 -2.23027e-13
18030 -2.24566e-13
18040 -2.23003e-13
18050 -2.22814e-13
18060 -2.18182e-13
18070 -2.21186e-13
18080 -2.26189e-13
18090 -2.25362e-13
18100 -2.13207e-13
18110 -2.23455e-13
18120 -2.15107e-13
18130 -2.10649e-13
18140 -2.06169e-13
18150 -2.06941e-13
18160 -2.10725e-13
18170 -2.00175e-13
18180 -2.02573e-13
18190 -1.95585e-13
18200 -2.01602e-13
18210 -2.03901e-13
18220 -2.11016e-13
18230 -2.05874e-13
18240 -2.04922e-13
18250 -2.03278e-13
18260 -2.14752e-13
18270 -2.05141e-13
18280 -2.05523e-13
18290 -2.11392e-13
18300 -2.08615e-13
18310 -2.11763e-13
18320 -2.10465e-13
18330 -2.14048e-13
18340 -2.05346e-13
18350 -2.033e-13
18360 -1.9962e-13
18370 -2.02504e-13
18380 -2.00688e-13
18390 -2.04479e-13
18400 -2.03093e-13
18410 -2.03758e-13
18420 -2.0269e-13
18430 -1.99796e-13
18440 -1.9263e-13
18450 -1.9359e-13
18460 -1.93989e-13
18470 -1.98189e-13
18480 -1.95611e-13
18490 -1.91774e-13
18500 -1.96615e-13
18510 -1.97201e-13
18520 -2.00462e-13
18530 -1.99255e-13
18540 -2.00718e-13
18550 -1.98415e-13
18560 -1.94496e-13
18570 -1.96863e-13
18580 -1.95254e-13
18590 -1.98976e-13
18600 -1.99045e-13
18610 -2.04054e-13
18620 -1.94487e-13
18630 -1.94699e-13
18640 -1.97322e-13
18650 -1.90122e-13
18660 -1.90678e-13
18670 -1.88817e-13
18680 -1.89937e-13
18690 -1.87913e-13
18700 -1.88745e-13
18710 -1.84754e-13
18720 -1.81375e-13
18730 -1.7285e-13
18740 -1.79652e-13
18750 -1.80185e-13
18760 -1.73874e-13
18770 -1.75166e-13
18780 -1.80689e-13
18790 -1.78778e-13
18800 -1.81288e-13
18810 -1.83222e-13
18820 -1.78693e-13
18830 -1.77435e-13
18840 -1.7764e-13
18850 -1.8162e-13
18860 -1.82452e-13
18870 -1.78049e-13
18880 -1.82845e-13
18890 -1.81383e-13
18900 -1.74072e-13
18910 -1.83804e-13
18920 -1.82426e-13
18930 -1.84654e-13
18940 -1.83186e-13
18950 -1.87498e-13
18960 -1.87739e-13
18970 -1.83017e-13
18980 -1.78548e-13
18990 -1.83051e-13
19000 -1.7521e-13
19010 -1.80725e-13
19020 -1.76661e-13
19030 -1.74846e-13
19040 -1.75831e-13
19050 -1.77075e-13
19060 -1.81343e-13
19070 -1.77628e-13
19080 -1.73191e-13
19090 -1.72522e-13
19100 -1.74245e-13
19110 -1.79567e-13
19120 -1.79363e-13
19130 -1.85544e-13
19140 -1.8684e-13
19150 -1.8484e-13
19160 -1.79833e-13
19170 -1.84049e-13
19180 -1.78623e-13
19190 -1.76773e-13
19200 -1.81764e-13
19210 -1.80227e-13
19220 -1.76494e-13
19230 -1.72451e-13
19240 -1.75211e-13
19250 -1.68023e-13
19260 -1.63578e-13
19270 -1.61971e-13
19280 -1.72948e-13
19290 -1.68199e-13
19300 -1.64383e-13
19310 -1.79071e-13
19320 -1.70138e-13
19330 -1.72118e-13
19340 -1.69456e-13
19350 -1.72231e-13
19360 -1.62653e-13
19370 -1.71474e-13
19380 -1.76372e-13
19390 -1.67887e-13
19400 -1.68826e-13
19410 -1.69903e-13
19420 -1.69344e-13
19430 -1.65687e-13
19440 -1.69776e-13
19450 -1.72863e-13
19460 -1.71844e-13
19470 -1.70999e-13
19480 -1.72706e-13
19490 -1.64032e-13
19500 -1.60182e-13
19510 -1.67252e-13
19520 -1.72624e-13
19530 -1.73318e-13
19540 -1.7276e-13
19550 -1.80396e-13
19560 -1.78857e-13
19570 -1.75012e-13
19580 -1.74492e-13
19590 -1.82436e-13
19600 -1.76148e-13
19610 -1.75134e-13
19620 -1.75466e-13
19630 -1.75587e-13
19640 -1.75579e-13
19650 -1.75774e-13
19660 -1.85314e-13
19670 -1.82694e-13
19680 -1.75098e-13
19690 -1.83922e-13
19700 -1.72754e-13
19710 -1.79592e-13
19720 -1.72632e-13
19730 -1.67976e-13
19740 -1.68319e-13
19750 -1.60392e-13
19760 -1.62678e-13
19770 -1.61986e-13
19780 -1.55981e-13
19790 -1.58171e-13
19800 -1.63349e-13
19810 -1.61498e-13
19820 -1.62191e-13
19830 -1.63431e-13
19840 -1.61343e-13
19850 -1.71012e-13
19860 -1.7008e-13
19870 -1.66322e-13
19880 -1.70258e-13
19890 -1.67075e-13
19900 -1.72661e-13
19910 -1.77574e-13
19920 -1.75805e-13
19930 -1.75426e-13
19940 -1.70635e-13
19950 -1.74132e-13
19960 -1.75973e-13
19970 -1.68063e-13
19980 -1.7285e-13
19990 -1.70058e-13
20000 -1.70972e-13
20010 -1.6559e-13
20020 -1.64099e-13
20030 -1.72598e-13
20040 -1.78288e-13
20050 -1.73691e-13
20060 -1.72245e-13
20070 -1.78817e-13
20080 -1.73234e-13
20090 -1.75152e-13
20100 -1.75062e-13
20110 -1.74879e-13
20120 -1.76544e-13
20130 -1.72743e-13
20140 -1.69734e-13
20150 -1.63102e-13
20160 -1.6056e-13
20170 -1.65601e-13
20180 -1.608e-13
20190 -1.59608e-13
20200 -1.56045e-13
20210 -1.58532e-13
20220 -1.59548e-13
20230 -1.58406e-13
20240 -1.65317e-13
20250 -1.65728e-13
20260 -1.62253e-13
20270 -1.66764e-13
20280 -1.64579e-13
20290 -1.67582e-13
20300 -1.67548e-13
20310 -1.54624e-13
20320 -1.62485e-13
20330 -1.64649e-13
20340 -1.62189e-13
20350 -1.63653e-13
20360 -1.65667e-13
20370 -1.64061e-13
20380 -1.67784e-13
20390 -1.73826e-13
20400 -1.76271e-13
20410 -1.79747e-13
20420 -1.71895e-13
20430 -1.7813e-13
20440 -1.8597e-13
20450 -1.85816e-13
20460 -1.81032e-13
20470 -1.82252e-13
20480 -1.75031e-13
20490 -1.73139e-13
20500 -1.70819e-13
20510 -1.69157e-13
20520 -1.71856e-13
20530 -1.66853e-13
20540 -1.6278e-13
20550 -1.63693e-13
20560 -1.57818e-13
20570 -1.55104e-13
20580 -1.55114e-13
20590 -1.61316e-13
20600 -1.66249e-13
20610 -1.58494e-13
20620 -1.51724e-13
20630 -1.54685e-13
20640 -1.56436e-13
20650 -1.56318e-13
20660 -1.55339e-13
20670 -1.54334e-13
20680 -1.5308e-13
20690 -1.58403e-13
20700 -1.54059e-13
20710 -1.53955e-13
20720 -1.44319e-13
20730 -1.45108e-13
20740 -1.42025e-13
20750 -1.41228e-13
20760 -1.42464e-13
20770 -1.47873e-13
20780 -1.48111e-13
20790 -1.4968e-13
20800 -1.53913e-13
20810 -1.48714e-13
20820 -1.40434e-13
20830 -1.40084e-13
20840 -1.40423e-13
20850 -1.42454e-13
20860 -1.46041e-13
20870 -1.51399e-13
20880 -1.50053e-13
20890 -1.43405e-13
20900 -1.43423e-13
20910 -1.48946e-13
20920 -1.44137e-13
20930 -1.43411e-13
20940 -1.55274e-13
20950 -1.56808e-13
20960 -1.52248e-13
20970 -1.49807e-13
20980 -1.5719e-13
20990 -1.57103e-13
21000 -1.58337e-13
21010 -1.63732e-13
21020 -1.65378e-13
21030 -1.60435e-13
21040 -1.56478e-13
21050 -1.53204e-13
21060 -1.59892e-13
21070 -1.57814e-13
21080 -1.5841e-13
21090 -1.63959e-13
21100 -1.65345e-13
21110 -1.69559e-13
21120 -1.69504e-13
21130 -1.75308e-13
21140 -1.77664e-13
21150 -1.74172e-13
21160 -1.73802e-13
21170 -1.73245e-13
21180 -1.70683e-13
21190 -1.75268e-13
21200 -1.77769e-13
21210 -1.76146e-13
21220 -1.79749e-13
21230 -1.73608e-13
21240 -1.72505e-13
21250 -1.76194e-13
21260 -1.67216e-13
21270 -1.67318e-13
21280 -1.62033e-13
21290 -1.71461e-13
21300 -1.67465e-13
21310 -1.68509e-13
21320 -1.6623e-13
21330 -1.65587e-13
21340 -1.73774e-13
21350 -1.75976e-13
21360 -1.76643e-13
21370 -1.79505e-13
21380 -1.7525e-13
21390 -1.82812e-13
21400 -1.90565e-13
21410 -1.87811e-13
21420 -1.89381e-13
21430 -1.92292e-13
21440 -1.90052e-13
21450 -1.83104e-13
21460 -1.83083e-13
21470 -1.83113e-13
21480 -1.83381e-13
21490 -1.81017e-13
21500 -1.76501e-13
21510 -1.83272e-13
21520 -1.78174e-13
21530 -1.75865e-13
21540 -1.70722e-13
21550 -1.70421e-13
21560 -1.6685e-13
21570 -1.65624e-13
21580 -1.77458e-13
21590 -1.7333e-13
21600 -1.72445e-13
21610 -1.74495e-13
21620 -1.80816e-13
21630 -1.81281e-13
21640 -1.72133e-13
21650 -1.76284e-13
21660 -1.75623e-13
21670 -1.76238e-13
21680 -1.73946e-13
21690 -1.76464e-13
21700 -1.79515e-13
21710 -1.78406e-13
21720 -1.82323e-13
21730 -1.80922e-13
21740 -1.79337e-13
21750 -1.7824e-13
21760 -1.83012e-13
21770 -1.85045e-13
21780 -1.80739e-13
21790 -1.72034e-13
21800 -1.79532e-13
21810 -1.79715e-13
21820 -1.75994e-13
21830 -1.71698e-13
21840 -1.69905e-13
21850 -1.66972e-13
21860 -1.72427e-13
21870 -1.70381e-13
21880 -1.66675e-13
21890 -1.70383e-13
21900 -1.67739e-13
21910 -1.65233e-13
21920 -1.64098e-13
21930 -1.63666e-13
21940 -1.69429e-13
21950 -1.62616e-13
21960 -1.57459e-13
21970 -1.54827e-13
21980 -1.57902e-13
21990 -1.59656e-13
22000 -1.64784e-13
22010 -1.64684e-13
22020 -1.64901e-13
22030 -1.59996e-13
22040 -1.62129e-13
22050 -1.65784e-13
22060 -1.62379e-13
22070 -1.54086e-13
22080 -1.49342e-13
22090 -1.54995e-13
22100 -1.55418e-13
22110 -1.60594e-13
22120 -1.57236e-13
22130 -1.48401e-13
22140 -1.59966e-13
22150 -1.62495e-13
22160 -1.63675e-13
22170 -1.61688e-13
22180 -1.63117e-13
22190 -1.60703e-13
22200 -1.55786e-13
22210 -1.59508e-13
22220 -1.57104e-13
22230 -1.53467e-13
22240 -1.53399e-13
22250 -1.57613e-13
22260 -1.6183e-13
22270 -1.58565e-13
22280 -1.55971e-13
22290 -1.56404e-13
22300 -1.55962e-13
22310 -1.58078e-13
22320 -1.57564e-13
22330 -1.61732e-13
22340 -1.66968e-13
22350 -1.58821e-13
22360 -1.58283e-13
22370 -1.5426e-13
22380 -1.56006e-13
22390 -1.55492e-13
22400 -1.55382e-13
22410 -1.49902e-13
22420 -1.49845e-13
22430 -1.45738e-13
22440 -1.51598e-13
22450 -1.50333e-13
22460 -1.50519e-13
22470 -1.44426e-13
22480 -1.51996e-13
22490 -1.47891e-13
22500 -1.51261e-13
22510 -1.51851e-13
22520 -1.42655e-13
22530 -1.37124e-13
22540 -1.42818e-13
22550 -1.49485e-13
22560 -1.5303e-13
22570 -1.45421e-13
22580 -1.36414e-13
22590 -1.44282e-13
22600 -1.41269e-13
22610 -1.40782e-13
22620 -1.34908e-13
22630 -1.38941e-13
22640 -1.4582e-13
22650 -1.43101e-13
22660 -1.39015e-13
22670 -1.39691e-13
22680 -1.32047e-13
22690 -1.34986e-13
22700 -1.34789e-13
22710 -1.43516e-13
22720 -1.43357e-13
22730 -1.43913e-13
22740 -1.44116e-13
22750 -1.45327e-13
22760 -1.47189e-13
22770 -1.51174e-13
22780 -1.54967e-13
22790 -1.52629e-13
22800 -1.55162e-13
22810 -1.56502e-13
22820 -1.62784e-13
22830 -1.72128e-13
22840 -1.68485e-13
22850 -1.6902e-13
22860 -1.61627e-13
22870 -1.71612e-13
22880 -1.68969e-13
22890 -1.65081e-13
22900 -1.69211e-13
22910 -1.6553e-13
22920 -1.71503e-13
22930 -1.63501e-13
22940 -1.71058e-13
22950 -1.65871e-13
22960 -1.67211e-13
22970 -1.66134e-13
22980 -1.58742e-13
22990 -1.65164e-13
23000 -1.67638e-13
23010 -1.69564e-13
23020 -1.67683e-13
23030 -1.68974e-13
23040 -1.75966e-13
23050 -1.78781e-13
23060 -1.76784e-13
23070 -1.71871e-13
23080 -1.7381e-13
23090 -1.76048e-13
23100 -1.73887e-13
23110 -1.69446e-13
23120 -1.67605e-13
23130 -1.66394e-13
23140 -1.67972e-13
23150 -1.66843e-13
23160 -1.62648e-13
23170 -1.65925e-13
23180 -1.71323e-13
23190 -1.75256e-13
23200 -1.77324e-13
23210 -1.75271e-13
23220 -1.76037e-13
23230 -1.73029e-13
23240 -1.67743e-13
23250 -1.79688e-13
23260 -1.85898e-13
23270 -1.82936e-13
23280 -1.80564e-13
23290 -1.73059e-13
23300 -1.78598e-13
23310 -1.78869e-13
23320 -1.78609e-13
23330 -1.76109e-13
23340 -1.82433e-13
23350 -1.81163e-13
23360 -1.75455e-13
23370 -1.79313e-13
23380 -1.76025e-13
23390 -1.64325e-13
23400 -1.62532e-13
23410 -1.6882e-13
23420 -1.78919e-13
23430 -1.79467e-13
23440 -1.84378e-13
23450 -1.81364e-13
23460 -1.78232e-13
23470 -1.79427e-13
23480 -1.80226e-13
23490 -1.79717e-13
23500 -1.74787e-13
23510 -1.67515e-13
23520 -1.65624e-13
23530 -1.61067e-13
23540 -1.63375e-13
23550 -1.69729e-13
23560 -1.67407e-13
23570 -1.71646e-13
23580 -1.68523e-13
23590 -1.70553e-13
23600 -1.72743e-13
23610 -1.80165e-13
23620 -1.85947e-13
23630 -1.84179e-13
23640 -1.75649e-13
23650 -1.79626e-13
23660 -1.81044e-13
23670 -1.82461e-13
23680 -1.7533e-13
23690 -1.75878e-13
23700 -1.72457e-13
23710 -1.8287e-13
23720 -1.91021e-13
23730 -1.93122e-13
23740 -1.88971e-13
23750 -1.87143e-13
23760 -1.91954e-13
23770 -1.91999e-13
23780 -1.8784e-13
23790 -1.93992e-13
23800 -1.95642e-13
23810 -1.98576e-13
23820 -1.98706e-13
23830 -1.93381e-13
23840 -2.01159e-13
23850 -1.99901e-13
23860 -1.98235e-13
23870 -1.95531e-13
23880 -2.01484e-13
23890 -2.03536e-13
23900 -1.98775e-13
23910 -2.06562e-13
23920 -2.09209e-13
23930 -2.13859e-13
23940 -2.05432e-13
23950 -2.03865e-13
23960 -2.00107e-13
23970 -1.9874e-13
23980 -2.03089e-13
23990 -2.06338e-13
24000 -2.08142e-13
24010 -1.98872e-13
24020 -1.92632e-13
24030 -1.8542e-13
24040 -1.91325e-13
24050 -1.89179e-13
24060 -1.83416e-13
24070 -1.85743e-13
24080 -1.85671e-13
24090 -1.92371e-13
24100 -1.91593e-13
24110 -1.97391e-13
24120 -1.92619e-13
24130 -1.94348e-13
24140 -1.95331e-13
24150 -1.91986e-13
24160 -1.88318e-13
24170 -1.9776e-13
24180 -2.00131e-13
24190 -2.04882e-13
24200 -2.02849e-13
24210 -2.07292e-13
24220 -1.9825e-13
24230 -1.96451e-13
24240 -2.00621e-13
24250 -2.03829e-13
24260 -2.07674e-13
24270 -2.04486e-13
24280 -2.06001e-13
24290 -2.05179e-13
24300 -2.08645e-13
24310 -2.12899e-13
24320 -2.20154e-13
24330 -2.10026e-13
24340 -2.07534e-13
24350 -2.14935e-13
24360 -2.17863e-13
24370 -2.17363e-13
24380 -2.07635e-13
24390 -2.04454e-13
24400 -2.06072e-13
24410 -2.10499e-13
24420 -2.0968e-13
24430 -2.03399e-13
24440 -2.09908e-13
24450 -2.14166e-13
24460 -2.09137e-13
24470 -2.13677e-13
24480 -2.11182e-13
24490 -2.09666e-13
24500 -2.06554e-13
24510 -2.01556e-13
24520 -2.02973e-13
24530 -1.9504e-13
24540 -1.97041e-13
24550 -1.94919e-13
24560 -1.91175e-13
24570 -1.90498e-13
24580 -1.8843e-13
24590 -1.83488e-13
24600 -1.81226e-13
24610 -1.75774e-13
24620 -1.71673e-13
24630 -1.77732e-13
24640 -1.79507e-13
24650 -1.78064e-13
24660 -1.7857e-13
24670 -1.73964e-13
24680 -1.76606e-13
24690 -1.79266e-13
24700 -1.85779e-13
24710 -1.94213e-13
24720 -1.91078e-13
24730 -1.84881e-13
24740 -1.85084e-13
24750 -1.94062e-13
24760 -1.95178e-13
24770 -1.83696e-13
24780 -1.88757e-13
24790 -1.88606e-13
24800 -1.95572e-13
24810 -1.96911e-13
24820 -1.98888e-13
24830 -1.97375e-13
24840 -1.91408e-13
24850 -1.90246e-13
24860 -1.95088e-13
24870 -1.99621e-13
24880 -1.98613e-13
24890 -1.9835e-13
24900 -1.9986e-13
24910 -2.04563e-13
24920 -2.04372e-13
24930 -2.03925e-13
24940 -2.07744e-13
24950 -2.01525e-13
24960 -1.98646e-13
24970 -2.03176e-13
24980 -2.02321e-13
24990 -2.0517e-13
25000 -2.0666e-13
25010 -2.13997e-13
25020 -2.14135e-13
25030 -2.07721e-13
25040 -2.05836e-13
25050 -2.10114e-13
25060 -2.01518e-13
25070 -1.99012e-13
25080 -1.96891e-13
25090 -2.01265e-13
25100 -2.03765e-13
25110 -2.00586e-13
25120 -2.01128e-13
25130 -2.0698e-13
25140 -2.10794e-13
25150 -2.18446e-13
25160 -2.18854e-13
25170 -2.20219e-13
25180 -2.174e-13
25190 -2.15612e-13
25200 -2.16796e-13
25210 -2.17152e-13
25220 -2.20238e-13
25230 -2.1514e-13
25240 -2.08335e-13
25250 -2.15454e-13
25260 -2.17425e-13
25270 -2.11479e-13
25280 -2.16255e-13
25290 -2.14181e-13
25300 -2.17499e-13
25310 -2.25232e-13
25320 -2.24247e-13
25330 -2.2267e-13
25340 -2.22068e-13
25350 -2.16668e-13
25360 -2.21491e-13
25370 -2.12173e-13
25380 -2.09914e-13
25390 -2.2098e-13
25400 -2.20234e-13
25410 -2.26636e-13
25420 -2.23321e-13
25430 -2.13016e-13
25440 -2.17256e-13
25450 -2.1159e-13
25460 -2.22662e-13
25470 -2.33365e-13
25480 -2.24664e-13
25490 -2.1336e-13
25500 -2.07364e-13
25510 -2.12511e-13
25520 -2.19727e-13
25530 -2.23601e-13
25540 -2.08819e-13
25550 -2.08211e-13
25560 -2.03155e-13
25570 -2.08902e-13
25580 -2.13702e-13
25590 -2.20371e-13
25600 -2.11665e-13
25610 -2.17168e-13
25620 -2.11189e-13
25630 -2.13413e-13
25640 -2.1212e-13
25650 -2.12324e-13
25660 -2.04082e-13
25670 -2.10724e-13
25680 -2.13585e-13
25690 -2.18712e-13
25700 -2.00642e-13
25710 -1.98061e-13
25720 -2.02243e-13
25730 -2.06335e-13
25740 -2.0885e-13
25750 -2.16368e-13
25760 -2.1394e-13
25770 -2.12783e-13
25780 -2.0905e-13
25790 -1.97569e-13
25800 -2.04278e-13
25810 -2.14711e-13
25820 -2.18951e-13
25830 -2.29644e-13
25840 -2.20428e-13
25850 -2.13888e-13
25860 -2.15385e-13
25870 -2.20106e-13
25880 -2.20525e-13
25890 -2.15252e-13
25900 -2.16506e-13
25910 -2.17369e-13
25920 -2.1586e-13
25930 -2.15584e-13
25940 -2.1859e-13
25950 -2.17245e-13
25960 -2.1793e-13
25970 -2.1928e-13
25980 -2.16712e-13
25990 -2.20278e-13
26000 -2.18183e-13
26010 -2.15217e-13
26020 -2.16527e-13
26030 -2.13334e-13
26040 -2.18705e-13
26050 -2.14941e-13
26060 -2.11858e-13
26070 -2.06265e-13
26080 -2.1084e-13
26090 -2.12802e-13
26100 -2.24408e-13
26110 -2.18553e-13
26120 -2.12696e-13
26130 -2.14332e-13
26140 -2.12436e-13
26150 -2.18471e-13
26160 -2.23473e-13
26170 -2.1177e-13
26180 -2.17553e-13
26190 -2.15627e-13
26200 -2.1302e-13
26210 -2.03269e-13
26220 -2.10735e-13
26230 -2.16111e-13
26240 -2.17561e-13
26250 -2.12861e-13
26260 -2.04293e-13
26270 -1.97311e-13
26280 -2.03584e-13
26290 -2.07527e-13
26300 -2.17344e-13
26310 -2.11323e-13
26320 -2.0527e-13
26330 -2.0391e-13
26340 -1.99613e-13
26350 -2.01874e-13
26360 -2.01517e-13
26370 -1.99178e-13
26380 -2.10033e-13
26390 -2.08078e-13
26400 -2.08325e-13
26410 -2.06741e-13
26420 -2.04914e-13
26430 -2.03622e-13
26440 -2.06602e-13
26450 -2.1073e-13
26460 -2.1332e-13
26470 -2.1004e-13
26480 -2.1323e-13
26490 -2.02212e-13
26500 -1.98756e-13
26510 -2.07948e-13
26520 -2.06842e-13
26530 -2.07062e-13
26540 -2.11414e-13
26550 -2.05937e-13
26560 -2.02347e-13
26570 -2.09199e-13
26580 -2.08587e-13
26590 -2.08067e-13
26600 -2.19977e-13
26610 -2.17856e-13
26620 -2.15686e-13
26630 -2.01938e-13
26640 -2.07475e-13
26650 -2.02959e-13
26660 -2.0475e-13
26670 -2.0496e-13
26680 -2.01959e-13
26690 -2.01825e-13
26700 -2.05385e-13
26710 -2.03746e-13
26720 -1.98759e-13
26730 -1.93287e-13
26740 -1.99713e-13
26750 -1.99883e-13
26760 -1.95661e-13
26770 -2.04217e-13
26780 -2.04423e-13
26790 -2.00483e-13
26800 -1.9178e-13
26810 -1.95433e-13
26820 -2.02454e-13
26830 -1.93843e-13
26840 -1.85127e-13
26850 -1.7784e-13
26860 -1.90338e-13
26870 -1.98668e-13
26880 -1.92691e-13
26890 -1.97692e-13
26900 -1.97508e-13
26910 -1.94898e-13
26920 -1.90932e-13
26930 -1.80777e-13
26940 -1.83786e-13
26950 -1.85985e-13
26960 -1.95978e-13
26970 -1.91621e-13
26980 -1.72138e-13
26990 -1.55983e-13
27000 -1.39643e-13
27010 -1.00043e-13
27020 -3.66122e-14
27030 6.34551e-14
27040 2.32088e-13
27050 5.27971e-13
27060 9.90375e-13
27070 1.73743e-12
27080 2.91934e-12
27090 4.81985e-12
27100 7.84031e-12
27110 1.26038e-11
27120 2.00549e-11
27130 3.1686e-11
27140 4.97124e-11
27150 7.7483e-11
27160 1.20035e-10
27170 1.84882e-10
27180 2.83133e-10
27190 4.31236e-10
27200 6.53286e-10
27210 9.84461e-10
27220 1.47587e-09
27230 2.20133e-09
27240 3.26688e-09
27250 4.82418e-09
27260 7.08899e-09
27270 1.03667e-08
27280 1.50877e-08
27290 2.18551e-08
27300 3.15103e-08
27310 4.52217e-08
27320 6.4604e-08
27330 9.18779e-08
27340 1.30084e-07
27350 1.83365e-07
27360 2.57342e-07
27370 3.59605e-07
27380 5.00358e-07
27390 6.93259e-07
27400 9.56505e-07
27410 1.31424e-06
27420 1.79834e-06
27430 2.45076e-06
27440 3.32641e-06
27450 4.49688e-06
27460 6.05516e-06
27470 8.12145e-06
27480 1.08505e-05
27490 1.44408e-05
27500 1.91456e-05
27510 2.52871e-05
27520 3.32733e-05
27530 4.36186e-05
27540 5.69693e-05
27550 7.41338e-05
27560 9.61194e-05
27570 0.000124176
27580 0.000159848
27590 0.000205037
27600 0.000262075
27610 0.000333809
27620 0.000423703
27630 0.000535953
27640 0.000675624
27650 0.000848803
27660 0.00106278
27670 0.00132624
27680 0.00164952
27690 0.00204484
27700 0.00252658
27710 0.00311166
27720 0.00381984
27730 0.00467413
27740 0.00570123
27750 0.00693199
27760 0.0084019
27770 0.0101516
27780 0.0122276
27790 0.0146827
27800 0.0175765
27810 0.0209764
27820 0.024958
27830 0.0296059
27840 0.035014
27850 0.0412867
27860 0.048539
27870 0.056897
27880 0.066499
27890 0.077495
27900 0.0900479
27910 0.104333
27920 0.120538
27930 0.138863
27940 0.159521
27950 0.182737
27960 0.208744
27970 0.237788
27980 0.270122
27990 0.306007
28000 0.345707
28010 0.389492
28020 0.43763
28030 0.49039
28040 0.548031
28050 0.61081
28060 0.678967
28070 0.75273
28080 0.832305
28090 0.917878
28100 1.0096
28110 1.10761
28120 1.21199
28130 1.32278
28140 1.44001
28150 1.56362
28160 1.69353
28170 1.82959
28180 1.97161
28190 2.11932
28200 2.27242
28210 2.43052
28220 2.59319
28230 2.75993
28240 2.93018
28250 3.10334
28260 3.27874
28270 3.45566
28280 3.63334
28290 3.81097
28300 3.98773
28310 4.16274
28320 4.33512
28330 4.50397
28340 4.66837
28350 4.82743
28360 4.98024
28370 5.12593
28380 5.26366
28390 5.3926
28400 5.51199
28410 5.62111
28420 5.71931
28430 5.80598
28440 5.88061
28450 5.94275
28460 5.99203
28470 6.02818
28480 6.051
28490 6.06039
28500 6.05634
28510 6.03891
28520 6.00827
28530 5.96467
28540 5.90844
28550 5.83998
28560 5.75978
28570 5.66839
28580 5.56641
28590 5.45451
28600 5.33341
28610 5.20387
28620 5.06666
28630 4.9226
28640 4.77253
28650 4.61727
28660 4.45768
28670 4.2946
28680 4.12884
28690 3.96122
28700 3.79252
28710 3.6235
28720 3.45487
28730 3.28731
28740 3.12148
28750 2.95795
28760 2.79729
28770 2.63998
28780 2.48647
28790 2.33716
28800 2.19239
28810 2.05247
28820 1.91763
28830 1.78808
28840 1.66396
28850 1.54539
28860 1.43243
28870 1.3251
28880 1.22341
28890 1.12731
28900 1.03672
28910 0.951557
28920 0.87169
28930 0.796977
28940 0.727259
28950 0.66236
28960 0.602092
28970 0.546258
28980 0.494654
28990 0.44707
29000 0.403294
29010 0.363115
29020 0.326319
29030 0.292699
29040 0.262048
29050 0.234166
29060 0.208858
29070 0.185938
29080 0.165225
29090 0.146545
29100 0.129737
29110 0.114644
29120 0.10112
29130 0.0890273
29140 0.0782367
29150 0.0686281
29160 0.0600895
29170 0.0525174
29180 0.0458161
29190 0.0398973
29200 0.0346803
29210 0.030091
29220 0.0260621
29230 0.022532
29240 0.0194451
29250 0.0167512
29260 0.0144047
29270 0.0123648
29280 0.010595
29290 0.0090624
29300 0.0077378
29310 0.00659515
29320 0.00561134
29330 0.00476591
29340 0.00404076
29350 0.00341996
29360 0.00288949
29370 0.00243704
29380 0.00205188
29390 0.00172459
29400 0.001447
29410 0.001212
29420 0.00101342
29430 0.000845915
29440 0.000704888
29450 0.000586367
29460 0.000486942
29470 0.000403687
29480 0.000334097
29490 0.000276035
29500 0.000227677
29510 0.000187474
29520 0.000154109
29530 0.00012647
29540 0.000103613
29550 8.47446e-05
29560 6.91966e-05
29570 5.64068e-05
29580 4.59044e-05
29590 3.72954e-05
29600 3.02506e-05
29610 2.44959e-05
29620 1.98032e-05
29630 1.59831e-05
29640 1.28787e-05
29650 1.03601e-05
29660 8.32049e-06
29670 6.67146e-06
29680 5.34051e-06
29690 4.26811e-06
29700 3.40551e-06
29710 2.71283e-06
29720 2.15754e-06
29730 1.71313e-06
29740 1.35807e-06
29750 1.07486e-06
29760 8.49342e-07
29770 6.70063e-07
29780 5.27779e-07
29790 4.15043e-07
29800 3.25866e-07
29810 2.55443e-07
29820 1.9992e-07
29830 1.56217e-07
29840 1.21874e-07
29850 9.49301e-08
29860 7.38265e-08
29870 5.73237e-08
29880 4.44398e-08
29890 3.43975e-08
29900 2.65828e-08
29910 2.05113e-08
29920 1.58018e-08
29930 1.21546e-08
29940 9.33463e-09
29950 7.15778e-09
29960 5.48005e-09
29970 4.18907e-09
29980 3.19725e-09
29990 2.4365e-09
30000 1.85389e-09
30010 1.40842e-09
30020 1.06835e-09
30030 8.09146e-10
30040 6.11892e-10
30050 4.62017e-10
30060 3.48319e-10
30070 2.62201e-10
30080 1.97074e-10
30090 1.47898e-10
30100 1.10825e-10
30110 8.29192e-11
30120 6.19462e-11
30130 4.6208e-11
30140 3.44164e-11
30150 2.55952e-11
30160 1.90064e-11
30170 1.40925e-11
30180 1.04334e-11
30190 7.71281e-12
30200 5.69312e-12
30210 4.19605e-12
30220 3.08804e-12
30230 2.26924e-12
30240 1.66507e-12
30250 1.21994e-12
30260 8.92489e-13
30270 6.51966e-13
30280 4.7556e-13
30290 3.46375e-13
30300 2.51911e-13
30310 1.82941e-13
30320 1.32659e-13
30330 9.6056e-14
30340 6.94509e-14
30350 5.01414e-14
30360 3.61478e-14
30370 2.60216e-14
30380 1.87048e-14
30390 1.34259e-14
30400 9.62283e-15
30410 6.88705e-15
30420 4.92193e-15
30430 3.51245e-15
30440 2.50298e-15
30450 1.78107e-15
30460 1.26555e-15
30470 8.97951e-16
30480 6.36215e-16
30490 4.50125e-16
30500 3.1801e-16
30510 2.24351e-16
30520 1.58051e-16
30530 1.11185e-16
30540 7.81048e-17
30550 5.47888e-17
30560 3.83787e-17
30570 2.68456e-17
30580 1.87518e-17
30590 1.30797e-17
30600 9.11044e-18
30610 6.3368e-18
30620 4.40138e-18
30630 3.05279e-18
30640 2.11444e-18
30650 1.46247e-18
30660 1.01011e-18
30670 6.96697e-19
30680 4.79858e-19
30690 3.30047e-19
30700 2.26691e-19
30710 1.55485e-19
30720 1.06497e-19
30730 7.28429e-20
30740 4.97546e-20
30750 3.39374e-20
30760 2.31166e-20
30770 1.57243e-20
30780 1.06811e-20
30790 7.24547e-21
30800 4.90816e-21
30810 3.32028e-21
30820 2.24302e-21
30830 1.51321e-21
30840 1.01946e-21
30850 6.85877e-22
30860 4.60819e-22
30870 3.09188e-22
30880 2.07168e-22
30890 1.38622e-22
30900 9.26303e-23
30910 6.18136e-23
30920 4.11932e-23
30930 2.74145e-23
30940 1.822e-23
30950 1.20928e-23
30960 8.01537e-24
30970 5.30559e-24
30980 3.50719e-24
30990 2.31527e-24
31000 1.52637e-24
31010 1.00493e-24
31020 6.60742e-25
31030 4.33856e-25
31040 2.84498e-25
31050 1.86309e-25
31060 1.21845e-25
31070 7.95802e-26
31080 5.19068e-26
31090 3.38116e-26
31100 2.19954e-26
31110 1.42897e-26
31120 9.27122e-27
31130 6.00727e-27
31140 3.88726e-27
31150 2.5121e-27
31160 1.62128e-27
31170 1.04498e-27
31180 6.72644e-28
31190 4.32407e-28
31200 2.77606e-28
31210 1.77991e-28
31220 1.13971e-28
31230 7.28831e-29
31240 4.65468e-29
31250 2.96884e-29
31260 1.89111e-29
31270 1.20304e-29
31280 7.64329e-30
31290 4.8497e-30
31300 3.07316e-30
31310 1.94488e-30
31320 1.22924e-30
31330 7.75925e-31
31340 4.89149e-31
31350 3.07965e-31
31360 1.93642e-31
31370 1.21602e-31
31380 7.62642e-32
31390 4.77686e-32
31400 2.98818e-32
31410 1.86686e-32
31420 1.16483e-32
31430 7.25863e-33
31440 4.51743e-33
31450 2.80785e-33
31460 1.74301e-33
31470 1.08062e-33
31480 6.69103e-34
31490 4.13771e-34
31500 2.55549e-34
31510 1.57629e-34
31520 9.7106e-35
31530 5.97455e-35
31540 3.67126e-35
31550 2.25307e-35
31560 1.38097e-35
31570 8.45369e-36
31580 5.16845e-36
31590 3.15592e-36
31600 1.92462e-36
31610 1.17224e-36
31620 7.13087e-37
31630 4.33235e-37
31640 2.62881e-37
31650 1.59312e-37
31660 9.64265e-38
31670 5.82908e-38
31680 3.51933e-38
31690 2.12216e-38
31700 1.27807e-38
31710 7.68758e-39
31720 4.61831e-39
31730 2.771e-39
31740 1.66054e-39
31750 9.93857e-40
31760 5.94099e-40
31770 3.54695e-40
31780 2.11502e-40
31790 1.25961e-40
31800 7.49236e-41
31810 4.45109e-41
31820 2.64106e-41
31830 1.56514e-41
31840 9.26391e-42
31850 5.47647e-42
31860 3.2335e-42
31870 1.90682e-42
31880 1.12309e-42
31890 6.60675e-43
31900 3.88175e-43
31910 2.2779e-43
31920 1.33509e-43
31930 7.81551e-44
31940 4.56953e-44
31950 2.66843e-44
31960 1.55636e-44
31970 9.06642e-45
31980 5.27512e-45
31990 3.06549e-45
32000 1.77925e-45
32010 1.03145e-45
32020 5.97217e-46
32030 3.45372e-46
32040 1.99488e-46
32050 1.15085e-46
32060 6.63119e-47
32070 3.81627e-47
32080 2.19362e-47
32090 1.25938e-47
32100 7.22146e-48
32110 4.13588e-48
32120 2.36583e-48
32130 1.35168e-48
32140 7.71325e-49
32150 4.39617e-49
32160 2.50256e-49
32170 1.42287e-49
32180 8.08019e-50
32190 4.58298e-50
32200 2.59625e-50
32210 1.46898e-50
32220 8.30145e-51
32230 4.68556e-51
32240 2.64142e-51
32250 1.48724e-51
32260 8.36353e-52
32270 4.69746e-52
32280 2.63512e-52
32290 1.47638e-52
32300 8.26149e-53
32310 4.61717e-53
32320 2.57721e-53
32330 1.43674e-53
32340 7.99942e-54
32350 4.44825e-54
32360 2.4704e-54
32370 1.37022e-54
32380 7.59021e-55
32390 4.19911e-55
32400 2.32005e-55
32410 1.28017e-55
32420 7.05457e-56
32430 3.88238e-56
32440 2.13377e-56
32450 1.17116e-56
32460 6.41945e-57
32470 3.51391e-57
32480 1.92083e-57
32490 1.04855e-57
32500 5.71594e-58
32510 3.11156e-58
32520 1.69144e-58
32530 9.18164e-59
32540 4.97692e-59
32550 2.69386e-59
32560 1.45599e-59
32570 7.85788e-60
32580 4.23458e-60
32590 2.2786e-60
32600 1.22426e-60
32610 6.56787e-61
32620 3.51812e-61
32630 1.88161e-61
32640 1.00479e-61
32650 5.35725e-62
32660 2.85184e-62
32670 1.51572e-62
32680 8.043e-63
32690 4.26106e-63
32700 2.25378e-63
32710 1.19014e-63
32720 6.2743e-64
32730 3.30228e-64
32740 1.73515e-64
32750 9.10185e-65
32760 4.76636e-65
32770 2.49175e-65
32780 1.3004e-65
32790 6.77483e-66
32800 3.52344e-66
32810 1.82926e-66
32820 9.48029e-67
32830 4.90456e-67
32840 2.53283e-67
32850 1.30568e-67
32860 6.71874e-68
32870 3.45108e-68
32880 1.76943e-68
32890 9.05567e-69
32900 4.62607e-69
32910 2.35888e-69
32920 1.2006e-69
32930 6.09933e-70
32940 3.09285e-70
32950 1.56539e-70
32960 7.90812e-71
32970 3.98754e-71
32980 2.00686e-71
32990 1.0081e-71
33000 5.05435e-72
33010 2.52928e-72
33020 1.26328e-72
33030 6.29749e-73
33040 3.13328e-73
33050 1.55594e-73
33060 7.71165e-74
33070 3.81469e-74
33080 1.88333e-74
33090 9.28002e-75
33100 4.56376e-75
33110 2.24e-75
33120 1.09729e-75
33130 5.36467e-76
33140 2.61764e-76
33150 1.27474e-76
33160 6.19552e-77
33170 3.00521e-77
33180 1.45483e-77
33190 7.02895e-78
33200 3.38927e-78
33210 1.63102e-78
33220 7.83341e-79
33230 3.75471e-79
33240 1.79613e-79
33250 8.57498e-80
33260 4.08566e-80
33270 1.94278e-80
33280 9.21969e-81
33290 4.36658e-81
33300 2.06394e-81
33310 9.73605e-82
33320 4.58352e-82
33330 2.1535e-82
33340 1.00976e-82
33350 4.72523e-83
33360 2.20676e-83
33370 1.02853e-83
33380 4.78413e-84
33390 2.22085e-84
33400 1.02888e-84
33410 4.75701e-85
33420 2.19499e-85
33430 1.01078e-85
33440 4.64527e-86
33450 2.13055e-86
33460 9.7521e-87
33470 4.45485e-87
33480 2.03093e-87
33490 9.24025e-88
33500 4.19566e-88
33510 1.90127e-88
33520 8.59836e-89
33530 3.88075e-89
33540 1.74801e-89
33550 7.85776e-90
33560 3.52519e-90
33570 1.57832e-90
33580 7.05239e-91
33590 3.1449e-91
33600 1.39961e-91
33610 6.21636e-92
33620 2.75547e-92
33630 1.21895e-92
33640 5.38153e-93
33650 2.37114e-93
33660 1.04265e-93
33670 4.57565e-94
33680 2.004e-94
33690 8.75944e-95
33700 3.82109e-95
33710 1.66353e-95
33720 7.22784e-96
33730 3.13415e-96
33740 1.35633e-96
33750 5.85794e-97
33760 2.52499e-97
33770 1.0862e-97
33780 4.66334e-98
33790 1.99812e-98
33800 8.54439e-99
33810 3.64652e-99
33820 1.55315e-99
33830 6.60218e-100
33840 2.80091e-100
33850 1.18591e-100
33860 5.0112e-101
33870 2.11336e-101
33880 8.89499e-102
33890 3.73645e-102
33900 1.56644e-102
33910 6.55406e-103
33920 2.73685e-103
33930 1.1406e-103
33940 4.74416e-104
33950 1.96938e-104
33960 8.15915e-105
33970 3.37369e-105
33980 1.39223e-105
33990 5.73407e-106
34000 2.35701e-106
34010 9.66958e-107
34020 3.95914e-107
34030 1.61787e-107
34040 6.59832e-108
34050 2.6858e-108
34060 1.09109e-108
34070 4.42386e-109
34080 1.79016e-109
34090 7.22992e-110
34100 2.91425e-110
34110 1.17239e-110
34120 4.70729e-111
34130 1.88635e-111
34140 7.54446e-112
34150 3.01153e-112
34160 1.19978e-112
34170 4.77059e-113
34180 1.89321e-113
34190 7.4986e-114
34200 2.96428e-114
34210 1.16954e-114
34220 4.60542e-115
34230 1.81001e-115
34240 7.09991e-116
34250 2.77961e-116
34260 1.08611e-116
34270 4.23569e-117
34280 1.64868e-117
34290 6.40484e-118
34300 2.48338e-118
34310 9.61036e-119
34320 3.71193e-119
34330 1.43094e-119
34340 5.50565e-120
34350 2.11426e-120
34360 8.10354e-121
34370 3.09995e-121
34380 1.18359e-121
34390 4.51038e-122
34400 1.71551e-122
34410 6.51236e-123
34420 2.46747e-123
34430 9.3311e-124
34440 3.52194e-124
34450 1.32679e-124
34460 4.98872e-125
34470 1.87218e-125
34480 7.01253e-126
34490 2.62164e-126
34500 9.78234e-127
34510 3.64321e-127
34520 1.35425e-127
34530 5.02439e-128
34540 1.86055e-128
34550 6.8766e-129
34560 2.53676e-129
34570 9.34026e-130
34580 3.43252e-130
34590 1.25905e-130
34600 4.60944e-131
34610 1.68434e-131
34620 6.14307e-132
34630 2.23624e-132
34640 8.12513e-133
34650 2.94658e-133
34660 1.06656e-133
34670 3.85327e-134
34680 1.38948e-134
34690 5.00098e-135
34700 1.79654e-135
34710 6.44168e-136
34720 2.30537e-136
34730 8.235e-137
34740 2.93608e-137
34750 1.04485e-137
34760 3.71125e-138
34770 1.31574e-138
34780 4.65588e-139
34790 1.64443e-139
34800 5.79716e-140
34810 2.03984e-140
34820 7.16412e-141
34830 2.51139e-141
34840 8.78716e-142
34850 3.0688e-142
34860 1.06973e-142
34870 3.72192e-143
34880 1.29254e-143
34890 4.48032e-144
34900 1.5501e-144
34910 5.35302e-145
34920 1.84512e-145
34930 6.34802e-146
34940 2.17992e-146
34950 7.4719e-147
34960 2.55629e-147
34970 8.7293e-148
34980 2.97535e-148
34990 1.01225e-148
35000 3.43735e-149
35010 1.16507e-149
35020 3.9416e-150
35030 1.33101e-150
35040 4.48626e-151
35050 1.50931e-151
35060 5.06832e-152
35070 1.6988e-152
35080 5.68346e-153
35090 1.89791e-153
35100 6.32605e-154
35110 2.10467e-154
35120 6.98919e-155
35130 2.31667e-155
35140 7.66473e-156
35150 2.53118e-156
35160 8.34344e-157
35170 2.74513e-157
35180 9.01518e-158
35190 2.95517e-158
35200 9.6691e-159
35210 3.15781e-159
35220 1.0294e-159
35230 3.34947e-160
35240 1.08784e-160
35250 3.52658e-161
35260 1.14114e-161
35270 3.68571e-162
35280 1.18823e-162
35290 3.82367e-163
35300 1.22817e-163
35310 3.93762e-164
35320 1.26011e-164
35330 4.02515e-165
35340 1.28338e-165
35350 4.08441e-166
35360 1.29748e-166
35370 4.1141e-167
35380 1.30211e-167
35390 4.1136e-168
35400 1.29717e-168
35410 4.08293e-169
35420 1.28277e-169
35430 4.02278e-170
35440 1.25923e-170
35450 3.93448e-171
35460 1.22707e-171
35470 3.81994e-172
35480 1.18698e-172
35490 3.68158e-173
35500 1.1398e-173
35510 3.52228e-174
35520 1.08648e-174
35530 3.34522e-175
35540 1.02809e-175
35550 3.15385e-176
35560 9.65727e-177
35570 2.9517e-177
35580 9.00521e-178
35590 2.74233e-178
35600 8.33587e-179
35610 2.52922e-179
35620 7.65996e-180
35630 2.31565e-180
35640 6.98751e-181
35650 2.10464e-181
35660 6.32761e-182
35670 1.89892e-182
35680 5.68827e-183
35690 1.70082e-183
35700 5.07626e-184
35710 1.51229e-184
35720 4.49711e-185
35730 1.33486e-185
35740 3.95502e-186
35750 1.16968e-186
35760 3.45295e-187
35770 1.01747e-187
35780 2.99269e-188
35790 8.78634e-189
35800 2.57491e-189
35810 7.53222e-190
35820 2.19934e-190
35830 6.41016e-191
35840 1.86489e-191
35850 5.4156e-192
35860 1.56981e-192
35870 4.54211e-193
35880 1.31182e-193
35890 3.78182e-194
35900 1.08827e-194
35910 3.12593e-195
35920 8.96256e-196
35930 2.56503e-196
35940 7.32763e-197
35950 2.0895e-197
35960 5.94745e-198
35970 1.68977e-198
35980 4.79221e-199
35990 1.3566e-199
36000 3.83335e-200
36010 1.08122e-200
36020 3.0441e-201
36030 8.55489e-202
36040 2.39982e-202
36050 6.71976e-203
36060 1.87819e-203
36070 5.24002e-204
36080 1.45928e-204
36090 4.05651e-205
36100 1.12558e-205
36110 3.11755e-206
36120 8.61905e-207
36130 2.37857e-207
36140 6.55213e-208
36150 1.80161e-208
36160 4.94479e-209
36170 1.35471e-209
36180 3.70472e-210
36190 1.01129e-210
36200 2.75553e-211
36210 7.49456e-212
36220 2.03469e-212
36230 5.51393e-213
36240 1.49154e-213
36250 4.02735e-214
36260 1.08546e-214
36270 2.92026e-215
36280 7.84224e-216
36290 2.10217e-216
36300 5.62482e-217
36310 1.50231e-217
36320 4.00517e-218
36330 1.06584e-218
36340 2.83125e-219
36350 7.50712e-220
36360 1.98692e-220
36370 5.24925e-221
36380 1.38429e-221
36390 3.6439e-222
36400 9.57452e-223
36410 2.51119e-223
36420 6.57435e-224
36430 1.71806e-224
36440 4.4816e-225
36450 1.16692e-225
36460 3.0329e-226
36470 7.86842e-227
36480 2.03764e-227
36490 5.2672e-228
36500 1.35907e-228
36510 3.50039e-229
36520 8.99913e-230
36530 2.30939e-230
36540 5.91566e-231
36550 1.51259e-231
36560 3.86056e-232
36570 9.83535e-233
36580 2.50115e-233
36590 6.34895e-234
36600 1.6087e-234
36610 4.06872e-235
36620 1.02719e-235
36630 2.58855e-236
36640 6.51137e-237
36650 1.63493e-237
36660 4.09765e-238
36670 1.02514e-238
36680 2.56e-239
36690 6.38129e-240
36700 1.58777e-240
36710 3.94345e-241
36720 9.77632e-242
36730 2.41927e-242
36740 5.97592e-243
36750 1.47345e-243
36760 3.62639e-244
36770 8.90891e-245
36780 2.18466e-245
36790 5.34754e-246
36800 1.30657e-246
36810 3.18657e-247
36820 7.75751e-248
36830 1.88508e-248
36840 4.57245e-249
36850 1.10707e-249
36860 2.67555e-250
36870 6.45444e-251
36880 1.55423e-251
36890 3.73575e-252
36900 8.96296e-253
36910 2.14651e-253
36920 5.13127e-254
36930 1.2244e-254
36940 2.9163e-255
36950 6.93345e-256
36960 1.64541e-256
36970 3.8977e-257
36980 9.21617e-258
36990 2.17521e-258
37000 5.12458e-259
37010 1.2051e-259
37020 2.82877e-260
37030 6.62795e-261
37040 1.55013e-261
37050 3.6188e-262
37060 8.43274e-263
37070 1.96146e-263
37080 4.55405e-264
37090 1.05541e-264
37100 2.44149e-265
37110 5.63759e-266
37120 1.29939e-266
37130 2.98945e-267
37140 6.86513e-268
37150 1.57367e-268
37160 3.60068e-269
37170 8.22357e-270
37180 1.87475e-270
37190 4.2661e-271
37200 9.69001e-272
37210 2.19697e-272
37220 4.97196e-273
37230 1.12315e-273
37240 2.53251e-274
37250 5.69994e-275
37260 1.28054e-275
37270 2.87159e-276
37280 6.42769e-277
37290 1.43612e-277
37300 3.20282e-278
37310 7.1298e-279
37320 1.58426e-279
37330 3.5138e-280
37340 7.77916e-281
37350 1.71906e-281
37360 3.79187e-282
37370 8.34868e-283
37380 1.83478e-283
37390 4.0249e-284
37400 8.81307e-285
37410 1.9262e-285
37420 4.20221e-286
37430 9.15074e-287
37440 1.98901e-287
37450 4.31537e-288
37460 9.34545e-289
37470 2.02015e-289
37480 4.35882e-290
37490 9.38759e-291
37500 2.01809e-291
37510 4.33038e-292
37520 9.27497e-293
37530 1.98289e-293
37540 4.23141e-294
37550 9.01302e-295
37560 1.91626e-295
37570 4.06667e-296
37580 8.61435e-297
37590 1.82139e-297
37600 3.84401e-298
37610 8.09772e-299
37620 1.7027e-299
37630 3.57366e-300
37640 7.48662e-301
37650 1.56551e-301
37660 3.26755e-302
37670 6.80747e-303
37680 1.41562e-303
37690 2.93835e-304
37700 6.08775e-305
37710 1.25894e-305
37720 2.59867e-306
37730 5.35417e-307
37740 1.1011e-307
37750 2.26027e-308
37760 4.63112e-309
37770 9.47125e-310
37780 1.9334e-310
37790 3.93942e-311
37800 8.01194e-312
37810 1.62646e-312
37820 3.29586e-313
37830 6.66849e-314
37840 1.34886e-314
37850 2.74461e-315
37860 5.78592e-316
37870 1.42641e-316
37880 5.49694e-317
37890 3.72777e-317
37900 3.36197e-317
37910 3.27687e-317
37920 3.24762e-317
37930 3.22934e-317
37940 3.21307e-317
37950 3.19706e-317
37960 3.18106e-317
37970 3.1651e-317
37980 3.14916e-317
37990 3.13325e-317
38000 3.11737e-317
38010 3.10152e-317
38020 3.08569e-317
38030 3.06989e-317
38040 3.05412e-317
38050 3.03838e-317
38060 3.02264e-317
38070 3.0069e-317
38080 2.99115e-317
38090 2.97541e-317
38100 2.95967e-317
38110 2.94392e-317
38120 2.92818e-317
38130 2.91244e-317
38140 2.8967e-317
38150 2.88095e-317
38160 2.86521e-317
38170 2.84947e-317
38180 2.83372e-317
38190 2.81798e-317
38200 2.80224e-317
38210 2.78649e-317
38220 2.77075e-317
38230 2.75501e-317
38240 2.73927e-317
38250 2.72352e-317
38260 2.70778e-317
38270 2.69204e-317
38280 2.67629e-317
38290 2.66055e-317
38300 2.64481e-317
38310 2.62907e-317
38320 2.61332e-317
38330 2.59758e-317
38340 2.58184e-317
38350 2.56609e-317
38360 2.55035e-317
38370 2.53461e-317
38380 2.51887e-317
38390 2.50312e-317
38400 2.48738e-317
38410 2.47164e-317
38420 2.45589e-317
38430 2.44015e-317
38440 2.42441e-317
38450 2.40866e-317
38460 2.39292e-317
38470 2.37718e-317
38480 2.36144e-317
38490 2.34569e-317
38500 2.32995e-317
38510 2.31421e-317
38520 2.29846e-317
38530 2.28272e-317
38540 2.26698e-317
38550 2.25124e-317
38560 2.23549e-317
38570 2.21975e-317
38580 2.20401e-317
38590 2.18826e-317
38600 2.17252e-317
38610 2.15678e-317
38620 2.14104e-317
38630 2.12529e-317
38640 2.10955e-317
38650 2.09381e-317
38660 2.07806e-317
38670 2.06232e-317
38680 2.04658e-317
38690 2.03084e-317
38700 2.01509e-317
38710 1.99935e-317
38720 1.98361e-317
38730 1.96786e-317
38740 1.95212e-317
38750 1.93638e-317
38760 1.92063e-317
38770 1.90489e-317
38780 1.88915e-317
38790 1.87341e-317
38800 1.85766e-317
38810 1.84192e-317
38820 1.82618e-317
38830 1.81043e-317
38840 1.79469e-317
38850 1.77895e-317
38860 1.76321e-317
38870 1.74746e-317
38880 1.73172e-317
38890 1.71598e-317
38900 1.70023e-317
38910 1.68449e-317
38920 1.66875e-317
38930 1.65301e-317
38940 1.63726e-317
38950 1.62152e-317
38960 1.60578e-317
38970 1.59003e-317
38980 1.57429e-317
38990 1.55855e-317
39000 1.5428e-317
39010 1.52706e-317
39020 1.51132e-317
39030 1.49558e-317
39040 1.47983e-317
39050 1.46409e-317
39060 1.44835e-317
39070 1.4326e-317
39080 1.41686e-317
39090 1.40112e-317
39100 1.38538e-317
39110 1.36963e-317
39120 1.35389e-317
39130 1.33815e-317
39140 1.3224e-317
39150 1.30666e-317
39160 1.29092e-317
39170 1.27518e-317
39180 1.25943e-317
39190 1.24369e-317
39200 1.22795e-317
39210 1.2122e-317
39220 1.19646e-317
39230 1.18072e-317
39240 1.16498e-317
39250 1.14923e-317
39260 1.13349e-317
39270 1.11775e-317
39280 1.102e-317
39290 1.08626e-317
39300 1.07052e-317
39310 1.05477e-317
39320 1.03903e-317
39330 1.02329e-317
39340 1.00755e-317
39350 9.91803e-318
39360 9.7606e-318
39370 9.60317e-318
39380 9.44574e-318
39390 9.28832e-318
39400 9.13089e-318
39410 8.97346e-318
39420 8.81603e-318
39430 8.6586e-318
39440 8.50117e-318
39450 8.34374e-318
39460 8.18631e-318
39470 8.02888e-318
39480 7.87145e-318
39490 7.71402e-318
39500 7.5566e-318
39510 7.39917e-318
39520 7.24174e-318
39530 7.08431e-318
39540 6.92688e-318
39550 6.76945e-318
39560 6.61202e-318
39570 6.45459e-318
39580 6.29716e-318
39590 6.13973e-318
39600 5.9823e-318
39610 5.82488e-318
39620 5.66745e-318
39630 5.51002e-318
39640 5.35259e-318
39650 5.19516e-318
39660 5.03773e-318
39670 4.8803e-318
39680 4.72287e-318
39690 4.56544e-318
39700 4.40801e-318
39710 4.25059e-318
39720 4.09316e-318
39730 3.93573e-318
39740 3.7783e-318
39750 3.62087e-318
39760 3.46344e-318
39770 3.30601e-318
39780 3.14858e-318
39790 2.99115e-318
39800 2.83372e-318
39810 2.67629e-318
39820 2.51887e-318
39830 2.36144e-318
39840 2.20401e-318
39850 2.04658e-318
39860 1.88915e-318
39870 1.73172e-318
39880 1.57429e-318
39890 1.41686e-318
39900 1.25943e-318
39910 1.102e-318
39920 9.44574e-319
39930 7.87145e-319
39940 6.29716e-319
39950 4.72287e-319
39960 3.14858e-319
39970 1.57429e-319
39980 0
