-10 0
0 8.98022e-16
10 -1.07947e-15
20 -2.33783e-15
30 -5.70704e-15
40 -6.32433e-15
50 -1.14664e-14
60 -2.0145e-14
70 -1.77925e-14
80 -1.98818e-14
90 -1.81429e-14
100 -1.75005e-14
110 -1.71368e-14
120 -1.41142e-14
130 -1.3411e-14
140 -1.63394e-14
150 -1.3664e-14
160 -8.92952e-15
170 -9.41831e-15
180 -5.92449e-15
190 -1.66795e-15
200 -6.93647e-15
210 -2.55117e-15
220 -5.13074e-15
230 -8.45171e-15
240 -1.12423e-14
250 -9.34633e-15
260 -1.14594e-14
270 -7.78927e-15
280 -1.07651e-14
290 -1.07048e-14
300 -1.25837e-14
310 -1.39237e-14
320 -1.25835e-14
330 -8.41403e-15
340 -1.05192e-14
350 -1.37238e-14
360 -1.11098e-14
370 -1.34864e-14
380 -5.4301e-15
390 -1.12765e-14
400 -9.39871e-15
410 -1.05803e-14
420 -1.29932e-14
430 -5.52456e-15
440 -1.19609e-14
450 -7.64441e-15
460 -1.40224e-14
470 -1.14198e-14
480 -7.2526e-15
490 -2.06893e-14
500 -1.12908e-14
510 -1.73257e-14
520 -1.92754e-14
530 -2.53667e-14
540 -1.81372e-14
550 -7.87032e-15
560 -1.45154e-14
570 -1.52879e-14
580 -1.47359e-14
590 -1.81386e-14
600 -1.96135e-14
610 -1.20416e-14
620 -1.42738e-14
630 -1.59598e-14
640 -8.48141e-15
650 -5.5077e-15
660 -3.34763e-15
670 -5.57667e-15
680 -7.52515e-16
690 -7.13236e-15
700 -8.27928e-15
710 -5.4411e-15
720 -7.56032e-17
730 -2.48271e-15
740 -1.59632e-15
750 4.31176e-16
760 -5.49383e-15
770 -2.57878e-15
780 -4.22778e-15
790 -2.26609e-15
800 -3.09017e-15
810 -1.17975e-15
820 -3.80166e-15
830 -2.64633e-15
840 -4.47313e-15
850 -2.88134e-15
860 -9.08933e-15
870 -1.33945e-14
880 -4.84241e-15
890 -1.20198e-15
900 -3.74716e-15
910 -7.00058e-15
920 -1.40932e-15
930 -4.92185e-15
940 -6.96195e-15
950 -1.51194e-14
960 -9.25114e-15
970 -9.18511e-15
980 -9.79198e-15
990 -8.02006e-15
1000 -1.23115e-14
1010 -1.0697e-14
1020 -1.00648e-14
1030 -1.23505e-14
1040 -1.54539e-14
1050 -1.56057e-14
1060 -1.94238e-14
1070 -1.63929e-14
1080 -1.4288e-14
1090 -1.1585e-14
1100 -1.40793e-14
1110 -1.92738e-14
1120 -1.50401e-14
1130 -1.99385e-14
1140 -1.81619e-14
1150 -1.89846e-14
1160 -1.82041e-14
1170 -1.99851e-14
1180 -1.37432e-14
1190 -1.26132e-14
1200 -1.74012e-14
1210 -1.42054e-14
1220 -1.74188e-14
1230 -2.02681e-14
1240 -2.39784e-14
1250 -2.50848e-14
1260 -3.05852e-14
1270 -3.21239e-14
1280 -3.60245e-14
1290 -4.21324e-14
1300 -3.85732e-14
1310 -4.84895e-14
1320 -5.14089e-14
1330 -5.32647e-14
1340 -5.31814e-14
1350 -5.06515e-14
1360 -5.11543e-14
1370 -5.06268e-14
1380 -4.9281e-14
1390 -5.30327e-14
1400 -5.35493e-14
1410 -4.80824e-14
1420 -4.85915e-14
1430 -5.41887e-14
1440 -5.57498e-14
1450 -5.97618e-14
1460 -5.53542e-14
1470 -4.9737e-14
1480 -5.19964e-14
1490 -5.019e-14
1500 -5.37432e-14
1510 -5.41694e-14
1520 -5.46002e-14
1530 -5.82588e-14
1540 -5.42319e-14
1550 -5.27623e-14
1560 -5.49642e-14
1570 -5.42309e-14
1580 -5.50179e-14
1590 -5.68119e-14
1600 -5.3606e-14
1610 -6.43125e-14
1620 -4.96852e-14
1630 -5.77147e-14
1640 -5.29178e-14
1650 -4.59721e-14
1660 -5.02587e-14
1670 -5.1368e-14
1680 -4.65206e-14
1690 -4.61494e-14
1700 -4.8968e-14
1710 -4.84692e-14
1720 -4.87394e-14
1730 -4.12211e-14
1740 -4.6613e-14
1750 -5.10522e-14
1760 -5.16602e-14
1770 -5.02338e-14
1780 -5.48115e-14
1790 -5.26226e-14
1800 -5.08643e-14
1810 -5.25765e-14
1820 -5.45562e-14
1830 -5.17752e-14
1840 -5.66978e-14
1850 -5.269e-14
1860 -5.58124e-14
1870 -5.68964e-14
1880 -5.16629e-14
1890 -5.34178e-14
1900 -5.02983e-14
1910 -4.95248e-14
1920 -4.80377e-14
1930 -5.11434e-14
1940 -5.03493e-14
1950 -4.52924e-14
1960 -4.70467e-14
1970 -5.1894e-14
1980 -5.23967e-14
1990 -5.48374e-14
2000 -5.73799e-14
2010 -5.53706e-14
2020 -5.63183e-14
2030 -5.3749e-14
2040 -5.26631e-14
2050 -5.15323e-14
2060 -5.06103e-14
2070 -5.44782e-14
2080 -5.34451e-14
2090 -5.46089e-14
2100 -5.4643e-14
2110 -5.81713e-14
2120 -5.4629e-14
2130 -4.82515e-14
2140 -5.13007e-14
2150 -5.03066e-14
2160 -4.70947e-14
2170 -4.25808e-14
2180 -4.35442e-14
2190 -4.37469e-14
2200 -5.06759e-14
2210 -4.48826e-14
2220 -5.0367e-14
2230 -4.68524e-14
2240 -4.73944e-14
2250 -4.85182e-14
2260 -5.11292e-14
2270 -4.22955e-14
2280 -4.38777e-14
2290 -3.91938e-14
2300 -3.39753e-14
2310 -2.58327e-14
2320 -4.85697e-15
2330 2.37432e-14
2340 7.75398e-14
2350 1.62852e-13
2360 2.87989e-13
2370 5.04822e-13
2380 8.35092e-13
2390 1.37854e-12
2400 2.21694e-12
2410 3.53616e-12
2420 5.58237e-12
2430 8.76391e-12
2440 1.36923e-11
2450 2.12963e-11
2460 3.2978e-11
2470 5.08704e-11
2480 7.81586e-11
2490 1.19623e-10
2500 1.82393e-10
2510 2.77063e-10
2520 4.19287e-10
2530 6.32152e-10
2540 9.49508e-10
2550 1.42085e-09
2560 2.11818e-09
2570 3.14591e-09
2580 4.6547e-09
2590 6.8611e-09
2600 1.00751e-08
2610 1.47387e-08
2620 2.1479e-08
2630 3.11824e-08
2640 4.50967e-08
2650 6.49699e-08
2660 9.32416e-08
2670 1.33301e-07
2680 1.89834e-07
2690 2.69298e-07
2700 3.80542e-07
2710 5.35647e-07
2720 7.51029e-07
2730 1.0489e-06
2740 1.45916e-06
2750 2.0219e-06
2760 2.79061e-06
2770 3.83635e-06
2780 5.25305e-06
2790 7.1643e-06
2800 9.73196e-06
2810 1.3167e-05
2820 1.7743e-05
2830 2.38131e-05
2840 3.1831e-05
2850 4.23763e-05
2860 5.61864e-05
2870 7.4194e-05
2880 9.7573e-05
2890 0.000127794
2900 0.000166688
2910 0.000216524
2920 0.000280099
2930 0.000360841
2940 0.000462926
2950 0.000591418
2960 0.000752419
2970 0.000953236
2980 0.00120257
2990 0.00151074
3000 0.00188984
3010 0.00235404
3020 0.00291979
3030 0.00360606
3040 0.00443455
3050 0.00542997
3060 0.00662018
3070 0.0080364
3080 0.00971329
3090 0.011689
3100 0.0140053
3110 0.016707
3120 0.0198425
3130 0.0234625
3140 0.0276204
3150 0.032371
3160 0.0377699
3170 0.0438726
3180 0.0507331
3190 0.0584029
3200 0.0669292
3210 0.0763533
3220 0.0867092
3230 0.0980214
3240 0.110303
3250 0.123555
3260 0.137762
3270 0.152894
3280 0.168902
3290 0.185719
3300 0.203259
3310 0.221414
3320 0.240058
3330 0.259045
3340 0.278212
3350 0.29738
3360 0.316354
3370 0.334931
3380 0.352897
3390 0.370037
3400 0.386135
3410 0.40098
3420 0.414368
3430 0.426113
3440 0.436042
3450 0.444006
3460 0.449884
3470 0.453579
3480 0.455029
3490 0.454204
3500 0.451107
3510 0.445777
3520 0.438285
3530 0.428733
3540 0.417255
3550 0.404009
3560 0.389177
3570 0.372959
3580 0.355569
3590 0.33723
3600 0.318171
3610 0.298619
3620 0.278797
3630 0.258918
3640 0.239183
3650 0.219779
3660 0.200871
3670 0.182606
3680 0.165109
3690 0.148482
3700 0.132806
3710 0.118138
3720 0.104515
3730 0.0919553
3740 0.080459
3750 0.0700103
3760 0.0605798
3770 0.0521271
3780 0.0446023
3790 0.0379489
3800 0.0321055
3810 0.0270077
3820 0.0225898
3830 0.0187864
3840 0.0155335
3850 0.0127697
3860 0.0104368
3870 0.0084804
3880 0.00685043
3890 0.00550123
3900 0.00439169
3910 0.00348516
3920 0.00274929
3930 0.00215583
3940 0.00168032
3950 0.0013018
3960 0.00100244
3970 0.000767218
3980 0.000583604
3990 0.000441209
4000 0.0003315
4010 0.000247529
4020 0.000183678
4030 0.000135446
4040 9.92524e-05
4050 7.22718e-05
4060 5.22923e-05
4070 3.75954e-05
4080 2.68564e-05
4090 1.90618e-05
4100 1.34422e-05
4110 9.41793e-06
4120 6.55549e-06
4130 4.53322e-06
4140 3.11422e-06
4150 2.12528e-06
4160 1.44078e-06
4170 9.7024e-07
4180 6.49004e-07
4190 4.31211e-07
4200 2.84573e-07
4210 1.86528e-07
4220 1.21431e-07
4230 7.85118e-08
4240 5.04136e-08
4250 3.2148e-08
4260 2.03583e-08
4270 1.28025e-08
4280 7.99466e-09
4290 4.95728e-09
4300 3.05218e-09
4310 1.86589e-09
4320 1.13254e-09
4330 6.82477e-10
4340 4.08302e-10
4350 2.42485e-10
4360 1.42944e-10
4370 8.36285e-11
4380 4.85501e-11
4390 2.79554e-11
4400 1.59532e-11
4410 9.01417e-12
4420 5.02997e-12
4430 2.75824e-12
4440 1.47051e-12
4450 7.45656e-13
4460 3.54775e-13
4470 1.33932e-13
4480 9.3553e-15
4490 -5.32579e-14
4500 -9.56359e-14
4510 -1.04216e-13
4520 -1.21816e-13
4530 -1.19563e-13
4540 -1.21121e-13
4550 -1.25226e-13
4560 -1.2903e-13
4570 -1.31526e-13
4580 -1.33444e-13
4590 -1.2953e-13
4600 -1.24758e-13
4610 -1.22963e-13
4620 -1.18905e-13
4630 -1.23884e-13
4640 -1.25577e-13
4650 -1.26312e-13
4660 -1.29362e-13
4670 -1.3394e-13
4680 -1.33747e-13
4690 -1.35746e-13
4700 -1.33806e-13
4710 -1.3302e-13
4720 -1.32457e-13
4730 -1.33691e-13
4740 -1.30827e-13
4750 -1.3104e-13
4760 -1.27559e-13
4770 -1.33338e-13
4780 -1.25221e-13
4790 -1.32066e-13
4800 -1.31834e-13
4810 -1.27372e-13
4820 -1.27246e-13
4830 -1.34766e-13
4840 -1.29244e-13
4850 -1.26401e-13
4860 -1.29013e-13
4870 -1.34707e-13
4880 -1.3419e-13
4890 -1.33429e-13
4900 -1.26396e-13
4910 -1.28395e-13
4920 -1.3077e-13
4930 -1.18624e-13
4940 -1.20286e-13
4950 -1.18487e-13
4960 -1.15947e-13
4970 -1.13062e-13
4980 -1.20249e-13
4990 -1.12196e-13
5000 -1.12554e-13
5010 -1.14325e-13
5020 -1.0784e-13
5030 -1.03832e-13
5040 -1.12364e-13
5050 -1.09962e-13
5060 -1.12337e-13
5070 -1.05968e-13
5080 -1.13731e-13
5090 -1.12298e-13
5100 -1.0963e-13
5110 -1.08709e-13
5120 -1.11841e-13
5130 -1.09613e-13
5140 -1.02394e-13
5150 -1.05905e-13
5160 -1.08553e-13
5170 -1.08695e-13
5180 -1.06083e-13
5190 -1.05754e-13
5200 -1.06128e-13
5210 -1.10226e-13
5220 -1.10888e-13
5230 -1.07228e-13
5240 -1.02374e-13
5250 -1.00738e-13
5260 -1.0253e-13
5270 -9.89752e-14
5280 -1.01103e-13
5290 -9.36991e-14
5300 -9.86999e-14
5310 -9.13104e-14
5320 -9.44114e-14
5330 -9.1668e-14
5340 -8.98769e-14
5350 -9.16571e-14
5360 -8.83865e-14
5370 -8.6886e-14
5380 -9.72836e-14
5390 -1.0159e-13
5400 -1.0556e-13
5410 -1.07034e-13
5420 -1.20383e-13
5430 -1.28845e-13
5440 -1.49763e-13
5450 -1.9555e-13
5460 -2.90405e-13
5470 -4.48849e-13
5480 -7.5494e-13
5490 -1.33209e-12
5500 -2.38217e-12
5510 -4.32186e-12
5520 -7.83322e-12
5530 -1.41572e-11
5540 -2.54618e-11
5550 -4.54811e-11
5560 -8.07328e-11
5570 -1.42296e-10
5580 -2.49011e-10
5590 -4.3259e-10
5600 -7.46062e-10
5610 -1.27735e-09
5620 -2.17117e-09
5630 -3.66376e-09
5640 -6.13791e-09
5650 -1.02091e-08
5660 -1.68595e-08
5670 -2.7644e-08
5680 -4.5006e-08
5690 -7.27557e-08
5700 -1.16789e-07
5710 -1.86163e-07
5720 -2.94681e-07
5730 -4.63223e-07
5740 -7.2314e-07
5750 -1.12115e-06
5760 -1.72632e-06
5770 -2.64008e-06
5780 -4.01013e-06
5790 -6.05008e-06
5800 -9.06646e-06
5810 -1.34959e-05
5820 -1.99556e-05
5830 -2.93117e-05
5840 -4.27704e-05
5850 -6.19991e-05
5860 -8.9285e-05
5870 -0.000127743
5880 -0.000181582
5890 -0.000256447
5900 -0.000359855
5910 -0.000501731
5920 -0.000695093
5930 -0.000956874
5940 -0.00130894
5950 -0.0017793
5960 -0.00240356
5970 -0.00322665
5980 -0.00430475
5990 -0.00570767
6000 -0.00752133
6010 -0.0098507
6020 -0.012823
6030 -0.0165909
6040 -0.0213366
6050 -0.0272749
6060 -0.0346574
6070 -0.0437759
6080 -0.0549658
6090 -0.0686087
6100 -0.0851345
6110 -0.105023
6120 -0.128802
6130 -0.15705
6140 -0.190386
6150 -0.229471
6160 -0.274995
6170 -0.327671
6180 -0.388221
6190 -0.457358
6200 -0.535774
6210 -0.624114
6220 -0.722961
6230 -0.832806
6240 -0.954027
6250 -1.08687
6260 -1.2314
6270 -1.38752
6280 -1.55492
6290 -1.73307
6300 -1.92118
6310 -2.11826
6320 -2.32303
6330 -2.53399
6340 -2.74942
6350 -2.96737
6360 -3.1857
6370 -3.40212
6380 -3.61424
6390 -3.81956
6400 -4.01559
6410 -4.19985
6420 -4.36994
6430 -4.52357
6440 -4.65867
6450 -4.77337
6460 -4.86609
6470 -4.93553
6480 -4.98076
6490 -5.00119
6500 -4.99662
6510 -4.9672
6520 -4.91346
6530 -4.83628
6540 -4.73688
6550 -4.61677
6560 -4.47772
6570 -4.32171
6580 -4.1509
6590 -3.96757
6600 -3.77407
6610 -3.57278
6620 -3.36605
6630 -3.15617
6640 -2.94533
6650 -2.73557
6660 -2.52877
6670 -2.32662
6680 -2.13061
6690 -1.94201
6700 -1.76187
6710 -1.59104
6720 -1.43014
6730 -1.27959
6740 -1.13964
6750 -1.01036
6760 -0.891666
6770 -0.783342
6780 -0.685063
6790 -0.596413
6800 -0.516901
6810 -0.445983
6820 -0.383076
6830 -0.327578
6840 -0.278877
6850 -0.236367
6860 -0.199454
6870 -0.167567
6880 -0.14016
6890 -0.116725
6900 -0.0967849
6910 -0.0799031
6920 -0.0656807
6930 -0.0537571
6940 -0.0438091
6950 -0.0355491
6960 -0.0287232
6970 -0.0231092
6980 -0.0185136
6990 -0.0147691
7000 -0.0117323
7010 -0.00928069
7020 -0.0073106
7030 -0.00573465
7040 -0.00447968
7050 -0.0034848
7060 -0.00269964
7070 -0.00208275
7080 -0.0016002
7090 -0.00122441
7100 -0.000933029
7110 -0.000708088
7120 -0.00053519
7130 -0.000402868
7140 -0.000302033
7150 -0.000225523
7160 -0.000167717
7170 -0.000124227
7180 -9.16456e-05
7190 -6.73398e-05
7200 -4.92834e-05
7210 -3.59254e-05
7220 -2.60844e-05
7230 -1.88644e-05
7240 -1.35892e-05
7250 -9.75066e-06
7260 -6.96903e-06
7270 -4.96148e-06
7280 -3.51849e-06
7290 -2.48549e-06
7300 -1.74897e-06
7310 -1.22595e-06
7320 -8.56028e-07
7330 -5.9543e-07
7340 -4.12578e-07
7350 -2.84787e-07
7360 -1.95828e-07
7370 -1.34145e-07
7380 -9.15429e-08
7390 -6.22343e-08
7400 -4.21496e-08
7410 -2.84394e-08
7420 -1.91167e-08
7430 -1.2802e-08
7440 -8.5412e-09
7450 -5.67726e-09
7460 -3.75961e-09
7470 -2.48047e-09
7480 -1.63049e-09
7490 -1.06781e-09
7500 -6.96746e-10
7510 -4.52955e-10
7520 -2.93389e-10
7530 -1.89341e-10
7540 -1.21746e-10
7550 -7.79997e-11
7560 -4.97878e-11
7570 -3.16618e-11
7580 -2.00676e-11
7590 -1.26674e-11
7600 -7.97307e-12
7610 -4.99139e-12
7620 -3.11385e-12
7630 -1.93298e-12
7640 -1.19767e-12
7650 -7.37818e-13
7660 -4.48033e-13
7670 -2.73763e-13
7680 -1.65617e-13
7690 -9.7088e-14
7700 -5.80091e-14
7710 -2.99385e-14
7720 -1.71854e-14
7730 -1.34665e-14
7740 -3.05698e-15
7750 6.47552e-15
7760 1.45504e-15
7770 9.5819e-15
7780 2.29667e-15
7790 6.30678e-15
7800 6.37032e-15
7810 3.99877e-15
7820 2.69423e-15
7830 3.61263e-15
7840 -1.63336e-15
7850 -8.74222e-16
7860 -2.46747e-15
7870 -4.31598e-15
7880 -3.84617e-15
7890 -8.57649e-15
7900 -1.20051e-15
7910 -3.36698e-15
7920 -3.3852e-15
7930 -3.59481e-15
7940 -1.42837e-15
7950 -5.70941e-15
7960 -6.805e-16
7970 -4.74941e-15
7980 -3.05344e-15
7990 -5.64212e-15
8000 -5.43199e-15
8010 -4.80432e-15
8020 -4.09295e-15
8030 -5.80056e-15
8040 -5.25992e-15
8050 -8.18577e-15
8060 -4.9508e-15
8070 -6.6034e-15
8080 -8.99096e-15
8090 -6.82028e-15
8100 -9.65413e-15
8110 -1.22249e-14
8120 -1.04121e-14
8130 -4.61927e-15
8140 -4.32521e-15
8150 -3.87379e-15
8160 -9.09254e-15
8170 -3.41686e-15
8180 -2.0898e-15
8190 1.94488e-16
8200 1.75471e-15
8210 -2.7784e-16
8220 6.06863e-15
8230 4.91562e-15
8240 4.08707e-15
8250 7.6457e-15
8260 3.92997e-15
8270 6.58728e-15
8280 1.01842e-14
8290 1.08485e-14
8300 8.00628e-15
8310 1.22255e-14
8320 1.12157e-14
8330 1.46739e-14
8340 1.49665e-14
8350 1.15893e-14
8360 1.80832e-14
8370 8.65406e-15
8380 1.3035e-14
8390 1.34239e-14
8400 1.50272e-14
8410 1.15343e-14
8420 1.13035e-14
8430 1.32267e-14
8440 1.15818e-14
8450 9.52801e-15
8460 8.21529e-15
8470 1.85466e-15
8480 1.58227e-15
8490 2.85823e-15
8500 3.66747e-15
8510 3.8712e-15
8520 6.41533e-16
8530 -8.65956e-17
8540 4.33656e-15
8550 4.48724e-15
8560 2.95351e-15
8570 7.34076e-15
8580 5.00691e-16
8590 1.76723e-15
8600 -2.49479e-15
8610 -3.33962e-15
8620 -4.27335e-15
8630 -4.89324e-15
8640 -8.51448e-15
8650 -1.14308e-14
8660 -5.60439e-15
8670 -9.17183e-15
8680 -3.4356e-15
8690 -6.53805e-15
8700 -1.36715e-15
8710 -4.40055e-15
8720 -1.33826e-15
8730 6.26559e-16
8740 1.3522e-15
8750 -3.02595e-15
8760 -1.61512e-15
8770 5.74066e-16
8780 -2.32028e-15
8790 2.34002e-15
8800 6.07833e-15
8810 8.59158e-16
8820 2.80805e-15
8830 3.23177e-15
8840 5.07683e-15
8850 5.75184e-15
8860 1.24041e-14
8870 1.51373e-14
8880 1.60367e-14
8890 1.68071e-14
8900 1.76392e-14
8910 1.83186e-14
8920 1.83244e-14
8930 1.86687e-14
8940 1.93802e-14
8950 2.15363e-14
8960 2.22652e-14
8970 2.0998e-14
8980 2.00799e-14
8990 1.83392e-14
9000 1.87131e-14
9010 1.73428e-14
9020 1.53103e-14
9030 1.41108e-14
9040 1.7316e-14
9050 1.48552e-14
9060 1.72457e-14
9070 1.05778e-14
9080 8.69845e-15
9090 8.2947e-15
9100 1.16904e-14
9110 1.18568e-14
9120 1.17779e-14
9130 1.4586e-14
9140 2.035e-14
9150 1.89811e-14
9160 2.35996e-14
9170 2.29897e-14
9180 2.29171e-14
9190 1.85975e-14
9200 1.80304e-14
9210 1.85936e-14
9220 1.97527e-14
9230 1.82394e-14
9240 1.50467e-14
9250 1.71078e-14
9260 1.54556e-14
9270 1.29005e-14
9280 8.47975e-15
9290 5.19605e-15
9300 7.19345e-15
9310 5.73725e-15
9320 5.47123e-15
9330 6.71118e-15
9340 3.80152e-15
9350 7.85884e-16
9360 -9.6783e-16
9370 1.44066e-15
9380 -4.17314e-15
9390 -2.07747e-15
9400 -1.77043e-16
9410 1.73166e-15
9420 4.12595e-15
9430 8.11985e-15
9440 2.99274e-15
9450 -2.36635e-16
9460 -1.85911e-15
9470 -1.0304e-15
9480 -1.15053e-16
9490 -1.68965e-15
9500 -2.13029e-15
9510 -1.95329e-15
9520 2.02869e-15
9530 -7.81095e-16
9540 1.97052e-15
9550 4.07552e-15
9560 6.05773e-15
9570 7.8824e-15
9580 9.14505e-15
9590 9.42149e-15
9600 8.30843e-15
9610 5.96391e-15
9620 6.05039e-15
9630 5.97486e-15
9640 6.03284e-15
9650 7.3712e-15
9660 8.5532e-15
9670 6.65135e-15
9680 8.65129e-15
9690 1.07344e-14
9700 9.56965e-15
9710 8.78732e-15
9720 1.03038e-14
9730 5.35583e-15
9740 8.45452e-15
9750 4.07721e-15
9760 6.12502e-15
9770 3.77495e-15
9780 1.02009e-16
9790 1.40734e-15
9800 -2.55607e-16
9810 2.79972e-15
9820 1.48087e-15
9830 1.55292e-16
9840 3.56275e-15
9850 4.40078e-15
9860 4.69991e-15
9870 5.44832e-15
9880 5.95787e-15
9890 3.45801e-15
9900 3.88714e-15
9910 -1.21462e-15
9920 2.22459e-15
9930 3.49799e-15
9940 6.14483e-15
9950 6.30071e-15
9960 8.72427e-15
9970 6.98206e-15
9980 7.07776e-15
9990 1.22708e-15
10000 3.0063e-15
10010 1.25474e-15
10020 2.84178e-15
10030 -1.589e-16
10040 2.72304e-15
10050 4.6669e-15
10060 4.67367e-15
10070 -3.18065e-15
10080 -1.35384e-15
10090 -1.76951e-15
10100 5.01899e-16
10110 1.81654e-15
10120 -1.30441e-15
10130 5.88655e-16
10140 -2.65817e-15
10150 -1.03522e-15
10160 -6.05238e-15
10170 -6.46529e-15
10180 -2.57943e-15
10190 -1.89825e-15
10200 2.66112e-16
10210 4.29913e-16
10220 1.85614e-15
10230 5.85391e-15
10240 6.36918e-15
10250 2.95626e-15
10260 4.17671e-15
10270 4.93321e-15
10280 7.91544e-15
10290 2.79018e-15
10300 4.03155e-16
10310 1.47271e-15
10320 -1.19282e-15
10330 5.65072e-16
10340 -5.78984e-15
10350 -6.79514e-15
10360 -8.38731e-15
10370 -5.09629e-15
10380 -8.04308e-15
10390 -6.36931e-15
10400 -6.41905e-15
10410 -6.96639e-15
10420 -7.20917e-15
10430 -9.14124e-15
10440 -8.74775e-15
10450 -1.12902e-14
10460 -2.11646e-15
10470 -6.82857e-15
10480 -9.31755e-15
10490 -8.03448e-15
10500 -7.74105e-15
10510 -4.68766e-15
10520 -7.18663e-15
10530 2.00858e-16
10540 -7.70972e-16
10550 -2.98922e-15
10560 -3.31116e-15
10570 -3.01791e-15
10580 -8.26962e-16
10590 5.18907e-15
10600 8.97049e-15
10610 9.76495e-15
10620 1.03643e-14
10630 1.27917e-14
10640 9.44982e-15
10650 7.06551e-15
10660 6.84916e-15
10670 6.71255e-15
10680 5.00946e-16
10690 5.15773e-17
10700 1.32318e-15
10710 5.33075e-15
10720 -3.33746e-15
10730 1.81886e-15
10740 5.19373e-17
10750 -1.15052e-15
10760 9.3484e-16
10770 3.443e-15
10780 1.89287e-15
10790 1.36868e-16
10800 -4.22491e-15
10810 -1.45085e-15
10820 -4.1289e-16
10830 -1.82487e-15
10840 -2.69976e-15
10850 5.09441e-16
10860 -9.1804e-17
10870 7.02775e-15
10880 1.66511e-15
10890 8.12209e-16
10900 8.0683e-15
10910 9.90442e-15
10920 9.35902e-15
10930 8.7326e-15
10940 1.41989e-14
10950 1.51004e-14
10960 1.36489e-14
10970 1.53759e-14
10980 1.22045e-14
10990 1.49379e-14
11000 1.33989e-14
11010 1.67055e-14
11020 1.24624e-14
11030 1.43389e-14
11040 1.52415e-14
11050 1.48172e-14
11060 1.83012e-14
11070 1.97226e-14
11080 1.40744e-14
11090 1.82752e-14
11100 1.47569e-14
11110 2.05658e-14
11120 2.37724e-14
11130 2.23913e-14
11140 2.37896e-14
11150 2.03734e-14
11160 2.4071e-14
11170 2.23142e-14
11180 2.47003e-14
11190 2.76826e-14
11200 3.10367e-14
11210 2.71909e-14
11220 2.60381e-14
11230 2.8216e-14
11240 2.71967e-14
11250 3.06321e-14
11260 2.99976e-14
11270 3.35825e-14
11280 3.78743e-14
11290 2.97267e-14
11300 3.78833e-14
11310 3.47705e-14
11320 3.71815e-14
11330 3.80796e-14
11340 4.40934e-14
11350 4.20409e-14
11360 4.05467e-14
11370 3.59523e-14
11380 2.93848e-14
11390 3.44453e-14
11400 3.07723e-14
11410 3.59537e-14
11420 3.56243e-14
11430 3.83811e-14
11440 3.75638e-14
11450 4.04466e-14
11460 3.76392e-14
11470 3.93317e-14
11480 4.14074e-14
11490 3.84404e-14
11500 4.40577e-14
11510 4.15825e-14
11520 4.18432e-14
11530 4.91804e-14
11540 4.62379e-14
11550 4.80768e-14
11560 5.05664e-14
11570 4.83741e-14
11580 5.09844e-14
11590 5.52038e-14
11600 5.29439e-14
11610 5.97212e-14
11620 5.71095e-14
11630 5.45581e-14
11640 5.91732e-14
11650 5.2968e-14
11660 5.23327e-14
11670 5.6038e-14
11680 5.14862e-14
11690 4.94575e-14
11700 4.80578e-14
11710 4.22981e-14
11720 4.33145e-14
11730 4.16231e-14
11740 3.82235e-14
11750 3.86597e-14
11760 4.05349e-14
11770 3.39459e-14
11780 3.89029e-14
11790 3.89795e-14
11800 4.37118e-14
11810 4.02325e-14
11820 4.07393e-14
11830 4.05231e-14
11840 4.19868e-14
11850 4.11106e-14
11860 3.97681e-14
11870 4.51205e-14
11880 3.9307e-14
11890 4.34405e-14
11900 3.95609e-14
11910 4.80656e-14
11920 4.58153e-14
11930 4.18451e-14
11940 4.23703e-14
11950 4.18563e-14
11960 4.11658e-14
11970 3.86901e-14
11980 3.75548e-14
11990 4.03349e-14
12000 4.4888e-14
12010 4.3566e-14
12020 4.51067e-14
12030 4.2073e-14
12040 4.49988e-14
12050 4.48645e-14
12060 4.55435e-14
12070 4.76466e-14
12080 4.31412e-14
12090 4.39218e-14
12100 4.5961e-14
12110 4.685e-14
12120 4.67253e-14
12130 4.74761e-14
12140 4.5262e-14
12150 4.50883e-14
12160 4.34199e-14
12170 4.1608e-14
12180 4.57923e-14
12190 4.68351e-14
12200 5.11125e-14
12210 4.81547e-14
12220 5.17767e-14
12230 4.82772e-14
12240 5.20215e-14
12250 4.79647e-14
12260 5.18023e-14
12270 4.63263e-14
12280 4.22926e-14
12290 4.40403e-14
12300 4.34958e-14
12310 4.91868e-14
12320 4.32905e-14
12330 4.81779e-14
12340 4.25301e-14
12350 4.92521e-14
12360 5.17039e-14
12370 4.56073e-14
12380 4.49378e-14
12390 4.30251e-14
12400 3.94702e-14
12410 4.46187e-14
12420 3.53556e-14
12430 3.78121e-14
12440 3.57845e-14
12450 3.44574e-14
12460 3.69592e-14
12470 2.90554e-14
12480 2.30763e-14
12490 2.5063e-14
12500 2.18788e-14
12510 2.69381e-14
12520 2.98868e-14
12530 2.65961e-14
12540 2.24361e-14
12550 2.15394e-14
12560 2.39919e-14
12570 1.60735e-14
12580 1.6353e-14
12590 7.31933e-15
12600 1.23353e-14
12610 6.99194e-15
12620 9.1528e-15
12630 1.32204e-14
12640 9.65617e-15
12650 1.14289e-14
12660 1.34215e-14
12670 1.47814e-14
12680 1.3619e-14
12690 1.70837e-14
12700 2.19285e-14
12710 1.41973e-14
12720 1.40393e-14
12730 1.9142e-14
12740 1.20237e-14
12750 1.88678e-14
12760 1.98444e-14
12770 1.88305e-14
12780 1.79472e-14
12790 1.61421e-14
12800 1.87259e-14
12810 1.71474e-14
12820 1.15554e-14
12830 1.33994e-14
12840 1.03326e-14
12850 8.23312e-15
12860 1.08866e-14
12870 1.23871e-14
12880 6.85134e-15
12890 9.0519e-15
12900 1.28874e-14
12910 1.45816e-14
12920 1.33687e-14
12930 1.12337e-14
12940 8.10064e-15
12950 9.76107e-15
12960 1.0624e-14
12970 9.29218e-15
12980 1.24903e-14
12990 9.31024e-15
13000 4.97608e-15
13010 3.06095e-15
13020 1.7839e-15
13030 2.74845e-15
13040 6.70109e-15
13050 -3.06653e-15
13060 5.06822e-15
13070 1.73934e-15
13080 2.03425e-15
13090 -4.89075e-16
13100 1.38391e-15
13110 1.8688e-15
13120 4.53213e-15
13130 5.86586e-15
13140 8.86455e-15
13150 6.8836e-15
13160 7.45489e-15
13170 1.11576e-14
13180 1.29506e-14
13190 6.29265e-15
13200 1.14161e-14
13210 4.30781e-15
13220 3.65187e-15
13230 6.80587e-15
13240 1.35908e-14
13250 1.85222e-14
13260 1.0838e-14
13270 1.98776e-14
13280 1.39452e-14
13290 1.30903e-14
13300 1.34971e-14
13310 1.73111e-14
13320 1.49114e-14
13330 1.66745e-14
13340 2.00325e-14
13350 1.83506e-14
13360 1.30766e-14
13370 1.24862e-14
13380 6.11832e-15
13390 3.46672e-15
13400 -1.77985e-15
13410 3.28265e-15
13420 8.72361e-15
13430 7.81106e-15
13440 6.42251e-15
13450 8.38575e-15
13460 9.75935e-15
13470 6.63684e-15
13480 1.19235e-14
13490 5.76098e-15
13500 8.6615e-15
13510 9.14738e-15
13520 8.79742e-15
13530 7.96396e-15
13540 8.53612e-15
13550 7.88878e-15
13560 9.84902e-15
13570 9.73009e-15
13580 1.18374e-14
13590 8.88417e-15
13600 4.37354e-15
13610 3.34478e-15
13620 7.77651e-15
13630 -1.33068e-15
13640 -4.42155e-15
13650 3.06449e-16
13660 -8.9783e-15
13670 -1.52896e-14
13680 -6.91995e-15
13690 -2.94686e-15
13700 -4.22582e-15
13710 -2.65609e-15
13720 -1.77455e-15
13730 2.78304e-17
13740 1.3745e-15
13750 2.45844e-15
13760 -1.25641e-15
13770 -4.20023e-15
13780 8.74539e-16
13790 4.18073e-15
13800 5.81003e-15
13810 6.79124e-15
13820 9.71185e-15
13830 7.15284e-15
13840 1.01302e-14
13850 9.03744e-15
13860 5.83947e-15
13870 1.49201e-15
13880 3.15428e-15
13890 1.05234e-17
13900 -1.47313e-15
13910 -1.08164e-15
13920 -4.64858e-15
13930 -1.98485e-15
13940 1.79778e-15
13950 -8.89199e-16
13960 -1.56876e-15
13970 2.96196e-16
13980 -1.91798e-15
13990 -2.21287e-16
14000 1.59554e-15
14010 2.6377e-16
14020 3.69446e-15
14030 1.16929e-15
14040 -1.12594e-15
14050 1.12676e-15
14060 2.36454e-15
14070 4.10785e-15
14080 2.11473e-15
14090 8.89984e-15
14100 9.15047e-15
14110 1.22607e-14
14120 1.1444e-14
14130 1.27713e-14
14140 1.14888e-14
14150 1.25288e-14
14160 1.48012e-14
14170 8.55417e-15
14180 7.80302e-15
14190 1.52474e-14
14200 1.13622e-14
14210 1.53655e-14
14220 1.71516e-14
14230 2.021e-14
14240 1.61404e-14
14250 1.72122e-14
14260 1.65409e-14
14270 1.71292e-14
14280 1.46183e-14
14290 1.67136e-14
14300 2.62667e-14
14310 2.17765e-14
14320 2.77157e-14
14330 2.75278e-14
14340 2.62381e-14
14350 3.17399e-14
14360 3.18307e-14
14370 3.09983e-14
14380 2.74825e-14
14390 2.61735e-14
14400 2.68575e-14
14410 2.80722e-14
14420 2.69887e-14
14430 2.71177e-14
14440 3.7346e-14
14450 2.95473e-14
14460 3.02757e-14
14470 2.77465e-14
14480 2.46902e-14
14490 3.17414e-14
14500 2.34518e-14
14510 2.68568e-14
14520 3.19626e-14
14530 2.99353e-14
14540 2.57352e-14
14550 2.61432e-14
14560 3.24784e-14
14570 2.79977e-14
14580 2.65629e-14
14590 2.79357e-14
14600 2.56342e-14
14610 2.13897e-14
14620 2.13151e-14
14630 2.40378e-14
14640 1.55522e-14
14650 2.14986e-14
14660 2.56853e-14
14670 2.71367e-14
14680 2.67114e-14
14690 2.56259e-14
14700 2.8748e-14
14710 2.73393e-14
14720 2.12673e-14
14730 2.86804e-14
14740 2.94558e-14
14750 2.77157e-14
14760 3.2063e-14
14770 3.53637e-14
14780 2.40489e-14
14790 2.71135e-14
14800 2.96074e-14
14810 2.18946e-14
14820 2.90432e-14
14830 3.74412e-14
14840 3.12279e-14
14850 2.9993e-14
14860 2.92777e-14
14870 3.34554e-14
14880 3.55029e-14
14890 2.93287e-14
14900 2.48087e-14
14910 2.8973e-14
14920 3.16033e-14
14930 2.87523e-14
14940 2.67094e-14
14950 2.83434e-14
14960 2.91366e-14
14970 2.99742e-14
14980 2.55385e-14
14990 2.26193e-14
15000 2.62652e-14
15010 3.0089e-14
15020 2.93007e-14
15030 2.6711e-14
15040 3.08755e-14
15050 2.94019e-14
15060 3.21361e-14
15070 2.85794e-14
15080 2.9988e-14
15090 3.43156e-14
15100 2.87939e-14
15110 2.30079e-14
15120 2.67961e-14
15130 2.46814e-14
15140 2.21872e-14
15150 2.33115e-14
15160 2.67158e-14
15170 2.6998e-14
15180 2.2976e-14
15190 2.39824e-14
15200 1.62386e-14
15210 2.84245e-14
15220 2.69855e-14
15230 2.24654e-14
15240 2.15379e-14
15250 2.39471e-14
15260 2.0504e-14
15270 2.485e-14
15280 2.49148e-14
15290 2.73575e-14
15300 2.28262e-14
15310 2.21811e-14
15320 2.76291e-14
15330 2.44607e-14
15340 2.08633e-14
15350 1.97689e-14
15360 2.78938e-14
15370 2.34261e-14
15380 2.34986e-14
15390 2.45196e-14
15400 2.99009e-14
15410 3.32409e-14
15420 3.70556e-14
15430 5.44852e-14
15440 7.11884e-14
15450 1.23616e-13
15460 2.21371e-13
15470 3.91089e-13
15480 7.22108e-13
15490 1.332e-12
15500 2.45832e-12
15510 4.51295e-12
15520 8.24578e-12
15530 1.49765e-11
15540 2.69942e-11
15550 4.83027e-11
15560 8.58278e-11
15570 1.51377e-10
15580 2.65028e-10
15590 4.60603e-10
15600 7.94673e-10
15610 1.36106e-09
15620 2.31418e-09
15630 3.9063e-09
15640 6.54626e-09
15650 1.08917e-08
15660 1.79921e-08
15670 2.95099e-08
15680 4.80583e-08
15690 7.7713e-08
15700 1.24784e-07
15710 1.98966e-07
15720 3.15039e-07
15730 4.95371e-07
15740 7.73553e-07
15750 1.19966e-06
15760 1.84776e-06
15770 2.82661e-06
15780 4.29471e-06
15790 6.4813e-06
15800 9.71547e-06
15810 1.44661e-05
15820 2.13964e-05
15830 3.1437e-05
15840 4.58846e-05
15850 6.65323e-05
15860 9.58405e-05
15870 0.000137161
15880 0.000195024
15890 0.000275509
15900 0.000386711
15910 0.000539326
15920 0.000747385
15930 0.00102915
15940 0.00140819
15950 0.00191474
15960 0.00258724
15970 0.00347417
15980 0.00463625
15990 0.00614888
16000 0.00810493
16010 0.0106179
16020 0.0138254
16030 0.0178927
16040 0.0230169
16050 0.0294307
16060 0.0374067
16070 0.0472611
16080 0.0593575
16090 0.0741099
16100 0.091985
16110 0.113503
16120 0.139239
16130 0.16982
16140 0.205919
16150 0.248257
16160 0.297585
16170 0.354679
16180 0.420326
16190 0.495307
16200 0.580376
16210 0.676241
16220 0.783541
16230 0.902816
16240 1.03449
16250 1.17882
16260 1.33591
16270 1.50566
16280 1.68773
16290 1.88155
16300 2.08629
16310 2.30086
16320 2.5239
16330 2.75377
16340 2.9886
16350 3.22629
16360 3.46449
16370 3.70074
16380 3.93241
16390 4.15679
16400 4.37116
16410 4.57281
16420 4.75911
16430 4.92758
16440 5.07593
16450 5.20211
16460 5.30437
16470 5.38131
16480 5.43187
16490 5.4554
16500 5.45165
16510 5.42077
16520 5.36334
16530 5.28029
16540 5.17293
16550 5.04289
16560 4.89209
16570 4.72269
16580 4.53703
16590 4.3376
16600 4.12697
16610 3.90771
16620 3.6824
16630 3.45355
16640 3.22354
16650 2.99462
16660 2.76883
16670 2.54803
16680 2.33387
16690 2.12773
16700 1.93078
16710 1.74394
16720 1.5679
16730 1.40315
16740 1.24995
16750 1.10838
16760 0.978375
16770 0.859695
16780 0.751993
16790 0.654816
16800 0.567635
16810 0.489855
16820 0.420846
16830 0.359949
16840 0.306498
16850 0.25983
16860 0.219297
16870 0.184274
16880 0.154166
16890 0.128414
16900 0.106498
16910 0.0879395
16920 0.0723009
16930 0.0591871
16940 0.0482437
16950 0.0391551
16960 0.031643
16970 0.0254633
16980 0.0204034
16990 0.0162799
17000 0.0129349
17010 0.0102339
17020 0.00806302
17030 0.00632607
17040 0.0049426
17050 0.00384564
17060 0.00297974
17070 0.00229927
17080 0.00176689
17090 0.0013522
17100 0.0010306
17110 0.000782282
17120 0.000591377
17130 0.000445244
17140 0.000333864
17150 0.000249336
17160 0.00018546
17170 0.000137394
17180 0.000101378
17190 7.45041e-05
17200 5.45364e-05
17210 3.97618e-05
17220 2.8875e-05
17230 2.08863e-05
17240 1.50483e-05
17250 1.07996e-05
17260 7.72006e-06
17270 5.49713e-06
17280 3.89904e-06
17290 2.75479e-06
17300 1.93881e-06
17310 1.35925e-06
17320 9.4927e-07
17330 6.604e-07
17340 4.57675e-07
17350 3.15969e-07
17360 2.17307e-07
17370 1.48884e-07
17380 1.01618e-07
17390 6.90954e-08
17400 4.68043e-08
17410 3.15853e-08
17420 2.1235e-08
17430 1.42229e-08
17440 9.49078e-09
17450 6.30948e-09
17460 4.17896e-09
17470 2.7576e-09
17480 1.81295e-09
17490 1.1875e-09
17500 7.74966e-10
17510 5.03889e-10
17520 3.26433e-10
17530 2.107e-10
17540 1.35503e-10
17550 8.68266e-11
17560 5.54344e-11
17570 3.5264e-11
17580 2.23519e-11
17590 1.41167e-11
17600 8.88356e-12
17610 5.57035e-12
17620 3.48036e-12
17630 2.16677e-12
17640 1.34417e-12
17650 8.30908e-13
17660 5.11812e-13
17670 3.14145e-13
17680 1.9214e-13
17690 1.17105e-13
17700 7.11221e-14
17710 4.30439e-14
17720 2.59597e-14
17730 1.56017e-14
17740 9.34395e-15
17750 5.57674e-15
17760 3.31684e-15
17770 1.96592e-15
17780 1.1612e-15
17790 6.83523e-16
17800 4.00965e-16
17810 2.34407e-16
17820 1.36568e-16
17830 7.92944e-17
17840 4.58836e-17
17850 2.64604e-17
17860 1.52076e-17
17870 8.71075e-18
17880 4.9726e-18
17890 2.82909e-18
17900 1.60417e-18
17910 9.06555e-19
17920 5.10604e-19
17930 2.8663e-19
17940 1.60366e-19
17950 8.94242e-20
17960 4.96999e-20
17970 2.75307e-20
17980 1.51999e-20
17990 8.36434e-21
18000 4.58766e-21
18010 2.50797e-21
18020 1.36656e-21
18030 7.42184e-22
18040 4.01768e-22
18050 2.16782e-22
18060 1.16589e-22
18070 6.24998e-23
18080 3.33959e-23
18090 1.77869e-23
18100 9.44294e-24
18110 4.99704e-24
18120 2.63585e-24
18130 1.38591e-24
18140 7.26369e-25
18150 3.79481e-25
18160 1.97622e-25
18170 1.02588e-25
18180 5.30859e-26
18190 2.7383e-26
18200 1.40801e-26
18210 7.21704e-27
18220 3.68758e-27
18230 1.87825e-27
18240 9.53677e-28
18250 4.82709e-28
18260 2.43561e-28
18270 1.22511e-28
18280 6.14303e-29
18290 3.07071e-29
18300 1.53018e-29
18310 7.60151e-30
18320 3.76453e-30
18330 1.85856e-30
18340 9.14751e-31
18350 4.48838e-31
18360 2.19554e-31
18370 1.07067e-31
18380 5.20526e-32
18390 2.52289e-32
18400 1.21906e-32
18410 5.8726e-33
18420 2.82041e-33
18430 1.35043e-33
18440 6.4464e-34
18450 3.06793e-34
18460 1.45566e-34
18470 6.88596e-35
18480 3.24758e-35
18490 1.52703e-35
18500 7.15868e-36
18510 3.34592e-36
18520 1.55918e-36
18530 7.24406e-37
18540 3.35561e-37
18550 1.54977e-37
18560 7.13626e-38
18570 3.27632e-38
18580 1.49973e-38
18590 6.84474e-39
18600 3.1147e-39
18610 1.41317e-39
18620 6.39288e-40
18630 2.8835e-40
18640 1.29679e-40
18650 5.81494e-41
18660 2.59986e-41
18670 1.15901e-41
18680 5.15177e-42
18690 2.28328e-42
18700 1.00902e-42
18710 4.44609e-43
18720 1.95342e-43
18730 8.55762e-44
18740 3.73811e-44
18750 1.62815e-44
18760 7.07097e-45
18770 3.06202e-45
18780 1.32215e-45
18790 5.69238e-46
18800 2.44371e-46
18810 1.04604e-46
18820 4.46459e-47
18830 1.89999e-47
18840 8.0622e-48
18850 3.411e-48
18860 1.4389e-48
18870 6.05196e-49
18880 2.53786e-49
18890 1.06105e-49
18900 4.42275e-50
18910 1.83791e-50
18920 7.61412e-51
18930 3.14459e-51
18940 1.29461e-51
18950 5.3129e-52
18960 2.1733e-52
18970 8.86103e-53
18980 3.60084e-53
18990 1.45833e-53
19000 5.88591e-54
19010 2.36731e-54
19020 9.48755e-55
19030 3.78863e-55
19040 1.50734e-55
19050 5.97467e-56
19060 2.35918e-56
19070 9.27943e-57
19080 3.63553e-57
19090 1.41863e-57
19100 5.51312e-58
19110 2.13364e-58
19120 8.22268e-59
19130 3.15532e-59
19140 1.20555e-59
19150 4.58573e-60
19160 1.73655e-60
19170 6.54633e-61
19180 2.45647e-61
19190 9.17502e-62
19200 3.41082e-62
19210 1.26196e-62
19220 4.64667e-63
19230 1.70268e-63
19240 6.20862e-64
19250 2.25275e-64
19260 8.13327e-65
19270 2.92171e-65
19280 1.04427e-65
19290 3.71347e-66
19300 1.31377e-66
19310 4.62407e-67
19320 1.61912e-67
19330 5.63989e-68
19340 1.9543e-68
19350 6.73648e-69
19360 2.30985e-69
19370 7.87836e-70
19380 2.6729e-70
19390 9.02022e-71
19400 3.02784e-71
19410 1.01093e-71
19420 3.35725e-72
19430 1.10895e-72
19440 3.64334e-73
19450 1.19054e-73
19460 3.86942e-74
19470 1.25083e-74
19480 4.02161e-75
19490 1.28602e-75
19500 4.09019e-76
19510 1.29385e-76
19520 4.07065e-77
19530 1.27376e-77
19540 3.96418e-78
19550 1.22704e-78
19560 3.77753e-79
19570 1.15664e-79
19580 3.52232e-80
19590 1.06685e-80
19600 3.21379e-81
19610 9.62892e-82
19620 2.86934e-82
19630 8.50418e-83
19640 2.50686e-83
19650 7.3498e-84
19660 2.14324e-84
19670 6.21611e-85
19680 1.79316e-85
19690 5.14487e-86
19700 1.4682e-86
19710 4.16732e-87
19720 1.17649e-87
19730 3.30356e-88
19740 9.22657e-89
19750 2.5631e-89
19760 7.08206e-90
19770 1.94637e-90
19780 5.32063e-91
19790 1.44669e-91
19800 3.91263e-92
19810 1.05254e-92
19820 2.8164e-93
19830 7.49605e-94
19840 1.98453e-94
19850 5.22603e-95
19860 1.36892e-95
19870 3.5668e-96
19880 9.24431e-97
19890 2.38325e-97
19900 6.11174e-98
19910 1.55906e-98
19920 3.9561e-99
19930 9.9857e-100
19940 2.50727e-100
19950 6.26234e-101
19960 1.55605e-101
19970 3.85162e-102
19980 9.70863e-103
19990 3.35491e-103
20000 1.09536e-103
20010 3.56323e-104
20020 1.1549e-104
20030 3.72952e-105
20040 1.19998e-105
20050 3.84684e-106
20060 1.22869e-106
20070 3.91013e-107
20080 1.23978e-107
20090 3.91659e-108
20100 1.23275e-108
20110 3.86589e-109
20120 1.20789e-109
20130 3.76017e-110
20140 1.16625e-110
20150 3.60393e-111
20160 1.10959e-111
20170 3.40369e-112
20180 1.04025e-112
20190 3.16753e-113
20200 9.60953e-114
20210 2.90456e-114
20220 8.74691e-115
20230 2.62436e-115
20240 7.84487e-116
20250 2.33636e-116
20260 6.93245e-117
20270 2.04939e-117
20280 6.03602e-118
20290 1.77119e-118
20300 5.17808e-119
20310 1.5082e-119
20320 4.37656e-120
20330 1.26529e-120
20340 3.64445e-121
20350 1.04582e-121
20360 2.98992e-122
20370 8.51615e-123
20380 2.4166e-123
20390 6.83193e-124
20400 1.92424e-124
20410 5.39942e-125
20420 1.50942e-125
20430 4.20381e-126
20440 1.1664e-126
20450 3.2242e-127
20460 8.879e-128
20470 2.43597e-128
20480 6.65803e-129
20490 1.81294e-129
20500 4.91793e-130
20510 1.32905e-130
20520 3.57818e-131
20530 9.59709e-132
20540 2.56433e-132
20550 6.82593e-133
20560 1.8101e-133
20570 4.78186e-134
20580 1.25846e-134
20590 3.29938e-135
20600 8.61731e-136
20610 2.2421e-136
20620 5.81143e-137
20630 1.50056e-137
20640 3.85978e-138
20650 9.89031e-139
20660 2.52461e-139
20670 6.41968e-140
20680 1.62617e-140
20690 4.10345e-141
20700 1.03148e-141
20710 2.58287e-142
20720 6.44271e-143
20730 1.60088e-143
20740 3.9625e-144
20750 9.77014e-145
20760 2.39966e-145
20770 5.87104e-146
20780 1.43085e-146
20790 3.47364e-147
20800 8.40011e-148
20810 2.02345e-148
20820 4.8552e-149
20830 1.16044e-149
20840 2.76276e-150
20850 6.55179e-151
20860 1.54766e-151
20870 3.64153e-152
20880 8.53465e-153
20890 1.9924e-153
20900 4.63294e-154
20910 1.07306e-154
20920 2.47555e-155
20930 5.68854e-156
20940 1.30199e-156
20950 2.9682e-157
20960 6.73985e-158
20970 1.52433e-158
20980 3.43381e-159
20990 7.70443e-160
21000 1.72174e-160
21010 3.83227e-161
21020 8.49579e-162
21030 1.87589e-162
21040 4.12537e-163
21050 9.03587e-164
21060 1.97117e-164
21070 4.28277e-165
21080 9.2676e-166
21090 1.99733e-166
21100 4.28715e-167
21110 9.16478e-168
21120 1.95122e-168
21130 4.13732e-169
21140 8.73691e-170
21150 1.83746e-170
21160 3.84857e-171
21170 8.0278e-172
21180 1.66766e-172
21190 3.45008e-173
21200 7.10816e-174
21210 1.45845e-174
21220 2.98006e-175
21230 6.06398e-176
21240 1.22881e-176
21250 2.47973e-177
21260 4.98325e-178
21270 9.97254e-179
21280 1.98738e-179
21290 3.94398e-180
21300 7.79405e-181
21310 1.53378e-181
21320 3.00561e-182
21330 5.86499e-183
21340 1.13963e-183
21350 2.20504e-184
21360 4.24839e-185
21370 8.15047e-186
21380 1.557e-186
21390 2.96168e-187
21400 5.60955e-188
21410 1.05792e-188
21420 1.98661e-189
21430 3.71448e-190
21440 6.91529e-191
21450 1.28187e-191
21460 2.36588e-192
21470 4.34766e-193
21480 7.95478e-194
21490 1.44913e-194
21500 2.62836e-195
21510 4.74637e-196
21520 8.53357e-197
21530 1.52753e-197
21540 2.72228e-198
21550 4.8301e-199
21560 8.53211e-200
21570 1.50048e-200
21580 2.62706e-201
21590 4.57902e-202
21600 7.94577e-203
21610 1.37263e-203
21620 2.36059e-204
21630 4.04142e-205
21640 6.88793e-206
21650 1.16864e-206
21660 1.9738e-207
21670 3.31858e-208
21680 5.55425e-209
21690 9.25371e-210
21700 1.53469e-210
21710 2.53356e-211
21720 4.16338e-212
21730 6.81019e-213
21740 1.10883e-213
21750 1.79705e-214
21760 2.89894e-215
21770 4.65475e-216
21780 7.43919e-217
21790 1.18338e-217
21800 1.87363e-218
21810 2.95257e-219
21820 4.63095e-220
21830 7.22913e-221
21840 1.12316e-221
21850 1.73674e-222
21860 2.67275e-223
21870 4.09361e-224
21880 6.23984e-225
21890 9.46571e-226
21900 1.42903e-226
21910 2.14699e-227
21920 3.21008e-228
21930 4.77629e-229
21940 7.07212e-230
21950 1.04205e-230
21960 1.52791e-231
21970 2.22932e-232
21980 3.23674e-233
21990 4.67623e-234
22000 6.72252e-235
22010 9.61632e-236
22020 1.36874e-236
22030 1.93847e-237
22040 2.73162e-238
22050 3.82998e-239
22060 5.34295e-240
22070 7.41596e-241
22080 1.02411e-241
22090 1.40708e-242
22100 1.92339e-243
22110 2.61572e-244
22120 3.53902e-245
22130 4.7636e-246
22140 6.37881e-247
22150 8.49748e-248
22160 1.12611e-248
22170 1.48456e-249
22180 1.94689e-250
22190 2.53982e-251
22200 3.29587e-252
22210 4.25441e-253
22220 5.46263e-254
22230 6.97669e-255
22240 8.86288e-256
22250 1.11988e-256
22260 1.40743e-257
22270 1.75928e-258
22280 2.18721e-259
22290 2.70447e-260
22300 3.32585e-261
22310 4.06765e-262
22320 4.94761e-263
22330 5.98482e-264
22340 7.19947e-265
22350 8.61263e-266
22360 1.02458e-266
22370 1.21207e-267
22380 1.42582e-268
22390 1.66784e-269
22400 1.93991e-270
22410 2.24358e-271
22420 2.58001e-272
22430 2.94994e-273
22440 3.35358e-274
22450 3.7905e-275
22460 4.25958e-276
22470 4.75893e-277
22480 5.28586e-278
22490 5.83679e-279
22500 6.4073e-280
22510 6.99211e-281
22520 7.58513e-282
22530 8.17954e-283
22540 8.76788e-284
22550 9.34222e-285
22560 9.89427e-286
22570 1.04156e-286
22580 1.08979e-287
22590 1.1333e-288
22600 1.17134e-289
22610 1.20321e-290
22620 1.22831e-291
22630 1.24616e-292
22640 1.2564e-293
22650 1.2588e-294
22660 1.25327e-295
22670 1.2399e-296
22680 1.21889e-297
22690 1.1906e-298
22700 1.15552e-299
22710 1.11427e-300
22720 1.06755e-301
22730 1.01616e-302
22740 9.60926e-304
22750 9.02746e-305
22760 8.42506e-306
22770 7.81085e-307
22780 7.19329e-308
22790 6.58031e-309
22800 5.97916e-310
22810 5.39628e-311
22820 4.83721e-312
22830 4.30652e-313
22840 3.80782e-314
22850 3.34401e-315
22860 2.91939e-316
22870 2.56018e-317
22880 2.51037e-318
22890 5.08922e-319
22900 3.22106e-319
22910 2.87724e-319
22920 2.63747e-319
22930 2.40813e-319
22940 2.1892e-319
22950 1.98071e-319
22960 1.78264e-319
22970 1.59499e-319
22980 1.41777e-319
22990 1.25097e-319
23000 1.0946e-319
23010 9.48655e-320
23020 8.13133e-320
23030 6.88036e-320
23040 5.73363e-320
23050 4.69115e-320
23060 3.75292e-320
23070 2.91894e-320
23080 2.1892e-320
23090 1.56372e-320
23100 1.04248e-320
23110 6.25487e-321
23120 3.12744e-321
23130 1.04248e-321
23140 0
23150 0
23160 0
23170 0
23180 0
23190 0
23200 0
23210 0
23220 0
23230 0
23240 0
23250 0
23260 0
23270 0
23280 0
23290 0
23300 0
23310 0
23320 0
23330 0
23340 0
23350 0
23360 0
23370 0
23380 0
23390 0
23400 0
23410 0
23420 0
23430 0
23440 0
23450 0
23460 0
23470 0
23480 0
23490 0
23500 0
23510 0
23520 0
23530 0
23540 0
23550 0
23560 0
23570 0
23580 0
23590 0
23600 0
23610 0
23620 0
23630 0
23640 0
23650 0
23660 0
23670 0
23680 0
23690 0
23700 0
23710 0
23720 0
23730 0
23740 0
23750 0
23760 0
23770 0
23780 0
23790 0
23800 0
23810 0
23820 0
23830 0
23840 0
23850 0
23860 0
23870 0
23880 0
23890 0
23900 0
23910 0
23920 0
23930 0
23940 0
23950 0
23960 0
23970 0
23980 0
23990 0
24000 0
24010 0
24020 0
24030 0
24040 0
24050 0
24060 0
24070 0
24080 0
24090 0
24100 0
24110 0
24120 0
24130 0
24140 0
24150 0
24160 0
24170 0
24180 0
24190 0
24200 0
24210 0
24220 0
24230 0
24240 0
24250 0
24260 0
24270 0
24280 0
24290 0
24300 0
24310 0
24320 0
24330 0
24340 0
24350 0
24360 0
24370 0
24380 0
24390 0
24400 0
24410 0
24420 0
24430 0
24440 0
24450 0
24460 0
24470 0
24480 0
24490 0
24500 0
24510 0
24520 0
24530 0
24540 0
24550 0
24560 0
24570 0
24580 0
24590 0
24600 0
24610 0
24620 0
24630 0
24640 0
24650 0
24660 0
24670 0
24680 0
24690 0
24700 0
24710 0
24720 0
24730 0
24740 0
24750 0
24760 0
24770 0
24780 0
24790 0
24800 0
24810 0
24820 0
24830 0
24840 0
24850 0
24860 0
24870 0
24880 0
24890 0
24900 0
24910 0
24920 0
24930 0
24940 0
24950 0
24960 0
24970 0
24980 0
24990 0
25000 0
25010 0
25020 0
25030 0
25040 0
25050 0
25060 0
25070 0
25080 0
25090 0
25100 0
25110 0
25120 0
25130 0
25140 0
25150 0
25160 0
25170 0
25180 0
25190 0
25200 0
25210 0
25220 0
25230 0
25240 0
25250 0
25260 0
25270 0
25280 0
25290 0
25300 0
25310 0
25320 0
25330 0
25340 0
25350 0
25360 0
25370 0
25380 0
25390 0
25400 0
25410 0
25420 0
25430 0
25440 0
25450 0
25460 0
25470 0
25480 0
25490 0
25500 0
25510 0
25520 0
25530 0
25540 0
25550 0
25560 0
25570 0
25580 0
25590 0
25600 0
25610 0
25620 0
25630 0
25640 0
25650 0
25660 0
25670 0
25680 0
25690 0
25700 0
25710 0
25720 0
25730 0
25740 0
25750 0
25760 0
25770 0
25780 0
25790 0
25800 0
25810 0
25820 0
25830 0
25840 0
25850 0
25860 0
25870 0
25880 0
25890 0
25900 0
25910 0
25920 0
25930 0
25940 0
25950 0
25960 0
25970 0
25980 0
25990 0
26000 0
26010 0
26020 0
26030 0
26040 0
26050 0
26060 0
26070 0
26080 0
26090 0
26100 0
26110 0
26120 0
26130 0
26140 0
26150 0
26160 0
26170 0
26180 0
26190 0
26200 0
26210 0
26220 0
26230 0
26240 0
26250 0
26260 0
26270 0
26280 0
26290 0
26300 0
26310 0
26320 0
26330 0
26340 0
26350 0
26360 0
26370 0
26380 0
26390 0
26400 0
26410 0
26420 0
26430 0
26440 0
26450 0
26460 0
26470 0
26480 0
26490 0
26500 0
26510 0
26520 0
26530 0
26540 0
26550 0
26560 0
26570 0
26580 0
26590 0
26600 0
26610 0
26620 0
26630 0
26640 0
26650 0
26660 0
26670 0
26680 0
26690 0
26700 0
26710 0
26720 0
26730 0
26740 0
26750 0
26760 0
26770 0
26780 0
26790 0
26800 0
26810 0
26820 0
26830 0
26840 0
26850 0
26860 0
26870 0
26880 0
26890 0
26900 0
26910 0
26920 0
26930 0
26940 0
26950 0
26960 0
26970 0
26980 0
26990 0
27000 0
27010 0
27020 0
27030 0
27040 0
27050 0
27060 0
27070 0
27080 0
27090 0
27100 0
27110 0
27120 0
27130 0
27140 0
27150 0
27160 0
27170 0
27180 0
27190 0
27200 0
27210 0
27220 0
27230 0
27240 0
27250 0
27260 0
27270 0
27280 0
27290 0
27300 0
27310 0
27320 0
27330 0
27340 0
27350 0
27360 0
27370 0
27380 0
27390 0
27400 0
27410 0
27420 0
27430 0
27440 0
27450 0
27460 0
27470 0
27480 0
27490 0
27500 0
27510 0
27520 0
27530 0
27540 0
27550 0
27560 0
27570 0
27580 0
27590 0
27600 0
27610 0
27620 0
27630 0
27640 0
27650 0
27660 0
27670 0
27680 0
27690 0
27700 0
27710 0
27720 0
27730 0
27740 0
27750 0
27760 0
27770 0
27780 0
27790 0
27800 0
27810 0
27820 0
27830 0
27840 0
27850 0
27860 0
27870 0
27880 0
27890 0
27900 0
27910 0
27920 0
27930 0
27940 0
27950 0
27960 0
27970 0
27980 0
27990 0
28000 0
28010 0
28020 0
28030 0
28040 0
28050 0
28060 0
28070 0
28080 0
28090 0
28100 0
28110 0
28120 0
28130 0
28140 0
28150 0
28160 0
28170 0
28180 0
28190 0
28200 0
28210 0
28220 0
28230 0
28240 0
28250 0
28260 0
28270 0
28280 0
28290 0
28300 0
28310 0
28320 0
28330 0
28340 0
28350 0
28360 0
28370 0
28380 0
28390 0
28400 0
28410 0
28420 0
28430 0
28440 0
28450 0
28460 0
28470 0
28480 0
28490 0
28500 0
28510 0
28520 0
28530 0
28540 0
28550 0
28560 0
28570 0
28580 0
28590 0
28600 0
28610 0
28620 0
28630 0
28640 0
28650 0
28660 0
28670 0
28680 0
28690 0
28700 0
28710 0
28720 0
28730 0
28740 0
28750 0
28760 0
28770 0
28780 0
28790 0
28800 0
28810 0
28820 0
28830 0
28840 0
28850 0
28860 0
28870 0
28880 0
28890 0
28900 0
28910 0
28920 0
28930 0
28940 0
28950 0
28960 0
28970 0
28980 0
28990 0
29000 0
29010 0
29020 0
29030 0
29040 0
29050 0
29060 0
29070 0
29080 0
29090 0
29100 0
29110 0
29120 0
29130 0
29140 0
29150 0
29160 0
29170 0
29180 0
29190 0
29200 0
29210 0
29220 0
29230 0
29240 0
29250 0
29260 0
29270 0
29280 0
29290 0
29300 0
29310 0
29320 0
29330 0
29340 0
29350 0
29360 0
29370 0
29380 0
29390 0
29400 0
29410 0
29420 0
29430 0
29440 0
29450 0
29460 0
29470 0
29480 0
29490 0
29500 0
29510 0
29520 0
29530 0
29540 0
29550 0
29560 0
29570 0
29580 0
29590 0
29600 0
29610 0
29620 0
29630 0
29640 0
29650 0
29660 0
29670 0
29680 0
29690 0
29700 0
29710 0
29720 0
29730 0
29740 0
29750 0
29760 0
29770 0
29780 0
29790 0
29800 0
29810 0
29820 0
29830 0
29840 0
29850 0
29860 0
29870 0
29880 0
29890 0
29900 0
29910 0
29920 0
29930 0
29940 0
29950 0
29960 0
29970 0
29980 0
