-20 0
0 1.37708e-08
20 2.6583e-08
40 3.74944e-08
60 4.56111e-08
80 5.0116e-08
100 5.02741e-08
120 4.5459e-08
140 3.51686e-08
160 1.90457e-08
180 -3.12585e-09
200 -3.14163e-08
220 -6.57239e-08
240 -1.05805e-07
260 -1.51273e-07
280 -2.01608e-07
300 -2.56174e-07
320 -3.14238e-07
340 -3.75015e-07
360 -4.37671e-07
380 -5.01368e-07
400 -5.65301e-07
420 -6.28727e-07
440 -6.90995e-07
460 -7.51575e-07
480 -8.10098e-07
500 -8.66356e-07
520 -9.20327e-07
540 -9.7217e-07
560 -1.02223e-06
580 -1.07099e-06
600 -1.11907e-06
620 -1.16717e-06
640 -1.21599e-06
660 -1.26616e-06
680 -1.31816e-06
700 -1.37219e-06
720 -1.42805e-06
740 -1.48502e-06
760 -1.54166e-06
780 -1.59565e-06
800 -1.64363e-06
820 -1.68098e-06
840 -1.70155e-06
860 -1.69749e-06
880 -1.65893e-06
900 -1.57374e-06
920 -1.42715e-06
940 -1.2015e-06
960 -8.7577e-07
980 -4.25247e-07
1000 1.78975e-07
1020 9.70474e-07
1040 1.98803e-06
1060 3.27622e-06
1080 4.886e-06
1100 6.87543e-06
1120 9.3103e-06
1140 1.22648e-05
1160 1.58224e-05
1180 2.00761e-05
1200 2.51297e-05
1220 3.10976e-05
1240 3.81059e-05
1260 4.62924e-05
1280 5.58066e-05
1300 6.68096e-05
1320 7.94741e-05
1340 9.39832e-05
1360 0.00011053
1380 0.000129315
1400 0.000150545
1420 0.000174433
1440 0.000201192
1460 0.000231035
1480 0.000264167
1500 0.00030079
1520 0.000341089
1540 0.000385236
1560 0.00043338
1580 0.000485646
1600 0.00054213
1620 0.000602892
1640 0.000667956
1660 0.000737302
1680 0.000810868
1700 0.000888539
1720 0.000970155
1740 0.0010555
1760 0.0011443
1780 0.00123624
1800 0.00133093
1820 0.00142796
1840 0.00152684
1860 0.00162705
1880 0.00172803
1900 0.00182916
1920 0.00192982
1940 0.00202936
1960 0.00212709
1980 0.00222233
2000 0.00231442
2020 0.00240268
2040 0.00248647
2060 0.0025652
2080 0.00263828
2100 0.00270524
2120 0.00276562
2140 0.00281908
2160 0.00286536
2180 0.00290429
2200 0.00293582
2220 0.00296001
2240 0.00297706
2260 0.00298728
2280 0.0029911
2300 0.0029891
2320 0.00298197
2340 0.00297054
2360 0.00295575
2380 0.00293864
2400 0.00292036
2420 0.00290216
2440 0.00288535
2460 0.00287131
2480 0.0028615
2500 0.00285737
2520 0.00286045
2540 0.00287225
2560 0.00289431
2580 0.00292815
2600 0.00297529
2620 0.00303722
2640 0.00311542
2660 0.00321131
2680 0.00332629
2700 0.00346172
2720 0.0036189
2740 0.00379907
2760 0.0040034
2780 0.00423297
2800 0.00448876
2820 0.00477165
2840 0.00508234
2860 0.00542139
2880 0.00578914
2900 0.00618568
2920 0.00661086
2940 0.00706418
2960 0.0075448
2980 0.0080515
3000 0.00858262
3020 0.00913604
3040 0.00970918
3060 0.010299
3080 0.0109018
3100 0.0115135
3120 0.0121297
3140 0.0127452
3160 0.0133547
3180 0.0139524
3200 0.0145323
3220 0.0150881
3240 0.0156135
3260 0.0161022
3280 0.0165479
3300 0.0169447
3320 0.0172867
3340 0.0175688
3360 0.017786
3380 0.0179342
3400 0.0180099
3420 0.0180101
3440 0.0179328
3460 0.0177767
3480 0.0175412
3500 0.0172263
3520 0.016833
3540 0.0163627
3560 0.0158174
3580 0.0151997
3600 0.0145124
3620 0.0137586
3640 0.0129418
3660 0.0120653
3680 0.0111325
3700 0.0101468
3720 0.00911126
3740 0.00802883
3760 0.0069022
3780 0.0057338
3800 0.0045258
3820 0.00328016
3840 0.00199864
3860 0.000682905
3880 -0.000665401
3900 -0.00204457
3920 -0.00345273
3940 -0.0048877
3960 -0.00634694
3980 -0.00782738
4000 -0.00932539
4020 -0.0108366
4040 -0.0123561
4060 -0.0138778
4080 -0.0153953
4100 -0.016901
4120 -0.0183869
4140 -0.0198441
4160 -0.0212632
4180 -0.0226343
4200 -0.0239474
4220 -0.0251921
4240 -0.0263582
4260 -0.027436
4280 -0.0284158
4300 -0.0292889
4320 -0.0300473
4340 -0.0306843
4360 -0.031194
4380 -0.031572
4400 -0.0318153
4420 -0.0319222
4440 -0.0318925
4460 -0.0317274
4480 -0.0314293
4500 -0.0310017
4520 -0.0304492
4540 -0.0297771
4560 -0.028991
4580 -0.0280969
4600 -0.0271005
4620 -0.0260074
4640 -0.0248221
4660 -0.0235482
4680 -0.0221879
4700 -0.020742
4720 -0.0192093
4740 -0.0175864
4760 -0.0158683
4780 -0.0140474
4800 -0.012114
4820 -0.0100566
4840 -0.00786165
4860 -0.00551388
4880 -0.00299686
4900 -0.000293255
4920 0.00261471
4940 0.00574463
4960 0.00911342
4980 0.0127366
5000 0.0154685
5020 0.0184027
5040 0.0215428
5060 0.0248908
5080 0.0284462
5100 0.0322062
5120 0.0361655
5140 0.040316
5160 0.0446467
5180 0.0491439
5200 0.0537907
5220 0.0585674
5240 0.0634515
5260 0.0684176
5280 0.0734379
5300 0.0784823
5320 0.0835185
5340 0.0885127
5360 0.0934298
5380 0.0982335
5400 0.102887
5420 0.107355
5440 0.111601
5460 0.115589
5480 0.119286
5500 0.122662
5520 0.125686
5540 0.128333
5560 0.130581
5580 0.132409
5600 0.133803
5620 0.134751
5640 0.135247
5660 0.135288
5680 0.134876
5700 0.134018
5720 0.132723
5740 0.131008
5760 0.128889
5780 0.126388
5800 0.123532
5820 0.120347
5840 0.116863
5860 0.113113
5880 0.109129
5900 0.104947
5920 0.100601
5940 0.0961245
5960 0.0915533
5980 0.0869204
6000 0.0822581
6020 0.0775972
6040 0.0729666
6060 0.0683932
6080 0.0639016
6100 0.059514
6120 0.05525
6140 0.0511268
6160 0.0471587
6180 0.0433578
6200 0.0397334
6220 0.0362927
6240 0.0330402
6260 0.0299787
6280 0.0271088
6300 0.0244294
6320 0.0219377
6340 0.0196296
6360 0.0174997
6380 0.0155418
6400 0.0137487
6420 0.0121125
6440 0.0106251
6460 0.00927773
6480 0.00806172
6500 0.00696821
6520 0.00598843
6540 0.00511379
6560 0.00433589
6580 0.00364666
6600 0.00303839
6620 0.00250373
6640 0.0020358
6660 0.00162812
6680 0.00127467
6700 0.00096987
6720 0.000708594
6740 0.000486132
6760 0.000298186
6780 0.000140848
6800 1.05756e-05
6820 -9.58301e-05
6840 -0.000181253
6860 -0.000248283
6880 -0.000299249
6900 -0.000336234
6920 -0.000361104
6940 -0.000375528
6960 -0.000381001
6980 -0.000378856
7000 -0.000370288
7020 -0.000356365
7040 -0.00033804
7060 -0.000316167
7080 -0.000291507
7100 -0.00026474
7120 -0.00023647
7140 -0.000207234
7160 -0.000177503
7180 -0.000147694
7200 -0.000118168
7220 -8.92353e-05
7240 -6.11614e-05
7260 -3.41666e-05
7280 -8.43063e-06
7300 1.5905e-05
7320 3.87343e-05
7340 5.99844e-05
7360 7.96123e-05
7380 9.76028e-05
7400 0.000113965
7420 0.000128732
7440 0.000141952
7460 0.000153694
7480 0.000164038
7500 0.000173076
7520 0.000180906
7540 0.000187635
7560 0.000193369
7580 0.000198218
7600 0.000202287
7620 0.000205682
7640 0.0002085
7660 0.000210833
7680 0.000212765
7700 0.00021437
7720 0.000215715
7740 0.000216854
7760 0.000217831
7780 0.000218682
7800 0.000219432
7820 0.000220094
7840 0.000220675
7860 0.000221173
7880 0.000221577
7900 0.000221872
7920 0.000222037
7940 0.000222046
7960 0.000221871
7980 0.000221483
8000 0.00022085
8020 0.000219941
8040 0.000218729
8060 0.000217187
8080 0.00021529
8100 0.000213017
8120 0.000210354
8140 0.000207287
8160 0.000203808
8180 0.000199914
8200 0.000195604
8220 0.000190882
8240 0.000185755
8260 0.000180228
8280 0.000174309
8300 0.000168005
8320 0.000161317
8340 0.000154241
8360 0.000146763
8380 0.00013886
8400 0.000130487
8420 0.000121581
8440 0.000112049
8460 0.000101764
8480 9.05544e-05
8500 7.81946e-05
8520 6.43927e-05
8540 4.87756e-05
8560 3.08718e-05
8580 1.00911e-05
8600 -1.43002e-05
8620 -4.32068e-05
8640 -7.77385e-05
8660 -0.000119248
8680 -0.000169376
8700 -0.000230102
8720 -0.000303806
8740 -0.00039333
8760 -0.00050206
8780 -0.000634007
8800 -0.000793907
8820 -0.000987321
8840 -0.00122076
8860 -0.0015018
8880 -0.00183923
8900 -0.00224319
8920 -0.00272537
8940 -0.00329908
8960 -0.00397954
8980 -0.00478397
9000 -0.00573178
9020 -0.00684479
9040 -0.00814733
9060 -0.00966646
9080 -0.0114321
9100 -0.013477
9120 -0.015837
9140 -0.0185513
9160 -0.0216617
9180 -0.0252134
9200 -0.0292544
9220 -0.0338356
9240 -0.0390102
9260 -0.0448336
9280 -0.0513631
9300 -0.0586571
9320 -0.0667745
9340 -0.0757741
9360 -0.085714
9380 -0.0966502
9400 -0.108636
9420 -0.12172
9440 -0.135947
9460 -0.151354
9480 -0.167972
9500 -0.185822
9520 -0.204915
9540 -0.22525
9560 -0.246815
9580 -0.269584
9600 -0.293515
9620 -0.318551
9640 -0.344621
9660 -0.371635
9680 -0.399487
9700 -0.428056
9720 -0.457204
9740 -0.486775
9760 -0.516602
9780 -0.546504
9800 -0.576287
9820 -0.605747
9840 -0.634674
9860 -0.662853
9880 -0.690063
9900 -0.716087
9920 -0.740707
9940 -0.763715
9960 -0.784909
9980 -0.804099
10000 -0.817115
10020 -0.82818
10040 -0.837204
10060 -0.844114
10080 -0.848852
10100 -0.851375
10120 -0.851661
10140 -0.849701
10160 -0.845508
10180 -0.839111
10200 -0.830556
10220 -0.819905
10240 -0.80724
10260 -0.792653
10280 -0.776253
10300 -0.758162
10320 -0.73851
10340 -0.717439
10360 -0.695098
10380 -0.671642
10400 -0.647231
10420 -0.622024
10440 -0.596185
10460 -0.569874
10480 -0.54325
10500 -0.516465
10520 -0.489667
10540 -0.462998
10560 -0.43659
10580 -0.410565
10600 -0.385039
10620 -0.360113
10640 -0.335879
10660 -0.312418
10680 -0.289799
10700 -0.268079
10720 -0.247306
10740 -0.227515
10760 -0.20873
10780 -0.190969
10800 -0.174235
10820 -0.158529
10840 -0.143838
10860 -0.130147
10880 -0.117432
10900 -0.105663
10920 -0.0948088
10940 -0.0848312
10960 -0.0756903
10980 -0.0673439
11000 -0.059748
11020 -0.0528576
11040 -0.0466275
11060 -0.0410123
11080 -0.0359674
11100 -0.031449
11120 -0.0274146
11140 -0.0238233
11160 -0.0206358
11180 -0.0178151
11200 -0.015326
11220 -0.0131355
11240 -0.0112129
11260 -0.00952959
11280 -0.00805932
11300 -0.00677788
11320 -0.00566318
11340 -0.00469516
11360 -0.00385567
11380 -0.00312835
11400 -0.00249859
11420 -0.00195333
11440 -0.001481
11460 -0.00107139
11480 -0.000715531
11500 -0.000405589
11520 -0.000134754
11540 0.000102854
11560 0.000312286
11580 0.000497848
11600 0.00066319
11620 0.000811377
11640 0.000944963
11660 0.00106605
11680 0.00117637
11700 0.00127728
11720 0.00136989
11740 0.00145504
11760 0.00153338
11780 0.00160537
11800 0.00167135
11820 0.00173152
11840 0.00178603
11860 0.00183493
11880 0.00187823
11900 0.00191591
11920 0.00194795
11940 0.00197431
11960 0.00199495
11980 0.00200985
12000 0.00201904
12020 0.00202254
12040 0.00202044
12060 0.00201285
12080 0.00199992
12100 0.00198186
12120 0.00195891
12140 0.00193137
12160 0.00189958
12180 0.00186391
12200 0.00182479
12220 0.00178268
12240 0.00173808
12260 0.00169153
12280 0.00164361
12300 0.0015949
12320 0.00154603
12340 0.00149764
12360 0.00145041
12380 0.001405
12400 0.00136212
12420 0.00132245
12440 0.00128672
12460 0.00125562
12480 0.00122987
12500 0.00121017
12520 0.00119721
12540 0.00119168
12560 0.00119424
12580 0.00120555
12600 0.00122622
12620 0.00125684
12640 0.00129799
12660 0.00135017
12680 0.00141385
12700 0.00148947
12720 0.00157738
12740 0.00167788
12760 0.00179119
12780 0.00191745
12800 0.00205674
12820 0.00220901
12840 0.00237412
12860 0.00255185
12880 0.00274183
12900 0.0029436
12920 0.00315659
12940 0.00338007
12960 0.00361322
12980 0.00385509
13000 0.00410462
13020 0.0043606
13040 0.00462174
13060 0.00488664
13080 0.00515379
13100 0.00542163
13120 0.00568848
13140 0.00595263
13160 0.00621233
13180 0.00646578
13200 0.0067112
13220 0.0069468
13240 0.00717081
13260 0.00738152
13280 0.00757728
13300 0.00775651
13320 0.00791773
13340 0.00805959
13360 0.00818084
13380 0.0082804
13400 0.00835732
13420 0.00841082
13440 0.00844027
13460 0.00844522
13480 0.0084254
13500 0.0083807
13520 0.00831116
13540 0.00821701
13560 0.00809862
13580 0.0079565
13600 0.00779128
13620 0.00760374
13640 0.00739475
13660 0.00716526
13680 0.00691631
13700 0.006649
13720 0.00636449
13740 0.00606394
13760 0.00574859
13780 0.00541964
13800 0.00507833
13820 0.00472589
13840 0.00436355
13860 0.00399252
13880 0.00361404
13900 0.00322933
13920 0.00283962
13940 0.00244618
13960 0.00205031
13980 0.00165334
14000 0.00125671
14020 0.000861908
14040 0.000470563
14060 8.44273e-05
14080 -0.000294589
14100 -0.000664392
14120 -0.00102269
14140 -0.00136696
14160 -0.00169443
14180 -0.00200209
14200 -0.00228663
14220 -0.00254447
14240 -0.00277174
14260 -0.00296427
14280 -0.00311763
14300 -0.00322711
14320 -0.00328775
14340 -0.00329437
14360 -0.00324162
14380 -0.00312399
14400 -0.00293589
14420 -0.00267168
14440 -0.00232577
14460 -0.00189266
14480 -0.00136704
14500 -0.000743863
14520 -1.84293e-05
14540 0.000813511
14560 0.00175567
14580 0.00281114
14600 0.00398227
14620 0.00527062
14640 0.00667683
14660 0.00820059
14680 0.00984052
14700 0.0115942
14720 0.0134579
14740 0.0154268
14760 0.0174949
14780 0.019655
14800 0.0218985
14820 0.0242158
14840 0.0265961
14860 0.0290276
14880 0.0314974
14900 0.0339917
14920 0.0364961
14940 0.0389953
14960 0.0414737
14980 0.0439154
15000 0.045557
15020 0.0471407
15040 0.0486565
15060 0.0500946
15080 0.0514455
15100 0.0527001
15120 0.0538499
15140 0.0548869
15160 0.0558039
15180 0.0565944
15200 0.0572527
15220 0.0577743
15240 0.0581552
15260 0.058393
15280 0.0584858
15300 0.0584332
15320 0.0582357
15340 0.0578947
15360 0.0574128
15380 0.0567938
15400 0.0560421
15420 0.0551632
15440 0.0541635
15460 0.0530499
15480 0.0518303
15500 0.0505129
15520 0.0491066
15540 0.0476206
15560 0.0460645
15580 0.0444478
15600 0.0427806
15620 0.0410725
15640 0.0393332
15660 0.0375724
15680 0.0357993
15700 0.0340228
15720 0.0322514
15740 0.0304933
15760 0.0287561
15780 0.0270466
15800 0.0253713
15820 0.0237361
15840 0.0221461
15860 0.0206058
15880 0.0191192
15900 0.0176895
15920 0.0163195
15940 0.015011
15960 0.0137658
15980 0.0125846
16000 0.011468
16020 0.010416
16040 0.00942812
16060 0.00850349
16080 0.00764095
16100 0.006839
16120 0.00609587
16140 0.00540959
16160 0.00477796
16180 0.00419864
16200 0.00366919
16220 0.00318707
16240 0.00274968
16260 0.00235441
16280 0.00199861
16300 0.00167969
16320 0.00139509
16340 0.00114228
16360 0.000918828
16380 0.000722372
16400 0.000550642
16420 0.00040147
16440 0.00027279
16460 0.000162647
16480 6.9194e-05
16500 -9.30296e-06
16520 -7.44678e-05
16540 -0.000127815
16560 -0.000170755
16580 -0.000204592
16600 -0.000230536
16620 -0.000249701
16640 -0.000263115
16660 -0.000271723
16680 -0.000276392
16700 -0.000277923
16720 -0.000277049
16740 -0.000274449
16760 -0.000270748
16780 -0.000266529
16800 -0.000262333
16820 -0.00025867
16840 -0.000256022
16860 -0.000254849
16880 -0.000255594
16900 -0.000258689
16920 -0.000264557
16940 -0.000273619
16960 -0.000286292
16980 -0.000303001
17000 -0.000324174
17020 -0.000350246
17040 -0.000381661
17060 -0.000418874
17080 -0.000462349
17100 -0.000512559
17120 -0.000569986
17140 -0.000635115
17160 -0.000708439
17180 -0.000790447
17200 -0.000881626
17220 -0.000982454
17240 -0.00109339
17260 -0.00121488
17280 -0.00134734
17300 -0.00149114
17320 -0.00164663
17340 -0.00181409
17360 -0.00199374
17380 -0.00218576
17400 -0.00239021
17420 -0.00260711
17440 -0.00283636
17460 -0.00307778
17480 -0.00333106
17500 -0.0035958
17520 -0.00387147
17540 -0.00415744
17560 -0.00445292
17580 -0.00475704
17600 -0.00506878
17620 -0.00538699
17640 -0.00571042
17660 -0.00603771
17680 -0.00636738
17700 -0.00669786
17720 -0.0070275
17740 -0.00735457
17760 -0.00767728
17780 -0.00799381
17800 -0.00830229
17820 -0.00860086
17840 -0.00888766
17860 -0.00916087
17880 -0.0094187
17900 -0.00965942
17920 -0.00988142
17940 -0.0100832
17960 -0.0102632
17980 -0.0104204
18000 -0.0105535
18020 -0.0106616
18040 -0.0107439
18060 -0.0107998
18080 -0.010829
18100 -0.0108313
18120 -0.0108065
18140 -0.010755
18160 -0.0106772
18180 -0.0105736
18200 -0.010445
18220 -0.0102924
18240 -0.010117
18260 -0.00991986
18280 -0.00970259
18300 -0.00946668
18320 -0.00921378
18340 -0.00894566
18360 -0.00866412
18380 -0.00837107
18400 -0.00806842
18420 -0.00775813
18440 -0.00744217
18460 -0.00712251
18480 -0.00680109
18500 -0.00647985
18520 -0.00616069
18540 -0.00584545
18560 -0.00553596
18580 -0.00523399
18600 -0.00494126
18620 -0.00465946
18640 -0.00439023
18660 -0.00413519
18680 -0.00389593
18700 -0.00367405
18720 -0.00347113
18740 -0.00328878
18760 -0.00312865
18780 -0.00299243
18800 -0.00288189
18820 -0.00279887
18840 -0.00274534
18860 -0.00272338
18880 -0.00273521
18900 -0.00278322
18920 -0.00286995
18940 -0.00299814
18960 -0.00317073
18980 -0.00339082
19000 -0.00366177
19020 -0.00398708
19040 -0.00437049
19060 -0.00481591
19080 -0.00532739
19100 -0.00590916
19120 -0.00656555
19140 -0.00730098
19160 -0.00811988
19180 -0.00902672
19200 -0.0100259
19220 -0.0111216
19240 -0.012318
19260 -0.0136189
19280 -0.0150278
19300 -0.0165478
19320 -0.0181815
19340 -0.0199309
19360 -0.0217975
19380 -0.0237817
19400 -0.0258834
19420 -0.0281016
19440 -0.0304342
19460 -0.032878
19480 -0.0354289
19500 -0.0380814
19520 -0.0408291
19540 -0.0436642
19560 -0.0465777
19580 -0.0495595
19600 -0.0525981
19620 -0.0556811
19640 -0.0587948
19660 -0.0619246
19680 -0.065055
19700 -0.0681695
19720 -0.0712512
19740 -0.0742823
19760 -0.0772448
19780 -0.0801206
19800 -0.0828914
19820 -0.0855389
19840 -0.0880455
19860 -0.0903937
19880 -0.0925671
19900 -0.0945498
19920 -0.0963274
19940 -0.0978865
19960 -0.0992152
19980 -0.100303
20000 -0.101142
20020 -0.101724
20040 -0.102045
20060 -0.102102
20080 -0.101894
20100 -0.101421
20120 -0.100688
20140 -0.0996976
20160 -0.0984583
20180 -0.0969784
20200 -0.0952682
20220 -0.0933397
20240 -0.0912063
20260 -0.0888827
20280 -0.0863848
20300 -0.0837292
20320 -0.0809333
20340 -0.0780152
20360 -0.0749932
20380 -0.0718856
20400 -0.0687108
20420 -0.0654871
20440 -0.0622322
20460 -0.0589632
20480 -0.0556966
20500 -0.052448
20520 -0.0492321
20540 -0.0460625
20560 -0.0429517
20580 -0.039911
20600 -0.0369504
20620 -0.0340788
20640 -0.0313038
20660 -0.0286316
20680 -0.0260675
20700 -0.0236154
20720 -0.0212781
20740 -0.0190574
20760 -0.0169542
20780 -0.0149684
20800 -0.0130991
20820 -0.0113446
20840 -0.00970282
20860 -0.00817082
20880 -0.00674537
20900 -0.00542284
20920 -0.00419928
20940 -0.00307055
20960 -0.00203234
20980 -0.00108026
21000 -0.000209896
21020 0.000583143
21040 0.00130318
21060 0.00195445
21080 0.00254102
21100 0.00306684
21120 0.00353567
21140 0.00395108
21160 0.00431647
21180 0.00463502
21200 0.00490975
21220 0.00514348
21240 0.00533887
21260 0.00549839
21280 0.00562439
21300 0.00571906
21320 0.00578447
21340 0.00582258
21360 0.00583524
21380 0.00582423
21400 0.00579124
21420 0.00573789
21440 0.00566575
21460 0.00557632
21480 0.00547108
21500 0.00535143
21520 0.00521874
21540 0.00507435
21560 0.00491954
21580 0.00475552
21600 0.00458348
21620 0.00440453
21640 0.00421972
21660 0.00403003
21680 0.00383634
21700 0.00363947
21720 0.00344011
21740 0.00323887
21760 0.00303624
21780 0.00283257
21800 0.0026281
21820 0.00242292
21840 0.00221697
21860 0.00201003
21880 0.00180175
21900 0.00159157
21920 0.00137879
21940 0.00116251
21960 0.000941681
21980 0.000715035
22000 0.000481138
22020 0.000238364
22040 -1.50998e-05
22060 -0.00028125
22080 -0.000562266
22100 -0.000860504
22120 -0.00117849
22140 -0.00151892
22160 -0.00188464
22180 -0.00227863
22200 -0.00270399
22220 -0.00316394
22240 -0.00366178
22260 -0.00420087
22280 -0.00478462
22300 -0.00541641
22320 -0.00609964
22340 -0.0068376
22360 -0.0076335
22380 -0.00849042
22400 -0.00941121
22420 -0.0103985
22440 -0.0114547
22460 -0.0125817
22480 -0.0137813
22500 -0.0150545
22520 -0.0164021
22540 -0.0178243
22560 -0.0193205
22580 -0.0208899
22600 -0.0225305
22620 -0.0242401
22640 -0.0260153
22660 -0.0278523
22680 -0.0297465
22700 -0.0316921
22720 -0.0336832
22740 -0.0357124
22760 -0.0377722
22780 -0.039854
22800 -0.0419487
22820 -0.0440465
22840 -0.046137
22860 -0.0482095
22880 -0.0502528
22900 -0.0522554
22920 -0.0542057
22940 -0.0560919
22960 -0.0579024
22980 -0.0596255
23000 -0.06125
23020 -0.062765
23040 -0.0641602
23060 -0.0654257
23080 -0.0665526
23100 -0.0675327
23120 -0.0683589
23140 -0.0690249
23160 -0.0695258
23180 -0.0698575
23200 -0.0700176
23220 -0.0700045
23240 -0.0698182
23260 -0.0694599
23280 -0.068932
23300 -0.0682381
23320 -0.0673832
23340 -0.0663733
23360 -0.0652156
23380 -0.063918
23400 -0.0624897
23420 -0.0609404
23440 -0.0592805
23460 -0.0575212
23480 -0.0556738
23500 -0.0537502
23520 -0.0517623
23540 -0.0497222
23560 -0.0476418
23580 -0.045533
23600 -0.0434073
23620 -0.041276
23640 -0.0391495
23660 -0.0370382
23680 -0.0349515
23700 -0.0328983
23720 -0.0308866
23740 -0.0289237
23760 -0.0270162
23780 -0.0251698
23800 -0.0233894
23820 -0.0216789
23840 -0.0200419
23860 -0.0184806
23880 -0.0169969
23900 -0.0155919
23920 -0.014266
23940 -0.013019
23960 -0.0118501
23980 -0.0107581
24000 -0.00974121
24020 -0.00879744
24040 -0.00792434
24060 -0.0071192
24080 -0.00637909
24100 -0.00570091
24120 -0.00508142
24140 -0.00451732
24160 -0.00400524
24180 -0.00354182
24200 -0.00312373
24220 -0.00274768
24240 -0.00241049
24260 -0.00210905
24280 -0.00184038
24300 -0.00160165
24320 -0.00139017
24340 -0.00120337
24360 -0.00103887
24380 -0.000894454
24400 -0.000768034
24420 -0.000657701
24440 -0.000561693
24460 -0.000478398
24480 -0.000406346
24500 -0.000344204
24520 -0.000290767
24540 -0.000244952
24560 -0.000205785
24580 -0.000172401
24600 -0.000144029
24620 -0.000119986
24640 -9.96698e-05
24660 -8.25515e-05
24680 -6.81674e-05
24700 -5.61125e-05
24720 -4.60347e-05
24740 -3.76281e-05
24760 -3.06279e-05
24780 -2.48053e-05
24800 -1.99629e-05
24820 -1.59298e-05
24840 -1.25584e-05
24860 -9.72046e-06
24880 -7.30375e-06
24900 -5.20901e-06
24920 -3.34711e-06
24940 -1.63637e-06
24960 0
