-10 0
0 -2.72924e-10
10 -3.45994e-10
20 1.30898e-09
30 -1.40365e-09
40 5.7023e-10
50 1.42978e-11
60 2.79259e-10
70 -6.04608e-10
80 -7.43828e-12
90 1.08469e-09
100 -1.35505e-09
110 6.39689e-10
120 -1.06312e-10
130 4.75485e-10
140 -9.22211e-10
150 3.72597e-10
160 7.77487e-10
170 -1.18436e-09
180 5.53955e-10
190 -6.15945e-11
200 5.25447e-10
210 -1.13357e-09
220 7.00099e-10
230 4.605e-10
240 -9.44864e-10
250 3.57097e-10
260 1.23761e-10
270 4.07172e-10
280 -1.16364e-09
290 8.77849e-10
300 2.18579e-10
310 -7.11187e-10
320 1.33982e-10
330 3.64869e-10
340 1.60036e-10
350 -9.80942e-10
360 8.33333e-10
370 1.23174e-10
380 -5.56149e-10
390 -8.31544e-12
400 5.2541e-10
410 -1.07691e-10
420 -6.22221e-10
430 5.51365e-10
440 1.98823e-10
450 -5.17296e-10
460 2.08254e-11
470 4.55918e-10
480 -2.39521e-10
490 -1.99306e-10
500 9.98987e-11
510 3.95716e-10
520 -5.65502e-10
530 2.45002e-10
540 6.31564e-11
550 -9.17725e-11
560 1.27661e-10
570 -3.71997e-10
580 5.8958e-10
590 -6.01205e-10
600 5.83692e-10
610 -6.09253e-10
620 3.75071e-10
630 2.17264e-10
640 -6.78337e-10
650 6.29069e-10
660 -5.01573e-10
670 8.65357e-10
680 -1.33865e-09
690 1.01693e-09
700 3.20224e-11
710 -6.79689e-10
720 4.25739e-10
730 -2.17186e-10
740 9.14162e-10
750 -1.77823e-09
760 1.51036e-09
770 -3.09591e-10
780 -3.69938e-10
790 4.25057e-11
800 1.36136e-10
810 6.82603e-10
820 -1.63381e-09
830 1.49753e-09
840 -5.71903e-10
850 8.99925e-11
860 -2.93812e-10
870 2.86247e-10
880 3.36671e-10
890 -8.95282e-10
900 8.4412e-10
910 -5.45639e-10
920 4.3436e-10
930 -3.10762e-10
940 -1.84929e-11
950 1.80289e-10
960 4.52889e-11
970 -1.50758e-10
980 -2.17086e-10
990 4.37952e-10
1000 9.8437e-11
1010 -7.348e-10
1020 4.04563e-10
1030 5.65011e-10
1040 -8.29294e-10
1050 1.85013e-10
1060 6.39072e-11
1070 7.23686e-10
1080 -1.3982e-09
1090 8.42245e-10
1100 2.69638e-10
1110 -6.39914e-10
1120 3.6405e-10
1130 -4.88458e-10
1140 1.12533e-09
1150 -1.40039e-09
1160 1.02117e-09
1170 -5.71586e-10
1180 2.7397e-10
1190 2.49568e-10
1200 -8.87427e-10
1210 9.7702e-10
1220 -5.9264e-10
1230 6.08874e-10
1240 -1.0949e-09
1250 9.6938e-10
1260 1.12541e-10
1270 -8.84647e-10
1280 4.06106e-10
1290 3.62683e-10
1300 -1.397e-10
1310 -5.85607e-10
1320 4.96738e-10
1330 2.87395e-10
1340 -5.22179e-10
1350 -4.93154e-11
1360 5.18255e-10
1370 -5.45401e-10
1380 6.72031e-10
1390 -9.3276e-10
1400 7.20929e-10
1410 -1.55447e-10
1420 3.18659e-11
1430 -2.1683e-10
1440 -3.07802e-10
1450 1.45915e-09
1460 -1.81397e-09
1470 9.19451e-10
1480 -1.44947e-10
1490 4.05185e-10
1500 -7.04474e-10
1510 1.75322e-11
1520 9.17672e-10
1530 -9.85648e-10
1540 5.18852e-10
1550 -3.65154e-10
1560 3.2311e-10
1570 6.12517e-11
1580 -2.55272e-10
1590 -2.28416e-10
1600 6.09547e-10
1610 -1.82182e-10
1620 -1.79822e-10
1630 -4.92836e-10
1640 1.29925e-09
1650 -8.31857e-10
1660 -3.99559e-10
1670 8.59686e-10
1680 -5.51137e-10
1690 6.48766e-10
1700 -1.19474e-09
1710 1.22996e-09
1720 -7.5359e-10
1730 5.21204e-10
1740 -3.35538e-10
1750 -4.45628e-10
1760 1.17012e-09
1770 -7.59692e-10
1780 -1.47104e-10
1790 8.65395e-11
1800 6.42938e-10
1810 -5.52691e-10
1820 -2.85747e-10
1830 4.23207e-10
1840 3.2988e-10
1850 -8.03013e-10
1860 7.4274e-10
1870 -8.74587e-10
1880 9.92031e-10
1890 -3.15926e-10
1900 -5.8371e-10
1910 5.63942e-10
1920 -1.65594e-10
1930 7.06002e-10
1940 -1.65963e-09
1950 1.44906e-09
1960 -2.99301e-10
1970 -2.3525e-10
1980 1.52655e-11
1990 -7.44095e-11
2000 3.15509e-10
2010 4.01972e-11
2020 -4.7708e-10
2030 1.21154e-10
2040 2.85114e-10
2050 2.38155e-10
2060 -7.16739e-10
2070 -1.33828e-10
2080 1.38613e-09
2090 -1.48166e-09
2100 8.87273e-10
2110 -7.96164e-10
2120 8.01611e-10
2130 -1.73994e-10
2140 -3.29346e-10
2150 9.69712e-11
2160 -1.27931e-10
2170 9.04201e-10
2180 -1.05437e-09
2190 -4.22612e-11
2200 7.98791e-10
2210 -2.24571e-10
2220 -4.6246e-10
2230 4.19973e-10
2240 -5.43033e-10
2250 1.11237e-09
2260 -1.06925e-09
2270 4.53774e-10
2280 -5.008e-10
2290 9.06182e-10
2300 -2.05829e-10
2310 -1.13717e-09
2320 1.32316e-09
2330 -5.02723e-10
2340 2.04587e-10
2350 -3.40088e-10
2360 -3.81188e-11
2370 3.04562e-10
2380 3.41523e-10
2390 -8.28243e-10
2400 3.15128e-10
2410 -1.24145e-10
2420 1.05133e-09
2430 -1.57082e-09
2440 7.08166e-10
2450 1.65941e-10
2460 -3.29812e-10
2470 6.52874e-10
2480 -1.23469e-09
2490 7.10193e-10
2500 1.37994e-10
2510 -1.03986e-10
2520 -7.96155e-10
2530 1.74005e-10
2540 1.15638e-10
2550 -2.74823e-10
2560 -1.3475e-09
2570 2.02468e-10
2580 -1.84982e-09
2590 1.40713e-11
2600 -2.74704e-09
2610 -3.06575e-09
2620 -2.41295e-09
2630 -5.05715e-09
2640 -6.20352e-09
2650 -9.18776e-09
2660 -1.09888e-08
2670 -1.49313e-08
2680 -1.98003e-08
2690 -2.64615e-08
2700 -3.39807e-08
2710 -4.36189e-08
2720 -5.5065e-08
2730 -7.3493e-08
2740 -8.97258e-08
2750 -1.14886e-07
2760 -1.42762e-07
2770 -1.77919e-07
2780 -2.21062e-07
2790 -2.70216e-07
2800 -3.3003e-07
2810 -4.01373e-07
2820 -4.8528e-07
2830 -5.82575e-07
2840 -6.95487e-07
2850 -8.27828e-07
2860 -9.80766e-07
2870 -1.15527e-06
2880 -1.35836e-06
2890 -1.58622e-06
2900 -1.85353e-06
2910 -2.15468e-06
2920 -2.49934e-06
2930 -2.89328e-06
2940 -3.34291e-06
2950 -3.85638e-06
2960 -4.44318e-06
2970 -5.1102e-06
2980 -5.87404e-06
2990 -6.74428e-06
3000 -7.7378e-06
3010 -8.8677e-06
3020 -1.0154e-05
3030 -1.16196e-05
3040 -1.3281e-05
3050 -1.51706e-05
3060 -1.73087e-05
3070 -1.97321e-05
3080 -2.24759e-05
3090 -2.55766e-05
3100 -2.90783e-05
3110 -3.30338e-05
3120 -3.74923e-05
3130 -4.25231e-05
3140 -4.81858e-05
3150 -5.45617e-05
3160 -6.17319e-05
3170 -6.97918e-05
3180 -7.88424e-05
3190 -8.89952e-05
3200 -0.000100378
3210 -0.000113127
3220 -0.000127395
3230 -0.00014335
3240 -0.000161175
3250 -0.000181074
3260 -0.000203276
3270 -0.000228018
3280 -0.000255579
3290 -0.000286246
3300 -0.000320348
3310 -0.000358237
3320 -0.000400297
3330 -0.000446948
3340 -0.000498652
3350 -0.000555904
3360 -0.000619253
3370 -0.000689284
3380 -0.000766645
3390 -0.000852028
3400 -0.000946193
3410 -0.00104995
3420 -0.00116419
3430 -0.00128987
3440 -0.00142801
3450 -0.00157972
3460 -0.0017462
3470 -0.00192874
3480 -0.00212871
3490 -0.0023476
3500 -0.00258699
3510 -0.00284861
3520 -0.00313425
3530 -0.00344588
3540 -0.00378557
3550 -0.00415553
3560 -0.00455813
3570 -0.00499587
3580 -0.00547141
3590 -0.0059876
3600 -0.00654743
3610 -0.00715407
3620 -0.00781088
3630 -0.00852141
3640 -0.0092894
3650 -0.0101188
3660 -0.0110137
3670 -0.0119785
3680 -0.0130178
3690 -0.0141363
3700 -0.0153391
3710 -0.0166314
3720 -0.0180187
3730 -0.0195066
3740 -0.021101
3750 -0.0228082
3760 -0.0246346
3770 -0.0265866
3780 -0.0286713
3790 -0.0308956
3800 -0.0332668
3810 -0.0357924
3820 -0.0384801
3830 -0.0413378
3840 -0.0443737
3850 -0.0475958
3860 -0.0510127
3870 -0.054633
3880 -0.0584653
3890 -0.0625184
3900 -0.0668013
3910 -0.0713229
3920 -0.0760922
3930 -0.0811185
3940 -0.0864106
3950 -0.0919778
3960 -0.0978289
3970 -0.103973
3980 -0.110419
3990 -0.117175
4000 -0.12425
4010 -0.131652
4020 -0.13939
4030 -0.14747
4040 -0.155901
4050 -0.16469
4060 -0.173843
4070 -0.183366
4080 -0.193266
4090 -0.203548
4100 -0.214216
4110 -0.225274
4120 -0.236727
4130 -0.248576
4140 -0.260825
4150 -0.273474
4160 -0.286525
4170 -0.299977
4180 -0.313829
4190 -0.32808
4200 -0.342728
4210 -0.357767
4220 -0.373195
4230 -0.389005
4240 -0.405193
4250 -0.421749
4260 -0.438667
4270 -0.455937
4280 -0.473549
4290 -0.491492
4300 -0.509754
4310 -0.528323
4320 -0.547184
4330 -0.566323
4340 -0.585725
4350 -0.605373
4360 -0.625251
4370 -0.64534
4380 -0.665622
4390 -0.686077
4400 -0.706687
4410 -0.72743
4420 -0.748286
4430 -0.769233
4440 -0.79025
4450 -0.811314
4460 -0.832404
4470 -0.853496
4480 -0.874568
4490 -0.895598
4500 -0.916561
4510 -0.937437
4520 -0.958201
4530 -0.978831
4540 -0.999306
4550 -1.0196
4560 -1.0397
4570 -1.05958
4580 -1.07922
4590 -1.09859
4600 -1.11768
4610 -1.13648
4620 -1.15495
4630 -1.1731
4640 -1.19088
4650 -1.2083
4660 -1.22534
4670 -1.24197
4680 -1.25819
4690 -1.27399
4700 -1.28935
4710 -1.30426
4720 -1.3187
4730 -1.33268
4740 -1.34618
4750 -1.3592
4760 -1.37172
4770 -1.38373
4780 -1.39524
4790 -1.40624
4800 -1.41672
4810 -1.42667
4820 -1.43611
4830 -1.44501
4840 -1.45338
4850 -1.46122
4860 -1.46852
4870 -1.47528
4880 -1.48151
4890 -1.48719
4900 -1.49234
4910 -1.49694
4920 -1.50101
4930 -1.50453
4940 -1.50751
4950 -1.50995
4960 -1.51184
4970 -1.5132
4980 -1.51401
4990 -1.51428
5000 -1.51401
5010 -1.5132
5020 -1.51184
5030 -1.50995
5040 -1.50751
5050 -1.50453
5060 -1.50101
5070 -1.49694
5080 -1.49234
5090 -1.48719
5100 -1.48151
5110 -1.47528
5120 -1.46852
5130 -1.46122
5140 -1.45338
5150 -1.44501
5160 -1.43611
5170 -1.42667
5180 -1.41672
5190 -1.40624
5200 -1.39524
5210 -1.38373
5220 -1.37172
5230 -1.3592
5240 -1.34618
5250 -1.33268
5260 -1.3187
5270 -1.30426
5280 -1.28935
5290 -1.27399
5300 -1.25819
5310 -1.24197
5320 -1.22534
5330 -1.2083
5340 -1.19088
5350 -1.1731
5360 -1.15495
5370 -1.13648
5380 -1.11768
5390 -1.09859
5400 -1.07922
5410 -1.05958
5420 -1.0397
5430 -1.0196
5440 -0.999306
5450 -0.978831
5460 -0.958201
5470 -0.937437
5480 -0.916561
5490 -0.895598
5500 -0.874568
5510 -0.853496
5520 -0.832404
5530 -0.811314
5540 -0.79025
5550 -0.769233
5560 -0.748286
5570 -0.72743
5580 -0.706687
5590 -0.686077
5600 -0.665622
5610 -0.64534
5620 -0.625251
5630 -0.605373
5640 -0.585725
5650 -0.566323
5660 -0.547184
5670 -0.528323
5680 -0.509754
5690 -0.491492
5700 -0.473549
5710 -0.455937
5720 -0.438667
5730 -0.421749
5740 -0.405193
5750 -0.389005
5760 -0.373195
5770 -0.357767
5780 -0.342728
5790 -0.32808
5800 -0.313829
5810 -0.299977
5820 -0.286525
5830 -0.273474
5840 -0.260825
5850 -0.248576
5860 -0.236727
5870 -0.225274
5880 -0.214216
5890 -0.203548
5900 -0.193266
5910 -0.183366
5920 -0.173843
5930 -0.16469
5940 -0.155901
5950 -0.14747
5960 -0.13939
5970 -0.131652
5980 -0.12425
5990 -0.117175
6000 -0.110419
6010 -0.103973
6020 -0.0978289
6030 -0.0919778
6040 -0.0864106
6050 -0.0811185
6060 -0.0760922
6070 -0.0713229
6080 -0.0668013
6090 -0.0625184
6100 -0.0584653
6110 -0.054633
6120 -0.0510127
6130 -0.0475958
6140 -0.0443737
6150 -0.0413378
6160 -0.0384801
6170 -0.0357924
6180 -0.0332668
6190 -0.0308956
6200 -0.0286713
6210 -0.0265866
6220 -0.0246346
6230 -0.0228082
6240 -0.021101
6250 -0.0195066
6260 -0.0180187
6270 -0.0166314
6280 -0.0153391
6290 -0.0141363
6300 -0.0130178
6310 -0.0119785
6320 -0.0110137
6330 -0.0101188
6340 -0.0092894
6350 -0.00852141
6360 -0.00781088
6370 -0.00715407
6380 -0.00654743
6390 -0.0059876
6400 -0.00547141
6410 -0.00499587
6420 -0.00455813
6430 -0.00415553
6440 -0.00378557
6450 -0.00344588
6460 -0.00313425
6470 -0.00284861
6480 -0.00258699
6490 -0.0023476
6500 -0.00212871
6510 -0.00192874
6520 -0.0017462
6530 -0.00157972
6540 -0.00142801
6550 -0.00128987
6560 -0.00116419
6570 -0.00104995
6580 -0.000946194
6590 -0.000852028
6600 -0.000766645
6610 -0.000689285
6620 -0.000619253
6630 -0.000555904
6640 -0.000498652
6650 -0.000446948
6660 -0.000400297
6670 -0.000358237
6680 -0.000320348
6690 -0.000286245
6700 -0.00025558
6710 -0.000228018
6720 -0.000203275
6730 -0.000181075
6740 -0.000161174
6750 -0.00014335
6760 -0.000127396
6770 -0.000113126
6780 -0.000100378
6790 -8.89957e-05
6800 -7.88415e-05
6810 -6.97924e-05
6820 -6.17319e-05
6830 -5.45612e-05
6840 -4.81861e-05
6850 -4.25232e-05
6860 -3.7492e-05
6870 -3.30338e-05
6880 -2.90788e-05
6890 -2.55761e-05
6900 -2.2476e-05
6910 -1.97328e-05
6920 -1.73077e-05
6930 -1.51712e-05
6940 -1.32814e-05
6950 -1.16186e-05
6960 -1.01549e-05
6970 -8.86748e-06
6980 -7.73725e-06
6990 -6.74505e-06
7000 -5.87366e-06
7010 -5.11003e-06
7020 -4.44352e-06
7030 -3.85634e-06
7040 -3.34259e-06
7050 -2.89353e-06
7060 -2.4996e-06
7070 -2.15394e-06
7080 -1.85419e-06
7090 -1.58627e-06
7100 -1.35751e-06
7110 -1.15632e-06
7120 -9.803e-07
7130 -8.27392e-07
7140 -6.96408e-07
7150 -5.81919e-07
7160 -4.85258e-07
7170 -4.0183e-07
7180 -3.29718e-07
7190 -2.7008e-07
7200 -2.21374e-07
7210 -1.77961e-07
7220 -1.42177e-07
7230 -1.1558e-07
7240 -8.95997e-08
7250 -7.27841e-08
7260 -5.61401e-08
7270 -4.30043e-08
7280 -3.36741e-08
7290 -2.73761e-08
7300 -1.90498e-08
7310 -1.49977e-08
7320 -1.14341e-08
7330 -8.83519e-09
7340 -6.08385e-09
7350 -5.40805e-09
7360 -2.40601e-09
7370 -2.4728e-09
7380 -3.52253e-09
7390 2.37461e-10
7400 -1.18816e-09
7410 -8.93782e-10
7420 -6.72675e-10
7430 -3.82495e-11
7440 -7.2165e-10
7450 8.42219e-10
7460 -8.16343e-10
7470 -4.96287e-10
7480 3.24763e-10
7490 1.02498e-09
7500 -1.67782e-09
7510 5.83905e-10
7520 4.39631e-10
7530 -7.48342e-10
7540 9.59604e-10
7550 -8.8339e-10
7560 -2.03752e-11
7570 4.6836e-10
7580 5.66119e-10
7590 -1.48781e-09
7600 6.89023e-10
7610 5.14831e-10
7620 -3.52805e-10
7630 -5.18071e-10
7640 9.01498e-10
7650 -1.06712e-09
7660 1.08612e-09
7670 -1.40748e-10
7680 -1.17554e-09
7690 1.06372e-09
7700 1.88082e-10
7710 -3.64296e-10
7720 -8.30572e-10
7730 1.45301e-09
7740 -8.30689e-10
7750 1.56533e-10
7760 1.20994e-10
7770 -3.92065e-10
7780 1.38937e-10
7790 1.01385e-09
7800 -1.60058e-09
7810 4.66212e-10
7820 8.60383e-10
7830 -5.50027e-10
7840 -4.59198e-10
7850 3.23002e-10
7860 6.66843e-10
7870 -1.21349e-09
7880 1.28502e-09
7890 -1.18376e-09
7900 4.339e-10
7910 6.68618e-10
7920 -6.06732e-10
7930 -6.96731e-10
7940 1.19181e-09
7950 -2.20913e-11
7960 -9.7703e-10
7970 4.25704e-10
7980 5.38623e-10
7990 -5.60406e-10
8000 -6.83707e-12
8010 5.62535e-10
8020 -1.24177e-09
8030 1.63437e-09
8040 -8.79597e-10
8050 -3.12207e-10
8060 2.02215e-10
8070 9.71812e-10
8080 -1.06702e-09
8090 -4.18358e-10
8100 1.51855e-09
8110 -1.0312e-09
8120 6.63377e-11
8130 2.25628e-10
8140 -8.37874e-11
8150 -1.83111e-10
8160 7.37079e-10
8170 -1.03976e-09
8180 3.27518e-10
8190 5.6133e-10
8200 -4.51131e-11
8210 -1.35792e-09
8220 1.44854e-09
8230 1.70274e-10
8240 -1.43322e-09
8250 1.09378e-09
8260 -2.93275e-10
8270 2.83771e-10
8280 -7.23023e-10
8290 9.44312e-10
8300 -9.60111e-10
8310 6.35933e-10
8320 3.44862e-10
8330 -1.20879e-09
8340 6.98362e-10
8350 6.50735e-10
8360 -8.16917e-10
8370 -5.49714e-10
8380 1.40597e-09
8390 -5.19375e-10
8400 -6.47617e-10
8410 3.90242e-10
8420 7.66364e-10
8430 -1.3113e-09
8440 9.72109e-10
8450 -3.79765e-10
8460 -1.88429e-10
8470 5.67312e-10
8480 -3.44134e-10
8490 -1.61327e-10
8500 -2.10343e-10
8510 1.53304e-09
8520 -2.06487e-09
8530 7.63949e-10
8540 8.04698e-10
8550 -6.61111e-10
8560 -5.72047e-10
8570 7.45124e-10
8580 4.88299e-10
8590 -1.38998e-09
8600 9.36473e-10
8610 4.83586e-12
8620 -3.57234e-10
8630 1.07254e-10
8640 3.56662e-10
8650 -7.82743e-10
8660 7.41501e-10
8670 -3.33865e-12
8680 -5.9926e-10
8690 4.25855e-11
8700 1.02673e-09
8710 -8.02619e-10
8720 -8.79413e-10
8730 1.94396e-09
8740 -1.07406e-09
8750 -2.55137e-10
8760 5.22911e-11
8770 1.19051e-09
8780 -1.39926e-09
8790 7.99384e-11
8800 1.20109e-09
8810 -1.25302e-09
8820 6.14161e-10
8830 -2.9484e-10
8840 4.84627e-10
8850 -8.1333e-10
8860 9.21931e-10
8870 -4.73578e-10
8880 -5.07708e-10
8890 1.16735e-09
8900 -6.422e-10
8910 -4.36972e-10
8920 4.53308e-10
8930 7.91133e-10
8940 -1.4662e-09
8950 3.76209e-10
8960 1.04267e-09
8970 -7.25705e-10
8980 -8.75689e-10
8990 1.42268e-09
9000 -1.60558e-10
9010 -1.06035e-09
9020 6.49417e-10
9030 4.94691e-10
9040 -5.40352e-10
9050 -6.11449e-10
9060 1.4671e-09
9070 -1.14282e-09
9080 2.72265e-10
9090 1.78042e-10
9100 -3.09225e-11
9110 -2.2844e-10
9120 7.68936e-11
9130 6.50218e-10
9140 -1.48383e-09
9150 1.55647e-09
9160 -6.26261e-10
9170 -2.86344e-10
9180 8.34988e-11
9190 7.14313e-10
9200 -4.7735e-10
9210 -1.06304e-09
9220 2.09744e-09
9230 -1.24073e-09
9240 -2.87903e-10
9250 3.413e-10
9260 9.48624e-10
9270 -1.30632e-09
9280 -2.35716e-10
9290 1.79743e-09
9300 -1.38864e-09
9310 -1.66395e-10
9320 5.26479e-10
9330 7.00865e-10
9340 -1.493e-09
9350 5.08394e-10
9360 1.00082e-09
9370 -1.11543e-09
9380 -1.70121e-11
9390 6.10299e-10
9400 1.30839e-10
9410 -1.04499e-09
9420 8.42599e-10
9430 1.59246e-10
9440 -6.51191e-10
9450 1.44894e-10
9460 5.49425e-10
9470 -4.96774e-10
9480 -2.14952e-10
9490 7.08878e-10
9500 -4.20282e-10
9510 -2.27519e-10
9520 3.45655e-10
9530 3.13853e-10
9540 -9.47939e-10
9550 6.73324e-10
9560 2.55124e-10
9570 -6.53195e-10
9580 3.22009e-11
9590 5.99723e-10
9600 -8.63953e-11
9610 -1.09699e-09
9620 1.36401e-09
9630 -2.94678e-10
9640 -6.22917e-10
9650 1.26245e-10
9660 8.84808e-10
9670 -5.97478e-10
9680 -9.37728e-10
9690 1.73148e-09
9700 -7.49958e-10
9710 -4.80482e-10
9720 1.28941e-10
9730 1.15002e-09
9740 -1.13884e-09
9750 -5.49447e-10
9760 1.77429e-09
9770 -1.00638e-09
9780 -3.62721e-10
9790 1.3302e-10
9800 1.33874e-09
9810 -1.62833e-09
9820 -4.93101e-11
9830 1.57265e-09
9840 -1.04714e-09
9850 -3.51814e-10
9860 2.09168e-10
9870 1.40937e-09
9880 -2.00121e-09
9890 4.47193e-10
9900 1.24062e-09
9910 -9.16451e-10
9920 -4.70291e-10
9930 3.88701e-10
9940 1.34566e-09
9950 -2.21883e-09
9960 8.48505e-10
9970 8.89372e-10
9980 -6.87492e-10
9990 -6.94354e-10
10000 -9.49861e-11
10010 6.20159e-10
10020 8.16429e-10
10030 1.55769e-10
10040 -8.24427e-10
10050 -9.83476e-10
10060 5.82904e-11
10070 1.15443e-09
10080 8.99911e-10
10090 -4.79771e-10
10100 -1.28695e-09
10110 -5.33597e-10
10120 7.97897e-10
10130 1.1028e-09
10140 1.66356e-10
10150 -8.03883e-10
10160 -8.16002e-10
10170 -6.45098e-11
10180 6.37613e-10
10190 7.37768e-10
10200 1.84939e-10
10210 -6.15391e-10
10220 -9.10401e-10
10230 -2.19005e-10
10240 8.72906e-10
10250 1.06939e-09
10260 -3.92103e-11
10270 -1.19794e-09
10280 -9.40639e-10
10290 4.6148e-10
10300 1.28276e-09
10310 5.68253e-10
10320 -7.19777e-10
10330 -1.06852e-09
10340 -2.57778e-10
10350 6.70104e-10
10360 8.23247e-10
10370 2.3746e-10
10380 -5.06739e-10
10390 -8.25355e-10
10400 -3.89205e-10
10410 5.46818e-10
10420 1.05401e-09
10430 3.95924e-10
10440 -8.5503e-10
10450 -1.20455e-09
10460 -9.90213e-11
10470 1.17718e-09
10480 1.04928e-09
10490 -3.06933e-10
10500 -1.22131e-09
10510 -6.91323e-10
10520 5.04461e-10
10530 1.00244e-09
10540 4.58638e-10
10550 -4.05589e-10
10560 -8.16066e-10
10570 -5.20125e-10
10580 2.61176e-10
10590 9.09598e-10
10600 7.03277e-10
10610 -3.62547e-10
10620 -1.18939e-09
10630 -6.83861e-10
10640 7.15671e-10
10650 1.33779e-09
10660 3.68837e-10
10670 -1.02337e-09
10680 -1.16853e-09
10690 4.09218e-12
10700 1.03409e-09
10710 8.50831e-10
10720 -1.27229e-10
10730 -8.20297e-10
10740 -7.08099e-10
10750 -1.69341e-11
10760 7.0535e-10
10770 8.58548e-10
10780 1.46031e-10
10790 -8.84106e-10
10800 -1.07123e-09
10810 7.93196e-12
10820 1.20955e-09
10830 1.04071e-09
10840 -3.81099e-10
10850 -1.3508e-09
10860 -7.27728e-10
10870 6.59255e-10
10880 1.18167e-09
10890 4.15903e-10
10900 -6.25832e-10
10910 -9.15665e-10
10920 -3.7907e-10
10930 4.19265e-10
10940 8.73573e-10
10950 5.79818e-10
10960 -3.64792e-10
10970 -1.10753e-09
10980 -7.02345e-10
10990 6.13441e-10
11000 1.35214e-09
11010 5.23776e-10
11020 -9.58777e-10
11030 -1.31728e-09
11040 -1.59303e-10
11050 1.08212e-09
11060 1.03016e-09
11070 -5.77076e-11
11080 -9.05838e-10
11090 -7.95552e-10
11100 -3.52221e-11
11110 6.9226e-10
11120 8.5943e-10
11130 2.54357e-10
11140 -7.3599e-10
11150 -1.11974e-09
11160 -2.69571e-10
11170 1.03793e-09
11180 1.25207e-09
11190 -1.0123e-11
11200 -1.29469e-09
11210 -1.07021e-09
11220 3.41523e-10
11230 1.25319e-09
11240 7.4822e-10
11250 -4.13897e-10
11260 -9.89862e-10
11270 -6.14434e-10
11280 2.11453e-10
11290 8.33936e-10
11300 7.88018e-10
11310 -2.25476e-11
11320 -9.84727e-10
11330 -1.03443e-09
11340 1.21395e-10
11350 1.2944e-09
11360 1.04099e-09
11370 -4.47257e-10
11380 -1.42658e-09
11390 -7.63388e-10
11400 6.81881e-10
11410 1.24758e-09
11420 4.85822e-10
11430 -6.01442e-10
11440 -9.69976e-10
11450 -4.90452e-10
11460 3.39755e-10
11470 9.21238e-10
11480 7.46369e-10
11490 -2.28181e-10
11500 -1.16375e-09
11510 -9.35415e-10
11520 4.29212e-10
11530 1.43306e-09
11540 8.21796e-10
11550 -7.42805e-10
11560 -1.42804e-09
11570 -5.10396e-10
11580 8.41921e-10
11590 1.16178e-09
11600 3.383e-10
11610 -6.33181e-10
11620 -9.37866e-10
11630 -4.83835e-10
11640 3.72876e-10
11650 1.01729e-09
11660 7.74596e-10
11670 -3.67515e-10
11680 -1.31291e-09
11690 -8.71687e-10
11700 6.37398e-10
11710 1.49808e-09
11720 6.63517e-10
11730 -8.82612e-10
11740 -1.3649e-09
11750 -3.81585e-10
11760 8.32217e-10
11770 1.07037e-09
11780 3.50527e-10
11790 -5.39494e-10
11800 -9.48639e-10
11810 -6.10449e-10
11820 3.33481e-10
11830 1.14509e-09
11840 8.82445e-10
11850 -4.36359e-10
11860 -1.44034e-09
11870 -8.71372e-10
11880 7.24155e-10
11890 1.50871e-09
11900 6.10487e-10
11910 -8.5391e-10
11920 -1.27341e-09
11930 -4.12666e-10
11940 6.61935e-10
11950 1.00522e-09
11960 5.29993e-10
11970 -3.36431e-10
11980 -1.00579e-09
11990 -8.57534e-10
12000 2.17956e-10
12010 1.27952e-09
12020 1.06279e-09
12030 -4.03785e-10
12040 -1.51558e-09
12050 -9.47294e-10
12060 6.50155e-10
12070 1.44914e-09
12080 6.8231e-10
12090 -6.33261e-10
12100 -1.14655e-09
12110 -6.04065e-10
12120 3.25708e-10
12130 9.43281e-10
12140 8.48245e-10
12150 -1.51023e-11
12160 -1.05417e-09
12170 -1.18395e-09
12180 -6.06679e-12
12190 1.34398e-09
12200 1.28485e-09
12210 -2.18115e-10
12220 -1.46518e-09
12230 -1.08202e-09
12240 3.68751e-10
12250 1.25998e-09
12260 8.54032e-10
12270 -1.96646e-10
12280 -9.24249e-10
12290 -9.01381e-10
12300 -1.85032e-10
12310 8.00518e-10
12320 1.22157e-09
12330 4.39723e-10
12340 -9.80775e-10
12350 -1.49766e-09
12360 -3.7116e-10
12370 1.21512e-09
12380 1.46463e-09
12390 1.5601e-10
12400 -1.1775e-09
12410 -1.19237e-09
12420 -1.33174e-10
12430 8.43181e-10
12440 1.01982e-09
12450 4.37179e-10
12460 -5.0327e-10
12470 -1.16179e-09
12480 -8.3317e-10
12490 4.52526e-10
12500 1.48046e-09
12510 9.91348e-10
12520 -6.46019e-10
12530 -1.62403e-09
12540 -8.40616e-10
12550 7.624e-10
12560 1.43173e-09
12570 6.6086e-10
12580 -5.48594e-10
12590 -1.09861e-09
12600 -7.55549e-10
12610 1.16679e-10
12620 9.70746e-10
12630 1.12493e-09
12640 1.93627e-10
12650 -1.14461e-09
12660 -1.44981e-09
12670 -1.79341e-10
12680 1.37108e-09
12690 1.45806e-09
12700 1.2797e-11
12710 -1.31861e-09
12720 -1.21264e-09
12730 -3.55706e-11
12740 9.54816e-10
12750 1.0527e-09
12760 3.8945e-10
12770 -5.69742e-10
12780 -1.20097e-09
12790 -8.4296e-10
12800 4.6627e-10
12810 1.52602e-09
12820 1.05862e-09
12830 -6.10584e-10
12840 -1.67268e-09
12850 -9.52223e-10
12860 6.83137e-10
12870 1.46744e-09
12880 7.96751e-10
12890 -4.21433e-10
12900 -1.09642e-09
12910 -9.02496e-10
12920 -7.25685e-11
12930 9.11141e-10
12940 1.28232e-09
12950 4.56248e-10
12960 -1.02358e-09
12970 -1.61896e-09
12980 -5.09117e-10
12990 1.1948e-09
13000 1.62653e-09
13010 3.8768e-10
13020 -1.08569e-09
13030 -1.34975e-09
13040 -4.33965e-10
13050 6.4778e-10
13060 1.12527e-09
13070 8.05587e-10
13080 -1.6539e-10
13090 -1.19192e-09
13100 -1.28111e-09
13110 -4.19438e-11
13120 1.43725e-09
13130 1.51272e-09
13140 -1.68897e-11
13150 -1.50575e-09
13160 -1.39082e-09
13170 3.26892e-11
13180 1.20498e-09
13190 1.17354e-09
13200 2.70323e-10
13210 -7.05059e-10
13220 -1.18203e-09
13230 -8.08516e-10
13240 3.67153e-10
13250 1.45442e-09
13260 1.23688e-09
13270 -3.33837e-10
13280 -1.68443e-09
13290 -1.30694e-09
13300 3.90569e-10
13310 1.57015e-09
13320 1.14666e-09
13330 -1.9409e-10
13340 -1.13097e-09
13350 -1.09668e-09
13360 -3.26544e-10
13370 7.01157e-10
13380 1.34075e-09
13390 8.95911e-10
13400 -5.49628e-10
13410 -1.68101e-09
13420 -1.16994e-09
13430 6.02306e-10
13440 1.76326e-09
13450 1.11745e-09
13460 -5.15439e-10
13470 -1.4479e-09
13480 -1.02831e-09
13490 7.72682e-11
13500 9.76013e-10
13510 1.19734e-09
13520 5.617e-10
13530 -6.91068e-10
13540 -1.57437e-09
13550 -1.02578e-09
13560 6.79472e-10
13570 1.82339e-09
13580 1.12592e-09
13590 -6.67805e-10
13600 -1.6693e-09
13610 -1.03743e-09
13620 3.47281e-10
13630 1.2098e-09
13640 1.10623e-09
13650 2.8771e-10
13660 -7.93832e-10
13670 -1.44034e-09
13680 -9.02659e-10
13690 6.56066e-10
13700 1.79104e-09
13710 1.18353e-09
13720 -6.54219e-10
13730 -1.80156e-09
13740 -1.14828e-09
13750 4.48941e-10
13760 1.40299e-09
13770 1.11851e-09
13780 1.18843e-10
13790 -8.78195e-10
13800 -1.33883e-09
13810 -8.23797e-10
13820 5.64832e-10
13830 1.69926e-09
13840 1.28448e-09
13850 -4.91282e-10
13860 -1.83876e-09
13870 -1.35338e-09
13880 3.6063e-10
13890 1.52901e-09
13900 1.2474e-09
13910 9.46249e-11
13920 -9.36174e-10
13930 -1.30548e-09
13940 -8.16503e-10
13950 4.18212e-10
13960 1.56386e-09
13970 1.41112e-09
13980 -2.01805e-10
13990 -1.76559e-09
14000 -1.62233e-09
14010 6.75906e-11
14020 1.52869e-09
14030 1.45703e-09
14040 2.36893e-10
14050 -9.35397e-10
14060 -1.35009e-09
14070 -9.18804e-10
14080 1.8867e-10
14090 1.36142e-09
14100 1.51858e-09
14110 1.70834e-10
14120 -1.57832e-09
14130 -1.92537e-09
14140 -4.57812e-10
14150 1.28682e-09
14160 1.62113e-09
14170 4.92356e-10
14180 -8.73665e-10
14190 -1.49808e-09
14200 -1.22161e-09
14210 -2.53749e-10
14220 9.43592e-10
14230 1.43554e-09
14240 4.54568e-10
14250 -1.40285e-09
14260 -2.35824e-09
14270 -1.38489e-09
14280 4.85546e-10
14290 1.33361e-09
14300 4.93476e-10
14310 -1.04458e-09
14320 -2.05834e-09
14330 -2.14634e-09
14340 -1.46233e-09
14350 -3.5277e-10
14360 4.03134e-10
14370 -1.75379e-10
14380 -2.07658e-09
14390 -3.77766e-09
14400 -3.71609e-09
14410 -2.16873e-09
14420 -9.92694e-10
14430 -1.50231e-09
14440 -3.24688e-09
14450 -4.94941e-09
14460 -5.88646e-09
14470 -6.01714e-09
14480 -5.53376e-09
14490 -5.02103e-09
14500 -5.57968e-09
14510 -7.82639e-09
14520 -1.07792e-08
14530 -1.25801e-08
14540 -1.26048e-08
14550 -1.2248e-08
14560 -1.32995e-08
14570 -1.60903e-08
14580 -1.96286e-08
14590 -2.29744e-08
14600 -2.58087e-08
14610 -2.80868e-08
14620 -3.01075e-08
14630 -3.29379e-08
14640 -3.77971e-08
14650 -4.45586e-08
14660 -5.15165e-08
14670 -5.72372e-08
14680 -6.2273e-08
14690 -6.85025e-08
14700 -7.70979e-08
14710 -8.77625e-08
14720 -9.96948e-08
14730 -1.12431e-07
14740 -1.25703e-07
14750 -1.39449e-07
14760 -1.545e-07
14770 -1.72544e-07
14780 -1.946e-07
14790 -2.19802e-07
14800 -2.46428e-07
14810 -2.74109e-07
14820 -3.04387e-07
14830 -3.39129e-07
14840 -3.79112e-07
14850 -4.24293e-07
14860 -4.74615e-07
14870 -5.30004e-07
14880 -5.90276e-07
14890 -6.55994e-07
14900 -7.29182e-07
14910 -8.12284e-07
14920 -9.06233e-07
14930 -1.01024e-06
14940 -1.12375e-06
14950 -1.24807e-06
14960 -1.38575e-06
14970 -1.53912e-06
14980 -1.70988e-06
14990 -1.89967e-06
15000 -2.10994e-06
15010 -2.34168e-06
15020 -2.59608e-06
15030 -2.87602e-06
15040 -3.18607e-06
15050 -3.53052e-06
15060 -3.91192e-06
15070 -4.332e-06
15080 -4.79369e-06
15090 -5.30164e-06
15100 -5.86129e-06
15110 -6.47824e-06
15120 -7.15858e-06
15130 -7.90871e-06
15140 -8.73454e-06
15150 -9.64161e-06
15160 -1.06368e-05
15170 -1.17298e-05
15180 -1.29318e-05
15190 -1.42538e-05
15200 -1.57059e-05
15210 -1.72987e-05
15220 -1.90449e-05
15230 -2.09587e-05
15240 -2.30558e-05
15250 -2.53536e-05
15260 -2.78717e-05
15270 -3.06304e-05
15280 -3.365e-05
15290 -3.69517e-05
15300 -4.05605e-05
15310 -4.4505e-05
15320 -4.88167e-05
15330 -5.35278e-05
15340 -5.86728e-05
15350 -6.42884e-05
15360 -7.0415e-05
15370 -7.70958e-05
15380 -8.43783e-05
15390 -9.23149e-05
15400 -0.000100963
15410 -0.000110383
15420 -0.000120637
15430 -0.000131793
15440 -0.000143927
15450 -0.00015712
15460 -0.00017146
15470 -0.000187041
15480 -0.000203965
15490 -0.000222339
15500 -0.000242279
15510 -0.000263908
15520 -0.000287362
15530 -0.000312785
15540 -0.000340335
15550 -0.000370177
15560 -0.000402489
15570 -0.00043746
15580 -0.000475294
15590 -0.00051621
15600 -0.000560443
15610 -0.000608244
15620 -0.000659882
15630 -0.000715644
15640 -0.000775834
15650 -0.000840776
15660 -0.000910819
15670 -0.000986336
15680 -0.00106773
15690 -0.00115541
15700 -0.00124984
15710 -0.00135149
15720 -0.00146087
15730 -0.00157853
15740 -0.00170504
15750 -0.00184102
15760 -0.00198711
15770 -0.00214402
15780 -0.00231247
15790 -0.00249325
15800 -0.00268717
15810 -0.00289512
15820 -0.00311803
15830 -0.00335687
15840 -0.00361268
15850 -0.00388658
15860 -0.00417972
15870 -0.00449332
15880 -0.00482869
15890 -0.00518719
15900 -0.00557028
15910 -0.00597949
15920 -0.00641641
15930 -0.00688275
15940 -0.0073803
15950 -0.00791092
15960 -0.00847661
15970 -0.00907943
15980 -0.00972158
15990 -0.0104054
16000 -0.0111332
16010 -0.0119076
16020 -0.0127312
16030 -0.0136068
16040 -0.0145373
16050 -0.0155259
16060 -0.0165756
16070 -0.0176898
16080 -0.0188721
16090 -0.0201261
16100 -0.0214556
16110 -0.0228646
16120 -0.0243572
16130 -0.0259379
16140 -0.0276111
16150 -0.0293816
16160 -0.0312542
16170 -0.033234
16180 -0.0353265
16190 -0.037537
16200 -0.0398714
16210 -0.0423355
16220 -0.0449357
16230 -0.0476782
16240 -0.0505697
16250 -0.053617
16260 -0.0568274
16270 -0.0602082
16280 -0.0637669
16290 -0.0675114
16300 -0.0714499
16310 -0.0755907
16320 -0.0799425
16330 -0.0845142
16340 -0.0893149
16350 -0.094354
16360 -0.0996413
16370 -0.105187
16380 -0.111001
16390 -0.117093
16400 -0.123476
16410 -0.130159
16420 -0.137154
16430 -0.144472
16440 -0.152126
16450 -0.160128
16460 -0.168489
16470 -0.177223
16480 -0.186342
16490 -0.195859
16500 -0.205788
16510 -0.216142
16520 -0.226935
16530 -0.23818
16540 -0.249892
16550 -0.262086
16560 -0.274774
16570 -0.287973
16580 -0.301697
16590 -0.315961
16600 -0.330779
16610 -0.346168
16620 -0.362141
16630 -0.378714
16640 -0.395903
16650 -0.413722
16660 -0.432187
16670 -0.451313
16680 -0.471116
16690 -0.491609
16700 -0.512809
16710 -0.53473
16720 -0.557387
16730 -0.580794
16740 -0.604966
16750 -0.629917
16760 -0.655659
16770 -0.682208
16780 -0.709576
16790 -0.737775
16800 -0.766818
16810 -0.796718
16820 -0.827485
16830 -0.85913
16840 -0.891664
16850 -0.925096
16860 -0.959436
16870 -0.994693
16880 -1.03087
16890 -1.06799
16900 -1.10603
16910 -1.14503
16920 -1.18497
16930 -1.22586
16940 -1.26771
16950 -1.31051
16960 -1.35427
16970 -1.39899
16980 -1.44467
16990 -1.4913
17000 -1.53888
17010 -1.58741
17020 -1.63688
17030 -1.68728
17040 -1.73862
17050 -1.79087
17060 -1.84402
17070 -1.89808
17080 -1.95301
17090 -2.00882
17100 -2.06547
17110 -2.12296
17120 -2.18127
17130 -2.24038
17140 -2.30026
17150 -2.36089
17160 -2.42225
17170 -2.48432
17180 -2.54706
17190 -2.61044
17200 -2.67445
17210 -2.73904
17220 -2.80419
17230 -2.86985
17240 -2.93601
17250 -3.0026
17260 -3.06961
17270 -3.13699
17280 -3.2047
17290 -3.2727
17300 -3.34094
17310 -3.40939
17320 -3.47799
17330 -3.5467
17340 -3.61547
17350 -3.68426
17360 -3.75301
17370 -3.82168
17380 -3.89021
17390 -3.95855
17400 -4.02665
17410 -4.09446
17420 -4.16192
17430 -4.22898
17440 -4.29558
17450 -4.36167
17460 -4.42719
17470 -4.4921
17480 -4.55632
17490 -4.61981
17500 -4.68252
17510 -4.74437
17520 -4.80533
17530 -4.86533
17540 -4.92432
17550 -4.98225
17560 -5.03906
17570 -5.0947
17580 -5.14911
17590 -5.20225
17600 -5.25406
17610 -5.30449
17620 -5.35349
17630 -5.40102
17640 -5.44703
17650 -5.49147
17660 -5.5343
17670 -5.57548
17680 -5.61496
17690 -5.6527
17700 -5.68867
17710 -5.72283
17720 -5.75514
17730 -5.78557
17740 -5.81409
17750 -5.84067
17760 -5.86529
17770 -5.8879
17780 -5.90851
17790 -5.92707
17800 -5.94358
17810 -5.95801
17820 -5.97035
17830 -5.98058
17840 -5.98871
17850 -5.99471
17860 -5.99858
17870 -6.00032
17880 -5.99993
17890 -5.9974
17900 -5.99275
17910 -5.98596
17920 -5.97707
17930 -5.96606
17940 -5.95296
17950 -5.93778
17960 -5.92053
17970 -5.90124
17980 -5.87992
17990 -5.8566
18000 -5.8313
18010 -5.80404
18020 -5.77487
18030 -5.7438
18040 -5.71087
18050 -5.67612
18060 -5.63958
18070 -5.60128
18080 -5.56127
18090 -5.51959
18100 -5.47628
18110 -5.43139
18120 -5.38495
18130 -5.33702
18140 -5.28764
18150 -5.23686
18160 -5.18473
18170 -5.1313
18180 -5.07662
18190 -5.02075
18200 -4.96374
18210 -4.90563
18220 -4.84649
18230 -4.78637
18240 -4.72532
18250 -4.66339
18260 -4.60065
18270 -4.53715
18280 -4.47295
18290 -4.40809
18300 -4.34264
18310 -4.27664
18320 -4.21016
18330 -4.14325
18340 -4.07596
18350 -4.00835
18360 -3.94046
18370 -3.87236
18380 -3.80409
18390 -3.7357
18400 -3.66725
18410 -3.59878
18420 -3.53034
18430 -3.46198
18440 -3.39375
18450 -3.32568
18460 -3.25784
18470 -3.19025
18480 -3.12296
18490 -3.05601
18500 -2.98944
18510 -2.92329
18520 -2.8576
18530 -2.7924
18540 -2.72772
18550 -2.6636
18560 -2.60008
18570 -2.53717
18580 -2.47491
18590 -2.41334
18600 -2.35246
18610 -2.29231
18620 -2.23292
18630 -2.17429
18640 -2.11646
18650 -2.05945
18660 -2.00326
18670 -1.94792
18680 -1.89345
18690 -1.83985
18700 -1.78714
18710 -1.73532
18720 -1.68442
18730 -1.63444
18740 -1.58538
18750 -1.53725
18760 -1.49006
18770 -1.44381
18780 -1.39851
18790 -1.35415
18800 -1.31074
18810 -1.26827
18820 -1.22675
18830 -1.18617
18840 -1.14653
18850 -1.10783
18860 -1.07006
18870 -1.03321
18880 -0.99728
18890 -0.962263
18900 -0.92815
18910 -0.894932
18920 -0.8626
18930 -0.831145
18940 -0.800556
18950 -0.770822
18960 -0.741933
18970 -0.713876
18980 -0.686639
18990 -0.66021
19000 -0.634576
19010 -0.609724
19020 -0.585639
19030 -0.562309
19040 -0.53972
19050 -0.517856
19060 -0.496705
19070 -0.47625
19080 -0.456478
19090 -0.437374
19100 -0.418922
19110 -0.401109
19120 -0.383919
19130 -0.367337
19140 -0.351348
19150 -0.335938
19160 -0.321091
19170 -0.306793
19180 -0.293029
19190 -0.279785
19200 -0.267047
19210 -0.254799
19220 -0.243028
19230 -0.23172
19240 -0.220861
19250 -0.210437
19260 -0.200435
19270 -0.190842
19280 -0.181645
19290 -0.17283
19300 -0.164386
19310 -0.1563
19320 -0.14856
19330 -0.141154
19340 -0.13407
19350 -0.127297
19360 -0.120825
19370 -0.114641
19380 -0.108736
19390 -0.1031
19400 -0.097721
19410 -0.0925907
19420 -0.0876992
19430 -0.0830371
19440 -0.0785955
19450 -0.0743656
19460 -0.0703388
19470 -0.0665069
19480 -0.0628619
19490 -0.0593959
19500 -0.0561016
19510 -0.0529715
19520 -0.0499986
19530 -0.0471762
19540 -0.0444976
19550 -0.0419565
19560 -0.0395468
19570 -0.0372625
19580 -0.0350979
19590 -0.0330476
19600 -0.0311062
19610 -0.0292687
19620 -0.0275302
19630 -0.025886
19640 -0.0243314
19650 -0.0228624
19660 -0.0214745
19670 -0.0201639
19680 -0.0189267
19690 -0.0177593
19700 -0.0166581
19710 -0.0156197
19720 -0.014641
19730 -0.0137188
19740 -0.0128503
19750 -0.0120326
19760 -0.011263
19770 -0.0105389
19780 -0.00985803
19790 -0.00921793
19800 -0.0086164
19810 -0.00805133
19820 -0.00752072
19830 -0.00702264
19840 -0.00655528
19850 -0.0061169
19860 -0.00570586
19870 -0.00532059
19880 -0.00495962
19890 -0.00462153
19900 -0.004305
19910 -0.00400876
19920 -0.00373161
19930 -0.00347243
19940 -0.00323013
19950 -0.0030037
19960 -0.00279218
19970 -0.00259466
19980 -0.00241027
19990 -0.00223822
20000 -0.00207773
20010 -0.00192808
20020 -0.00178859
20030 -0.00165861
20040 -0.00153754
20050 -0.00142482
20060 -0.00131991
20070 -0.00122229
20080 -0.00113151
20090 -0.00104711
20100 -0.000968671
20110 -0.000895803
20120 -0.000828131
20130 -0.00076531
20140 -0.000707012
20150 -0.000652931
20160 -0.000602777
20170 -0.000556282
20180 -0.000513195
20190 -0.00047328
20200 -0.000436316
20210 -0.000402097
20220 -0.000370432
20230 -0.000341143
20240 -0.000314061
20250 -0.000289029
20260 -0.000265902
20270 -0.000244543
20280 -0.000224825
20290 -0.000206629
20300 -0.000189842
20310 -0.000174361
20320 -0.00016009
20330 -0.000146937
20340 -0.000134819
20350 -0.000123656
20360 -0.000113377
20370 -0.000103915
20380 -9.52071e-05
20390 -8.71955e-05
20400 -7.98276e-05
20410 -7.30551e-05
20420 -6.68326e-05
20430 -6.11174e-05
20440 -5.58704e-05
20450 -5.10566e-05
20460 -4.66433e-05
20470 -4.25988e-05
20480 -3.88934e-05
20490 -3.55005e-05
20500 -3.2396e-05
20510 -2.95566e-05
20520 -2.69596e-05
20530 -2.45842e-05
20540 -2.24124e-05
20550 -2.04276e-05
20560 -1.86132e-05
20570 -1.69534e-05
20580 -1.54349e-05
20590 -1.40464e-05
20600 -1.27767e-05
20610 -1.16148e-05
20620 -1.0551e-05
20630 -9.5776e-06
20640 -8.68798e-06
20650 -7.87509e-06
20660 -7.13185e-06
20670 -6.45276e-06
20680 -5.83383e-06
20690 -5.27101e-06
20700 -4.75934e-06
20710 -4.29429e-06
20720 -3.87287e-06
20730 -3.49276e-06
20740 -3.15078e-06
20750 -2.84303e-06
20760 -2.56655e-06
20770 -2.31967e-06
20780 -2.10058e-06
20790 -1.90633e-06
20800 -1.73384e-06
20810 -1.58136e-06
20820 -1.44798e-06
20830 -1.33195e-06
20840 -1.23058e-06
20850 -1.14182e-06
20860 -1.06499e-06
20870 -9.99521e-07
20880 -9.43695e-07
20890 -8.95394e-07
20900 -8.53678e-07
20910 -8.18643e-07
20920 -7.89773e-07
20930 -7.65428e-07
20940 -7.44276e-07
20950 -7.26367e-07
20960 -7.12116e-07
20970 -7.00818e-07
20980 -6.91055e-07
20990 -6.82344e-07
21000 -6.75371e-07
21010 -6.70429e-07
21020 -6.66554e-07
21030 -6.62725e-07
21040 -6.59215e-07
21050 -6.56913e-07
21060 -6.55698e-07
21070 -6.54465e-07
21080 -6.52749e-07
21090 -6.51354e-07
21100 -6.50974e-07
21110 -6.51001e-07
21120 -6.50435e-07
21130 -6.49428e-07
21140 -6.49001e-07
21150 -6.49379e-07
21160 -6.49603e-07
21170 -6.49038e-07
21180 -6.48374e-07
21190 -6.48508e-07
21200 -6.49101e-07
21210 -6.49112e-07
21220 -6.48448e-07
21230 -6.48114e-07
21240 -6.48601e-07
21250 -6.49101e-07
21260 -6.48792e-07
21270 -6.48148e-07
21280 -6.48184e-07
21290 -6.48833e-07
21300 -6.49054e-07
21310 -6.48488e-07
21320 -6.48032e-07
21330 -6.48411e-07
21340 -6.49019e-07
21350 -6.48885e-07
21360 -6.48221e-07
21370 -6.48084e-07
21380 -6.48692e-07
21390 -6.49078e-07
21400 -6.48625e-07
21410 -6.48054e-07
21420 -6.48274e-07
21430 -6.48936e-07
21440 -6.48985e-07
21450 -6.48343e-07
21460 -6.48031e-07
21470 -6.48546e-07
21480 -6.4907e-07
21490 -6.48769e-07
21500 -6.4812e-07
21510 -6.48156e-07
21520 -6.4882e-07
21530 -6.49057e-07
21540 -6.48489e-07
21550 -6.48019e-07
21560 -6.48394e-07
21570 -6.49019e-07
21580 -6.48901e-07
21590 -6.48226e-07
21600 -6.48066e-07
21610 -6.48676e-07
21620 -6.49088e-07
21630 -6.48647e-07
21640 -6.48053e-07
21650 -6.48249e-07
21660 -6.48925e-07
21670 -6.49008e-07
21680 -6.48365e-07
21690 -6.48016e-07
21700 -6.48515e-07
21710 -6.49072e-07
21720 -6.48803e-07
21730 -6.48134e-07
21740 -6.48125e-07
21750 -6.48792e-07
21760 -6.49078e-07
21770 -6.48529e-07
21780 -6.48014e-07
21790 -6.4835e-07
21800 -6.49005e-07
21810 -6.48942e-07
21820 -6.48259e-07
21830 -6.48038e-07
21840 -6.48629e-07
21850 -6.49097e-07
21860 -6.48701e-07
21870 -6.48066e-07
21880 -6.48198e-07
21890 -6.48888e-07
21900 -6.49046e-07
21910 -6.4842e-07
21920 -6.48e-07
21930 -6.48451e-07
21940 -6.4906e-07
21950 -6.48865e-07
21960 -6.48173e-07
21970 -6.48077e-07
21980 -6.4873e-07
21990 -6.49101e-07
22000 -6.48603e-07
22010 -6.48021e-07
22020 -6.48276e-07
22030 -6.48965e-07
22040 -6.49001e-07
22050 -6.48326e-07
22060 -6.48005e-07
22070 -6.48545e-07
22080 -6.49095e-07
22090 -6.48787e-07
22100 -6.48105e-07
22110 -6.48126e-07
22120 -6.48817e-07
22130 -6.4909e-07
22140 -6.48513e-07
22150 -6.47995e-07
22160 -6.48353e-07
22170 -6.49023e-07
22180 -6.4895e-07
22190 -6.48248e-07
22200 -6.48022e-07
22210 -6.48629e-07
22220 -6.49114e-07
22230 -6.48713e-07
22240 -6.48055e-07
22250 -6.48177e-07
22260 -6.48888e-07
22270 -6.49069e-07
22280 -6.48435e-07
22290 -6.47982e-07
22300 -6.48423e-07
22310 -6.49066e-07
22320 -6.48899e-07
22330 -6.48185e-07
22340 -6.48045e-07
22350 -6.487e-07
22360 -6.49122e-07
22370 -6.48647e-07
22380 -6.4802e-07
22390 -6.48227e-07
22400 -6.48943e-07
22410 -6.49045e-07
22420 -6.48371e-07
22430 -6.47978e-07
22440 -6.48484e-07
22450 -6.49095e-07
22460 -6.48853e-07
22470 -6.48136e-07
22480 -6.48069e-07
22490 -6.48758e-07
22500 -6.49123e-07
22510 -6.48591e-07
22520 -6.47995e-07
22530 -6.48269e-07
22540 -6.48985e-07
22550 -6.49022e-07
22560 -6.4832e-07
22570 -6.47979e-07
22580 -6.48533e-07
22590 -6.49116e-07
22600 -6.48815e-07
22610 -6.481e-07
22620 -6.4809e-07
22630 -6.48802e-07
22640 -6.49122e-07
22650 -6.48549e-07
22660 -6.47978e-07
22670 -6.48302e-07
22680 -6.49016e-07
22690 -6.49004e-07
22700 -6.48283e-07
22710 -6.4798e-07
22720 -6.48568e-07
22730 -6.49131e-07
22740 -6.48788e-07
22750 -6.48074e-07
22760 -6.48104e-07
22770 -6.48832e-07
22780 -6.49122e-07
22790 -6.48521e-07
22800 -6.47965e-07
22810 -6.48322e-07
22820 -6.49036e-07
22830 -6.48994e-07
22840 -6.4826e-07
22850 -6.47978e-07
22860 -6.48589e-07
22870 -6.49141e-07
22880 -6.48774e-07
22890 -6.48058e-07
22900 -6.48109e-07
22910 -6.48848e-07
22920 -6.49126e-07
22930 -6.48508e-07
22940 -6.47956e-07
22950 -6.48329e-07
22960 -6.49048e-07
22970 -6.48994e-07
22980 -6.48251e-07
22990 -6.47973e-07
23000 -6.48594e-07
23010 -6.49149e-07
23020 -6.48775e-07
23030 -6.48052e-07
23040 -6.48103e-07
23050 -6.48851e-07
23060 -6.49134e-07
23070 -6.48512e-07
23080 -6.4795e-07
23090 -6.48321e-07
23100 -6.4905e-07
23110 -6.49006e-07
23120 -6.48255e-07
23130 -6.47962e-07
23140 -6.48582e-07
23150 -6.49155e-07
23160 -6.48791e-07
23170 -6.48054e-07
23180 -6.48086e-07
23190 -6.48839e-07
23200 -6.49146e-07
23210 -6.48532e-07
23220 -6.47946e-07
23230 -6.48296e-07
23240 -6.49042e-07
23250 -6.49028e-07
23260 -6.48275e-07
23270 -6.47948e-07
23280 -6.48553e-07
23290 -6.49156e-07
23300 -6.48823e-07
23310 -6.48068e-07
23320 -6.48058e-07
23330 -6.4881e-07
23340 -6.49162e-07
23350 -6.4857e-07
23360 -6.47947e-07
23370 -6.48256e-07
23380 -6.49021e-07
23390 -6.49061e-07
23400 -6.48313e-07
23410 -6.47931e-07
23420 -6.48505e-07
23430 -6.49151e-07
23440 -6.48871e-07
23450 -6.48097e-07
23460 -6.48021e-07
23470 -6.48763e-07
23480 -6.49179e-07
23490 -6.48627e-07
23500 -6.47957e-07
23510 -6.48201e-07
23520 -6.48984e-07
23530 -6.49102e-07
23540 -6.48371e-07
23550 -6.47916e-07
23560 -6.48438e-07
23570 -6.49135e-07
23580 -6.48934e-07
23590 -6.48143e-07
23600 -6.47978e-07
23610 -6.48694e-07
23620 -6.49191e-07
23630 -6.48704e-07
23640 -6.47981e-07
23650 -6.48133e-07
23660 -6.48928e-07
23670 -6.49146e-07
23680 -6.48451e-07
23690 -6.4791e-07
23700 -6.48354e-07
23710 -6.49104e-07
23720 -6.49011e-07
23730 -6.48218e-07
23740 -6.47944e-07
23750 -6.48615e-07
23760 -6.49209e-07
23770 -6.48825e-07
23780 -6.48062e-07
23790 -6.48108e-07
23800 -6.4892e-07
23810 -6.49291e-07
23820 -6.48704e-07
23830 -6.48128e-07
23840 -6.48544e-07
23850 -6.49453e-07
23860 -6.49652e-07
23870 -6.4909e-07
23880 -6.48973e-07
23890 -6.4995e-07
23900 -6.51159e-07
23910 -6.51596e-07
23920 -6.51714e-07
23930 -6.52819e-07
23940 -6.55181e-07
23950 -6.57756e-07
23960 -6.5995e-07
23970 -6.62736e-07
23980 -6.67432e-07
23990 -6.74009e-07
24000 -6.81521e-07
24010 -6.90019e-07
24020 -7.01033e-07
24030 -7.1591e-07
24040 -7.34545e-07
24050 -7.56457e-07
24060 -7.82584e-07
24070 -8.15075e-07
24080 -8.55401e-07
24090 -9.03669e-07
24100 -9.60197e-07
24110 -1.02694e-06
24120 -1.10661e-06
24130 -1.2008e-06
24140 -1.30997e-06
24150 -1.4353e-06
24160 -1.57956e-06
24170 -1.74566e-06
24180 -1.93507e-06
24190 -2.14848e-06
24200 -2.38766e-06
24210 -2.65578e-06
24220 -2.95555e-06
24230 -3.28821e-06
24240 -3.65478e-06
24250 -4.05783e-06
24260 -4.50112e-06
24270 -4.98778e-06
24280 -5.51987e-06
24290 -6.10017e-06
24300 -6.7336e-06
24310 -7.42625e-06
24320 -8.18368e-06
24330 -9.01113e-06
24340 -9.91545e-06
24350 -1.0906e-05
24360 -1.19928e-05
24370 -1.31857e-05
24380 -1.44941e-05
24390 -1.593e-05
24400 -1.75069e-05
24410 -1.92388e-05
24420 -2.1139e-05
24430 -2.32211e-05
24440 -2.5501e-05
24450 -2.79968e-05
24460 -3.07265e-05
24470 -3.37082e-05
24480 -3.69622e-05
24490 -4.0512e-05
24500 -4.43841e-05
24510 -4.86062e-05
24520 -5.32075e-05
24530 -5.8221e-05
24540 -6.36844e-05
24550 -6.96383e-05
24560 -7.61251e-05
24570 -8.31895e-05
24580 -9.08809e-05
24590 -9.92531e-05
24600 -0.000108363
24610 -0.00011827
24620 -0.000129037
24630 -0.000140733
24640 -0.000153434
24650 -0.00016722
24660 -0.000182178
24670 -0.0001984
24680 -0.000215988
24690 -0.000235052
24700 -0.000255712
24710 -0.000278092
24720 -0.000302327
24730 -0.000328563
24740 -0.000356956
24750 -0.000387669
24760 -0.000420879
24770 -0.000456772
24780 -0.000495551
24790 -0.000537433
24800 -0.000582648
24810 -0.000631442
24820 -0.00068408
24830 -0.000740847
24840 -0.000802047
24850 -0.000868002
24860 -0.000939053
24870 -0.00101557
24880 -0.00109794
24890 -0.00118658
24900 -0.00128192
24910 -0.00138444
24920 -0.00149463
24930 -0.00161302
24940 -0.00174018
24950 -0.00187671
24960 -0.00202324
24970 -0.00218045
24980 -0.00234905
24990 -0.00252981
25000 -0.00272353
25010 -0.00293106
25020 -0.0031533
25030 -0.0033912
25040 -0.00364577
25050 -0.00391807
25060 -0.00420923
25070 -0.00452045
25080 -0.00485298
25090 -0.00520815
25100 -0.00558736
25110 -0.00599207
25120 -0.00642386
25130 -0.00688435
25140 -0.00737526
25150 -0.00789841
25160 -0.0084557
25170 -0.00904914
25180 -0.00968083
25190 -0.010353
25200 -0.0110679
25210 -0.0118281
25220 -0.0126361
25230 -0.0134945
25240 -0.0144062
25250 -0.015374
25260 -0.0164012
25270 -0.0174908
25280 -0.0186463
25290 -0.0198711
25300 -0.021169
25310 -0.0225438
25320 -0.0239993
25330 -0.02554
25340 -0.0271699
25350 -0.0288938
25360 -0.0307162
25370 -0.0326422
25380 -0.0346767
25390 -0.0368251
25400 -0.0390928
25410 -0.0414857
25420 -0.0440096
25430 -0.0466706
25440 -0.0494751
25450 -0.0524297
25460 -0.0555413
25470 -0.0588169
25480 -0.0622638
25490 -0.0658895
25500 -0.0697018
25510 -0.0737088
25520 -0.0779188
25530 -0.0823403
25540 -0.0869822
25550 -0.0918534
25560 -0.0969633
25570 -0.102322
25580 -0.107938
25590 -0.113822
25600 -0.119986
25610 -0.126438
25620 -0.133191
25630 -0.140255
25640 -0.147641
25650 -0.155362
25660 -0.163429
25670 -0.171855
25680 -0.180651
25690 -0.189831
25700 -0.199407
25710 -0.209393
25720 -0.219801
25730 -0.230645
25740 -0.241939
25750 -0.253697
25760 -0.265933
25770 -0.27866
25780 -0.291894
25790 -0.305649
25800 -0.319939
25810 -0.334779
25820 -0.350185
25830 -0.36617
25840 -0.38275
25850 -0.39994
25860 -0.417754
25870 -0.436209
25880 -0.455318
25890 -0.475097
25900 -0.49556
25910 -0.516723
25920 -0.538599
25930 -0.561203
25940 -0.584551
25950 -0.608654
25960 -0.633529
25970 -0.659187
25980 -0.685642
25990 -0.712908
26000 -0.740997
26010 -0.769921
26020 -0.799691
26030 -0.83032
26040 -0.861817
26050 -0.894194
26060 -0.92746
26070 -0.961624
26080 -0.996695
26090 -1.03268
26100 -1.06959
26110 -1.10742
26120 -1.14619
26130 -1.1859
26140 -1.22654
26150 -1.26814
26160 -1.31068
26170 -1.35417
26180 -1.39861
26190 -1.444
26200 -1.49033
26210 -1.53761
26220 -1.58582
26230 -1.63498
26240 -1.68505
26250 -1.73605
26260 -1.78796
26270 -1.84077
26280 -1.89448
26290 -1.94906
26300 -2.0045
26310 -2.06079
26320 -2.11791
26330 -2.17585
26340 -2.23458
26350 -2.29409
26360 -2.35434
26370 -2.41533
26380 -2.47702
26390 -2.53938
26400 -2.6024
26410 -2.66603
26420 -2.73025
26430 -2.79504
26440 -2.86034
26450 -2.92614
26460 -2.99239
26470 -3.05906
26480 -3.12611
26490 -3.19349
26500 -3.26117
26510 -3.32911
26520 -3.39726
26530 -3.46558
26540 -3.53402
26550 -3.60253
26560 -3.67107
26570 -3.7396
26580 -3.80805
26590 -3.87638
26600 -3.94453
26610 -4.01247
26620 -4.08013
26630 -4.14746
26640 -4.2144
26650 -4.28091
26660 -4.34693
26670 -4.4124
26680 -4.47727
26690 -4.54148
26700 -4.60498
26710 -4.66771
26720 -4.72962
26730 -4.79065
26740 -4.85075
26750 -4.90986
26760 -4.96793
26770 -5.0249
26780 -5.08072
26790 -5.13534
26800 -5.1887
26810 -5.24076
26820 -5.29147
26830 -5.34076
26840 -5.38861
26850 -5.43495
26860 -5.47974
26870 -5.52295
26880 -5.56451
26890 -5.6044
26900 -5.64258
26910 -5.67899
26920 -5.71361
26930 -5.7464
26940 -5.77732
26950 -5.80635
26960 -5.83345
26970 -5.8586
26980 -5.88176
26990 -5.90292
27000 -5.92205
27010 -5.93913
27020 -5.95414
27030 -5.96707
27040 -5.9779
27050 -5.98663
27060 -5.99323
27070 -5.99771
27080 -6.00006
27090 -6.00027
27100 -5.99835
27110 -5.9943
27120 -5.98813
27130 -5.97983
27140 -5.96942
27150 -5.9569
27160 -5.9423
27170 -5.92563
27180 -5.9069
27190 -5.88613
27200 -5.86335
27210 -5.83858
27220 -5.81185
27230 -5.78318
27240 -5.7526
27250 -5.72015
27260 -5.68586
27270 -5.64976
27280 -5.61189
27290 -5.57229
27300 -5.53099
27310 -5.48805
27320 -5.44351
27330 -5.3974
27340 -5.34978
27350 -5.30068
27360 -5.25017
27370 -5.19829
27380 -5.14508
27390 -5.09061
27400 -5.03492
27410 -4.97806
27420 -4.92009
27430 -4.86106
27440 -4.80103
27450 -4.74005
27460 -4.67818
27470 -4.61546
27480 -4.55197
27490 -4.48775
27500 -4.42285
27510 -4.35734
27520 -4.29127
27530 -4.2247
27540 -4.15767
27550 -4.09025
27560 -4.02249
27570 -3.95443
27580 -3.88614
27590 -3.81767
27600 -3.74907
27610 -3.68038
27620 -3.61167
27630 -3.54297
27640 -3.47434
27650 -3.40582
27660 -3.33746
27670 -3.26931
27680 -3.2014
27690 -3.13379
27700 -3.0665
27710 -2.99959
27720 -2.9331
27730 -2.86705
27740 -2.80149
27750 -2.73645
27760 -2.67197
27770 -2.60807
27780 -2.54479
27790 -2.48216
27800 -2.42021
27810 -2.35896
27820 -2.29843
27830 -2.23866
27840 -2.17967
27850 -2.12147
27860 -2.06409
27870 -2.00754
27880 -1.95184
27890 -1.89701
27900 -1.84306
27910 -1.79
27920 -1.73785
27930 -1.68662
27940 -1.63631
27950 -1.58694
27960 -1.5385
27970 -1.49101
27980 -1.44446
27990 -1.39887
28000 -1.35424
28010 -1.31055
28020 -1.26783
28030 -1.22606
28040 -1.18524
28050 -1.14536
28060 -1.10644
28070 -1.06845
28080 -1.0314
28090 -0.995279
28100 -0.960078
28110 -0.92579
28120 -0.892406
28130 -0.859919
28140 -0.828317
28150 -0.797591
28160 -0.76773
28170 -0.738722
28180 -0.710555
28190 -0.683218
28200 -0.656697
28210 -0.630979
28220 -0.606051
28230 -0.5819
28240 -0.55851
28250 -0.535869
28260 -0.513961
28270 -0.492772
28280 -0.472288
28290 -0.452492
28300 -0.433371
28310 -0.414909
28320 -0.397091
28330 -0.379902
28340 -0.363327
28350 -0.34735
28360 -0.331957
28370 -0.317132
28380 -0.302861
28390 -0.289128
28400 -0.275919
28410 -0.263218
28420 -0.251012
28430 -0.239287
28440 -0.228027
28450 -0.217219
28460 -0.206849
28470 -0.196904
28480 -0.187369
28490 -0.178232
28500 -0.16948
28510 -0.161099
28520 -0.153078
28530 -0.145405
28540 -0.138066
28550 -0.131051
28560 -0.124347
28570 -0.117944
28580 -0.11183
28590 -0.105996
28600 -0.100429
28610 -0.095121
28620 -0.0900609
28630 -0.0852394
28640 -0.080647
28650 -0.0762747
28660 -0.0721134
28670 -0.0681547
28680 -0.0643901
28690 -0.0608116
28700 -0.0574114
28710 -0.0541818
28720 -0.0511155
28730 -0.0482053
28740 -0.0454446
28750 -0.0428265
28760 -0.0403447
28770 -0.0379931
28780 -0.0357657
28790 -0.0336568
28800 -0.0316608
28810 -0.0297725
28820 -0.0279867
28830 -0.0262986
28840 -0.0247034
28850 -0.0231966
28860 -0.0217739
28870 -0.0204311
28880 -0.0191642
28890 -0.0179694
28900 -0.0168431
28910 -0.0157816
28920 -0.0147817
28930 -0.0138402
28940 -0.012954
28950 -0.0121202
28960 -0.0113359
28970 -0.0105986
28980 -0.00990568
28990 -0.00925472
29000 -0.00864343
29010 -0.00806961
29020 -0.00753117
29030 -0.00702612
29040 -0.00655258
29050 -0.00610875
29060 -0.00569294
29070 -0.00530352
29080 -0.00493896
29090 -0.00459779
29100 -0.00427865
29110 -0.00398023
29120 -0.00370129
29130 -0.00344066
29140 -0.00319723
29150 -0.00296995
29160 -0.00275782
29170 -0.00255993
29180 -0.00237539
29190 -0.00220335
29200 -0.00204303
29210 -0.0018937
29220 -0.00175464
29230 -0.00162521
29240 -0.00150479
29250 -0.00139279
29260 -0.00128866
29270 -0.00119188
29280 -0.00110197
29290 -0.00101848
29300 -0.000940979
29310 -0.000869057
29320 -0.000802341
29330 -0.000740479
29340 -0.000683142
29350 -0.00063002
29360 -0.000580818
29370 -0.000535263
29380 -0.000493101
29390 -0.000454097
29400 -0.00041803
29410 -0.00038469
29420 -0.000353879
29430 -0.000325415
29440 -0.000299133
29450 -0.000274876
29460 -0.000252497
29470 -0.000231855
29480 -0.000212821
29490 -0.000195277
29500 -0.000179116
29510 -0.000164235
29520 -0.000150536
29530 -0.000137928
29540 -0.000126328
29550 -0.000115661
29560 -0.000105858
29570 -9.68511e-05
29580 -8.85775e-05
29590 -8.09789e-05
29600 -7.40034e-05
29610 -6.7604e-05
29620 -6.1736e-05
29630 -5.63561e-05
29640 -5.14239e-05
29650 -4.69033e-05
29660 -4.27626e-05
29670 -3.89722e-05
29680 -3.55036e-05
29690 -3.2329e-05
29700 -2.94234e-05
29710 -2.67651e-05
29720 -2.43347e-05
29730 -2.21137e-05
29740 -2.00836e-05
29750 -1.82273e-05
29760 -1.65295e-05
29770 -1.49775e-05
29780 -1.35593e-05
29790 -1.2263e-05
29800 -1.10769e-05
29810 -9.99047e-06
29820 -8.99473e-06
29830 -8.08197e-06
29840 -7.2446e-06
29850 -6.47478e-06
29860 -5.76497e-06
29870 -5.10873e-06
29880 -4.50073e-06
29890 -3.93598e-06
29900 -3.40919e-06
29910 -2.91488e-06
29920 -2.44799e-06
29930 -2.00439e-06
29940 -1.58042e-06
29950 -1.17229e-06
29960 -7.75672e-07
29970 -3.86195e-07
29980 0
