-20 0
0 1.46605e-14
20 2.30318e-14
40 2.68156e-14
60 8.54493e-16
80 1.23842e-14
100 -8.7903e-16
120 -5.68848e-15
140 -4.38524e-15
160 -6.93098e-15
180 1.10059e-14
200 1.02249e-14
220 -1.90534e-14
240 7.19321e-15
260 9.93568e-15
280 1.32475e-14
300 2.11671e-14
320 2.72323e-14
340 4.31737e-14
360 1.98752e-14
380 1.4824e-14
400 4.75309e-15
420 6.32389e-15
440 -1.2432e-14
460 -1.11401e-14
480 3.99261e-15
500 -1.93369e-14
520 -3.22406e-14
540 -3.30754e-14
560 -2.85488e-14
580 -2.1158e-14
600 -5.39896e-15
620 -1.0894e-14
640 -1.79422e-14
660 -1.1341e-14
680 -3.4657e-14
700 -3.06825e-14
720 -4.47958e-14
740 -4.34099e-14
760 -3.19347e-14
780 -3.80166e-14
800 -1.10155e-14
820 -1.24966e-14
840 -2.44665e-14
860 -2.68335e-14
880 -4.53375e-14
900 -2.55929e-14
920 -3.70762e-14
940 -3.22022e-14
960 -3.52656e-14
980 -3.40489e-14
1000 -3.98121e-14
1020 -3.32949e-14
1040 -3.19777e-14
1060 -2.1007e-14
1080 -7.50702e-15
1100 6.83956e-15
1120 -2.12482e-14
1140 -2.34807e-14
1160 -3.9416e-14
1180 -4.67636e-14
1200 -5.59631e-14
1220 -4.83606e-14
1240 -4.96589e-14
1260 -3.53932e-14
1280 -1.95505e-14
1300 -1.30394e-14
1320 -1.04596e-14
1340 -1.14486e-15
1360 6.84436e-15
1380 -1.38849e-14
1400 -2.18816e-14
1420 -1.49436e-14
1440 -2.51787e-14
1460 -2.39356e-14
1480 -3.67812e-14
1500 -5.0358e-14
1520 -3.05902e-14
1540 -3.8197e-14
1560 -3.8204e-14
1580 -2.10038e-14
1600 -3.60701e-14
1620 -5.16189e-14
1640 -4.65597e-14
1660 -6.86544e-14
1680 -6.70092e-14
1700 -8.47868e-14
1720 -7.53962e-14
1740 -7.92504e-14
1760 -7.32711e-14
1780 -6.01121e-14
1800 -6.79264e-14
1820 -7.84292e-14
1840 -5.41025e-14
1860 -6.8652e-14
1880 -7.94151e-14
1900 -6.98693e-14
1920 -7.00877e-14
1940 -8.15721e-14
1960 -7.27498e-14
1980 -4.98034e-14
2000 -4.90509e-14
2020 -2.12299e-14
2040 -1.88595e-14
2060 1.39044e-14
2080 1.24931e-13
2100 3.3902e-13
2120 8.17954e-13
2140 1.85252e-12
2160 4.01776e-12
2180 8.56409e-12
2200 1.80339e-11
2220 3.75076e-11
2240 7.73894e-11
2260 1.58257e-10
2280 3.2077e-10
2300 6.44466e-10
2320 1.28349e-09
2340 2.53383e-09
2360 4.95808e-09
2380 9.61569e-09
2400 1.84819e-08
2420 3.52031e-08
2440 6.64438e-08
2460 1.24261e-07
2480 2.30242e-07
2500 4.22644e-07
2520 7.68541e-07
2540 1.38429e-06
2560 2.46954e-06
2580 4.36311e-06
2600 7.63359e-06
2620 1.32243e-05
2640 2.26822e-05
2660 3.85146e-05
2680 6.47362e-05
2700 0.000107698
2720 0.000177318
2740 0.000288896
2760 0.000465715
2780 0.00074274
2800 0.00117176
2820 0.00182839
2840 0.00282143
2860 0.00430508
2880 0.00649446
2900 0.00968478
2920 0.0142743
2940 0.0207907
2960 0.0299198
2980 0.0425353
3000 0.0597261
3020 0.0828169
3040 0.113378
3060 0.153216
3080 0.20434
3100 0.268891
3120 0.349036
3140 0.446814
3160 0.56394
3180 0.701566
3200 0.860016
3220 1.03852
3240 1.23494
3260 1.44564
3280 1.66528
3300 1.88696
3320 2.10235
3340 2.30206
3360 2.47625
3380 2.61524
3400 2.71036
3420 2.75474
3440 2.74404
3460 2.67701
3480 2.55577
3500 2.38584
3520 2.17571
3540 1.93624
3560 1.67964
3580 1.41847
3600 1.16454
3620 0.927943
3640 0.716358
3660 0.534664
3680 0.384895
3700 0.266516
3720 0.176948
3740 0.112226
3760 0.0676986
3780 0.0386423
3800 0.0207421
3820 0.0103896
3840 0.00480496
3860 0.00201513
3880 0.000733823
3900 0.000196772
3920 -5.68466e-06
3940 -6.93581e-05
3960 -7.75707e-05
3980 -6.34376e-05
4000 -4.15338e-05
4020 -2.01963e-05
4040 -4.42291e-06
4060 4.01225e-06
4080 6.14488e-06
4100 4.55948e-06
4120 1.90478e-06
4140 -1.03428e-07
4160 -9.17599e-07
4180 -8.1339e-07
4200 -3.5045e-07
4220 3.5963e-08
4240 1.83779e-07
4260 1.44172e-07
4280 4.29113e-08
4300 -2.73353e-08
4320 -4.16999e-08
4340 -2.19064e-08
4360 1.07648e-09
4380 1.07757e-08
4400 7.9658e-09
4420 1.21375e-09
4440 -2.76724e-09
4460 -2.66022e-09
4480 -6.82031e-10
4500 7.62267e-10
4520 8.84525e-10
4540 2.70464e-10
4560 -2.38462e-10
4580 -3.02342e-10
4600 -9.40134e-11
4620 8.57945e-11
4640 1.06492e-10
4660 2.91338e-11
4680 -3.47994e-11
4700 -3.84936e-11
4720 -7.69458e-12
4740 1.48835e-11
4760 1.37659e-11
4780 1.03149e-12
4800 -6.68164e-12
4820 -4.90066e-12
4840 3.38824e-13
4860 2.74946e-12
4880 1.50615e-12
4900 -6.13408e-13
4920 -1.30019e-12
4940 -5.99815e-13
4960 2.08805e-13
4980 4.18411e-13
5000 4.94707e-13
5020 -3.80157e-13
5040 -1.54725e-12
5060 -1.21235e-12
5080 1.34107e-12
5100 3.75119e-12
5120 1.66264e-12
5140 -5.43713e-12
5160 -1.0003e-11
5180 -1.77194e-12
5200 1.73145e-11
5220 2.4959e-11
5240 -3.20824e-12
5260 -5.4585e-11
5280 -6.46749e-11
5300 2.62528e-11
5320 1.68623e-10
5340 1.74361e-10
5360 -1.14748e-10
5380 -5.33338e-10
5400 -5.16694e-10
5420 4.0853e-10
5440 1.74694e-09
5460 1.73828e-09
5480 -1.25496e-09
5500 -5.95995e-09
5520 -6.72342e-09
5540 2.86893e-09
5560 2.08043e-08
5580 2.90396e-08
5600 6.9488e-10
5620 -7.02832e-08
5640 -1.31826e-07
5660 -7.23628e-08
5680 1.96408e-07
5700 5.77018e-07
5720 6.59088e-07
5740 -1.55513e-07
5760 -2.09541e-06
5780 -4.14711e-06
5800 -3.51596e-06
5820 3.45486e-06
5840 1.7921e-05
5860 3.30795e-05
5880 2.96441e-05
5900 -2.15435e-05
5920 -0.000141998
5940 -0.000308502
5960 -0.000402391
5980 -0.000170269
6000 0.000754047
6020 0.00269343
6040 0.00555408
6060 0.0081663
6080 0.00731895
6100 -0.00345151
6120 -0.0351532
6140 -0.104445
6160 -0.234223
6180 -0.453327
6200 -0.79512
6220 -1.29479
6240 -1.98551
6260 -2.89378
6280 -4.0346
6300 -5.40706
6320 -6.99124
6340 -8.74697
6360 -10.6148
6380 -12.5195
6400 -14.3753
6420 -16.0926
6440 -17.5861
6460 -18.7811
6480 -19.6205
6500 -20.0686
6520 -20.1133
6540 -19.7659
6560 -19.0591
6580 -18.0424
6600 -16.7777
6620 -15.3332
6640 -13.7784
6660 -12.1791
6680 -10.594
6700 -9.07183
6720 -7.6502
6740 -6.35532
6760 -5.20265
6780 -4.19818
6800 -3.34017
6820 -2.62096
6840 -2.02883
6860 -1.54962
6880 -1.16815
6900 -0.869283
6920 -0.638703
6940 -0.463444
6960 -0.332153
6980 -0.23518
7000 -0.164535
7020 -0.113758
7040 -0.0777395
7060 -0.0525175
7080 -0.0350778
7100 -0.023168
7120 -0.0151332
7140 -0.00977726
7160 -0.00624888
7180 -0.0039513
7200 -0.00247219
7220 -0.00153066
7240 -0.000937944
7260 -0.000568885
7280 -0.000341559
7300 -0.000203024
7320 -0.000119484
7340 -6.96294e-05
7360 -4.01828e-05
7380 -2.29662e-05
7400 -1.30011e-05
7420 -7.29033e-06
7440 -4.04975e-06
7460 -2.22873e-06
7480 -1.21526e-06
7500 -6.56594e-07
7520 -3.51539e-07
7540 -1.86522e-07
7560 -9.8084e-08
7580 -5.11218e-08
7600 -2.6411e-08
7620 -1.35257e-08
7640 -6.86687e-09
7660 -3.45624e-09
7680 -1.72471e-09
7700 -8.53285e-10
7720 -4.18519e-10
7740 -2.03502e-10
7760 -9.8053e-11
7780 -4.67846e-11
7800 -2.20702e-11
7820 -1.02299e-11
7840 -4.64768e-12
7860 -2.00119e-12
7880 -7.7259e-13
7900 -2.02506e-13
7920 4.55522e-14
7940 1.71704e-13
7960 2.22379e-13
7980 2.53597e-13
8000 2.65813e-13
8020 2.71112e-13
8040 2.78582e-13
8060 2.74581e-13
8080 2.73194e-13
8100 2.66862e-13
8120 2.6613e-13
8140 2.53613e-13
8160 2.48142e-13
8180 2.48234e-13
8200 2.58275e-13
8220 2.64534e-13
8240 2.61268e-13
8260 2.48101e-13
8280 2.47733e-13
8300 2.51054e-13
8320 2.46717e-13
8340 2.45606e-13
8360 2.55753e-13
8380 2.54684e-13
8400 2.53851e-13
8420 2.52987e-13
8440 2.65224e-13
8460 2.61729e-13
8480 2.50441e-13
8500 2.55479e-13
8520 2.48894e-13
8540 2.4518e-13
8560 2.46651e-13
8580 2.499e-13
8600 2.44682e-13
8620 2.44127e-13
8640 2.53839e-13
8660 2.45584e-13
8680 2.55029e-13
8700 2.49082e-13
8720 2.50016e-13
8740 2.39675e-13
8760 2.5718e-13
8780 2.43923e-13
8800 2.49738e-13
8820 2.46831e-13
8840 2.5158e-13
8860 2.61273e-13
8880 2.51565e-13
8900 2.43804e-13
8920 2.36532e-13
8940 2.28287e-13
8960 2.36072e-13
8980 2.19239e-13
9000 2.27812e-13
9020 2.27035e-13
9040 2.13217e-13
9060 2.18571e-13
9080 2.34557e-13
9100 2.1495e-13
9120 2.35635e-13
9140 2.39346e-13
9160 2.50409e-13
9180 2.46747e-13
9200 2.46334e-13
9220 2.52682e-13
9240 2.53259e-13
9260 2.47084e-13
9280 2.69682e-13
9300 2.55668e-13
9320 2.46321e-13
9340 2.5791e-13
9360 2.52052e-13
9380 2.55232e-13
9400 2.47342e-13
9420 2.55993e-13
9440 2.6333e-13
9460 2.80627e-13
9480 2.73495e-13
9500 2.58988e-13
9520 2.72297e-13
9540 2.6918e-13
9560 2.77706e-13
9580 2.75888e-13
9600 2.71678e-13
9620 2.66793e-13
9640 2.73995e-13
9660 2.75307e-13
9680 2.90292e-13
9700 2.88845e-13
9720 2.79865e-13
9740 2.84043e-13
9760 2.75497e-13
9780 2.68378e-13
9800 2.67706e-13
9820 2.71531e-13
9840 2.59865e-13
9860 2.5408e-13
9880 2.56464e-13
9900 2.50812e-13
9920 2.70097e-13
9940 2.53682e-13
9960 2.62855e-13
9980 2.57028e-13
10000 2.50345e-13
10020 2.56255e-13
10040 2.53578e-13
10060 2.43681e-13
10080 2.36046e-13
10100 2.52645e-13
10120 2.37144e-13
10140 2.43302e-13
10160 2.47303e-13
10180 2.50113e-13
10200 2.57194e-13
10220 2.52958e-13
10240 2.39059e-13
10260 2.30125e-13
10280 2.39416e-13
10300 2.4691e-13
10320 2.29599e-13
10340 2.43159e-13
10360 2.42795e-13
10380 2.63819e-13
10400 2.53209e-13
10420 2.52561e-13
10440 2.54718e-13
10460 2.52284e-13
10480 2.46689e-13
10500 2.47753e-13
10520 2.30886e-13
10540 2.41605e-13
10560 2.23204e-13
10580 2.32921e-13
10600 2.27749e-13
10620 2.19489e-13
10640 2.16956e-13
10660 2.07315e-13
10680 2.21283e-13
10700 2.21567e-13
10720 2.09526e-13
10740 1.96152e-13
10760 1.98365e-13
10780 1.89277e-13
10800 1.91092e-13
10820 1.68704e-13
10840 1.72828e-13
10860 1.57481e-13
10880 1.63607e-13
10900 1.69857e-13
10920 1.83967e-13
10940 1.87433e-13
10960 1.77645e-13
10980 1.8115e-13
11000 1.78361e-13
11020 1.91029e-13
11040 1.97917e-13
11060 1.91621e-13
11080 1.78142e-13
11100 1.81621e-13
11120 1.97158e-13
11140 1.94165e-13
11160 1.79018e-13
11180 1.77234e-13
11200 1.85554e-13
11220 1.84349e-13
11240 1.77178e-13
11260 1.73124e-13
11280 1.72775e-13
11300 1.81986e-13
11320 1.83987e-13
11340 1.6413e-13
11360 1.69712e-13
11380 1.76827e-13
11400 1.84314e-13
11420 1.70214e-13
11440 1.75179e-13
11460 1.66498e-13
11480 1.55659e-13
11500 1.51726e-13
11520 1.57924e-13
11540 1.53289e-13
11560 1.54826e-13
11580 1.49984e-13
11600 1.43596e-13
11620 1.20571e-13
11640 1.43249e-13
11660 1.50374e-13
11680 1.45415e-13
11700 1.32392e-13
11720 1.13314e-13
11740 1.20994e-13
11760 1.03915e-13
11780 9.01226e-14
11800 8.5123e-14
11820 8.95275e-14
11840 8.16175e-14
11860 8.16538e-14
11880 8.00343e-14
11900 1.03739e-13
11920 8.0657e-14
11940 7.73289e-14
11960 8.00295e-14
11980 8.11215e-14
12000 7.54197e-14
12020 6.65633e-14
12040 6.94726e-14
12060 6.47822e-14
12080 6.35316e-14
12100 4.81209e-14
12120 5.06526e-14
12140 4.72723e-14
12160 4.44083e-14
12180 2.48877e-14
12200 4.21669e-14
12220 6.13562e-14
12240 6.12145e-14
12260 5.43091e-14
12280 5.92052e-14
12300 7.83729e-14
12320 5.56812e-14
12340 5.84764e-14
12360 6.6745e-14
12380 6.21988e-14
12400 5.75171e-14
12420 7.85463e-14
12440 7.69222e-14
12460 6.35541e-14
12480 5.3508e-14
12500 4.33787e-14
12520 4.04303e-14
12540 3.14427e-14
12560 2.8287e-14
12580 3.3125e-14
12600 2.74449e-14
12620 2.69866e-14
12640 1.43052e-14
12660 2.1935e-14
12680 2.34061e-14
12700 3.37807e-14
12720 1.91147e-14
12740 1.2066e-14
12760 -7.23103e-15
12780 1.35193e-14
12800 2.10445e-14
12820 1.73426e-14
12840 3.43727e-14
12860 3.51726e-14
12880 2.16666e-14
12900 2.24548e-14
12920 3.78917e-14
12940 3.68019e-14
12960 2.32831e-14
12980 1.5551e-14
13000 4.95058e-14
13020 3.34641e-14
13040 3.30518e-14
13060 3.36712e-14
13080 4.18744e-14
13100 3.74481e-14
13120 1.78238e-14
13140 1.67227e-14
13160 3.76287e-14
13180 3.03576e-14
13200 2.13048e-14
13220 1.4959e-14
13240 2.65113e-14
13260 2.96061e-14
13280 1.32179e-14
13300 2.26683e-14
13320 1.57975e-14
13340 1.29038e-14
13360 3.7783e-15
13380 1.15528e-14
13400 2.53823e-16
13420 9.5376e-15
13440 1.26013e-14
13460 2.34323e-14
13480 2.72399e-14
13500 3.85334e-14
13520 3.92796e-14
13540 3.41399e-14
13560 2.58688e-14
13580 3.39203e-14
13600 2.74482e-14
13620 4.59844e-14
13640 4.05089e-14
13660 4.19629e-14
13680 5.47028e-14
13700 5.94726e-14
13720 4.48875e-14
13740 5.97562e-14
13760 5.1843e-14
13780 5.10993e-14
13800 4.7595e-14
13820 4.34812e-14
13840 3.85564e-14
13860 3.24635e-14
13880 2.92427e-14
13900 4.81653e-14
13920 4.23422e-14
13940 3.43438e-14
13960 4.52817e-14
13980 4.90027e-14
14000 4.89291e-14
14020 4.21003e-14
14040 4.60185e-14
14060 2.61813e-14
14080 4.72324e-14
14100 3.42045e-14
14120 3.54734e-14
14140 3.38051e-14
14160 4.2633e-14
14180 4.6022e-14
14200 4.51513e-14
14220 3.4468e-14
14240 5.0009e-14
14260 3.12985e-14
14280 3.97649e-14
14300 3.55548e-14
14320 2.22848e-14
14340 2.05036e-14
14360 2.72325e-14
14380 1.58318e-14
14400 3.98441e-14
14420 3.0353e-14
14440 3.40521e-14
14460 2.24558e-14
14480 1.42165e-14
14500 4.51892e-15
14520 1.19031e-14
14540 1.62586e-14
14560 -2.73102e-16
14580 1.74884e-16
14600 1.19772e-14
14620 1.16857e-14
14640 1.06009e-14
14660 -1.18899e-14
14680 -5.19653e-15
14700 -2.05922e-15
14720 -8.71745e-15
14740 -3.05177e-14
14760 -6.63903e-15
14780 -1.21576e-14
14800 -2.35842e-14
14820 -3.14196e-14
14840 -2.54644e-14
14860 -2.15016e-14
14880 -2.18937e-14
14900 -5.18728e-15
14920 -1.75185e-14
14940 7.91613e-16
14960 1.48421e-14
14980 2.26315e-15
15000 -1.20978e-14
15020 -1.80785e-14
15040 -1.92046e-14
15060 4.83561e-15
15080 -2.62906e-14
15100 1.08726e-15
15120 -3.54441e-15
15140 1.53497e-14
15160 4.21694e-15
15180 -1.24335e-14
15200 -6.74393e-15
15220 -3.30706e-15
15240 -8.52914e-15
15260 -3.01853e-14
15280 -2.91227e-14
15300 -1.48689e-14
15320 -1.6589e-14
15340 -1.36076e-14
15360 -1.46964e-14
15380 -4.75345e-15
15400 -1.22966e-14
15420 -2.18408e-14
15440 -3.11041e-14
15460 -2.81291e-14
15480 -9.722e-15
15500 -2.78958e-14
15520 -8.4239e-15
15540 -2.77739e-14
15560 -1.08547e-14
15580 1.8152e-14
15600 3.97036e-15
15620 -2.71391e-15
15640 -1.47033e-15
15660 -2.00755e-14
15680 -1.20952e-15
15700 -9.83078e-15
15720 -5.43291e-15
15740 -7.58521e-15
15760 1.21409e-14
15780 -8.8963e-15
15800 9.0727e-15
15820 2.12796e-15
15840 2.78452e-14
15860 2.04739e-14
15880 6.70075e-15
15900 -2.55775e-15
15920 4.38714e-15
15940 -4.25267e-15
15960 1.75545e-14
15980 -2.35937e-15
16000 -8.94292e-15
16020 -5.57058e-15
16040 -1.07402e-14
16060 -5.27994e-15
16080 -6.72641e-15
16100 -1.99099e-14
16120 -2.93651e-14
16140 -1.99274e-14
16160 -1.54637e-14
16180 -1.29482e-15
16200 -3.93642e-14
16220 -3.7556e-14
16240 -3.97987e-14
16260 -1.08551e-14
16280 -5.93645e-15
16300 -4.00807e-14
16320 -4.61981e-14
16340 -3.62047e-14
16360 -2.32659e-14
16380 -5.01853e-14
16400 -5.13786e-14
16420 -5.65127e-14
16440 -4.66099e-14
16460 -4.09485e-14
16480 -5.00267e-14
16500 -5.04217e-14
16520 -6.3803e-14
16540 -5.29191e-14
16560 -5.45821e-14
16580 -7.52149e-14
16600 -6.27957e-14
16620 -5.83723e-14
16640 -5.72952e-14
16660 -6.96312e-14
16680 -4.21617e-14
16700 -4.02333e-14
16720 -4.48473e-14
16740 -3.452e-14
16760 -3.48719e-14
16780 -1.84308e-14
16800 -2.88548e-14
16820 -2.08256e-14
16840 -2.7641e-14
16860 -3.06725e-14
16880 -1.26012e-14
16900 -4.91851e-16
16920 1.36152e-15
16940 -1.28681e-14
16960 -4.12851e-15
16980 -4.46107e-14
17000 -3.41181e-14
17020 -1.53142e-14
17040 1.99247e-14
17060 5.12396e-14
17080 3.32262e-14
17100 -2.77979e-14
17120 -1.1511e-13
17140 -1.31617e-13
17160 -5.87745e-14
17180 1.10988e-13
17200 2.51284e-13
17220 1.85e-13
17240 -1.10056e-13
17260 -5.29051e-13
17280 -7.17718e-13
17300 -3.46662e-13
17320 4.78664e-13
17340 1.31363e-12
17360 1.43372e-12
17380 4.85259e-13
17400 -1.48616e-12
17420 -4.34533e-12
17440 -7.35491e-12
17460 -6.8944e-12
17480 6.25486e-12
17500 4.16457e-11
17520 8.49378e-11
17540 5.77193e-11
17560 -1.86466e-10
17580 -7.11076e-10
17600 -1.082e-09
17620 1.45611e-10
17640 5.13827e-09
17660 1.37819e-08
17680 1.61962e-08
17700 -1.55094e-08
17720 -1.12491e-07
17740 -1.96425e-07
17760 3.15059e-07
17780 3.57122e-06
17800 1.57451e-05
17820 5.21277e-05
17840 0.000146822
17860 0.000369913
17880 0.000856011
17900 0.00184908
17920 0.00376917
17940 0.00730673
17960 0.0135495
17980 0.0241442
18000 0.0414925
18020 0.0689737
18040 0.11118
18060 0.174143
18080 0.265523
18100 0.39472
18120 0.572872
18140 0.812696
18160 1.12814
18180 1.53384
18200 2.04432
18220 2.67308
18240 3.4314
18260 4.32725
18280 5.36401
18300 6.53945
18320 7.84488
18340 9.26461
18360 10.7759
18380 12.3491
18400 13.9491
18420 15.5357
18440 17.0661
18460 18.4968
18480 19.7852
18500 20.8924
18520 21.7847
18540 22.4357
18560 22.8272
18580 22.9502
18600 22.8053
18620 22.4019
18640 21.758
18660 20.8986
18680 19.8543
18700 18.6596
18720 17.3513
18740 15.9665
18760 14.5412
18780 13.1087
18800 11.6991
18820 10.3379
18840 9.0459
18860 7.83909
18880 6.72858
18900 5.72103
18920 4.81907
18940 4.02195
18960 3.32612
18980 2.72589
19000 2.21406
19020 1.78247
19040 1.42246
19060 1.12534
19080 0.882649
19100 0.686416
19120 0.529317
19140 0.404767
19160 0.306964
19180 0.230884
19200 0.172248
19220 0.127466
19240 0.0935727
19260 0.068146
19280 0.0492376
19300 0.0352975
19320 0.0251077
19340 0.017722
19360 0.0124131
19380 0.00862856
19400 0.0059526
19420 0.00407575
19440 0.0027699
19460 0.00186852
19480 0.0012512
19500 0.00083171
19520 0.000548851
19540 0.000359578
19560 0.000233887
19580 0.000151047
19600 9.68565e-05
19620 6.167e-05
19640 3.8991e-05
19660 2.44803e-05
19680 1.52633e-05
19700 9.45096e-06
19720 5.81183e-06
19740 3.54957e-06
19760 2.15318e-06
19780 1.2973e-06
19800 7.76373e-07
19820 4.61517e-07
19840 2.72527e-07
19860 1.59869e-07
19880 9.31767e-08
19900 5.39751e-08
19920 3.11078e-08
19940 1.78943e-08
19960 1.03736e-08
19980 6.23421e-09
20000 3.72728e-09
20020 2.21702e-09
20040 1.31196e-09
20060 7.72417e-10
20080 4.52452e-10
20100 2.63686e-10
20120 1.52898e-10
20140 8.82117e-11
20160 5.06365e-11
20180 2.89215e-11
20200 1.64363e-11
20220 9.2944e-12
20240 5.22969e-12
20260 2.92802e-12
20280 1.63126e-12
20300 9.04327e-13
20320 4.98872e-13
20340 2.73854e-13
20360 1.49596e-13
20380 8.13202e-14
20400 4.39904e-14
20420 2.36812e-14
20440 1.26865e-14
20460 6.76357e-15
20480 3.58849e-15
20500 1.89475e-15
20520 9.95643e-16
20540 5.20679e-16
20560 2.70991e-16
20580 1.40367e-16
20600 7.23604e-17
20620 3.71253e-17
20640 1.89572e-17
20660 9.63429e-18
20680 4.87314e-18
20700 2.45327e-18
20720 1.22924e-18
20740 6.13027e-19
20760 3.04287e-19
20780 1.50332e-19
20800 7.39238e-20
20820 3.61816e-20
20840 1.76264e-20
20860 8.54708e-21
20880 4.12526e-21
20900 1.98184e-21
20920 9.47702e-22
20940 4.51092e-22
20960 2.13723e-22
20980 1.00794e-22
21000 4.73166e-23
21020 2.21104e-23
21040 1.02845e-23
21060 4.76187e-24
21080 2.19474e-24
21100 1.00693e-24
21120 4.59867e-25
21140 2.09066e-25
21160 9.46141e-26
21180 4.26237e-26
21200 1.91149e-26
21220 8.53337e-27
21240 3.79228e-27
21260 1.67769e-27
21280 7.38856e-28
21300 3.23925e-28
21320 1.41374e-28
21340 6.14236e-29
21360 2.65672e-29
21380 1.14394e-29
21400 4.9035e-30
21420 2.09247e-30
21440 8.88927e-31
21460 3.75947e-31
21480 1.58286e-31
21500 6.63461e-32
21520 2.76853e-32
21540 1.15012e-32
21560 4.75663e-33
21580 1.95849e-33
21600 8.02803e-34
21620 3.27616e-34
21640 1.33104e-34
21660 5.38377e-35
21680 2.16798e-35
21700 8.69158e-36
21720 3.46911e-36
21740 1.37852e-36
21760 5.45365e-37
21780 2.14803e-37
21800 8.42317e-38
21820 3.28846e-38
21840 1.27818e-38
21860 4.94628e-39
21880 1.90568e-39
21900 7.30987e-40
21920 2.79162e-40
21940 1.06143e-40
21960 4.0181e-41
21980 1.5144e-41
22000 5.68266e-42
22020 2.12303e-42
22040 7.8969e-43
22060 2.9245e-43
22080 1.07831e-43
22100 3.95853e-44
22120 1.44685e-44
22140 5.26513e-45
22160 1.90764e-45
22180 6.88151e-46
22200 2.47157e-46
22220 8.83822e-47
22240 3.14673e-47
22260 1.11547e-47
22280 3.93694e-48
22300 1.38346e-48
22320 4.84037e-49
22340 1.68615e-49
22360 5.84818e-50
22380 2.01954e-50
22400 6.94368e-51
22420 2.37703e-51
22440 8.10192e-52
22460 2.74946e-52
22480 9.29e-53
22500 3.12529e-53
22520 1.04682e-53
22540 3.49109e-54
22560 1.15919e-54
22580 3.83225e-55
22600 1.26141e-55
22620 4.13391e-56
22640 1.34885e-56
22660 4.38194e-57
22680 1.41731e-57
22700 4.56406e-58
22720 1.46328e-58
22740 4.67074e-59
22760 1.4843e-59
22780 4.69601e-60
22800 1.47911e-60
22820 4.63796e-61
22840 1.44778e-61
22860 4.49896e-62
22880 1.39171e-62
22900 4.28544e-63
22920 1.31353e-63
22940 4.00746e-64
22960 1.21692e-64
22980 3.67792e-65
23000 1.10629e-65
23020 3.31163e-66
23040 9.86495e-67
23060 2.92419e-67
23080 8.62476e-68
23100 2.53099e-68
23120 7.3894e-69
23140 2.1462e-69
23160 6.20073e-70
23180 1.78194e-70
23200 5.09316e-71
23220 1.44774e-71
23240 4.09228e-72
23260 1.15021e-72
23280 3.21429e-73
23300 8.93004e-74
23320 2.46628e-74
23340 6.77039e-75
23360 1.84726e-75
23380 5.00894e-76
23400 1.34967e-76
23420 3.61355e-77
23440 9.61228e-78
23460 2.54018e-78
23480 6.66826e-79
23500 1.73872e-79
23520 4.50277e-80
23540 1.15804e-80
23560 2.95751e-81
23580 7.49981e-82
23600 1.88825e-82
23620 4.71977e-83
23640 1.17111e-83
23660 2.88441e-84
23680 7.05121e-85
23700 1.71075e-85
23720 4.11901e-86
23740 9.84128e-87
23760 2.33308e-87
23780 5.4878e-88
23800 1.28064e-88
23820 2.96472e-89
23840 6.80836e-90
23860 1.55086e-90
23880 3.50386e-91
23900 7.85119e-92
23920 1.74467e-92
23940 3.84459e-93
23960 8.40081e-94
23980 1.82012e-94
24000 3.90982e-95
24020 8.32662e-96
24040 1.75796e-96
24060 3.67917e-97
24080 7.63253e-98
24100 1.56941e-98
24120 3.19838e-99
24140 6.45987e-100
24160 1.29298e-100
24180 2.56453e-101
24200 5.04019e-102
24220 9.81485e-103
24240 1.89362e-103
24260 3.61951e-104
24280 6.85373e-105
24300 1.28558e-105
24320 2.3886e-106
24340 4.39571e-107
24360 8.01184e-108
24380 1.4462e-108
24400 2.58515e-109
24420 4.57597e-110
24440 8.02029e-111
24460 1.39181e-111
24480 2.39126e-112
24500 4.06726e-113
24520 6.84819e-114
24540 1.14136e-114
24560 1.88282e-115
24580 3.07404e-116
24600 4.96699e-117
24620 7.94203e-118
24640 1.25659e-118
24660 1.96719e-119
24680 3.04691e-120
24700 4.66878e-121
24720 7.0769e-122
24740 1.06108e-122
24760 1.57356e-123
24780 2.30788e-124
24800 3.3474e-125
24820 4.80097e-126
24840 6.80835e-127
24860 9.54575e-128
24880 1.32311e-128
24900 1.81286e-129
24920 2.45513e-130
24940 3.28615e-131
24960 4.34674e-132
24980 5.68151e-133
25000 7.33744e-134
25020 9.36193e-135
25040 1.18e-135
25060 1.4691e-136
25080 1.80646e-137
25100 2.19365e-138
25120 2.63039e-139
25140 3.11416e-140
25160 3.63982e-141
25180 4.1994e-142
25200 4.78202e-143
25220 5.37404e-144
25240 5.95938e-145
25260 6.52017e-146
25280 7.03749e-147
25300 7.49239e-148
25320 7.86698e-149
25340 8.14555e-150
25360 8.31565e-151
25380 8.36897e-152
25400 8.30202e-153
25420 8.11642e-154
25440 7.81891e-155
25460 7.42094e-156
25480 6.93795e-157
25500 6.38835e-158
25520 5.79238e-159
25540 5.17079e-160
25560 4.54369e-161
25580 3.92944e-162
25600 3.34378e-163
25620 2.79926e-164
25640 2.30492e-165
25660 1.86632e-166
25680 1.48571e-167
25700 1.16254e-168
25720 8.93924e-170
25740 6.75321e-171
25760 5.01105e-172
25780 3.65127e-173
25800 2.6118e-174
25820 1.83358e-175
25840 1.26299e-176
25860 8.53315e-178
25880 5.65326e-179
25900 3.6714e-180
25920 2.33649e-181
25940 1.45663e-182
25960 8.8927e-184
25980 5.31445e-185
26000 3.10784e-186
26020 1.77771e-187
26040 9.94226e-189
26060 5.43433e-190
26080 2.90167e-191
26100 1.51281e-192
26120 7.69745e-194
26140 3.8204e-195
26160 1.84858e-196
26180 8.71546e-198
26200 4.00135e-199
26220 1.7878e-200
26240 7.76856e-202
26260 3.28076e-203
26280 1.34556e-204
26300 5.35541e-206
26320 2.06677e-207
26340 7.72722e-209
26360 2.79634e-210
26380 9.78524e-212
26400 3.30761e-213
26420 1.07879e-214
26440 3.39098e-216
26460 1.02595e-217
26480 2.98362e-219
26500 8.32794e-221
26520 2.22748e-222
26540 5.69923e-224
26560 1.39228e-225
26580 3.24078e-227
26600 7.1713e-229
26620 1.50483e-230
26640 2.98615e-232
26660 5.58642e-234
26680 9.81852e-236
26700 1.61492e-237
26720 2.47467e-239
26740 3.51497e-241
26760 4.60034e-243
26780 5.50929e-245
26800 5.98738e-247
26820 5.84588e-249
26840 5.06455e-251
26860 3.8324e-253
26880 2.48134e-255
26900 1.33646e-257
26920 5.74841e-260
26940 1.85114e-262
26960 3.96712e-265
26980 4.24346e-268
27000 0
27020 0
27040 0
27060 0
27080 0
27100 0
27120 0
27140 0
27160 0
27180 0
27200 0
27220 0
27240 0
27260 0
27280 0
27300 0
27320 0
27340 0
27360 0
27380 0
27400 0
27420 0
27440 0
27460 0
27480 0
27500 0
27520 0
27540 0
27560 0
27580 0
27600 0
27620 0
27640 0
27660 0
27680 0
27700 0
27720 0
27740 0
27760 0
27780 0
27800 0
27820 0
27840 0
27860 0
27880 0
27900 0
27920 0
27940 0
27960 0
27980 0
28000 0
28020 0
28040 0
28060 0
28080 0
28100 0
28120 0
28140 0
28160 0
28180 0
28200 0
28220 0
28240 0
28260 0
28280 0
28300 0
28320 0
28340 0
28360 0
28380 0
28400 0
28420 0
28440 0
28460 0
28480 0
28500 0
28520 0
28540 0
28560 0
28580 0
28600 0
28620 0
28640 0
28660 0
28680 0
28700 0
28720 0
28740 0
28760 0
28780 0
28800 0
28820 0
28840 0
28860 0
28880 0
28900 0
28920 0
28940 0
28960 0
28980 0
29000 0
29020 0
29040 0
29060 0
29080 0
29100 0
29120 0
29140 0
29160 0
29180 0
29200 0
29220 0
29240 0
29260 0
29280 0
29300 0
29320 0
29340 0
29360 0
29380 0
29400 0
29420 0
29440 0
29460 0
29480 0
29500 0
29520 0
29540 0
29560 0
29580 0
29600 0
29620 0
29640 0
29660 0
29680 0
29700 0
29720 0
29740 0
29760 0
29780 0
29800 0
29820 0
29840 0
29860 0
29880 0
29900 0
29920 0
29940 0
29960 0
