-20 0
0 0.000158133
20 0.000295852
40 0.000459552
60 0.000672006
80 0.000934554
100 0.00120444
120 0.00151242
140 0.00188201
160 0.00228571
180 0.00269781
200 0.00310104
220 0.00353413
240 0.00396393
260 0.00438048
280 0.00478399
300 0.00518166
320 0.00559492
340 0.00599842
360 0.00641756
380 0.00680945
400 0.00718378
420 0.00755962
440 0.00792924
460 0.00828872
480 0.00859939
500 0.00894433
520 0.00931531
540 0.00969977
560 0.010081
580 0.0104581
600 0.0108817
620 0.0113204
640 0.0118377
660 0.0123992
680 0.0130005
700 0.0136701
720 0.0144264
740 0.015309
760 0.0162567
780 0.0173237
800 0.0185005
820 0.0198034
840 0.021274
860 0.0229044
880 0.024699
900 0.0266128
920 0.028695
940 0.0309453
960 0.0333652
980 0.035984
1000 0.0387722
1020 0.0416948
1040 0.0447334
1060 0.0478805
1080 0.0511216
1100 0.054453
1120 0.0578856
1140 0.0613874
1160 0.0648858
1180 0.0683658
1200 0.0717307
1220 0.0749532
1240 0.0780348
1260 0.0809507
1280 0.083714
1300 0.0862825
1320 0.0886697
1340 0.0907927
1360 0.0926369
1380 0.0941551
1400 0.0952436
1420 0.0958988
1440 0.0960555
1460 0.0956977
1480 0.0948212
1500 0.0934222
1520 0.0915062
1540 0.0891094
1560 0.0862789
1580 0.0830532
1600 0.0794734
1620 0.0756164
1640 0.0715163
1660 0.0672487
1680 0.0628954
1700 0.0584525
1720 0.0540347
1740 0.0496591
1760 0.0453776
1780 0.041248
1800 0.0372697
1820 0.0334935
1840 0.0299372
1860 0.0266208
1880 0.0235411
1900 0.0207094
1920 0.018127
1940 0.015791
1960 0.0136921
1980 0.0118228
2000 0.010149
2020 0.00869902
2040 0.0074246
2060 0.00630933
2080 0.00536713
2100 0.00453393
2120 0.00385148
2140 0.00326669
2160 0.00276143
2180 0.00235886
2200 0.00201652
2220 0.00173261
2240 0.00151219
2260 0.00130991
2280 0.00116792
2300 0.00105169
2320 0.000940878
2340 0.000876074
2360 0.000805372
2380 0.000764653
2400 0.000728909
2420 0.000689847
2440 0.000675549
2460 0.000660732
2480 0.000639574
2500 0.000637676
2520 0.000622206
2540 0.000623609
2560 0.000621049
2580 0.000605432
2600 0.000617559
2620 0.000609047
2640 0.000608006
2660 0.00060945
2680 0.00060361
2700 0.000610561
2720 0.000608544
2740 0.000598105
2760 0.000614444
2780 0.000602738
2800 0.000605306
2820 0.000608795
2840 0.000600105
2860 0.00061366
2880 0.000601676
2900 0.000602281
2920 0.000613822
2940 0.000600404
2960 0.000605995
2980 0.000609102
3000 0.00060026
3020 0.000613835
3040 0.000598174
3060 0.000607844
3080 0.000610737
3100 0.000599286
3120 0.000608194
3140 0.000607751
3160 0.00060322
3180 0.000607422
3200 0.000604529
3220 0.000606314
3240 0.000607951
3260 0.000602078
3280 0.000606802
3300 0.000609957
3320 0.000600361
3340 0.000606494
3360 0.00061163
3380 0.000597406
3400 0.000612457
3420 0.000602424
3440 0.00060604
3460 0.00060921
3480 0.000599672
3500 0.000610766
3520 0.000606473
3540 0.000600012
3560 0.000611181
3580 0.000605887
3600 0.000601365
3620 0.000609298
3640 0.000607118
3660 0.000600703
3680 0.000611445
3700 0.000602137
3720 0.000606474
3740 0.000609027
3760 0.000599106
3780 0.00061295
3800 0.000602859
3820 0.000603126
3840 0.000610181
3860 0.000605882
3880 0.000599593
3900 0.000613567
3920 0.000603081
3940 0.000601565
3960 0.0006132
3980 0.000600902
4000 0.00060588
4020 0.000609048
4040 0.000602461
4060 0.000607093
4080 0.00060732
4100 0.00060247
4120 0.000608572
4140 0.00060679
4160 0.000599982
4180 0.000613736
4200 0.000601192
4220 0.000604088
4240 0.000611256
4260 0.000603223
4280 0.000601499
4300 0.000614387
4320 0.000600278
4340 0.000603538
4360 0.000613608
4380 0.0005998
4400 0.000604942
4420 0.000611902
4440 0.000601211
4460 0.000603888
4480 0.000613226
4500 0.000598868
4520 0.000607279
4540 0.000609676
4560 0.000601528
4580 0.000605724
4600 0.000610928
4620 0.000599612
4640 0.000608432
4660 0.000608252
4680 0.000601347
4700 0.000607729
4720 0.000608667
4740 0.000600461
4760 0.000609116
4780 0.000607386
4800 0.000601106
4820 0.000609019
4840 0.000607437
4860 0.000600765
4880 0.000609489
4900 0.000607177
4920 0.000600644
4940 0.00060991
4960 0.00060607
4980 0.000603723
5000 0.000602104
5020 0.000615727
5040 0.0006005
5060 0.000600485
5080 0.000612538
5100 0.000604042
5120 0.000606424
5140 0.000599351
5160 0.000608002
5180 0.000611718
5200 0.000593528
5220 0.00060588
5240 0.000606106
5260 0.000600745
5280 0.000599328
5300 0.000591183
5320 0.00060529
5340 0.000590283
5360 0.000578542
5380 0.000587488
5400 0.000572732
5420 0.000565646
5440 0.000544801
5460 0.000532623
5480 0.000524298
5500 0.000478366
5520 0.000451788
5540 0.00041587
5560 0.000360475
5580 0.000297127
5600 0.000205607
5620 0.000123248
5640 7.47265e-07
5660 -0.000160457
5680 -0.000329729
5700 -0.000546048
5720 -0.000803974
5740 -0.00112329
5760 -0.00149843
5780 -0.00192385
5800 -0.00245327
5820 -0.0030706
5840 -0.00378198
5860 -0.00460768
5880 -0.00557329
5900 -0.00669111
5920 -0.00795995
5940 -0.0094013
5960 -0.0110525
5980 -0.0129198
6000 -0.0150003
6020 -0.0173246
6040 -0.0199247
6060 -0.0227898
6080 -0.0259432
6100 -0.0293717
6120 -0.0331238
6140 -0.0371832
6160 -0.0415196
6180 -0.0461691
6200 -0.0511071
6220 -0.0563214
6240 -0.061789
6260 -0.0674591
6280 -0.0733636
6300 -0.0794143
6320 -0.0855739
6340 -0.0918105
6360 -0.0980669
6380 -0.104304
6400 -0.11043
6420 -0.116393
6440 -0.122163
6460 -0.127651
6480 -0.132789
6500 -0.137522
6520 -0.141812
6540 -0.145594
6560 -0.148819
6580 -0.151435
6600 -0.153443
6620 -0.154829
6640 -0.15554
6660 -0.15563
6680 -0.155111
6700 -0.154042
6720 -0.152471
6740 -0.150432
6760 -0.148041
6780 -0.145335
6800 -0.142321
6820 -0.139026
6840 -0.135431
6860 -0.131562
6880 -0.127396
6900 -0.122972
6920 -0.118357
6940 -0.113661
6960 -0.108895
6980 -0.104088
7000 -0.0992518
7020 -0.0943849
7040 -0.0895393
7060 -0.0847306
7080 -0.0800181
7100 -0.0754803
7120 -0.0710693
7140 -0.0667846
7160 -0.0626251
7180 -0.0586461
7200 -0.0549021
7220 -0.0513696
7240 -0.0480127
7260 -0.0448309
7280 -0.0418728
7300 -0.0391194
7320 -0.0365958
7340 -0.0342454
7360 -0.0320731
7380 -0.030097
7400 -0.0282925
7420 -0.026666
7440 -0.0252022
7460 -0.0238644
7480 -0.0226752
7500 -0.0216153
7520 -0.0206828
7540 -0.0198503
7560 -0.0191227
7580 -0.0184664
7600 -0.0179171
7620 -0.0174372
7640 -0.0170044
7660 -0.0166545
7680 -0.0163419
7700 -0.0160808
7720 -0.0158584
7740 -0.0156793
7760 -0.0155263
7780 -0.0154039
7800 -0.0152853
7820 -0.0152023
7840 -0.0151609
7860 -0.0150999
7880 -0.015034
7900 -0.0150171
7920 -0.0150093
7940 -0.015001
7960 -0.0149644
7980 -0.0149535
8000 -0.0149723
8020 -0.0149907
8040 -0.0149655
8060 -0.014958
8080 -0.0149892
8100 -0.014989
8120 -0.014999
8140 -0.0149986
8160 -0.0150029
8180 -0.0150012
8200 -0.0150295
8220 -0.0150359
8240 -0.0150253
8260 -0.0150194
8280 -0.0150367
8300 -0.0150631
8320 -0.015053
8340 -0.0150338
8360 -0.0150474
8380 -0.0150638
8400 -0.0150642
8420 -0.015065
8440 -0.0150608
8460 -0.0150459
8480 -0.0150652
8500 -0.0150925
8520 -0.0150655
8540 -0.0150528
8560 -0.0150613
8580 -0.015081
8600 -0.0150732
8620 -0.0150833
8640 -0.0150607
8660 -0.0150534
8680 -0.0150783
8700 -0.0150924
8720 -0.0150767
8740 -0.0150561
8760 -0.01507
8780 -0.0150675
8800 -0.0150915
8820 -0.0150859
8840 -0.0150675
8860 -0.0150513
8880 -0.015078
8900 -0.0150903
8920 -0.0150835
8940 -0.0150769
8960 -0.0150555
8980 -0.0150592
9000 -0.015082
9020 -0.0150911
9040 -0.0150581
9060 -0.0150419
9080 -0.0150249
9100 -0.0150168
9120 -0.0150158
9140 -0.0149788
9160 -0.0148955
9180 -0.0148248
9200 -0.0147507
9220 -0.014655
9240 -0.0145433
9260 -0.0143793
9280 -0.0141581
9300 -0.0139488
9320 -0.0137395
9340 -0.0134993
9360 -0.0132561
9380 -0.0129693
9400 -0.0126627
9420 -0.0123846
9440 -0.0121399
9460 -0.0118767
9480 -0.011626
9500 -0.0113331
9520 -0.0110238
9540 -0.0107458
9560 -0.0104822
9580 -0.0102334
9600 -0.00997928
9620 -0.00970364
9640 -0.00940894
9660 -0.00916081
9680 -0.00890733
9700 -0.00869827
9720 -0.00847472
9740 -0.00820374
9760 -0.00791316
9780 -0.00761508
9800 -0.00731874
9820 -0.00704715
9840 -0.00678494
9860 -0.00645285
9880 -0.00609409
9900 -0.00564573
9920 -0.00517319
9940 -0.00468156
9960 -0.00416807
9980 -0.0036229
10000 -0.00313902
10020 -0.0025655
10040 -0.00190346
10060 -0.00117253
10080 -0.000369122
10100 0.000493434
10120 0.00139353
10140 0.00236997
10160 0.0034487
10180 0.00462731
10200 0.00593973
10220 0.0073812
10240 0.00891657
10260 0.0105494
10280 0.012259
10300 0.0140273
10320 0.0158866
10340 0.01785
10360 0.0199226
10380 0.0221253
10400 0.0244537
10420 0.0268834
10440 0.0293861
10460 0.031934
10480 0.0345009
10500 0.0370675
10520 0.0396371
10540 0.0422093
10560 0.0447886
10580 0.0473998
10600 0.0500276
10620 0.0526512
10640 0.0552715
10660 0.0578352
10680 0.0602949
10700 0.0626343
10720 0.0647911
10740 0.0667356
10760 0.0684749
10780 0.0699713
10800 0.0712286
10820 0.0722854
10840 0.0731373
10860 0.0738054
10880 0.0743329
10900 0.0747326
10920 0.0750267
10940 0.0752464
10960 0.0754047
10980 0.0755108
11000 0.0755843
11020 0.0756406
11040 0.0756727
11060 0.075689
11080 0.0757064
11100 0.0757124
11120 0.0757141
11140 0.0757206
11160 0.0757146
11180 0.0757125
11200 0.0757179
11220 0.0757089
11240 0.0757075
11260 0.0757101
11280 0.0756976
11300 0.0757
11320 0.0757035
11340 0.0756889
11360 0.0756892
11380 0.0756912
11400 0.0756803
11420 0.0756806
11440 0.0756776
11460 0.0756667
11480 0.0756653
11500 0.0756602
11520 0.0756516
11540 0.0756458
11560 0.0756337
11580 0.0756231
11600 0.0756154
11620 0.0756014
11640 0.0755835
11660 0.0755659
11680 0.0755477
11700 0.0755233
11720 0.0754975
11740 0.075473
11760 0.0754352
11780 0.0753948
11800 0.0753597
11820 0.075311
11840 0.075259
11860 0.0752053
11880 0.0751347
11900 0.0750674
11920 0.0749949
11940 0.0749039
11960 0.0748195
11980 0.0747218
12000 0.0746027
12020 0.074493
12040 0.0743702
12060 0.0742312
12080 0.0740966
12100 0.073941
12120 0.0737754
12140 0.0736123
12160 0.0734265
12180 0.0732395
12200 0.0730549
12220 0.0728458
12240 0.0726344
12260 0.0724203
12280 0.0721903
12300 0.0719649
12320 0.0717346
12340 0.071496
12360 0.071266
12380 0.0710279
12400 0.0707824
12420 0.0705437
12440 0.0703039
12460 0.0700684
12480 0.0698406
12500 0.0696167
12520 0.0694047
12540 0.069201
12560 0.0690009
12580 0.0688071
12600 0.0686195
12620 0.0684428
12640 0.0682728
12660 0.0681097
12680 0.0679633
12700 0.0678291
12720 0.0677123
12740 0.0676153
12760 0.0675267
12780 0.0674605
12800 0.067416
12820 0.0673788
12840 0.0673619
12860 0.0673549
12880 0.0673514
12900 0.0673695
12920 0.0673881
12940 0.0674033
12960 0.0674299
12980 0.0674451
13000 0.0674592
13020 0.0674797
13040 0.0674772
13060 0.0674687
13080 0.0674553
13100 0.0674167
13120 0.0673788
13140 0.0673293
13160 0.0672513
13180 0.067172
13200 0.0670731
13220 0.0669551
13240 0.0668448
13260 0.0667155
13280 0.0665751
13300 0.0664396
13320 0.0662823
13340 0.0661267
13360 0.0659828
13380 0.0658298
13400 0.0656963
13420 0.0655753
13440 0.0654498
13460 0.0653473
13480 0.0652514
13500 0.0651593
13520 0.0650992
13540 0.0650517
13560 0.0650283
13580 0.0650491
13600 0.0650921
13620 0.0651757
13640 0.0653067
13660 0.0654632
13680 0.0656669
13700 0.0659111
13720 0.0661794
13740 0.0664926
13760 0.0668337
13780 0.0671951
13800 0.0675928
13820 0.0680038
13840 0.0684299
13860 0.0688795
13880 0.0693285
13900 0.069787
13920 0.070254
13940 0.0707097
13960 0.0711686
13980 0.0716218
14000 0.0720569
14020 0.0724891
14040 0.0729037
14060 0.0732978
14080 0.0736833
14100 0.0740433
14120 0.0743836
14140 0.0747105
14160 0.0750083
14180 0.0752898
14200 0.0755537
14220 0.0757896
14240 0.076013
14260 0.0762162
14280 0.0763958
14300 0.076566
14320 0.0767153
14340 0.0768472
14360 0.0769719
14380 0.0770763
14400 0.0771705
14420 0.077258
14440 0.0773275
14460 0.0773933
14480 0.0774516
14500 0.0774959
14520 0.0775412
14540 0.0775776
14560 0.077605
14580 0.0776357
14600 0.0776563
14620 0.0776733
14640 0.0776937
14660 0.0777037
14680 0.077715
14700 0.0777278
14720 0.0777311
14740 0.0777397
14760 0.0777468
14780 0.0777466
14800 0.077754
14820 0.0777567
14840 0.0777553
14860 0.077762
14880 0.0777613
14900 0.0777605
14920 0.0777663
14940 0.0777632
14960 0.0777639
14980 0.0777683
15000 0.0777633
15020 0.0777658
15040 0.0777693
15060 0.0777641
15080 0.0777658
15100 0.0777698
15120 0.0777647
15140 0.0777655
15160 0.0777701
15180 0.0777652
15200 0.0777651
15220 0.0777702
15240 0.0777657
15260 0.0777648
15280 0.0777701
15300 0.0777662
15320 0.0777645
15340 0.07777
15360 0.0777667
15380 0.0777642
15400 0.0777699
15420 0.0777672
15440 0.0777638
15460 0.0777696
15480 0.0777677
15500 0.0777636
15520 0.0777692
15540 0.0777683
15560 0.0777635
15580 0.0777687
15600 0.0777689
15620 0.0777635
15640 0.0777682
15660 0.0777693
15680 0.0777636
15700 0.0777677
15720 0.0777697
15740 0.0777637
15760 0.0777672
15780 0.0777701
15800 0.0777639
15820 0.0777665
15840 0.0777705
15860 0.0777643
15880 0.0777658
15900 0.0777707
15920 0.0777648
15940 0.0777652
15960 0.0777707
15980 0.0777654
16000 0.0777646
16020 0.0777706
16040 0.077766
16060 0.0777641
16080 0.0777705
16100 0.0777667
16120 0.0777637
16140 0.0777702
16160 0.0777674
16180 0.0777633
16200 0.0777698
16220 0.0777682
16240 0.077763
16260 0.0777692
16280 0.077769
16300 0.0777629
16320 0.0777685
16340 0.0777697
16360 0.0777631
16380 0.0777677
16400 0.0777702
16420 0.0777634
16440 0.0777669
16460 0.0777706
16480 0.0777637
16500 0.0777661
16520 0.077771
16540 0.0777643
16560 0.0777653
16580 0.0777712
16600 0.077765
16620 0.0777644
16640 0.0777712
16660 0.0777659
16680 0.0777636
16700 0.0777709
16720 0.0777669
16740 0.0777631
16760 0.0777704
16780 0.0777678
16800 0.0777627
16820 0.0777698
16840 0.0777688
16860 0.0777625
16880 0.077769
16900 0.0777697
16920 0.0777625
16940 0.0777681
16960 0.0777705
16980 0.0777628
17000 0.077767
17020 0.0777712
17040 0.0777633
17060 0.0777658
17080 0.0777716
17100 0.0777642
17120 0.0777647
17140 0.0777717
17160 0.0777652
17180 0.0777637
17200 0.0777715
17220 0.0777664
17240 0.0777629
17260 0.0777711
17280 0.0777675
17300 0.0777623
17320 0.0777704
17340 0.0777688
17360 0.0777619
17380 0.0777693
17400 0.0777701
17420 0.077762
17440 0.077768
17460 0.0777711
17480 0.0777625
17500 0.0777665
17520 0.0777718
17540 0.0777633
17560 0.0777651
17580 0.0777721
17600 0.0777645
17620 0.0777639
17640 0.0777721
17660 0.0777658
17680 0.0777628
17700 0.0777717
17720 0.0777673
17740 0.0777619
17760 0.0777709
17780 0.0777689
17800 0.0777614
17820 0.0777696
17840 0.0777705
17860 0.0777615
17880 0.0777679
17900 0.0777717
17920 0.0777622
17940 0.0777661
17960 0.0777725
17980 0.0777633
18000 0.0777644
18020 0.0777727
18040 0.0777648
18060 0.0777629
18080 0.0777724
18100 0.0777666
18120 0.0777617
18140 0.0777716
18160 0.0777685
18180 0.077761
18200 0.0777703
18220 0.0777705
18240 0.0777609
18260 0.0777683
18280 0.0777721
18300 0.0777616
18320 0.0777661
18340 0.0777731
18360 0.0777631
18380 0.0777639
18400 0.0777733
18420 0.077765
18440 0.0777622
18460 0.0777727
18480 0.0777672
18500 0.077761
18520 0.0777715
18540 0.0777695
18560 0.0777604
18580 0.0777696
18600 0.0777716
18620 0.0777606
18640 0.0777672
18660 0.0777733
18680 0.0777619
18700 0.0777644
18720 0.077774
18740 0.0777642
18760 0.077762
18780 0.0777736
18800 0.077767
18820 0.0777603
18840 0.077772
18860 0.0777698
18880 0.0777598
18900 0.0777696
18920 0.0777722
18940 0.0777604
18960 0.0777667
18980 0.0777738
19000 0.077762
19020 0.0777638
19040 0.0777744
19060 0.0777646
19080 0.0777612
19100 0.0777738
19120 0.0777678
19140 0.0777594
19160 0.0777717
19180 0.0777713
19200 0.0777591
19220 0.0777683
19240 0.077774
19260 0.0777605
19280 0.0777646
19300 0.0777752
19320 0.0777635
19340 0.0777612
19360 0.0777745
19380 0.0777673
19400 0.0777592
19420 0.0777723
19440 0.077771
19460 0.0777587
19480 0.0777688
19500 0.077774
19520 0.07776
19540 0.0777648
19560 0.0777756
19580 0.0777631
19600 0.0777609
19620 0.0777752
19640 0.0777674
19660 0.0777582
19680 0.0777725
19700 0.0777721
19720 0.0777578
19740 0.077768
19760 0.0777756
19780 0.0777602
19800 0.0777628
19820 0.0777766
19840 0.0777648
19860 0.0777588
19880 0.0777746
19900 0.0777701
19920 0.0777572
19940 0.0777703
19960 0.0777746
19980 0.0777586
20000 0.0777649
20020 0.0777768
20040 0.0777626
20060 0.0777599
20080 0.077776
20100 0.0777682
20120 0.0777569
20140 0.0777722
20160 0.0777739
20180 0.0777571
20200 0.0777662
20220 0.0777776
20240 0.0777611
20260 0.0777598
20280 0.0777774
20300 0.0777679
20320 0.0777557
20340 0.0777728
20360 0.0777749
20380 0.0777563
20400 0.0777653
20420 0.0777788
20440 0.0777617
20460 0.0777582
20480 0.0777774
20500 0.0777698
20520 0.0777549
20540 0.0777712
20560 0.0777767
20580 0.0777572
20600 0.0777629
20620 0.0777792
20640 0.0777641
20660 0.0777563
20680 0.0777759
20700 0.0777726
20720 0.0777547
20740 0.0777682
20760 0.0777787
20780 0.0777592
20800 0.0777593
20820 0.0777792
20840 0.0777681
20860 0.0777538
20880 0.0777729
20900 0.0777773
20920 0.0777554
20940 0.0777625
20960 0.0777813
20980 0.0777643
21000 0.0777536
21020 0.0777765
21040 0.077776
21060 0.0777528
21080 0.0777647
21100 0.0777827
21120 0.0777618
21140 0.0777533
21160 0.0777786
21180 0.0777756
21200 0.0777511
21220 0.0777653
21240 0.0777839
21260 0.0777612
21280 0.0777523
21300 0.0777792
21320 0.0777767
21340 0.0777505
21360 0.077764
21380 0.0777849
21400 0.0777627
21420 0.0777506
21440 0.0777779
21460 0.0777792
21480 0.0777512
21500 0.0777608
21520 0.0777852
21540 0.0777663
21560 0.0777488
21580 0.0777743
21600 0.0777826
21620 0.077754
21640 0.0777559
21660 0.0777839
21680 0.0777723
21700 0.0777482
21720 0.0777679
21740 0.0777856
21760 0.0777601
21780 0.0777506
21800 0.0777792
21820 0.0777799
21840 0.077751
21860 0.0777591
21880 0.0777858
21900 0.0777702
21920 0.077748
21940 0.0777701
21960 0.0777868
21980 0.0777606
22000 0.0777512
22020 0.0777807
22040 0.0777839
22060 0.0777547
22080 0.0777598
22100 0.07779
22120 0.0777808
22140 0.0777554
22160 0.0777739
22180 0.0778009
22200 0.0777834
22220 0.077767
22240 0.0777972
22260 0.0778206
22280 0.0778012
22300 0.0777985
22320 0.0778408
22340 0.0778653
22360 0.0778527
22380 0.07787
22400 0.0779303
22420 0.0779668
22440 0.0779747
22460 0.0780241
22480 0.0781174
22500 0.0781871
22520 0.0782387
22540 0.0783443
22560 0.0785009
22580 0.0786419
22600 0.0787782
22620 0.0789847
22640 0.0792597
22660 0.0795375
22680 0.0798294
22700 0.0802148
22720 0.0807006
22740 0.0812228
22760 0.0817874
22780 0.082479
22800 0.0833215
22820 0.0842556
22840 0.0852757
22860 0.086469
22880 0.0878847
22900 0.0894757
22920 0.091219
22940 0.0931954
22960 0.0954851
22980 0.0980666
23000 0.100898
23020 0.104037
23040 0.10759
23060 0.111578
23080 0.115953
23100 0.120727
23120 0.126009
23140 0.131877
23160 0.1383
23180 0.145241
23200 0.152765
23220 0.160985
23240 0.169931
23260 0.179544
23280 0.189801
23300 0.200784
23320 0.212587
23340 0.225199
23360 0.238533
23380 0.252556
23400 0.267334
23420 0.282936
23440 0.299323
23460 0.316373
23480 0.334002
23500 0.35223
23520 0.371105
23540 0.390585
23560 0.410521
23580 0.430748
23600 0.451193
23620 0.471868
23640 0.492766
23660 0.513774
23680 0.534683
23700 0.555288
23720 0.575477
23740 0.595233
23760 0.614556
23780 0.633366
23800 0.651473
23820 0.668635
23840 0.684636
23860 0.699362
23880 0.712806
23900 0.72502
23920 0.736045
23940 0.745853
23960 0.754329
23980 0.761279
24000 0.766472
24020 0.769675
24040 0.770691
24060 0.769373
24080 0.765635
24100 0.759448
24120 0.750831
24140 0.739846
24160 0.726586
24180 0.711176
24200 0.693761
24220 0.674503
24240 0.653582
24260 0.631188
24280 0.607518
24300 0.582778
24320 0.557173
24340 0.53091
24360 0.504192
24380 0.477216
24400 0.450173
24420 0.423242
24440 0.396592
24460 0.370378
24480 0.344741
24500 0.319806
24520 0.295684
24540 0.272469
24560 0.250238
24580 0.229054
24600 0.208964
24620 0.19
24640 0.172181
24660 0.155513
24680 0.13999
24700 0.125596
24720 0.112307
24740 0.10009
24760 0.0889043
24780 0.0787058
24800 0.0694452
24820 0.0610702
24840 0.0535265
24860 0.0467585
24880 0.0407104
24900 0.0353266
24920 0.0305529
24940 0.0263364
24960 0.0226263
24980 0.0193743
25000 0.0165345
25020 0.0140641
25040 0.011923
25060 0.0100743
25080 0.00848394
25100 0.00712093
25120 0.00595704
25140 0.00496684
25160 0.00412749
25180 0.00341859
25200 0.00282205
25220 0.00232187
25240 0.00190401
25260 0.00155616
25280 0.00126765
25300 0.0010292
25320 0.00083283
25340 0.000671693
25360 0.000539936
25380 0.000432585
25400 0.000345429
25420 0.000274918
25440 0.000218074
25460 0.000172411
25480 0.000135857
25500 0.000106698
25520 8.35203e-05
25540 6.51605e-05
25560 5.06681e-05
25580 3.92684e-05
25600 3.03327e-05
25620 2.33527e-05
25640 1.79193e-05
25660 1.37045e-05
25680 1.04464e-05
25700 7.93647e-06
25720 6.00961e-06
25740 4.5355e-06
25760 3.41163e-06
25780 2.55775e-06
25800 1.91123e-06
25820 1.4234e-06
25840 1.05657e-06
25860 7.81682e-07
25880 5.76396e-07
25900 4.23614e-07
25920 3.10298e-07
25940 2.2654e-07
25960 1.64843e-07
25980 1.19552e-07
26000 8.64172e-08
26020 6.2259e-08
26040 4.47058e-08
26060 3.19951e-08
26080 2.28224e-08
26100 1.62255e-08
26120 1.14973e-08
26140 8.11986e-09
26160 5.71559e-09
26180 4.00988e-09
26200 2.80389e-09
26220 1.9541e-09
26240 1.35735e-09
26260 9.39715e-10
26280 6.48421e-10
26300 4.45939e-10
26320 3.05669e-10
26340 2.08827e-10
26360 1.42193e-10
26380 9.64997e-11
26400 6.52727e-11
26420 4.40042e-11
26440 2.95675e-11
26460 1.98012e-11
26480 1.32167e-11
26500 8.79252e-12
26520 5.82987e-12
26540 3.85266e-12
26560 2.53757e-12
26580 1.66584e-12
26600 1.08994e-12
26620 7.10766e-13
26640 4.61962e-13
26660 2.99255e-13
26680 1.93211e-13
26700 1.2433e-13
26720 7.97398e-14
26740 5.09716e-14
26760 3.2474e-14
26780 2.06204e-14
26800 1.305e-14
26820 8.23151e-15
26840 5.17489e-15
26860 3.24246e-15
26880 2.02489e-15
26900 1.26032e-15
26920 7.8183e-16
26940 4.83388e-16
26960 2.97873e-16
26980 1.82943e-16
27000 1.11984e-16
27020 6.83192e-17
27040 4.15414e-17
27060 2.51751e-17
27080 1.52058e-17
27100 9.15374e-18
27120 5.49208e-18
27140 3.28416e-18
27160 1.95731e-18
27180 1.16264e-18
27200 6.883e-19
27220 4.06124e-19
27240 2.38829e-19
27260 1.39979e-19
27280 8.17682e-20
27300 4.76051e-20
27320 2.76228e-20
27340 1.59746e-20
27360 9.20737e-21
27380 5.28917e-21
27400 3.02819e-21
27420 1.72792e-21
27440 9.82674e-22
27460 5.56978e-22
27480 3.14637e-22
27500 1.77144e-22
27520 9.93992e-23
27540 5.55882e-23
27560 3.09831e-23
27580 1.7211e-23
27600 9.52865e-24
27620 5.2577e-24
27640 2.89135e-24
27660 1.58469e-24
27680 8.65624e-25
27700 4.71251e-25
27720 2.5569e-25
27740 1.38265e-25
27760 7.45161e-26
27780 4.00243e-26
27800 2.14257e-26
27820 1.1431e-26
27840 6.07808e-27
27860 3.22096e-27
27880 1.70113e-27
27900 8.9542e-28
27920 4.69731e-28
27940 2.45587e-28
27960 1.27966e-28
27980 6.64532e-29
28000 3.4393e-29
28020 1.77401e-29
28040 9.11951e-30
28060 4.67217e-30
28080 2.38559e-30
28100 1.21396e-30
28120 6.15659e-31
28140 3.11175e-31
28160 1.56747e-31
28180 7.86899e-32
28200 3.93701e-32
28220 1.9631e-32
28240 9.75533e-33
28260 4.83135e-33
28280 2.38462e-33
28300 1.17299e-33
28320 5.75035e-34
28340 2.80942e-34
28360 1.36793e-34
28380 6.6379e-35
28400 3.21011e-35
28420 1.54715e-35
28440 7.43126e-36
28460 3.55725e-36
28480 1.69701e-36
28500 8.06816e-37
28520 3.82281e-37
28540 1.80513e-37
28560 8.49476e-38
28580 3.98392e-38
28600 1.86202e-38
28620 8.67313e-39
28640 4.02607e-39
28660 1.86252e-39
28680 8.58684e-40
28700 3.94529e-40
28720 1.8065e-40
28740 8.24342e-41
28760 3.74876e-41
28780 1.69894e-41
28800 7.67327e-42
28820 3.45375e-42
28840 1.54921e-42
28860 6.92525e-43
28880 3.0851e-43
28900 1.36965e-43
28920 6.05977e-44
28940 2.67182e-44
28960 1.17399e-44
28980 5.14072e-45
29000 2.2433e-45
29020 9.75559e-46
29040 4.22787e-46
29060 1.82596e-46
29080 7.85889e-47
29100 3.37079e-47
29120 1.44079e-47
29140 6.13717e-48
29160 2.60516e-48
29180 1.10204e-48
29200 4.64575e-49
29220 1.95169e-49
29240 8.17074e-50
29260 3.40884e-50
29280 1.41724e-50
29300 5.87186e-51
29320 2.42437e-51
29340 9.97503e-52
29360 4.08997e-52
29380 1.67115e-52
29400 6.80459e-53
29420 2.76106e-53
29440 1.11645e-53
29460 4.4987e-54
29480 1.80644e-54
29500 7.22843e-55
29520 2.88237e-55
29540 1.14536e-55
29560 4.53543e-56
29580 1.7897e-56
29600 7.03768e-57
29620 2.75787e-57
29640 1.07711e-57
29660 4.19406e-58
29680 1.62921e-58
29700 6.31807e-59
29720 2.4459e-59
29740 9.43654e-60
29760 3.61504e-60
29780 1.36846e-60
29800 5.09646e-61
29820 1.86304e-61
29840 6.68768e-62
29860 2.36368e-62
29880 8.25484e-63
29900 2.8553e-63
29920 9.71357e-64
29940 2.98265e-64
29960 0
