-10 0
0 1.5481e-15
10 3.55663e-15
20 6.61517e-15
30 1.16056e-14
40 1.99414e-14
50 3.39443e-14
60 5.74512e-14
70 9.68004e-14
80 1.62432e-13
90 2.71481e-13
100 4.51952e-13
110 7.49437e-13
120 1.23784e-12
130 2.03648e-12
140 3.33717e-12
150 5.44693e-12
160 8.85523e-12
170 1.4339e-11
180 2.3126e-11
190 3.71489e-11
200 5.94361e-11
210 9.47126e-11
220 1.5032e-10
230 2.37613e-10
240 3.74083e-10
250 5.86548e-10
260 9.15954e-10
270 1.42454e-09
280 2.20649e-09
290 3.40371e-09
300 5.22903e-09
310 8.00028e-09
320 1.21899e-08
330 1.8497e-08
340 2.79514e-08
350 4.20636e-08
360 6.30381e-08
370 9.40785e-08
380 1.39818e-07
390 2.06928e-07
400 3.04968e-07
410 4.47572e-07
420 6.54096e-07
430 9.51888e-07
440 1.37941e-06
450 1.99047e-06
460 2.86005e-06
470 4.09205e-06
480 5.82979e-06
490 8.27002e-06
500 1.16815e-05
510 1.64294e-05
520 2.30077e-05
530 3.20811e-05
540 4.45395e-05
550 6.15685e-05
560 8.47389e-05
570 0.000116122
580 0.000158435
590 0.000215222
600 0.000291082
610 0.000391955
620 0.000525464
630 0.000701347
640 0.000931966
650 0.00123294
660 0.00162387
670 0.00212926
680 0.00277949
690 0.00361209
700 0.0046731
710 0.00601865
720 0.00771681
730 0.00984953
740 0.0125149
750 0.0158297
760 0.0199317
770 0.0249826
780 0.031171
790 0.0387148
800 0.0478643
810 0.0589051
820 0.0721598
830 0.0879902
840 0.106799
850 0.129029
860 0.155164
870 0.185726
880 0.221275
890 0.262399
900 0.309713
910 0.363847
920 0.425439
930 0.495119
940 0.573498
950 0.661149
960 0.758593
970 0.866274
980 0.984542
990 1.11363
1000 1.25365
1010 1.40452
1020 1.56602
1030 1.73771
1040 1.91896
1050 2.10891
1060 2.30648
1070 2.51036
1080 2.71903
1090 2.93075
1100 3.1436
1110 3.35547
1120 3.56414
1130 3.76727
1140 3.96246
1150 4.14731
1160 4.31942
1170 4.47651
1180 4.61641
1190 4.73713
1200 4.83691
1210 4.91428
1220 4.96806
1230 4.9974
1240 5.00182
1250 4.98122
1260 4.93585
1270 4.86635
1280 4.77371
1290 4.65926
1300 4.52461
1310 4.37166
1320 4.2025
1330 4.0194
1340 3.82477
1350 3.62104
1360 3.4107
1370 3.19619
1380 2.97986
1390 2.76396
1400 2.55055
1410 2.34154
1420 2.13859
1430 1.94318
1440 1.75652
1450 1.57958
1460 1.41312
1470 1.25765
1480 1.11348
1490 0.980714
1500 0.859283
1510 0.748966
1520 0.649405
1530 0.560138
1540 0.480613
1550 0.410219
1560 0.348299
1570 0.294173
1580 0.247151
1590 0.206553
1600 0.171713
1610 0.141997
1620 0.116803
1630 0.0955705
1640 0.0777838
1650 0.0629718
1660 0.0507098
1670 0.0406186
1680 0.0323625
1690 0.0256472
1700 0.0202171
1710 0.0158516
1720 0.0123624
1730 0.00958973
1740 0.00739912
1750 0.00567835
1760 0.00433442
1770 0.00329082
1780 0.00248508
1790 0.00186654
1800 0.00139442
1810 0.00103611
1820 0.000765726
1830 0.000562853
1840 0.000411499
1850 0.000299222
1860 0.000216405
1870 0.000155664
1880 0.000111367
1890 7.92447e-05
1900 5.60824e-05
1910 3.94753e-05
1920 2.76354e-05
1930 1.92418e-05
1940 1.3325e-05
1950 9.17751e-06
1960 6.28666e-06
1970 4.28304e-06
1980 2.90215e-06
1990 1.95579e-06
2000 1.31087e-06
2010 8.73836e-07
2020 5.7934e-07
2030 3.82006e-07
2040 2.50518e-07
2050 1.63395e-07
2060 1.05991e-07
2070 6.83807e-08
2080 4.38761e-08
2090 2.79997e-08
2100 1.77709e-08
2110 1.12175e-08
2120 7.04229e-09
2130 4.39707e-09
2140 2.73052e-09
2150 1.68639e-09
2160 1.03587e-09
2170 6.3283e-10
2180 3.84503e-10
2190 2.32358e-10
2200 1.39653e-10
2210 8.34773e-11
2220 4.96298e-11
2230 2.93533e-11
2240 1.72644e-11
2250 1.01023e-11
2260 5.8874e-12
2270 3.41425e-12
2280 1.97551e-12
2290 1.13981e-12
2300 6.5163e-13
2310 3.80482e-13
2320 2.30037e-13
2330 1.37921e-13
2340 9.39896e-14
2350 5.84551e-14
2360 4.94414e-14
2370 4.17112e-14
2380 3.37835e-14
2390 3.05698e-14
2400 2.68662e-14
2410 3.76241e-14
2420 3.29541e-14
2430 3.50205e-14
2440 3.51172e-14
2450 3.50399e-14
2460 3.81769e-14
2470 4.3788e-14
2480 4.48631e-14
2490 4.67273e-14
2500 4.96881e-14
2510 4.06417e-14
2520 4.48644e-14
2530 4.00064e-14
2540 4.85967e-14
2550 4.65861e-14
2560 3.99572e-14
2570 4.5732e-14
2580 4.01006e-14
2590 4.44192e-14
2600 4.57985e-14
2610 4.25785e-14
2620 4.1636e-14
2630 4.10836e-14
2640 3.55947e-14
2650 4.36116e-14
2660 3.72503e-14
2670 3.84305e-14
2680 3.29205e-14
2690 2.72094e-14
2700 2.94417e-14
2710 2.76933e-14
2720 2.05513e-14
2730 2.78261e-14
2740 2.76443e-14
2750 2.54876e-14
2760 2.03984e-14
2770 2.94113e-14
2780 3.09874e-14
2790 3.61639e-14
2800 2.52582e-14
2810 2.50188e-14
2820 3.34239e-14
2830 3.8854e-14
2840 3.22934e-14
2850 2.99585e-14
2860 3.43199e-14
2870 3.44439e-14
2880 3.3512e-14
2890 4.21471e-14
2900 3.73663e-14
2910 3.83096e-14
2920 3.90921e-14
2930 3.50264e-14
2940 3.35232e-14
2950 3.29106e-14
2960 3.22343e-14
2970 3.2163e-14
2980 3.50214e-14
2990 3.27913e-14
3000 2.93449e-14
3010 3.01725e-14
3020 2.82764e-14
3030 3.25671e-14
3040 3.20413e-14
3050 2.87666e-14
3060 2.89695e-14
3070 2.80702e-14
3080 3.7904e-14
3090 3.91296e-14
3100 3.86122e-14
3110 3.93963e-14
3120 4.73607e-14
3130 4.26971e-14
3140 4.06209e-14
3150 3.32761e-14
3160 3.82342e-14
3170 3.67337e-14
3180 3.68971e-14
3190 4.07297e-14
3200 3.75517e-14
3210 3.71044e-14
3220 3.71282e-14
3230 3.73963e-14
3240 3.89215e-14
3250 4.33058e-14
3260 4.19049e-14
3270 4.13239e-14
3280 4.0244e-14
3290 3.57959e-14
3300 3.21423e-14
3310 3.54854e-14
3320 3.73486e-14
3330 3.63611e-14
3340 3.89692e-14
3350 2.6833e-14
3360 2.60301e-14
3370 2.49972e-14
3380 2.43729e-14
3390 2.54052e-14
3400 1.72445e-14
3410 2.17212e-14
3420 2.38516e-14
3430 2.34624e-14
3440 2.89901e-14
3450 2.80285e-14
3460 2.97573e-14
3470 3.05923e-14
3480 3.10626e-14
3490 2.43035e-14
3500 2.5094e-14
3510 3.20184e-14
3520 3.28236e-14
3530 4.03669e-14
3540 3.90855e-14
3550 4.01643e-14
3560 3.97299e-14
3570 3.84801e-14
3580 3.59248e-14
3590 3.60002e-14
3600 3.95304e-14
3610 4.18526e-14
3620 3.67544e-14
3630 4.80902e-14
3640 5.56095e-14
3650 5.27276e-14
3660 5.8849e-14
3670 5.2631e-14
3680 5.55486e-14
3690 4.86128e-14
3700 5.22448e-14
3710 4.23325e-14
3720 5.38186e-14
3730 4.73384e-14
3740 5.43706e-14
3750 4.96405e-14
3760 5.44934e-14
3770 5.34009e-14
3780 4.96566e-14
3790 5.33875e-14
3800 4.69027e-14
3810 5.24118e-14
3820 4.79222e-14
3830 4.98509e-14
3840 3.96754e-14
3850 4.33967e-14
3860 4.09735e-14
3870 4.02549e-14
3880 3.76152e-14
3890 4.11836e-14
3900 2.75265e-14
3910 3.44628e-14
3920 3.61231e-14
3930 3.60755e-14
3940 3.34578e-14
3950 3.2216e-14
3960 3.24558e-14
3970 3.26609e-14
3980 3.23639e-14
3990 2.88893e-14
4000 2.69463e-14
4010 3.64513e-14
4020 3.22159e-14
4030 3.70134e-14
4040 2.99135e-14
4050 2.69268e-14
4060 2.26332e-14
4070 2.09958e-14
4080 2.0373e-14
4090 2.42472e-14
4100 2.12486e-14
4110 1.45783e-14
4120 2.29664e-14
4130 2.4487e-14
4140 2.46159e-14
4150 2.98242e-14
4160 2.54763e-14
4170 3.16265e-14
4180 2.22528e-14
4190 1.90684e-14
4200 1.41303e-14
4210 1.10012e-14
4220 1.6795e-15
4230 -2.59273e-16
4240 -3.07252e-15
4250 -4.49352e-15
4260 -5.52696e-16
4270 -4.18522e-15
4280 -2.40259e-15
4290 5.21672e-15
4300 1.42288e-15
4310 2.32766e-15
4320 -7.23697e-16
4330 -1.27168e-15
4340 -4.06773e-16
4350 1.17451e-14
4360 1.02608e-14
4370 1.48483e-14
4380 1.56301e-14
4390 1.4226e-14
4400 9.57792e-15
4410 1.23523e-14
4420 1.51317e-14
4430 1.41021e-14
4440 8.4037e-15
4450 6.02557e-15
4460 6.51122e-15
4470 2.56778e-15
4480 2.26944e-15
4490 4.57711e-15
4500 5.06562e-15
4510 2.68519e-15
4520 -1.36636e-15
4530 -4.80252e-15
4540 -2.33458e-15
4550 -2.48523e-15
4560 3.21009e-15
4570 -3.11027e-16
4580 3.85104e-15
4590 1.68251e-15
4600 1.45361e-15
4610 3.45993e-15
4620 -6.92754e-16
4630 3.37e-15
4640 7.00226e-15
4650 3.11684e-15
4660 5.06044e-15
4670 7.43361e-15
4680 6.1695e-15
4690 1.09581e-14
4700 1.474e-14
4710 1.01833e-14
4720 1.07886e-14
4730 1.56824e-14
4740 1.74065e-14
4750 1.36493e-14
4760 1.33663e-14
4770 1.44256e-14
4780 1.00038e-14
4790 5.08349e-15
4800 1.00983e-14
4810 1.57e-14
4820 1.39275e-14
4830 1.51084e-14
4840 1.15521e-14
4850 1.07562e-14
4860 8.02437e-15
4870 8.11169e-15
4880 9.63559e-15
4890 8.21951e-15
4900 1.92197e-14
4910 1.65213e-14
4920 1.00339e-14
4930 3.64721e-15
4940 6.16665e-15
4950 -2.9745e-15
4960 2.73257e-15
4970 1.11384e-14
4980 4.45066e-15
4990 -3.15447e-15
5000 5.38302e-16
5010 -5.15334e-15
5020 3.20709e-15
5030 3.92292e-15
5040 2.66412e-15
5050 2.84209e-15
5060 3.03888e-15
5070 1.22309e-15
5080 -2.12257e-15
5090 4.10276e-16
5100 -4.11402e-15
5110 -6.61496e-15
5120 -6.61522e-15
5130 -7.26431e-15
5140 -8.79992e-15
5150 1.87066e-15
5160 -7.47e-15
5170 -1.34484e-15
5180 -3.72902e-15
5190 8.72486e-15
5200 1.36544e-15
5210 -2.87419e-17
5220 2.40635e-15
5230 1.56038e-15
5240 6.35568e-15
5250 6.28737e-15
5260 7.7257e-15
5270 6.7421e-15
5280 3.39164e-15
5290 7.28004e-15
5300 1.19695e-14
5310 1.19808e-17
5320 6.55124e-17
5330 -3.19924e-15
5340 -9.19558e-16
5350 -2.76369e-15
5360 -4.08681e-15
5370 -6.41518e-15
5380 3.82903e-15
5390 -9.74307e-15
5400 -4.92802e-15
5410 -1.09507e-14
5420 -2.12987e-14
5430 -1.67762e-14
5440 -1.79175e-14
5450 -2.26711e-14
5460 -1.94165e-14
5470 -2.4359e-14
5480 -2.17311e-14
5490 -1.86005e-14
5500 -1.35744e-14
5510 -1.94421e-14
5520 -2.1707e-14
5530 -2.26625e-14
5540 -2.42306e-14
5550 -3.14575e-14
5560 -3.08659e-14
5570 -3.68807e-14
5580 -3.41648e-14
5590 -3.28384e-14
5600 -4.20881e-14
5610 -4.39847e-14
5620 -4.13407e-14
5630 -3.29377e-14
5640 -3.88608e-14
5650 -3.64412e-14
5660 -3.35184e-14
5670 -4.38885e-14
5680 -4.1589e-14
5690 -4.66631e-14
5700 -5.06748e-14
5710 -5.49798e-14
5720 -5.59302e-14
5730 -5.3643e-14
5740 -5.72607e-14
5750 -5.227e-14
5760 -4.67442e-14
5770 -3.51453e-14
5780 -3.76354e-14
5790 -4.66808e-14
5800 -4.36614e-14
5810 -3.96356e-14
5820 -3.50938e-14
5830 -4.31757e-14
5840 -4.25208e-14
5850 -3.73871e-14
5860 -4.3392e-14
5870 -4.10089e-14
5880 -4.65494e-14
5890 -4.71428e-14
5900 -4.56961e-14
5910 -5.05633e-14
5920 -5.87483e-14
5930 -5.73177e-14
5940 -4.58724e-14
5950 -4.46817e-14
5960 -4.39918e-14
5970 -4.74445e-14
5980 -5.54012e-14
5990 -4.97394e-14
6000 -6.09781e-14
6010 -4.93706e-14
6020 -5.18519e-14
6030 -4.79204e-14
6040 -4.65192e-14
6050 -5.34565e-14
6060 -5.01187e-14
6070 -4.30137e-14
6080 -3.73741e-14
6090 -3.58929e-14
6100 -3.40975e-14
6110 -3.74801e-14
6120 -2.71364e-14
6130 -2.81198e-14
6140 -2.69533e-14
6150 -3.21111e-14
6160 -2.81255e-14
6170 -2.11498e-14
6180 -2.18305e-14
6190 -1.61654e-14
6200 -1.97519e-14
6210 -2.22178e-14
6220 -2.01824e-14
6230 -1.97792e-14
6240 -1.6658e-14
6250 -1.96971e-14
6260 -1.57567e-14
6270 -2.44749e-14
6280 -2.2169e-14
6290 -2.57545e-14
6300 -2.24037e-14
6310 -2.80856e-14
6320 -2.93738e-14
6330 -3.02011e-14
6340 -3.12006e-14
6350 -3.21888e-14
6360 -3.32817e-14
6370 -3.53554e-14
6380 -4.06018e-14
6390 -3.64697e-14
6400 -3.9095e-14
6410 -4.16586e-14
6420 -4.1601e-14
6430 -3.49174e-14
6440 -4.48178e-14
6450 -4.46176e-14
6460 -4.67392e-14
6470 -4.21856e-14
6480 -4.37254e-14
6490 -4.98394e-14
6500 -5.12555e-14
6510 -4.71177e-14
6520 -4.84217e-14
6530 -5.62226e-14
6540 -4.96116e-14
6550 -5.23516e-14
6560 -5.7139e-14
6570 -6.29644e-14
6580 -5.84476e-14
6590 -6.35554e-14
6600 -6.22404e-14
6610 -6.64474e-14
6620 -6.59331e-14
6630 -7.31175e-14
6640 -7.32073e-14
6650 -6.75793e-14
6660 -7.57218e-14
6670 -7.2077e-14
6680 -7.27876e-14
6690 -7.151e-14
6700 -6.60714e-14
6710 -7.24569e-14
6720 -6.7277e-14
6730 -7.83414e-14
6740 -8.03473e-14
6750 -7.8672e-14
6760 -7.44404e-14
6770 -7.73627e-14
6780 -6.92769e-14
6790 -7.56344e-14
6800 -7.76786e-14
6810 -8.30441e-14
6820 -6.90712e-14
6830 -7.67652e-14
6840 -7.15213e-14
6850 -7.82204e-14
6860 -7.58157e-14
6870 -6.9822e-14
6880 -6.35272e-14
6890 -6.03175e-14
6900 -5.87582e-14
6910 -6.6214e-14
6920 -7.08055e-14
6930 -6.21968e-14
6940 -6.63127e-14
6950 -6.66579e-14
6960 -6.76323e-14
6970 -6.61935e-14
6980 -5.86339e-14
6990 -6.81094e-14
7000 -6.32447e-14
7010 -6.91352e-14
7020 -7.64906e-14
7030 -7.88793e-14
7040 -8.47218e-14
7050 -8.74179e-14
7060 -7.65786e-14
7070 -8.33619e-14
7080 -8.29866e-14
7090 -8.00156e-14
7100 -8.68463e-14
7110 -8.77684e-14
7120 -8.42673e-14
7130 -8.92194e-14
7140 -8.91644e-14
7150 -9.23789e-14
7160 -9.56258e-14
7170 -9.63998e-14
7180 -1.01747e-13
7190 -9.11129e-14
7200 -9.63666e-14
7210 -9.45267e-14
7220 -1.01117e-13
7230 -9.49862e-14
7240 -9.33266e-14
7250 -8.50926e-14
7260 -8.47511e-14
7270 -8.67384e-14
7280 -8.12885e-14
7290 -7.85234e-14
7300 -7.65394e-14
7310 -7.54065e-14
7320 -8.02523e-14
7330 -8.4021e-14
7340 -7.83234e-14
7350 -8.46733e-14
7360 -8.25418e-14
7370 -8.9637e-14
7380 -8.13809e-14
7390 -9.16205e-14
7400 -9.58704e-14
7410 -8.75871e-14
7420 -7.74989e-14
7430 -7.98244e-14
7440 -7.95573e-14
7450 -7.46284e-14
7460 -8.06645e-14
7470 -7.18359e-14
7480 -7.70945e-14
7490 -7.54479e-14
7500 -7.61596e-14
7510 -7.11662e-14
7520 -6.98128e-14
7530 -6.51094e-14
7540 -7.67017e-14
7550 -7.23676e-14
7560 -7.19355e-14
7570 -6.7791e-14
7580 -6.7913e-14
7590 -6.51374e-14
7600 -5.83347e-14
7610 -5.72252e-14
7620 -3.70992e-14
7630 -2.06967e-14
7640 -1.8044e-15
7650 4.7484e-14
7660 1.37504e-13
7670 2.94951e-13
7680 5.67154e-13
7690 1.05872e-12
7700 1.89566e-12
7710 3.34279e-12
7720 5.81766e-12
7730 1.00425e-11
7740 1.72026e-11
7750 2.92945e-11
7760 4.95709e-11
7770 8.34164e-11
7780 1.39587e-10
7790 2.32299e-10
7800 3.84436e-10
7810 6.32765e-10
7820 1.03581e-09
7830 1.68633e-09
7840 2.73045e-09
7850 4.397e-09
7860 7.04223e-09
7870 1.12174e-08
7880 1.77708e-08
7890 2.79996e-08
7900 4.3876e-08
7910 6.83806e-08
7920 1.05991e-07
7930 1.63395e-07
7940 2.50518e-07
7950 3.82006e-07
7960 5.7934e-07
7970 8.73836e-07
7980 1.31087e-06
7990 1.95579e-06
8000 2.90215e-06
8010 4.28304e-06
8020 6.28666e-06
8030 9.17751e-06
8040 1.3325e-05
8050 1.92418e-05
8060 2.76354e-05
8070 3.94753e-05
8080 5.60824e-05
8090 7.92447e-05
8100 0.000111367
8110 0.000155664
8120 0.000216405
8130 0.000299222
8140 0.000411499
8150 0.000562853
8160 0.000765726
8170 0.00103611
8180 0.00139442
8190 0.00186654
8200 0.00248508
8210 0.00329082
8220 0.00433442
8230 0.00567835
8240 0.00739912
8250 0.00958973
8260 0.0123624
8270 0.0158516
8280 0.0202171
8290 0.0256472
8300 0.0323625
8310 0.0406186
8320 0.0507098
8330 0.0629718
8340 0.0777838
8350 0.0955705
8360 0.116803
8370 0.141997
8380 0.171713
8390 0.206553
8400 0.247151
8410 0.294173
8420 0.348299
8430 0.410219
8440 0.480613
8450 0.560138
8460 0.649405
8470 0.748966
8480 0.859283
8490 0.980714
8500 1.11348
8510 1.25765
8520 1.41312
8530 1.57958
8540 1.75652
8550 1.94318
8560 2.13859
8570 2.34154
8580 2.55055
8590 2.76396
8600 2.97986
8610 3.19619
8620 3.4107
8630 3.62104
8640 3.82477
8650 4.0194
8660 4.2025
8670 4.37166
8680 4.52461
8690 4.65926
8700 4.77371
8710 4.86635
8720 4.93585
8730 4.98122
8740 5.00182
8750 4.9974
8760 4.96806
8770 4.91428
8780 4.83691
8790 4.73713
8800 4.61641
8810 4.47651
8820 4.31942
8830 4.14731
8840 3.96246
8850 3.76727
8860 3.56414
8870 3.35547
8880 3.1436
8890 2.93075
8900 2.71903
8910 2.51036
8920 2.30648
8930 2.10891
8940 1.91896
8950 1.73771
8960 1.56602
8970 1.40452
8980 1.25365
8990 1.11363
9000 0.984542
9010 0.866274
9020 0.758593
9030 0.661149
9040 0.573498
9050 0.495119
9060 0.425439
9070 0.363847
9080 0.309713
9090 0.262399
9100 0.221275
9110 0.185726
9120 0.155164
9130 0.129029
9140 0.106799
9150 0.0879902
9160 0.0721598
9170 0.0589051
9180 0.0478643
9190 0.0387148
9200 0.031171
9210 0.0249826
9220 0.0199317
9230 0.0158297
9240 0.0125149
9250 0.00984953
9260 0.00771681
9270 0.00601865
9280 0.0046731
9290 0.00361209
9300 0.00277949
9310 0.00212926
9320 0.00162387
9330 0.00123294
9340 0.000931966
9350 0.000701347
9360 0.000525464
9370 0.000391955
9380 0.000291082
9390 0.000215222
9400 0.000158435
9410 0.000116122
9420 8.47389e-05
9430 6.15685e-05
9440 4.45395e-05
9450 3.20811e-05
9460 2.30077e-05
9470 1.64294e-05
9480 1.16815e-05
9490 8.27002e-06
9500 5.82979e-06
9510 4.09205e-06
9520 2.86005e-06
9530 1.99047e-06
9540 1.37941e-06
9550 9.51888e-07
9560 6.54096e-07
9570 4.47572e-07
9580 3.04968e-07
9590 2.06928e-07
9600 1.39818e-07
9610 9.40785e-08
9620 6.30381e-08
9630 4.20636e-08
9640 2.79514e-08
9650 1.8497e-08
9660 1.21899e-08
9670 8.00028e-09
9680 5.22903e-09
9690 3.40371e-09
9700 2.20649e-09
9710 1.42454e-09
9720 9.15954e-10
9730 5.86548e-10
9740 3.74083e-10
9750 2.37613e-10
9760 1.5032e-10
9770 9.47126e-11
9780 5.94361e-11
9790 3.71489e-11
9800 2.3126e-11
9810 1.4339e-11
9820 8.85523e-12
9830 5.44693e-12
9840 3.33717e-12
9850 2.03649e-12
9860 1.23784e-12
9870 7.49438e-13
9880 4.51955e-13
9890 2.71486e-13
9900 1.62442e-13
9910 9.68171e-14
9920 5.7481e-14
9930 3.39972e-14
9940 2.00351e-14
9950 1.17709e-14
9960 6.90558e-15
9970 4.06484e-15
9980 2.43407e-15
9990 1.53863e-15
10000 9.6995e-16
10010 6.09796e-16
10020 3.82331e-16
10030 2.39066e-16
10040 1.4908e-16
10050 9.2714e-17
10060 5.75042e-17
10070 3.55699e-17
10080 2.1943e-17
10090 1.35003e-17
10100 8.28368e-18
10110 5.0692e-18
10120 3.09381e-18
10130 1.88315e-18
10140 1.14319e-18
10150 6.92142e-19
10160 4.17942e-19
10170 2.51699e-19
10180 1.5118e-19
10190 9.05644e-20
10200 5.41091e-20
10210 3.22431e-20
10220 1.91627e-20
10230 1.13588e-20
10240 6.71527e-21
10250 3.95963e-21
10260 2.32866e-21
10270 1.3659e-21
10280 7.99093e-22
10290 4.66273e-22
10300 2.71362e-22
10310 1.57517e-22
10320 9.11958e-23
10330 5.26616e-23
10340 3.0331e-23
10350 1.74242e-23
10360 9.98382e-24
10370 5.70582e-24
10380 3.25251e-24
10390 1.84927e-24
10400 1.04873e-24
10410 5.93213e-25
10420 3.34691e-25
10430 1.88349e-25
10440 1.05724e-25
10450 5.91931e-26
10460 3.30568e-26
10470 1.84138e-26
10480 1.02311e-26
10490 5.67016e-27
10500 3.13449e-27
10510 1.72837e-27
10520 9.50619e-28
10530 5.21529e-28
10540 2.854e-28
10550 1.55788e-28
10560 8.48246e-29
10570 4.60698e-29
10580 2.49586e-29
10590 1.34876e-29
10600 7.27045e-30
10610 3.90932e-30
10620 2.09679e-30
10630 1.12183e-30
10640 5.9871e-31
10650 3.18731e-31
10660 1.6926e-31
10670 8.96612e-32
10680 4.73782e-32
10690 2.49734e-32
10700 1.31312e-32
10710 6.88741e-33
10720 3.60361e-33
10730 1.88083e-33
10740 9.79252e-34
10750 5.08595e-34
10760 2.63502e-34
10770 1.36186e-34
10780 7.02127e-35
10790 3.6111e-35
10800 1.85269e-35
10810 9.48215e-36
10820 4.84121e-36
10830 2.46573e-36
10840 1.2528e-36
10850 6.34986e-37
10860 3.21066e-37
10870 1.61948e-37
10880 8.14902e-38
10890 4.0906e-38
10900 2.04844e-38
10910 1.02332e-38
10920 5.09984e-39
10930 2.53546e-39
10940 1.25752e-39
10950 6.22203e-40
10960 3.07119e-40
10970 1.51231e-40
10980 7.42909e-41
10990 3.64073e-41
11000 1.77992e-41
11010 8.68096e-42
11020 4.22368e-42
11030 2.05006e-42
11040 9.92636e-43
11050 4.79465e-43
11060 2.31025e-43
11070 1.11043e-43
11080 5.32401e-44
11090 2.54621e-44
11100 1.21462e-44
11110 5.77912e-45
11120 2.74244e-45
11130 1.29791e-45
11140 6.12579e-46
11150 2.88308e-46
11160 1.35301e-46
11170 6.33076e-47
11180 2.95316e-47
11190 1.37327e-47
11200 6.36527e-48
11210 2.94053e-48
11220 1.35374e-48
11230 6.21009e-49
11240 2.83832e-49
11250 1.29233e-49
11260 5.86113e-50
11270 2.64748e-50
11280 1.1909e-50
11290 5.33401e-51
11300 2.37858e-51
11310 1.05588e-51
11320 4.66545e-52
11330 2.05167e-52
11340 8.97852e-53
11350 3.90969e-53
11360 1.69385e-53
11370 7.30065e-54
11380 3.13012e-54
11390 1.33486e-54
11400 5.66172e-55
11410 2.38817e-55
11420 1.00174e-55
11430 4.17821e-56
11440 1.73277e-56
11450 7.14461e-57
11460 2.92875e-57
11470 1.19352e-57
11480 4.83505e-58
11490 1.94705e-58
11500 7.79361e-59
11510 3.10079e-59
11520 1.22621e-59
11530 4.81948e-60
11540 1.88265e-60
11550 7.30904e-61
11560 2.82011e-61
11570 1.08137e-61
11580 4.12083e-62
11590 1.56057e-62
11600 5.87315e-63
11610 2.19654e-63
11620 8.16364e-64
11630 3.01511e-64
11640 1.10661e-64
11650 4.03605e-65
11660 1.4628e-65
11670 5.26843e-66
11680 1.88558e-66
11690 6.70615e-67
11700 2.37011e-67
11710 8.32399e-68
11720 2.90511e-68
11730 1.00754e-68
11740 3.47243e-69
11750 1.18926e-69
11760 4.04758e-70
11770 1.36896e-70
11780 4.60113e-71
11790 1.53681e-71
11800 5.10105e-72
11810 1.68262e-72
11820 5.51574e-73
11830 1.79686e-73
11840 5.81728e-74
11850 1.87166e-74
11860 5.9846e-75
11870 1.90174e-75
11880 6.00586e-76
11890 1.88501e-76
11900 5.87988e-77
11910 1.82282e-77
11920 5.61621e-78
11930 1.71977e-78
11940 5.23394e-79
11950 1.58315e-79
11960 4.75942e-80
11970 1.42209e-80
11980 4.22326e-81
11990 1.24657e-81
12000 3.65713e-82
12010 1.0664e-82
12020 3.09072e-83
12030 8.90358e-84
12040 2.54939e-84
12050 7.25572e-85
12060 2.05257e-85
12070 5.77159e-86
12080 1.61315e-86
12090 4.48165e-87
12100 1.23763e-87
12110 3.39731e-88
12120 9.2699e-89
12130 2.51428e-89
12140 6.77883e-90
12150 1.81677e-90
12160 4.84012e-91
12170 1.28181e-91
12180 3.37445e-92
12190 8.83085e-93
12200 2.29732e-93
12210 5.94109e-94
12220 1.52734e-94
12230 3.90335e-95
12240 9.91678e-96
12250 2.5046e-96
12260 6.28848e-97
12270 1.56962e-97
12280 3.8948e-98
12290 9.60778e-99
12300 2.35619e-99
12310 5.74444e-100
12320 1.39232e-100
12330 3.35497e-101
12340 8.03703e-102
12350 1.9141e-102
12360 4.53207e-103
12370 1.06683e-103
12380 2.49666e-104
12390 5.80893e-105
12400 1.34371e-105
12410 3.09021e-106
12420 7.06558e-107
12430 1.60615e-107
12440 3.62998e-108
12450 8.15654e-109
12460 1.82218e-109
12470 4.04728e-110
12480 8.93763e-111
12490 1.96233e-111
12500 4.28363e-112
12510 9.29706e-113
12520 2.0062e-113
12530 4.30426e-114
12540 9.18164e-115
12550 1.94734e-115
12560 4.10642e-116
12570 8.60969e-117
12580 1.79479e-117
12590 3.72003e-118
12600 7.66627e-119
12610 1.57083e-119
12620 3.20024e-120
12630 6.48253e-121
12640 1.30562e-121
12650 2.61458e-122
12660 5.20594e-123
12670 1.03065e-123
12680 2.02878e-124
12690 3.97078e-125
12700 7.72738e-126
12710 1.49522e-126
12720 2.87671e-127
12730 5.50309e-128
12740 1.04673e-128
12750 1.97963e-129
12760 3.72265e-130
12770 6.96051e-131
12780 1.29405e-131
12790 2.39213e-132
12800 4.39683e-133
12810 8.03557e-134
12820 1.46022e-134
12830 2.6384e-135
12840 4.7401e-136
12850 8.46757e-137
12860 1.50402e-137
12870 2.65627e-138
12880 4.66461e-139
12890 8.14484e-140
12900 1.41408e-140
12910 2.44112e-141
12920 4.19015e-142
12930 7.15145e-143
12940 1.21362e-143
12950 2.04783e-144
12960 3.43581e-145
12970 5.73175e-146
12980 9.50756e-147
12990 1.5681e-147
13000 2.57158e-148
13010 4.19323e-149
13020 6.79858e-150
13030 1.096e-150
13040 1.75679e-151
13050 2.79996e-152
13060 4.43713e-153
13070 6.99152e-154
13080 1.09536e-154
13090 1.70633e-155
13100 2.64291e-156
13110 4.07023e-157
13120 6.23261e-158
13130 9.48932e-159
13140 1.43652e-159
13150 2.16223e-160
13160 3.23596e-161
13170 4.8152e-162
13180 7.12416e-163
13190 1.048e-163
13200 1.53283e-164
13210 2.22912e-165
13220 3.22313e-166
13230 4.63366e-167
13240 6.62327e-168
13250 9.41283e-169
13260 1.33005e-169
13270 1.86858e-170
13280 2.61007e-171
13290 3.62482e-172
13300 5.00511e-173
13310 6.87119e-174
13320 9.37863e-175
13330 1.27273e-175
13340 1.71719e-176
13350 2.30348e-177
13360 3.07208e-178
13370 4.07344e-179
13380 5.36995e-180
13390 7.03809e-181
13400 9.17096e-182
13410 1.18809e-182
13420 1.53021e-183
13430 1.9594e-184
13440 2.49438e-185
13450 3.15694e-186
13460 3.9722e-187
13470 4.96886e-188
13480 6.1793e-189
13490 7.63972e-190
13500 9.39005e-191
13510 1.14738e-191
13520 1.39379e-192
13530 1.68319e-193
13540 2.02073e-194
13550 2.41171e-195
13560 2.86141e-196
13570 3.37496e-197
13580 3.95722e-198
13590 4.61254e-199
13600 5.34461e-200
13610 6.15624e-201
13620 7.04913e-202
13630 8.02367e-203
13640 9.07872e-204
13650 1.02115e-204
13660 1.14172e-205
13670 1.26892e-206
13680 1.40189e-207
13690 1.53953e-208
13700 1.68058e-209
13710 1.82357e-210
13720 1.96686e-211
13730 2.10868e-212
13740 2.24713e-213
13750 2.38025e-214
13760 2.50606e-215
13770 2.62259e-216
13780 2.72795e-217
13790 2.82037e-218
13800 2.89823e-219
13810 2.96017e-220
13820 3.00504e-221
13830 3.03201e-222
13840 3.04057e-223
13850 3.03053e-224
13860 3.00203e-225
13870 2.95559e-226
13880 2.892e-227
13890 2.81239e-228
13900 2.71812e-229
13910 2.61081e-230
13920 2.49225e-231
13930 2.36435e-232
13940 2.2291e-233
13950 2.08854e-234
13960 1.94467e-235
13970 1.79943e-236
13980 1.65464e-237
13990 1.51199e-238
14000 1.37297e-239
14010 1.23892e-240
14020 1.11092e-241
14030 9.89865e-243
14040 8.76436e-244
14050 7.71097e-245
14060 6.74119e-246
14070 5.85595e-247
14080 5.05459e-248
14090 4.33508e-249
14100 3.69424e-250
14110 3.12798e-251
14120 2.63153e-252
14130 2.19964e-253
14140 1.82679e-254
14150 1.50735e-255
14160 1.23572e-256
14170 1.00647e-257
14180 8.14421e-259
14190 6.54729e-260
14200 5.22913e-261
14210 4.14904e-262
14220 3.27046e-263
14230 2.56098e-264
14240 1.9922e-265
14250 1.53951e-266
14260 1.18182e-267
14270 9.01209e-269
14280 6.82658e-270
14290 5.1366e-271
14300 3.83916e-272
14310 2.85022e-273
14320 2.1018e-274
14330 1.53947e-275
14340 1.11998e-276
14350 8.09278e-278
14360 5.80802e-279
14370 4.13994e-280
14380 2.9308e-281
14390 2.06062e-282
14400 1.43886e-283
14410 9.97801e-285
14420 6.87167e-286
14430 4.69966e-287
14440 3.19189e-288
14450 2.15277e-289
14460 1.44181e-290
14470 9.58886e-292
14480 6.33241e-293
14490 4.15244e-294
14500 2.70372e-295
14510 1.74797e-296
14520 1.12205e-297
14530 7.15131e-299
14540 4.52526e-300
14550 2.84301e-301
14560 1.77329e-302
14570 1.09808e-303
14580 6.75053e-305
14590 4.11979e-306
14600 2.49596e-307
14610 1.50112e-308
14620 8.96185e-310
14630 5.31095e-311
14640 3.12413e-312
14650 1.82414e-313
14660 1.05717e-314
14670 6.08109e-316
14680 3.47174e-317
14690 1.96682e-318
14700 1.10098e-319
14710 6.04736e-321
14720 1.77864e-322
14730 0
14740 0
14750 0
14760 0
14770 0
14780 0
14790 0
14800 0
14810 0
14820 0
14830 0
14840 0
14850 0
14860 0
14870 0
14880 0
14890 0
14900 0
14910 0
14920 0
14930 0
14940 0
14950 0
14960 0
14970 0
14980 0
14990 0
15000 0
15010 0
15020 0
15030 0
15040 0
15050 0
15060 0
15070 0
15080 0
15090 0
15100 0
15110 0
15120 0
15130 0
15140 0
15150 0
15160 0
15170 0
15180 0
15190 0
15200 0
15210 0
15220 0
15230 0
15240 0
15250 0
15260 0
15270 0
15280 0
15290 0
15300 0
15310 0
15320 0
15330 0
15340 0
15350 0
15360 0
15370 0
15380 0
15390 0
15400 0
15410 0
15420 0
15430 0
15440 0
15450 0
15460 0
15470 0
15480 0
15490 0
15500 0
15510 0
15520 0
15530 0
15540 0
15550 0
15560 0
15570 0
15580 0
15590 0
15600 0
15610 0
15620 0
15630 0
15640 0
15650 0
15660 0
15670 0
15680 0
15690 0
15700 0
15710 0
15720 0
15730 0
15740 0
15750 0
15760 0
15770 0
15780 0
15790 0
15800 0
15810 0
15820 0
15830 0
15840 0
15850 0
15860 0
15870 0
15880 0
15890 0
15900 0
15910 0
15920 0
15930 0
15940 0
15950 0
15960 0
15970 0
15980 0
15990 0
16000 0
16010 0
16020 0
16030 0
16040 0
16050 0
16060 0
16070 0
16080 0
16090 0
16100 0
16110 0
16120 0
16130 0
16140 0
16150 0
16160 0
16170 0
16180 0
16190 0
16200 0
16210 0
16220 0
16230 0
16240 0
16250 0
16260 0
16270 0
16280 0
16290 0
16300 0
16310 0
16320 0
16330 0
16340 0
16350 0
16360 0
16370 0
16380 0
16390 0
16400 0
16410 0
16420 0
16430 0
16440 0
16450 0
16460 0
16470 0
16480 0
16490 0
16500 0
16510 0
16520 0
16530 0
16540 0
16550 0
16560 0
16570 0
16580 0
16590 0
16600 0
16610 0
16620 0
16630 0
16640 0
16650 0
16660 0
16670 0
16680 0
16690 0
16700 0
16710 0
16720 0
16730 0
16740 0
16750 0
16760 0
16770 0
16780 0
16790 0
16800 0
16810 0
16820 0
16830 0
16840 0
16850 0
16860 0
16870 0
16880 0
16890 0
16900 0
16910 0
16920 0
16930 0
16940 0
16950 0
16960 0
16970 0
16980 0
16990 0
17000 0
17010 0
17020 0
17030 0
17040 0
17050 0
17060 0
17070 0
17080 0
17090 0
17100 0
17110 0
17120 0
17130 0
17140 0
17150 0
17160 0
17170 0
17180 0
17190 0
17200 0
17210 0
17220 0
17230 0
17240 0
17250 0
17260 0
17270 0
17280 0
17290 0
17300 0
17310 0
17320 0
17330 0
17340 0
17350 0
17360 0
17370 0
17380 0
17390 0
17400 0
17410 0
17420 0
17430 0
17440 0
17450 0
17460 0
17470 0
17480 0
17490 0
17500 0
17510 0
17520 0
17530 0
17540 0
17550 0
17560 0
17570 0
17580 0
17590 0
17600 0
17610 0
17620 0
17630 0
17640 0
17650 0
17660 0
17670 0
17680 0
17690 0
17700 0
17710 0
17720 0
17730 0
17740 0
17750 0
17760 0
17770 0
17780 0
17790 0
17800 0
17810 0
17820 0
17830 0
17840 0
17850 0
17860 0
17870 0
17880 0
17890 0
17900 0
17910 0
17920 0
17930 0
17940 0
17950 0
17960 0
17970 0
17980 0
17990 0
18000 0
18010 0
18020 0
18030 0
18040 0
18050 0
18060 0
18070 0
18080 0
18090 0
18100 0
18110 0
18120 0
18130 0
18140 0
18150 0
18160 0
18170 0
18180 0
18190 0
18200 0
18210 0
18220 0
18230 0
18240 0
18250 0
18260 0
18270 0
18280 0
18290 0
18300 0
18310 0
18320 0
18330 0
18340 0
18350 0
18360 0
18370 0
18380 0
18390 0
18400 0
18410 0
18420 0
18430 0
18440 0
18450 0
18460 0
18470 0
18480 0
18490 0
18500 0
18510 0
18520 0
18530 0
18540 0
18550 0
18560 0
18570 0
18580 0
18590 0
18600 0
18610 0
18620 0
18630 0
18640 0
18650 0
18660 0
18670 0
18680 0
18690 0
18700 0
18710 0
18720 0
18730 0
18740 0
18750 0
18760 0
18770 0
18780 0
18790 0
18800 0
18810 0
18820 0
18830 0
18840 0
18850 0
18860 0
18870 0
18880 0
18890 0
18900 0
18910 0
18920 0
18930 0
18940 0
18950 0
18960 0
18970 0
18980 0
18990 0
19000 0
19010 0
19020 0
19030 0
19040 0
19050 0
19060 0
19070 0
19080 0
19090 0
19100 0
19110 0
19120 0
19130 0
19140 0
19150 0
19160 0
19170 0
19180 0
19190 0
19200 0
19210 0
19220 0
19230 0
19240 0
19250 0
19260 0
19270 0
19280 0
19290 0
19300 0
19310 0
19320 0
19330 0
19340 0
19350 0
19360 0
19370 0
19380 0
19390 0
19400 0
19410 0
19420 0
19430 0
19440 0
19450 0
19460 0
19470 0
19480 0
19490 0
19500 0
19510 0
19520 0
19530 0
19540 0
19550 0
19560 0
19570 0
19580 0
19590 0
19600 0
19610 0
19620 0
19630 0
19640 0
19650 0
19660 0
19670 0
19680 0
19690 0
19700 0
19710 0
19720 0
19730 0
19740 0
19750 0
19760 0
19770 0
19780 0
19790 0
19800 0
19810 0
19820 0
19830 0
19840 0
19850 0
19860 0
19870 0
19880 0
19890 0
19900 0
19910 0
19920 0
19930 0
19940 0
19950 0
19960 0
19970 0
19980 0
19990 0
20000 0
20010 0
20020 0
20030 0
20040 0
20050 0
20060 0
20070 0
20080 0
20090 0
20100 0
20110 0
20120 0
20130 0
20140 0
20150 0
20160 0
20170 0
20180 0
20190 0
20200 0
20210 0
20220 0
20230 0
20240 0
20250 0
20260 0
20270 0
20280 0
20290 0
20300 0
20310 0
20320 0
20330 0
20340 0
20350 0
20360 0
20370 0
20380 0
20390 0
20400 0
20410 0
20420 0
20430 0
20440 0
20450 0
20460 0
20470 0
20480 0
20490 0
20500 0
20510 0
20520 0
20530 0
20540 0
20550 0
20560 0
20570 0
20580 0
20590 0
20600 0
20610 0
20620 0
20630 0
20640 0
20650 0
20660 0
20670 0
20680 0
20690 0
20700 0
20710 0
20720 0
20730 0
20740 0
20750 0
20760 0
20770 0
20780 0
20790 0
20800 0
20810 0
20820 0
20830 0
20840 0
20850 0
20860 0
20870 0
20880 0
20890 0
20900 0
20910 0
20920 0
20930 0
20940 0
20950 0
20960 0
20970 0
20980 0
20990 0
21000 0
21010 0
21020 0
21030 0
21040 0
21050 0
21060 0
21070 0
21080 0
21090 0
21100 0
21110 0
21120 0
21130 0
21140 0
21150 0
21160 0
21170 0
21180 0
21190 0
21200 0
21210 0
21220 0
21230 0
21240 0
21250 0
21260 0
21270 0
21280 0
21290 0
21300 0
21310 0
21320 0
21330 0
21340 0
21350 0
21360 0
21370 0
21380 0
21390 0
21400 0
21410 0
21420 0
21430 0
21440 0
21450 0
21460 0
21470 0
21480 0
21490 0
21500 0
21510 0
21520 0
21530 0
21540 0
21550 0
21560 0
21570 0
21580 0
21590 0
21600 0
21610 0
21620 0
21630 0
21640 0
21650 0
21660 0
21670 0
21680 0
21690 0
21700 0
21710 0
21720 0
21730 0
21740 0
21750 0
21760 0
21770 0
21780 0
21790 0
21800 0
21810 0
21820 0
21830 0
21840 0
21850 0
21860 0
21870 0
21880 0
21890 0
21900 0
21910 0
21920 0
21930 0
21940 0
21950 0
21960 0
21970 0
21980 0
21990 0
22000 0
22010 0
22020 0
22030 0
22040 0
22050 0
22060 0
22070 0
22080 0
22090 0
22100 0
22110 0
22120 0
22130 0
22140 0
22150 0
22160 0
22170 0
22180 0
22190 0
22200 0
22210 0
22220 0
22230 0
22240 0
22250 0
22260 0
22270 0
22280 0
22290 0
22300 0
22310 0
22320 0
22330 0
22340 0
22350 0
22360 0
22370 0
22380 0
22390 0
22400 0
22410 0
22420 0
22430 0
22440 0
22450 0
22460 0
22470 0
22480 0
22490 0
22500 0
22510 0
22520 0
22530 0
22540 0
22550 0
22560 0
22570 0
22580 0
22590 0
22600 0
22610 0
22620 0
22630 0
22640 0
22650 0
22660 0
22670 0
22680 0
22690 0
22700 0
22710 0
22720 0
22730 0
22740 0
22750 0
22760 0
22770 0
22780 0
22790 0
22800 0
22810 0
22820 0
22830 0
22840 0
22850 0
22860 0
22870 0
22880 0
22890 0
22900 0
22910 0
22920 0
22930 0
22940 0
22950 0
22960 0
22970 0
22980 0
22990 0
23000 0
23010 0
23020 0
23030 0
23040 0
23050 0
23060 0
23070 0
23080 0
23090 0
23100 0
23110 0
23120 0
23130 0
23140 0
23150 0
23160 0
23170 0
23180 0
23190 0
23200 0
23210 0
23220 0
23230 0
23240 0
23250 0
23260 0
23270 0
23280 0
23290 0
23300 0
23310 0
23320 0
23330 0
23340 0
23350 0
23360 0
23370 0
23380 0
23390 0
23400 0
23410 0
23420 0
23430 0
23440 0
23450 0
23460 0
23470 0
23480 0
23490 0
23500 0
23510 0
23520 0
23530 0
23540 0
23550 0
23560 0
23570 0
23580 0
23590 0
23600 0
23610 0
23620 0
23630 0
23640 0
23650 0
23660 0
23670 0
23680 0
23690 0
23700 0
23710 0
23720 0
23730 0
23740 0
23750 0
23760 0
23770 0
23780 0
23790 0
23800 0
23810 0
23820 0
23830 0
23840 0
23850 0
23860 0
23870 0
23880 0
23890 0
23900 0
23910 0
23920 0
23930 0
23940 0
23950 0
23960 0
23970 0
23980 0
23990 0
24000 0
24010 0
24020 0
24030 0
24040 0
24050 0
24060 0
24070 0
24080 0
24090 0
24100 0
24110 0
24120 0
24130 0
24140 0
24150 0
24160 0
24170 0
24180 0
24190 0
24200 0
24210 0
24220 0
24230 0
24240 0
24250 0
24260 0
24270 0
24280 0
24290 0
24300 0
24310 0
24320 0
24330 0
24340 0
24350 0
24360 0
24370 0
24380 0
24390 0
24400 0
24410 0
24420 0
24430 0
24440 0
24450 0
24460 0
24470 0
24480 0
24490 0
24500 0
24510 0
24520 0
24530 0
24540 0
24550 0
24560 0
24570 0
24580 0
24590 0
24600 0
24610 0
24620 0
24630 0
24640 0
24650 0
24660 0
24670 0
24680 0
24690 0
24700 0
24710 0
24720 0
24730 0
24740 0
24750 0
24760 0
24770 0
24780 0
24790 0
24800 0
24810 0
24820 0
24830 0
24840 0
24850 0
24860 0
24870 0
24880 0
24890 0
24900 0
24910 0
24920 0
24930 0
24940 0
24950 0
24960 0
24970 0
24980 0
24990 0
25000 0
25010 0
25020 0
25030 0
25040 0
25050 0
25060 0
25070 0
25080 0
25090 0
25100 0
25110 0
25120 0
25130 0
25140 0
25150 0
25160 0
25170 0
25180 0
25190 0
25200 0
25210 0
25220 0
25230 0
25240 0
25250 0
25260 0
25270 0
25280 0
25290 0
25300 0
25310 0
25320 0
25330 0
25340 0
25350 0
25360 0
25370 0
25380 0
25390 0
25400 0
25410 0
25420 0
25430 0
25440 0
25450 0
25460 0
25470 0
25480 0
25490 0
25500 0
25510 0
25520 0
25530 0
25540 0
25550 0
25560 0
25570 0
25580 0
25590 0
25600 0
25610 0
25620 0
25630 0
25640 0
25650 0
25660 0
25670 0
25680 0
25690 0
25700 0
25710 0
25720 0
25730 0
25740 0
25750 0
25760 0
25770 0
25780 0
25790 0
25800 0
25810 0
25820 0
25830 0
25840 0
25850 0
25860 0
25870 0
25880 0
25890 0
25900 0
25910 0
25920 0
25930 0
25940 0
25950 0
25960 0
25970 0
25980 0
25990 0
26000 0
26010 0
26020 0
26030 0
26040 0
26050 0
26060 0
26070 0
26080 0
26090 0
26100 0
26110 0
26120 0
26130 0
26140 0
26150 0
26160 0
26170 0
26180 0
26190 0
26200 0
26210 0
26220 0
26230 0
26240 0
26250 0
26260 0
26270 0
26280 0
26290 0
26300 0
26310 0
26320 0
26330 0
26340 0
26350 0
26360 0
26370 0
26380 0
26390 0
26400 0
26410 0
26420 0
26430 0
26440 0
26450 0
26460 0
26470 0
26480 0
26490 0
26500 0
26510 0
26520 0
26530 0
26540 0
26550 0
26560 0
26570 0
26580 0
26590 0
26600 0
26610 0
26620 0
26630 0
26640 0
26650 0
26660 0
26670 0
26680 0
26690 0
26700 0
26710 0
26720 0
26730 0
26740 0
26750 0
26760 0
26770 0
26780 0
26790 0
26800 0
26810 0
26820 0
26830 0
26840 0
26850 0
26860 0
26870 0
26880 0
26890 0
26900 0
26910 0
26920 0
26930 0
26940 0
26950 0
26960 0
26970 0
26980 0
26990 0
27000 0
27010 0
27020 0
27030 0
27040 0
27050 0
27060 0
27070 0
27080 0
27090 0
27100 0
27110 0
27120 0
27130 0
27140 0
27150 0
27160 0
27170 0
27180 0
27190 0
27200 0
27210 0
27220 0
27230 0
27240 0
27250 0
27260 0
27270 0
27280 0
27290 0
27300 0
27310 0
27320 0
27330 0
27340 0
27350 0
27360 0
27370 0
27380 0
27390 0
27400 0
27410 0
27420 0
27430 0
27440 0
27450 0
27460 0
27470 0
27480 0
27490 0
27500 0
27510 0
27520 0
27530 0
27540 0
27550 0
27560 0
27570 0
27580 0
27590 0
27600 0
27610 0
27620 0
27630 0
27640 0
27650 0
27660 0
27670 0
27680 0
27690 0
27700 0
27710 0
27720 0
27730 0
27740 0
27750 0
27760 0
27770 0
27780 0
27790 0
27800 0
27810 0
27820 0
27830 0
27840 0
27850 0
27860 0
27870 0
27880 0
27890 0
27900 0
27910 0
27920 0
27930 0
27940 0
27950 0
27960 0
27970 0
27980 0
27990 0
28000 0
28010 0
28020 0
28030 0
28040 0
28050 0
28060 0
28070 0
28080 0
28090 0
28100 0
28110 0
28120 0
28130 0
28140 0
28150 0
28160 0
28170 0
28180 0
28190 0
28200 0
28210 0
28220 0
28230 0
28240 0
28250 0
28260 0
28270 0
28280 0
28290 0
28300 0
28310 0
28320 0
28330 0
28340 0
28350 0
28360 0
28370 0
28380 0
28390 0
28400 0
28410 0
28420 0
28430 0
28440 0
28450 0
28460 0
28470 0
28480 0
28490 0
28500 0
28510 0
28520 0
28530 0
28540 0
28550 0
28560 0
28570 0
28580 0
28590 0
28600 0
28610 0
28620 0
28630 0
28640 0
28650 0
28660 0
28670 0
28680 0
28690 0
28700 0
28710 0
28720 0
28730 0
28740 0
28750 0
28760 0
28770 0
28780 0
28790 0
28800 0
28810 0
28820 0
28830 0
28840 0
28850 0
28860 0
28870 0
28880 0
28890 0
28900 0
28910 0
28920 0
28930 0
28940 0
28950 0
28960 0
28970 0
28980 0
28990 0
29000 0
29010 0
29020 0
29030 0
29040 0
29050 0
29060 0
29070 0
29080 0
29090 0
29100 0
29110 0
29120 0
29130 0
29140 0
29150 0
29160 0
29170 0
29180 0
29190 0
29200 0
29210 0
29220 0
29230 0
29240 0
29250 0
29260 0
29270 0
29280 0
29290 0
29300 0
29310 0
29320 0
29330 0
29340 0
29350 0
29360 0
29370 0
29380 0
29390 0
29400 0
29410 0
29420 0
29430 0
29440 0
29450 0
29460 0
29470 0
29480 0
29490 0
29500 0
29510 0
29520 0
29530 0
29540 0
29550 0
29560 0
29570 0
29580 0
29590 0
29600 0
29610 0
29620 0
29630 0
29640 0
29650 0
29660 0
29670 0
29680 0
29690 0
29700 0
29710 0
29720 0
29730 0
29740 0
29750 0
29760 0
29770 0
29780 0
29790 0
29800 0
29810 0
29820 0
29830 0
29840 0
29850 0
29860 0
29870 0
29880 0
29890 0
29900 0
29910 0
29920 0
29930 0
29940 0
29950 0
29960 0
29970 0
29980 0
29990 0
30000 0
30010 0
30020 0
30030 0
30040 0
30050 0
30060 0
30070 0
30080 0
30090 0
30100 0
30110 0
30120 0
30130 0
30140 0
30150 0
30160 0
30170 0
30180 0
30190 0
30200 0
30210 0
30220 0
30230 0
30240 0
30250 0
30260 0
30270 0
30280 0
30290 0
30300 0
30310 0
30320 0
30330 0
30340 0
30350 0
30360 0
30370 0
30380 0
30390 0
30400 0
30410 0
30420 0
30430 0
30440 0
30450 0
30460 0
30470 0
30480 0
30490 0
30500 0
30510 0
30520 0
30530 0
30540 0
30550 0
30560 0
30570 0
30580 0
30590 0
30600 0
30610 0
30620 0
30630 0
30640 0
30650 0
30660 0
30670 0
30680 0
30690 0
30700 0
30710 0
30720 0
30730 0
30740 0
30750 0
30760 0
30770 0
30780 0
30790 0
30800 0
30810 0
30820 0
30830 0
30840 0
30850 0
30860 0
30870 0
30880 0
30890 0
30900 0
30910 0
30920 0
30930 0
30940 0
30950 0
30960 0
30970 0
30980 0
30990 0
31000 0
31010 0
31020 0
31030 0
31040 0
31050 0
31060 0
31070 0
31080 0
31090 0
31100 0
31110 0
31120 0
31130 0
31140 0
31150 0
31160 0
31170 0
31180 0
31190 0
31200 0
31210 0
31220 0
31230 0
31240 0
31250 0
31260 0
31270 0
31280 0
31290 0
31300 0
31310 0
31320 0
31330 0
31340 0
31350 0
31360 0
31370 0
31380 0
31390 0
31400 0
31410 0
31420 0
31430 0
31440 0
31450 0
31460 0
31470 0
31480 0
31490 0
31500 0
31510 0
31520 0
31530 0
31540 0
31550 0
31560 0
31570 0
31580 0
31590 0
31600 0
31610 0
31620 0
31630 0
31640 0
31650 0
31660 0
31670 0
31680 0
31690 0
31700 0
31710 0
31720 0
31730 0
31740 0
31750 0
31760 0
31770 0
31780 0
31790 0
31800 0
31810 0
31820 0
31830 0
31840 0
31850 0
31860 0
31870 0
31880 0
31890 0
31900 0
31910 0
31920 0
31930 0
31940 0
31950 0
31960 0
31970 0
31980 0
31990 0
32000 0
32010 0
32020 0
32030 0
32040 0
32050 0
32060 0
32070 0
32080 0
32090 0
32100 0
32110 0
32120 0
32130 0
32140 0
32150 0
32160 0
32170 0
32180 0
32190 0
32200 0
32210 0
32220 0
32230 0
32240 0
32250 0
32260 0
32270 0
32280 0
32290 0
32300 0
32310 0
32320 0
32330 0
32340 0
32350 0
32360 0
32370 0
32380 0
32390 0
32400 0
32410 0
32420 0
32430 0
32440 0
32450 0
32460 0
32470 0
32480 0
32490 0
32500 0
32510 0
32520 0
32530 0
32540 0
32550 0
32560 0
32570 0
32580 0
32590 0
32600 0
32610 0
32620 0
32630 0
32640 0
32650 0
32660 0
32670 0
32680 0
32690 0
32700 0
32710 0
32720 0
32730 0
32740 0
32750 0
32760 0
32770 0
32780 0
32790 0
32800 0
32810 0
32820 0
32830 0
32840 0
32850 0
32860 0
32870 0
32880 0
32890 0
32900 0
32910 0
32920 0
32930 0
32940 0
32950 0
32960 0
32970 0
32980 0
32990 0
33000 0
33010 0
33020 0
33030 0
33040 0
33050 0
33060 0
33070 0
33080 0
33090 0
33100 0
33110 0
33120 0
33130 0
33140 0
33150 0
33160 0
33170 0
33180 0
33190 0
33200 0
33210 0
33220 0
33230 0
33240 0
33250 0
33260 0
33270 0
33280 0
33290 0
33300 0
33310 0
33320 0
33330 0
33340 0
33350 0
33360 0
33370 0
33380 0
33390 0
33400 0
33410 0
33420 0
33430 0
33440 0
33450 0
33460 0
33470 0
33480 0
33490 0
33500 0
33510 0
33520 0
33530 0
33540 0
33550 0
33560 0
33570 0
33580 0
33590 0
33600 0
33610 0
33620 0
33630 0
33640 0
33650 0
33660 0
33670 0
33680 0
33690 0
33700 0
33710 0
33720 0
33730 0
33740 0
33750 0
33760 0
33770 0
33780 0
33790 0
33800 0
33810 0
33820 0
33830 0
33840 0
33850 0
33860 0
33870 0
33880 0
33890 0
33900 0
33910 0
33920 0
33930 0
33940 0
33950 0
33960 0
33970 0
33980 0
33990 0
34000 0
34010 0
34020 0
34030 0
34040 0
34050 0
34060 0
34070 0
34080 0
34090 0
34100 0
34110 0
34120 0
34130 0
34140 0
34150 0
34160 0
34170 0
34180 0
34190 0
34200 0
34210 0
34220 0
34230 0
34240 0
34250 0
34260 0
34270 0
34280 0
34290 0
34300 0
34310 0
34320 0
34330 0
34340 0
34350 0
34360 0
34370 0
34380 0
34390 0
34400 0
34410 0
34420 0
34430 0
34440 0
34450 0
34460 0
34470 0
34480 0
34490 0
34500 0
34510 0
34520 0
34530 0
34540 0
34550 0
34560 0
34570 0
34580 0
34590 0
34600 0
34610 0
34620 0
34630 0
34640 0
34650 0
34660 0
34670 0
34680 0
34690 0
34700 0
34710 0
34720 0
34730 0
34740 0
34750 0
34760 0
34770 0
34780 0
34790 0
34800 0
34810 0
34820 0
34830 0
34840 0
34850 0
34860 0
34870 0
34880 0
34890 0
34900 0
34910 0
34920 0
34930 0
34940 0
34950 0
34960 0
34970 0
34980 0
34990 0
35000 0
35010 0
35020 0
35030 0
35040 0
35050 0
35060 0
35070 0
35080 0
35090 0
35100 0
35110 0
35120 0
35130 0
35140 0
35150 0
35160 0
35170 0
35180 0
35190 0
35200 0
35210 0
35220 0
35230 0
35240 0
35250 0
35260 0
35270 0
35280 0
35290 0
35300 0
35310 0
35320 0
35330 0
35340 0
35350 0
35360 0
35370 0
35380 0
35390 0
35400 0
35410 0
35420 0
35430 0
35440 0
35450 0
35460 0
35470 0
35480 0
35490 0
35500 0
35510 0
35520 0
35530 0
35540 0
35550 0
35560 0
35570 0
35580 0
35590 0
35600 0
35610 0
35620 0
35630 0
35640 0
35650 0
35660 0
35670 0
35680 0
35690 0
35700 0
35710 0
35720 0
35730 0
35740 0
35750 0
35760 0
35770 0
35780 0
35790 0
35800 0
35810 0
35820 0
35830 0
35840 0
35850 0
35860 0
35870 0
35880 0
35890 0
35900 0
35910 0
35920 0
35930 0
35940 0
35950 0
35960 0
35970 0
35980 0
35990 0
36000 0
36010 0
36020 0
36030 0
36040 0
36050 0
36060 0
36070 0
36080 0
36090 0
36100 0
36110 0
36120 0
36130 0
36140 0
36150 0
36160 0
36170 0
36180 0
36190 0
36200 0
36210 0
36220 0
36230 0
36240 0
36250 0
36260 0
36270 0
36280 0
36290 0
36300 0
36310 0
36320 0
36330 0
36340 0
36350 0
36360 0
36370 0
36380 0
36390 0
36400 0
36410 0
36420 0
36430 0
36440 0
36450 0
36460 0
36470 0
36480 0
36490 0
36500 0
36510 0
36520 0
36530 0
36540 0
36550 0
36560 0
36570 0
36580 0
36590 0
36600 0
36610 0
36620 0
36630 0
36640 0
36650 0
36660 0
36670 0
36680 0
36690 0
36700 0
36710 0
36720 0
36730 0
36740 0
36750 0
36760 0
36770 0
36780 0
36790 0
36800 0
36810 0
36820 0
36830 0
36840 0
36850 0
36860 0
36870 0
36880 0
36890 0
36900 0
36910 0
36920 0
36930 0
36940 0
36950 0
36960 0
36970 0
36980 0
36990 0
37000 0
37010 0
37020 0
37030 0
37040 0
37050 0
37060 0
37070 0
37080 0
37090 0
37100 0
37110 0
37120 0
37130 0
37140 0
37150 0
37160 0
37170 0
37180 0
37190 0
37200 0
37210 0
37220 0
37230 0
37240 0
37250 0
37260 0
37270 0
37280 0
37290 0
37300 0
37310 0
37320 0
37330 0
37340 0
37350 0
37360 0
37370 0
37380 0
37390 0
37400 0
37410 0
37420 0
37430 0
37440 0
37450 0
37460 0
37470 0
37480 0
37490 0
37500 0
37510 0
37520 0
37530 0
37540 0
37550 0
37560 0
37570 0
37580 0
37590 0
37600 0
37610 0
37620 0
37630 0
37640 0
37650 0
37660 0
37670 0
37680 0
37690 0
37700 0
37710 0
37720 0
37730 0
37740 0
37750 0
37760 0
37770 0
37780 0
37790 0
37800 0
37810 0
37820 0
37830 0
37840 0
37850 0
37860 0
37870 0
37880 0
37890 0
37900 0
37910 0
37920 0
37930 0
37940 0
37950 0
37960 0
37970 0
37980 0
37990 0
38000 0
38010 0
38020 0
38030 0
38040 0
38050 0
38060 0
38070 0
38080 0
38090 0
38100 0
38110 0
38120 0
38130 0
38140 0
38150 0
38160 0
38170 0
38180 0
38190 0
38200 0
38210 0
38220 0
38230 0
38240 0
38250 0
38260 0
38270 0
38280 0
38290 0
38300 0
38310 0
38320 0
38330 0
38340 0
38350 0
38360 0
38370 0
38380 0
38390 0
38400 0
38410 0
38420 0
38430 0
38440 0
38450 0
38460 0
38470 0
38480 0
38490 0
38500 0
38510 0
38520 0
38530 0
38540 0
38550 0
38560 0
38570 0
38580 0
38590 0
38600 0
38610 0
38620 0
38630 0
38640 0
38650 0
38660 0
38670 0
38680 0
38690 0
38700 0
38710 0
38720 0
38730 0
38740 0
38750 0
38760 0
38770 0
38780 0
38790 0
38800 0
38810 0
38820 0
38830 0
38840 0
38850 0
38860 0
38870 0
38880 0
38890 0
38900 0
38910 0
38920 0
38930 0
38940 0
38950 0
38960 0
38970 0
38980 0
38990 0
39000 0
39010 0
39020 0
39030 0
39040 0
39050 0
39060 0
39070 0
39080 0
39090 0
39100 0
39110 0
39120 0
39130 0
39140 0
39150 0
39160 0
39170 0
39180 0
39190 0
39200 0
39210 0
39220 0
39230 0
39240 0
39250 0
39260 0
39270 0
39280 0
39290 0
39300 0
39310 0
39320 0
39330 0
39340 0
39350 0
39360 0
39370 0
39380 0
39390 0
39400 0
39410 0
39420 0
39430 0
39440 0
39450 0
39460 0
39470 0
39480 0
39490 0
39500 0
39510 0
39520 0
39530 0
39540 0
39550 0
39560 0
39570 0
39580 0
39590 0
39600 0
39610 0
39620 0
39630 0
39640 0
39650 0
39660 0
39670 0
39680 0
39690 0
39700 0
39710 0
39720 0
39730 0
39740 0
39750 0
39760 0
39770 0
39780 0
39790 0
39800 0
39810 0
39820 0
39830 0
39840 0
39850 0
39860 0
39870 0
39880 0
39890 0
39900 0
39910 0
39920 0
39930 0
39940 0
39950 0
39960 0
39970 0
39980 0
