-20 0
0 0.0646684
20 0.12858
40 0.190992
60 0.251193
80 0.308511
100 0.36233
120 0.412102
140 0.45735
160 0.497684
180 0.532798
200 0.562477
220 0.586599
240 0.605131
260 0.618126
280 0.62572
300 0.628123
320 0.625612
340 0.618521
360 0.607234
380 0.59217
400 0.573776
420 0.552516
440 0.528859
460 0.503273
480 0.476215
500 0.448121
520 0.419405
540 0.390447
560 0.361596
580 0.33316
600 0.305411
620 0.278578
640 0.252854
660 0.228388
680 0.205297
700 0.183662
720 0.16353
740 0.144924
760 0.127837
780 0.112244
800 0.0981019
820 0.0853506
840 0.0739203
860 0.0637323
880 0.054702
900 0.0467417
920 0.0397622
940 0.0336753
960 0.0283944
980 0.0238364
1000 0.0199225
1020 0.0165786
1040 0.0137359
1060 0.0113313
1080 0.00930712
1100 0.00761157
1120 0.0061981
1140 0.00502542
1160 0.00405715
1180 0.00326143
1200 0.00261057
1220 0.00208069
1240 0.00165131
1260 0.00130498
1280 0.0010269
1300 0.000804664
1320 0.000627855
1340 0.000487829
1360 0.000377434
1380 0.000290792
1400 0.000223097
1420 0.000170443
1440 0.000129669
1460 9.82365e-05
1480 7.41119e-05
1500 5.56781e-05
1520 4.16546e-05
1540 3.10332e-05
1560 2.30239e-05
1580 1.70105e-05
1600 1.25155e-05
1620 9.17e-06
1640 6.69091e-06
1660 4.86179e-06
1680 3.51807e-06
1700 2.5352e-06
1720 1.81936e-06
1740 1.30026e-06
1760 9.25427e-07
1780 6.55939e-07
1800 4.63013e-07
1820 3.2549e-07
1840 2.2788e-07
1860 1.58892e-07
1880 1.10344e-07
1900 7.63207e-08
1920 5.25792e-08
1940 3.60745e-08
1960 2.46499e-08
1980 1.67688e-08
2000 1.13574e-08
2020 7.66065e-09
2040 5.15353e-09
2060 3.47406e-09
2080 2.36252e-09
2100 1.64545e-09
2120 1.18966e-09
2140 9.17107e-10
2160 7.70983e-10
2180 7.32617e-10
2200 7.97065e-10
2220 9.70185e-10
2240 1.26462e-09
2260 1.68546e-09
2280 2.26004e-09
2300 3.02085e-09
2320 4.04151e-09
2340 5.40713e-09
2360 7.22681e-09
2380 9.62171e-09
2400 1.27348e-08
2420 1.67657e-08
2440 2.19643e-08
2460 2.8664e-08
2480 3.72463e-08
2500 4.81739e-08
2520 6.19974e-08
2540 7.93958e-08
2560 1.01206e-07
2580 1.28408e-07
2600 1.62154e-07
2620 2.03766e-07
2640 2.54803e-07
2660 3.17075e-07
2680 3.92649e-07
2700 4.83849e-07
2720 5.93252e-07
2740 7.23741e-07
2760 8.78477e-07
2780 1.06089e-06
2800 1.27461e-06
2820 1.52342e-06
2840 1.81127e-06
2860 2.14212e-06
2880 2.51985e-06
2900 2.94811e-06
2920 3.4302e-06
2940 3.96889e-06
2960 4.56621e-06
2980 5.22322e-06
3000 5.93976e-06
3020 6.71427e-06
3040 7.5435e-06
3060 8.42226e-06
3080 9.34321e-06
3100 1.02967e-05
3120 1.12704e-05
3140 1.22498e-05
3160 1.32172e-05
3180 1.41529e-05
3200 1.50342e-05
3220 1.58366e-05
3240 1.65335e-05
3260 1.70972e-05
3280 1.74989e-05
3300 1.77098e-05
3320 1.77019e-05
3340 1.74485e-05
3360 1.69254e-05
3380 1.6112e-05
3400 1.49917e-05
3420 1.35536e-05
3440 1.17926e-05
3460 9.71057e-06
3480 7.31696e-06
3500 4.62903e-06
3520 1.67216e-06
3540 -1.52025e-06
3560 -4.90703e-06
3580 -8.43981e-06
3600 -1.20638e-05
3620 -1.57191e-05
3640 -1.93418e-05
3660 -2.28653e-05
3680 -2.62224e-05
3700 -2.93471e-05
3720 -3.21758e-05
3740 -3.46496e-05
3760 -3.67161e-05
3780 -3.83305e-05
3800 -3.94572e-05
3820 -4.00709e-05
3840 -4.01575e-05
3860 -3.97144e-05
3880 -3.87504e-05
3900 -3.7286e-05
3920 -3.53523e-05
3940 -3.29902e-05
3960 -3.02494e-05
3980 -2.71867e-05
4000 -2.38645e-05
4020 -2.03488e-05
4040 -1.67077e-05
4060 -1.30092e-05
4080 -9.31985e-06
4100 -5.7027e-06
4120 -2.21603e-06
4140 1.08787e-06
4160 4.16376e-06
4180 6.9742e-06
4200 9.48992e-06
4220 1.16901e-05
4240 1.35621e-05
4260 1.51015e-05
4280 1.63111e-05
4300 1.72004e-05
4320 1.7785e-05
4340 1.80852e-05
4360 1.81254e-05
4380 1.79328e-05
4400 1.75366e-05
4420 1.69669e-05
4440 1.62538e-05
4460 1.5427e-05
4480 1.45147e-05
4500 1.35432e-05
4520 1.25367e-05
4540 1.15166e-05
4560 1.05017e-05
4580 9.50791e-06
4600 8.54831e-06
4620 7.63326e-06
4640 6.77055e-06
4660 5.96558e-06
4680 5.22163e-06
4700 4.54006e-06
4720 3.92063e-06
4740 3.36173e-06
4760 2.86063e-06
4780 2.41367e-06
4800 2.01655e-06
4820 1.66441e-06
4840 1.35205e-06
4860 1.07401e-06
4880 8.24689e-07
4900 5.98369e-07
4920 3.89316e-07
4940 1.91784e-07
4960 0
