-20 0
0 -1.53418e-07
20 -3.04919e-07
40 -4.52559e-07
60 -5.94364e-07
80 -7.28315e-07
100 -8.5234e-07
120 -9.64322e-07
140 -1.0621e-06
160 -1.14353e-06
180 -1.20646e-06
200 -1.24884e-06
220 -1.26873e-06
240 -1.26439e-06
260 -1.23434e-06
280 -1.17741e-06
300 -1.09285e-06
320 -9.80381e-07
340 -8.40229e-07
360 -6.73209e-07
380 -4.80739e-07
400 -2.64865e-07
420 -2.82602e-08
440 2.25802e-07
460 4.93486e-07
480 7.7046e-07
500 1.05199e-06
520 1.33301e-06
540 1.60829e-06
560 1.87253e-06
580 2.12051e-06
600 2.34721e-06
620 2.548e-06
640 2.7187e-06
660 2.85575e-06
680 2.9563e-06
700 3.01828e-06
720 3.04047e-06
740 3.02252e-06
760 2.96497e-06
780 2.86921e-06
800 2.73745e-06
820 2.57266e-06
840 2.37843e-06
860 2.1589e-06
880 1.91864e-06
900 1.6625e-06
920 1.39549e-06
940 1.12261e-06
960 8.48767e-07
980 5.78651e-07
1000 3.16598e-07
1020 6.65203e-08
1040 -1.68168e-07
1060 -3.84612e-07
1080 -5.8054e-07
1100 -7.54294e-07
1120 -9.04818e-07
1140 -1.03165e-06
1160 -1.1349e-06
1180 -1.21519e-06
1200 -1.27366e-06
1220 -1.31189e-06
1240 -1.33188e-06
1260 -1.33604e-06
1280 -1.32721e-06
1300 -1.30864e-06
1320 -1.28413e-06
1340 -1.25816e-06
1360 -1.23606e-06
1380 -1.2244e-06
1400 -1.23137e-06
1420 -1.26751e-06
1440 -1.34647e-06
1460 -1.48629e-06
1480 -1.71085e-06
1500 -2.05203e-06
1520 -2.55237e-06
1540 -3.26865e-06
1560 -4.27649e-06
1580 -5.67628e-06
1600 -7.60087e-06
1620 -1.02253e-05
1640 -1.37792e-05
1660 -1.85623e-05
1680 -2.49645e-05
1700 -3.34895e-05
1720 -4.47863e-05
1740 -5.96853e-05
1760 -7.92454e-05
1780 -0.000104808
1800 -0.000138068
1820 -0.000181147
1840 -0.0002367
1860 -0.000308021
1880 -0.000399178
1900 -0.000515174
1920 -0.00066212
1940 -0.000847446
1960 -0.00108013
1980 -0.00137097
2000 -0.00173287
2020 -0.00218116
2040 -0.00273395
2060 -0.00341251
2080 -0.00424166
2100 -0.00525017
2120 -0.00647121
2140 -0.00794276
2160 -0.00970797
2180 -0.0118156
2200 -0.0143203
2220 -0.0172827
2240 -0.0207701
2260 -0.0248558
2280 -0.0296195
2300 -0.035147
2320 -0.0415294
2340 -0.0488629
2360 -0.0572476
2380 -0.0667863
2400 -0.0775834
2420 -0.0897427
2440 -0.103366
2460 -0.118549
2480 -0.135383
2500 -0.153948
2520 -0.17431
2540 -0.19652
2560 -0.220612
2580 -0.246596
2600 -0.274458
2620 -0.304156
2640 -0.335617
2660 -0.36874
2680 -0.403386
2700 -0.439384
2720 -0.476528
2740 -0.51458
2760 -0.553265
2780 -0.592283
2800 -0.631304
2820 -0.669976
2840 -0.707927
2860 -0.744776
2880 -0.78013
2900 -0.813601
2920 -0.844806
2940 -0.873375
2960 -0.898962
2980 -0.921247
3000 -0.939946
3020 -0.954816
3040 -0.965659
3060 -0.972329
3080 -0.974732
3100 -0.972832
3120 -0.966649
3140 -0.956257
3160 -0.941789
3180 -0.923428
3200 -0.901405
3220 -0.875995
3240 -0.847511
3260 -0.816297
3280 -0.782721
3300 -0.747168
3320 -0.710035
3340 -0.671718
3360 -0.632611
3380 -0.593096
3400 -0.553539
3420 -0.514282
3440 -0.475642
3460 -0.437905
3480 -0.401324
3500 -0.366117
3520 -0.332466
3540 -0.300517
3560 -0.270382
3580 -0.242138
3600 -0.215831
3620 -0.191476
3640 -0.169064
3660 -0.148558
3680 -0.129905
3700 -0.113032
3720 -0.0978529
3740 -0.0842709
3760 -0.0721808
3780 -0.0614721
3800 -0.0520313
3820 -0.0437445
3840 -0.0364985
3860 -0.030183
3880 -0.0246914
3900 -0.0199219
3920 -0.0157783
3940 -0.0121703
3960 -0.00901395
3980 -0.00623159
4000 -0.00375197
4020 -0.0015101
4040 0.000553017
4060 0.00249054
4080 0.0043501
4100 0.00617405
4120 0.00799973
4140 0.00985967
4160 0.0117818
4180 0.0137896
4200 0.0159023
4220 0.0181347
4240 0.0204976
4260 0.0229975
4280 0.0256368
4300 0.0284139
4320 0.0313228
4340 0.0343537
4360 0.0374926
4380 0.040722
4400 0.0440205
4420 0.0473632
4440 0.0507222
4460 0.0540669
4480 0.0573644
4500 0.0605799
4520 0.0636775
4540 0.0666209
4560 0.0693734
4580 0.0718995
4600 0.0741649
4620 0.0761377
4640 0.0777886
4660 0.0790918
4680 0.0800255
4700 0.0805726
4720 0.0807205
4740 0.0804622
4760 0.0797959
4780 0.0787254
4800 0.0772598
4820 0.0754138
4840 0.0732069
4860 0.0706634
4880 0.0678118
4900 0.0646842
4920 0.061316
4940 0.0577449
4960 0.0540102
4980 0.0501525
5000 0.0473928
5020 0.0445933
5040 0.0417744
5060 0.0389557
5080 0.0361558
5100 0.0333925
5120 0.0306821
5140 0.0280396
5160 0.0254786
5180 0.0230109
5200 0.0206469
5220 0.0183954
5240 0.0162633
5260 0.014256
5280 0.0123774
5300 0.0106299
5320 0.00901439
5340 0.00753039
5360 0.00617631
5380 0.00494941
5400 0.00384599
5420 0.0028615
5440 0.00199067
5460 0.00122761
5480 0.000566015
5500 -8.07499e-07
5520 -0.000479766
5540 -0.000877899
5560 -0.00120228
5580 -0.00145991
5600 -0.00165768
5620 -0.00180226
5640 -0.00190008
5660 -0.00195725
5680 -0.00197955
5700 -0.0019724
5720 -0.00194083
5740 -0.00188949
5760 -0.00182265
5780 -0.00174417
5800 -0.00165757
5820 -0.00156604
5840 -0.00147241
5860 -0.00137925
5880 -0.00128886
5900 -0.00120334
5920 -0.00112459
5940 -0.00105438
5960 -0.000994381
5980 -0.00094621
6000 -0.000911474
6020 -0.000891811
6040 -0.000888933
6060 -0.000904666
6080 -0.000940993
6100 -0.00100008
6120 -0.00108434
6140 -0.00119641
6160 -0.00133924
6180 -0.00151608
6200 -0.0017305
6220 -0.00198641
6240 -0.00228806
6260 -0.00264006
6280 -0.00304733
6300 -0.00351511
6320 -0.00404894
6340 -0.00465457
6360 -0.00533798
6380 -0.00610528
6400 -0.00696264
6420 -0.00791619
6440 -0.00897198
6460 -0.0101358
6480 -0.0114132
6500 -0.0128092
6520 -0.0143281
6540 -0.0159738
6560 -0.0177491
6580 -0.0196557
6600 -0.0216946
6620 -0.023865
6640 -0.026165
6660 -0.0285913
6680 -0.0311387
6700 -0.0338004
6720 -0.0365681
6740 -0.0394316
6760 -0.0423787
6780 -0.0453958
6800 -0.0484674
6820 -0.0515765
6840 -0.0547046
6860 -0.0578319
6880 -0.0609375
6900 -0.0639996
6920 -0.0669955
6940 -0.0699023
6960 -0.0726971
6980 -0.075357
7000 -0.0778595
7020 -0.0801832
7040 -0.0823076
7060 -0.0842136
7080 -0.0858839
7100 -0.087303
7120 -0.0884579
7140 -0.0893377
7160 -0.0899341
7180 -0.0902416
7200 -0.0902575
7220 -0.0899819
7240 -0.0894176
7260 -0.0885702
7280 -0.0874481
7300 -0.0860622
7320 -0.0844257
7340 -0.0825539
7360 -0.0804641
7380 -0.0781754
7400 -0.075708
7420 -0.0730832
7440 -0.0703233
7460 -0.0674507
7480 -0.0644883
7500 -0.0614587
7520 -0.0583841
7540 -0.0552859
7560 -0.0521848
7580 -0.0491004
7600 -0.0460507
7620 -0.0430526
7640 -0.0401213
7660 -0.0372704
7680 -0.0345116
7700 -0.0318552
7720 -0.0293096
7740 -0.0268816
7760 -0.0245761
7780 -0.0223968
7800 -0.0203459
7820 -0.0184238
7840 -0.0166303
7860 -0.0149636
7880 -0.013421
7900 -0.0119992
7920 -0.0106939
7940 -0.00950016
7960 -0.00841283
7980 -0.00742622
8000 -0.00653443
8020 -0.0057314
8040 -0.00501103
8060 -0.00436722
8080 -0.00379398
8100 -0.00328545
8120 -0.00283599
8140 -0.00244019
8160 -0.0020929
8180 -0.00178928
8200 -0.00152481
8220 -0.00129525
8240 -0.00109672
8260 -0.000925623
8280 -0.000778703
8300 -0.000652988
8320 -0.000545798
8340 -0.000454727
8360 -0.000377622
8380 -0.000312573
8400 -0.000257887
8420 -0.000212074
8440 -0.00017383
8460 -0.000142017
8480 -0.000115645
8500 -9.38607e-05
8520 -7.59296e-05
8540 -6.12218e-05
8560 -4.92006e-05
8580 -3.94099e-05
8600 -3.14641e-05
8620 -2.50386e-05
8640 -1.98613e-05
8660 -1.57048e-05
8680 -1.23803e-05
8700 -9.73121e-06
8720 -7.62866e-06
8740 -5.9667e-06
8760 -4.65874e-06
8780 -3.63427e-06
8800 -2.83614e-06
8820 -2.21819e-06
8840 -1.74335e-06
8860 -1.38194e-06
8880 -1.11031e-06
8900 -9.09697e-07
8920 -7.65301e-07
8940 -6.65476e-07
8960 -6.0109e-07
8980 -5.6501e-07
9000 -5.51688e-07
9020 -5.56789e-07
9040 -5.76909e-07
9060 -6.09363e-07
9080 -6.51999e-07
9100 -7.03042e-07
9120 -7.60969e-07
9140 -8.24426e-07
9160 -8.92162e-07
9180 -9.62954e-07
9200 -1.03556e-06
9220 -1.10871e-06
9240 -1.18107e-06
9260 -1.25123e-06
9280 -1.31768e-06
9300 -1.37888e-06
9320 -1.4332e-06
9340 -1.47895e-06
9360 -1.51445e-06
9380 -1.53799e-06
9400 -1.54794e-06
9420 -1.5427e-06
9440 -1.5208e-06
9460 -1.48093e-06
9480 -1.42196e-06
9500 -1.34299e-06
9520 -1.24341e-06
9540 -1.12289e-06
9560 -9.81466e-07
9580 -8.19497e-07
9600 -6.3775e-07
9620 -4.37378e-07
9640 -2.19911e-07
9660 1.27348e-08
9680 2.58267e-07
9700 5.14059e-07
9720 7.77192e-07
9740 1.04448e-06
9760 1.31252e-06
9780 1.57779e-06
9800 1.83669e-06
9820 2.0856e-06
9840 2.32096e-06
9860 2.53939e-06
9880 2.7377e-06
9900 2.91302e-06
9920 3.0628e-06
9940 3.18499e-06
9960 3.27797e-06
9980 3.3407e-06
10000 3.36325e-06
10020 3.35994e-06
10040 3.33141e-06
10060 3.27885e-06
10080 3.20394e-06
10100 3.10896e-06
10120 2.99675e-06
10140 2.87077e-06
10160 2.73518e-06
10180 2.59488e-06
10200 2.45559e-06
10220 2.32395e-06
10240 2.20773e-06
10260 2.11596e-06
10280 2.05918e-06
10300 2.04974e-06
10320 2.1022e-06
10340 2.23373e-06
10360 2.46469e-06
10380 2.8193e-06
10400 3.32641e-06
10420 4.02046e-06
10440 4.9426e-06
10460 6.14196e-06
10480 7.67722e-06
10500 9.61837e-06
10520 1.20487e-05
10540 1.50673e-05
10560 1.87914e-05
10580 2.33599e-05
10600 2.89364e-05
10620 3.57132e-05
10640 4.39156e-05
10660 5.38068e-05
10680 6.56931e-05
10700 7.99297e-05
10720 9.69272e-05
10740 0.000117158
10760 0.000141165
10780 0.000169568
10800 0.000203072
10820 0.000242479
10840 0.000288691
10860 0.000342728
10880 0.000405729
10900 0.000478967
10920 0.000563855
10940 0.00066196
10960 0.000775004
10980 0.000904877
11000 0.00105364
11020 0.00122354
11040 0.00141699
11060 0.0016366
11080 0.00188514
11100 0.00216558
11120 0.00248105
11140 0.00283483
11160 0.00323035
11180 0.00367116
11200 0.0041609
11220 0.00470331
11240 0.00530213
11260 0.00596112
11280 0.006684
11300 0.00747439
11320 0.00833576
11340 0.00927139
11360 0.0102843
11380 0.0113771
11400 0.0125522
11420 0.0138114
11440 0.0151559
11460 0.0165865
11480 0.0181032
11500 0.0197053
11520 0.0213914
11540 0.0231591
11560 0.0250051
11580 0.0269255
11600 0.028915
11620 0.0309677
11640 0.0330765
11660 0.0352334
11680 0.0374296
11700 0.0396553
11720 0.0418997
11740 0.0441514
11760 0.0463984
11780 0.048628
11800 0.0508269
11820 0.0529817
11840 0.0550786
11860 0.0571039
11880 0.0590437
11900 0.0608848
11920 0.0626139
11940 0.0642186
11960 0.0656871
11980 0.0670085
12000 0.068173
12020 0.0691717
12040 0.0699972
12060 0.0706434
12080 0.0711056
12100 0.0713807
12120 0.0714672
12140 0.0713651
12160 0.071076
12180 0.0706031
12200 0.0699511
12220 0.0691264
12240 0.0681363
12260 0.0669899
12280 0.0656972
12300 0.0642692
12320 0.0627179
12340 0.0610559
12360 0.0592966
12380 0.0574534
12400 0.0555404
12420 0.0535713
12440 0.0515601
12460 0.0495203
12480 0.0474651
12500 0.045407
12520 0.0433581
12540 0.0413295
12560 0.0393316
12580 0.0373737
12600 0.0354644
12620 0.0336109
12640 0.0318195
12660 0.0300955
12680 0.0284432
12700 0.0268656
12720 0.025365
12740 0.0239426
12760 0.0225986
12780 0.0213326
12800 0.0201435
12820 0.0190292
12840 0.0179874
12860 0.0170151
12880 0.0161089
12900 0.0152652
12920 0.01448
12940 0.0137492
12960 0.0130688
12980 0.0124345
13000 0.0118423
13020 0.011288
13040 0.010768
13060 0.0102784
13080 0.00981581
13100 0.00937709
13120 0.00895928
13140 0.00855972
13160 0.00817606
13180 0.00780621
13200 0.00744835
13220 0.00710092
13240 0.00676263
13260 0.00643239
13280 0.00610932
13300 0.00579271
13320 0.00548201
13340 0.00517678
13360 0.00487668
13380 0.00458142
13400 0.00429076
13420 0.00400445
13440 0.00372222
13460 0.00344378
13480 0.00316872
13500 0.00289657
13520 0.00262673
13540 0.00235848
13560 0.00209093
13580 0.00182305
13600 0.00155362
13620 0.00128124
13640 0.00100432
13660 0.000721065
13680 0.000429507
13700 0.000127475
13720 -0.000187385
13740 -0.000517604
13760 -0.000865872
13780 -0.00123503
13800 -0.00162803
13820 -0.00204794
13840 -0.00249789
13860 -0.00298104
13880 -0.00350054
13900 -0.00405949
13920 -0.00466092
13940 -0.00530765
13960 -0.00600235
13980 -0.00674736
14000 -0.00754472
14020 -0.00839604
14040 -0.00930246
14060 -0.0102646
14080 -0.0112823
14100 -0.0123549
14120 -0.0134809
14140 -0.014658
14160 -0.0158829
14180 -0.0171515
14200 -0.0184586
14220 -0.0197981
14240 -0.0211627
14260 -0.0225444
14280 -0.0239337
14300 -0.0253206
14320 -0.0266938
14340 -0.0280413
14360 -0.0293503
14380 -0.0306073
14400 -0.0317982
14420 -0.0329085
14440 -0.0339236
14460 -0.0348287
14480 -0.0356092
14500 -0.0362507
14520 -0.0367397
14540 -0.037063
14560 -0.0372087
14580 -0.0371661
14600 -0.0369257
14620 -0.0364798
14640 -0.0358225
14660 -0.0349497
14680 -0.0338595
14700 -0.0325521
14720 -0.0310302
14740 -0.0292986
14760 -0.0273645
14780 -0.0252375
14800 -0.0229295
14820 -0.0204543
14840 -0.017828
14860 -0.0150685
14880 -0.0121952
14900 -0.00922916
14920 -0.00619249
14940 -0.00310822
14960 0
