-20 0
0 2.69393e-06
20 -4.49519e-06
40 3.70579e-06
60 -2.199e-06
80 2.25389e-06
100 -1.52108e-06
120 -2.71708e-07
140 -9.78672e-07
160 4.15933e-06
180 -4.00144e-06
200 1.18385e-06
220 9.88462e-07
240 -3.05073e-06
260 4.96716e-06
280 -4.28681e-06
300 1.45964e-06
320 1.67108e-06
340 -3.53367e-06
360 2.86005e-06
380 5.80963e-07
400 -3.2068e-06
420 4.73262e-06
440 -3.55988e-06
460 1.08686e-06
480 2.90322e-06
500 -1.80095e-06
520 1.75231e-06
540 2.3488e-06
560 -1.53953e-06
580 5.8353e-06
600 1.64105e-06
620 1.9964e-06
640 9.7347e-06
660 1.29521e-06
680 1.09914e-05
700 9.38116e-06
720 1.77272e-05
740 1.43538e-05
760 2.15993e-05
780 3.04639e-05
800 3.1102e-05
820 4.99778e-05
840 4.78412e-05
860 6.63107e-05
880 8.52256e-05
900 9.14362e-05
920 0.000120724
940 0.000143899
960 0.000164839
980 0.000205119
1000 0.000236327
1020 0.00027274
1040 0.000331388
1060 0.000375648
1080 0.000433849
1100 0.000500174
1120 0.000567331
1140 0.000646709
1160 0.000727622
1180 0.000818213
1200 0.000904459
1220 0.00101557
1240 0.00110796
1260 0.0012122
1280 0.00133253
1300 0.0014321
1320 0.00154618
1340 0.00166246
1360 0.00175427
1380 0.00186644
1400 0.0019709
1420 0.00204863
1440 0.00214545
1460 0.00221614
1480 0.00228663
1500 0.0023367
1520 0.00239242
1540 0.0024186
1560 0.00244932
1580 0.00247627
1600 0.00247135
1620 0.00248391
1640 0.00247803
1660 0.00247522
1680 0.00246765
1700 0.00246876
1720 0.0024634
1740 0.00246246
1760 0.00247631
1780 0.00247723
1800 0.00248728
1820 0.00251049
1840 0.00252726
1860 0.00256085
1880 0.00260103
1900 0.00264809
1920 0.00269403
1940 0.0027622
1960 0.00283153
1980 0.00288833
2000 0.00297167
2020 0.00304899
2040 0.00311904
2060 0.00320972
2080 0.00328621
2100 0.00334812
2120 0.00341817
2140 0.00347872
2160 0.00352361
2180 0.00356107
2200 0.0036008
2220 0.00360929
2240 0.00361676
2260 0.00362275
2280 0.0036061
2300 0.00357534
2320 0.00354867
2340 0.00350767
2360 0.00345804
2380 0.00341112
2400 0.00336016
2420 0.0033052
2440 0.00323637
2460 0.00319325
2480 0.00312584
2500 0.00305142
2520 0.00299484
2540 0.00291146
2560 0.00283921
2580 0.0027592
2600 0.00269956
2620 0.00260918
2640 0.00252594
2660 0.00246239
2680 0.00236957
2700 0.00229305
2720 0.0022173
2740 0.0021455
2760 0.00205927
2780 0.00198706
2800 0.00192041
2820 0.00184596
2840 0.00176103
2860 0.0016946
2880 0.00161506
2900 0.00151657
2920 0.00143054
2940 0.00133635
2960 0.0012234
2980 0.00108637
3000 0.000953429
3020 0.00079835
3040 0.000594757
3060 0.000399553
3080 0.000167626
3100 -9.81975e-05
3120 -0.000404112
3140 -0.00073852
3160 -0.00110357
3180 -0.00153129
3200 -0.0019856
3220 -0.00246614
3240 -0.00300202
3260 -0.00358758
3280 -0.00420429
3300 -0.00484232
3320 -0.00552611
3340 -0.00624093
3360 -0.00694109
3380 -0.00766497
3400 -0.00839739
3420 -0.00911973
3440 -0.00980259
3460 -0.0104697
3480 -0.0110893
3500 -0.0116493
3520 -0.0121108
3540 -0.0125114
3560 -0.0128227
3580 -0.0130129
3600 -0.0130875
3620 -0.0130443
3640 -0.0128885
3660 -0.0125589
3680 -0.0120902
3700 -0.0114855
3720 -0.0107378
3740 -0.00982667
3760 -0.00877527
3780 -0.0076097
3800 -0.00631959
3820 -0.00491076
3840 -0.00338795
3860 -0.00181372
3880 -0.000181813
3900 0.00151115
3920 0.00321253
3940 0.00489562
3960 0.00653159
3980 0.00814453
4000 0.00970074
4020 0.0111525
4040 0.0125294
4060 0.0138066
4080 0.0150048
4100 0.0160691
4120 0.0169949
4140 0.0178203
4160 0.0185335
4180 0.0191264
4200 0.0195949
4220 0.019983
4240 0.020298
4260 0.0205403
4280 0.0206898
4300 0.0207672
4320 0.0208108
4340 0.0208195
4360 0.0207883
4380 0.0207132
4400 0.020639
4420 0.0205806
4440 0.0204899
4460 0.0203887
4480 0.0202749
4500 0.0201877
4520 0.0201273
4540 0.0200648
4560 0.0199937
4580 0.0199431
4600 0.0199336
4620 0.0199491
4640 0.0199692
4660 0.0200008
4680 0.0200659
4700 0.0201615
4720 0.020263
4740 0.020358
4760 0.0204348
4780 0.0205436
4800 0.0206751
4820 0.020793
4840 0.0208944
4860 0.0209823
4880 0.0210848
4900 0.0212088
4920 0.021323
4940 0.0213989
4960 0.021446
4980 0.0215052
5000 0.0215587
5020 0.0216221
5040 0.0216667
5060 0.0216829
5080 0.0216888
5100 0.0216803
5120 0.0217032
5140 0.0217261
5160 0.0217589
5180 0.0217599
5200 0.0217416
5220 0.021734
5240 0.0217262
5260 0.0217504
5280 0.0217776
5300 0.021824
5320 0.0218338
5340 0.0218552
5360 0.0218885
5380 0.0219477
5400 0.0220516
5420 0.0221799
5440 0.0223515
5460 0.0225183
5480 0.0227248
5500 0.0229557
5520 0.0232364
5540 0.023598
5560 0.0240428
5580 0.0245672
5600 0.0251605
5620 0.0258221
5640 0.0265511
5660 0.0273843
5680 0.0283356
5700 0.0294581
5720 0.0307266
5740 0.0321595
5760 0.0337307
5780 0.0354486
5800 0.0373272
5820 0.0393575
5840 0.0415861
5860 0.0440248
5880 0.0467014
5900 0.0496043
5920 0.0527342
5940 0.0560606
5960 0.0595564
5980 0.0632136
6000 0.0670389
6020 0.0710404
6040 0.0752183
6060 0.079586
6080 0.0841244
6100 0.0888197
6120 0.0936307
6140 0.0985195
6160 0.103405
6180 0.10827
6200 0.113058
6220 0.11775
6240 0.122325
6260 0.126755
6280 0.131061
6300 0.135208
6320 0.1392
6340 0.142988
6360 0.146552
6380 0.149849
6400 0.152809
6420 0.155404
6440 0.15756
6460 0.159229
6480 0.160351
6500 0.160905
6520 0.160874
6540 0.160201
6560 0.158913
6580 0.157003
6600 0.154485
6620 0.1514
6640 0.147768
6660 0.14364
6680 0.139047
6700 0.13407
6720 0.128756
6740 0.123151
6760 0.11732
6780 0.111341
6800 0.105254
6820 0.0991255
6840 0.0930044
6860 0.0869366
6880 0.0809959
6900 0.0751778
6920 0.0695641
6940 0.0641423
6960 0.05898
6980 0.0540685
7000 0.0494276
7020 0.0450894
7040 0.0410187
7060 0.0372625
7080 0.0337875
7100 0.0306065
7120 0.0276944
7140 0.0250477
7160 0.0226709
7180 0.020525
7200 0.0186063
7220 0.0169007
7240 0.0153936
7260 0.0140594
7280 0.0128988
7300 0.011874
7320 0.0109969
7340 0.0102252
7360 0.00956825
7380 0.00901284
7400 0.00852692
7420 0.00812389
7440 0.00777723
7460 0.00749153
7480 0.00725467
7500 0.00704615
7520 0.00688846
7540 0.0067482
7560 0.0066453
7580 0.00655076
7600 0.00647623
7620 0.0064315
7640 0.0063741
7660 0.00634441
7680 0.00632002
7700 0.00630512
7720 0.00628327
7740 0.00628025
7760 0.00627565
7780 0.00627323
7800 0.0062683
7820 0.00627831
7840 0.00628061
7860 0.00627927
7880 0.00629769
7900 0.00629311
7920 0.0063033
7940 0.00631293
7960 0.00631422
7980 0.00632684
8000 0.00633194
8020 0.00633639
8040 0.00634219
8060 0.00635329
8080 0.00635672
8100 0.00635648
8120 0.00636474
8140 0.00637612
8160 0.0063698
8180 0.00637246
8200 0.00637375
8220 0.00638122
8240 0.00637635
8260 0.0063694
8280 0.00637224
8300 0.00637599
8320 0.00635906
8340 0.00636309
8360 0.00635723
8380 0.00634651
8400 0.00635576
8420 0.00633374
8440 0.00633575
8460 0.00632918
8480 0.00632528
8500 0.00631824
8520 0.00631293
8540 0.00631208
8560 0.00630187
8580 0.00630035
8600 0.00630447
8620 0.00628908
8640 0.00629359
8660 0.00629205
8680 0.00629174
8700 0.00628643
8720 0.00628823
8740 0.00628576
8760 0.00629238
8780 0.00628427
8800 0.00628627
8820 0.00629223
8840 0.00628042
8860 0.00629485
8880 0.00628756
8900 0.00628755
8920 0.00628933
8940 0.00628701
8960 0.00628465
8980 0.00629209
9000 0.00627928
9020 0.00627585
9040 0.00627751
9060 0.00627569
9080 0.00626554
9100 0.00625561
9120 0.00625446
9140 0.00625285
9160 0.0062369
9180 0.00623032
9200 0.00622342
9220 0.00621581
9240 0.00621034
9260 0.00619196
9280 0.00619308
9300 0.00617823
9320 0.00617164
9340 0.00616588
9360 0.00615024
9380 0.00615258
9400 0.00613757
9420 0.00612601
9440 0.00612964
9460 0.00612345
9480 0.00610525
9500 0.00610442
9520 0.00610429
9540 0.00609409
9560 0.00609581
9580 0.00607916
9600 0.00608276
9620 0.00608236
9640 0.00607149
9660 0.00607628
9680 0.00606476
9700 0.00606436
9720 0.00606948
9740 0.00605518
9760 0.00606259
9780 0.00605956
9800 0.00605048
9820 0.00605323
9840 0.00605623
9860 0.00605138
9880 0.00605015
9900 0.00604804
9920 0.00604474
9940 0.00605834
9960 0.00604494
9980 0.0060507
10000 0.00605183
10020 0.00604769
10040 0.00605817
10060 0.00606363
10080 0.00605557
10100 0.00606183
10120 0.00607587
10140 0.00607684
10160 0.00608096
10180 0.00609559
10200 0.006105
10220 0.00611378
10240 0.00612844
10260 0.0061426
10280 0.00616223
10300 0.00618647
10320 0.00620469
10340 0.00622513
10360 0.00625528
10380 0.00628947
10400 0.00632499
10420 0.00636112
10440 0.00639772
10460 0.00643891
10480 0.00649291
10500 0.0065516
10520 0.00659728
10540 0.0066512
10560 0.00672664
10580 0.00679014
10600 0.00684991
10620 0.0069308
10640 0.00700805
10660 0.00708229
10680 0.00716644
10700 0.00724241
10720 0.00732259
10740 0.00741613
10760 0.0074994
10780 0.00757783
10800 0.00766014
10820 0.00773731
10840 0.00781546
10860 0.00789497
10880 0.00796531
10900 0.00802484
10920 0.00808132
10940 0.0081412
10960 0.00819014
10980 0.00822351
11000 0.00826002
11020 0.00828971
11040 0.00830031
11060 0.00831035
11080 0.00831548
11100 0.00830403
11120 0.0082934
11140 0.00828199
11160 0.00825196
11180 0.00821349
11200 0.00817917
11220 0.00814413
11240 0.00810581
11260 0.00805944
11280 0.00800291
11300 0.0079505
11320 0.00790278
11340 0.00784465
11360 0.00778093
11380 0.00772096
11400 0.0076593
11420 0.00759172
11440 0.00752286
11460 0.00746036
11480 0.0073968
11500 0.00732823
11520 0.00727326
11540 0.00721844
11560 0.0071429
11580 0.00707928
11600 0.00703304
11620 0.00697633
11640 0.0069239
11660 0.00687667
11680 0.00681948
11700 0.00677401
11720 0.00673876
11740 0.00669425
11760 0.00665313
11780 0.00662019
11800 0.00658777
11820 0.00655734
11840 0.00652808
11860 0.00649919
11880 0.00647142
11900 0.00645276
11920 0.00644358
11940 0.00642141
11960 0.00639315
11980 0.00638326
12000 0.0063731
12020 0.00635549
12040 0.00635209
12060 0.00634782
12080 0.00632857
12100 0.00631907
12120 0.00632242
12140 0.00631521
12160 0.00630073
12180 0.00629865
12200 0.00630454
12220 0.00630223
12240 0.00629454
12260 0.00629005
12280 0.00628473
12300 0.00628035
12320 0.00628625
12340 0.00629207
12360 0.00628575
12380 0.00628022
12400 0.0062785
12420 0.00627316
12440 0.00627638
12460 0.00628031
12480 0.00626768
12500 0.00626444
12520 0.00627566
12540 0.0062691
12560 0.0062546
12580 0.00624988
12600 0.00624117
12620 0.0062312
12640 0.00622945
12660 0.00622618
12680 0.00620957
12700 0.00618085
12720 0.00615982
12740 0.00614716
12760 0.00611769
12780 0.00608064
12800 0.00605147
12820 0.00601022
12840 0.00595972
12860 0.00591345
12880 0.00584898
12900 0.00576263
12920 0.00567699
12940 0.00558926
12960 0.00548993
12980 0.00537828
13000 0.00524736
13020 0.00509696
13040 0.00493222
13060 0.00475299
13080 0.00455886
13100 0.00434371
13120 0.00410657
13140 0.00385691
13160 0.00359126
13180 0.00330678
13200 0.00300722
13220 0.00267843
13240 0.00232054
13260 0.00195661
13280 0.00158361
13300 0.00119334
13320 0.000797523
13340 0.000393461
13360 -2.66442e-05
13380 -0.000451244
13400 -0.000867834
13420 -0.00127951
13440 -0.00169882
13460 -0.00211788
13480 -0.00251062
13500 -0.00287789
13520 -0.00322692
13540 -0.00353862
13560 -0.0038133
13580 -0.00406957
13600 -0.00429317
13620 -0.00446326
13640 -0.00458579
13660 -0.00466825
13680 -0.00470691
13700 -0.0046937
13720 -0.0046236
13740 -0.00449861
13760 -0.0043128
13780 -0.00406416
13800 -0.00377514
13820 -0.00345302
13840 -0.00308322
13860 -0.0026731
13880 -0.00223186
13900 -0.0017582
13920 -0.00126573
13940 -0.000757455
13960 -0.000226715
13980 0.000320351
14000 0.000892243
14020 0.00149211
14040 0.00209736
14060 0.00270491
14080 0.00332048
14100 0.00393789
14120 0.00455942
14140 0.00517652
14160 0.00577552
14180 0.00635691
14200 0.00690427
14220 0.0074084
14240 0.00789308
14260 0.0083582
14280 0.00878247
14300 0.00917158
14320 0.00953343
14340 0.00986144
14360 0.0101601
14380 0.0104418
14400 0.0107133
14420 0.0109695
14440 0.0111922
14460 0.0113831
14480 0.0115633
14500 0.0117253
14520 0.0118635
14540 0.0120058
14560 0.0121486
14580 0.0122657
14600 0.0123655
14620 0.0124561
14640 0.0125372
14660 0.0126139
14680 0.0126815
14700 0.0127504
14720 0.0128232
14740 0.0128705
14760 0.0129031
14780 0.0129482
14800 0.012989
14820 0.0130259
14840 0.0130752
14860 0.0131259
14880 0.0131704
14900 0.0132041
14920 0.0132314
14940 0.0132745
14960 0.0133289
14980 0.0133846
15000 0.0134421
15020 0.0135116
15040 0.013578
15060 0.0136441
15080 0.0137208
15100 0.0138109
15120 0.0139137
15140 0.0140356
15160 0.0141856
15180 0.0143629
15200 0.0145591
15220 0.0147699
15240 0.0149987
15260 0.015254
15280 0.0155377
15300 0.0158492
15320 0.0162037
15340 0.0166155
15360 0.0170738
15380 0.0175704
15400 0.0181151
15420 0.0187068
15440 0.0193384
15460 0.0200165
15480 0.0207483
15500 0.0215438
15520 0.0224154
15540 0.0233566
15560 0.0243628
15580 0.025448
15600 0.026605
15620 0.0278114
15640 0.0290709
15660 0.0303917
15680 0.0317656
15700 0.0331926
15720 0.0346782
15740 0.036224
15760 0.0378362
15780 0.0395091
15800 0.0412237
15820 0.0429766
15840 0.0447647
15860 0.0465628
15880 0.0483496
15900 0.0501232
15920 0.0518787
15940 0.0536025
15960 0.055286
15980 0.0569291
16000 0.0585336
16020 0.0600963
16040 0.0616077
16060 0.06306
16080 0.0644507
16100 0.0657738
16120 0.067009
16140 0.0681353
16160 0.0691468
16180 0.0700319
16200 0.0707634
16220 0.0713262
16240 0.0717164
16260 0.0719204
16280 0.0719277
16300 0.0717353
16320 0.0713365
16340 0.0707341
16360 0.0699365
16380 0.0689397
16400 0.0677499
16420 0.0663894
16440 0.0648652
16460 0.0631818
16480 0.0613639
16500 0.0594301
16520 0.0573881
16540 0.0552568
16560 0.0530572
16580 0.0508038
16600 0.048515
16620 0.0462061
16640 0.0438884
16660 0.0415834
16680 0.03931
16700 0.037071
16720 0.0348741
16740 0.0327416
16760 0.0306847
16780 0.0286994
16800 0.0267907
16820 0.0249721
16840 0.0232481
16860 0.0216183
16880 0.0200821
16900 0.0186378
16920 0.0172913
16940 0.0160479
16960 0.0148952
16980 0.0138252
17000 0.0128482
17020 0.0119621
17040 0.0111511
17060 0.0104142
17080 0.0097529
17100 0.00915766
17120 0.0086237
17140 0.00814828
17160 0.00772359
17180 0.00734841
17200 0.00701968
17220 0.00672509
17240 0.00646351
17260 0.00624128
17280 0.00604841
17300 0.00587148
17320 0.00571418
17340 0.0055822
17360 0.00546773
17380 0.0053611
17400 0.00526131
17420 0.00516957
17440 0.00508499
17460 0.00500434
17480 0.00491869
17500 0.00482346
17520 0.00472511
17540 0.00461895
17560 0.004489
17580 0.00433714
17600 0.00416731
17620 0.00396109
17640 0.00370717
17660 0.00340872
17680 0.00305499
17700 0.00263122
17720 0.00212666
17740 0.00151989
17760 0.000797302
17780 -4.56282e-05
17800 -0.00103841
17820 -0.00221652
17840 -0.00359351
17860 -0.00519288
17880 -0.00705636
17900 -0.00921678
17920 -0.0117059
17940 -0.0145657
17960 -0.0178406
17980 -0.0215796
18000 -0.0258336
18020 -0.0306459
18040 -0.0360656
18060 -0.0421562
18080 -0.0489793
18100 -0.0565854
18120 -0.0650232
18140 -0.0743531
18160 -0.0846348
18180 -0.0959091
18200 -0.108217
18220 -0.12161
18240 -0.136123
18260 -0.151773
18280 -0.16858
18300 -0.186544
18320 -0.205659
18340 -0.225921
18360 -0.247292
18380 -0.269712
18400 -0.293132
18420 -0.317481
18440 -0.342647
18460 -0.36852
18480 -0.394986
18500 -0.4219
18520 -0.449108
18540 -0.476442
18560 -0.503713
18580 -0.530735
18600 -0.557316
18620 -0.58324
18640 -0.608294
18660 -0.632285
18680 -0.655011
18700 -0.676266
18720 -0.695853
18740 -0.713597
18760 -0.729336
18780 -0.742917
18800 -0.75421
18820 -0.76312
18840 -0.769587
18860 -0.773593
18880 -0.775167
18900 -0.774387
18920 -0.771402
18940 -0.766422
18960 -0.759668
18980 -0.751357
19000 -0.741692
19020 -0.730791
19040 -0.718669
19060 -0.705283
19080 -0.690579
19100 -0.674562
19120 -0.657351
19140 -0.639159
19160 -0.62022
19180 -0.600727
19200 -0.580775
19220 -0.560358
19240 -0.539483
19260 -0.518275
19280 -0.496946
19300 -0.475704
19320 -0.454661
19340 -0.433829
19360 -0.4132
19380 -0.392854
19400 -0.372959
19420 -0.353659
19440 -0.334999
19460 -0.316945
19480 -0.299481
19500 -0.282677
19520 -0.26666
19540 -0.251486
19560 -0.237082
19580 -0.223376
19600 -0.210407
19620 -0.198262
19640 -0.186954
19660 -0.176396
19680 -0.166496
19700 -0.157273
19720 -0.1488
19740 -0.141048
19760 -0.133892
19780 -0.127263
19800 -0.12121
19820 -0.115764
19840 -0.11084
19860 -0.106325
19880 -0.102209
19900 -0.0985446
19920 -0.0953073
19940 -0.0923898
19960 -0.0897271
19980 -0.0873613
20000 -0.0853274
20020 -0.0835384
20040 -0.0818959
20060 -0.0804343
20080 -0.0792124
20100 -0.0781667
20120 -0.0772061
20140 -0.0763434
20160 -0.0756335
20180 -0.0750554
20200 -0.0745291
20220 -0.074035
20240 -0.0736361
20260 -0.0733417
20280 -0.0730684
20300 -0.0727915
20320 -0.0725798
20340 -0.0724432
20360 -0.0723074
20380 -0.0721559
20400 -0.0720502
20420 -0.071998
20440 -0.0719323
20460 -0.0718451
20480 -0.0718012
20500 -0.0717942
20520 -0.0717552
20540 -0.0717016
20560 -0.0716953
20580 -0.071706
20600 -0.0716775
20620 -0.0716429
20640 -0.0716518
20660 -0.0716714
20680 -0.0716498
20700 -0.0716194
20720 -0.0716363
20740 -0.0716621
20760 -0.071638
20780 -0.0716124
20800 -0.0716383
20820 -0.0716565
20840 -0.0716285
20860 -0.0716186
20880 -0.0716462
20900 -0.0716471
20920 -0.0716216
20940 -0.0716305
20960 -0.0716541
20980 -0.071636
21000 -0.0716163
21020 -0.0716439
21040 -0.0716586
21060 -0.0716244
21080 -0.0716175
21100 -0.071655
21120 -0.0716536
21140 -0.0716182
21160 -0.0716279
21180 -0.071657
21200 -0.0716411
21220 -0.0716216
21240 -0.071642
21260 -0.0716506
21280 -0.0716274
21300 -0.0716307
21320 -0.0716549
21340 -0.0716399
21360 -0.0716176
21380 -0.0716426
21400 -0.0716595
21420 -0.0716286
21440 -0.0716199
21460 -0.0716511
21480 -0.0716507
21500 -0.0716249
21520 -0.0716331
21540 -0.07165
21560 -0.0716359
21580 -0.0716292
21600 -0.0716476
21620 -0.071644
21640 -0.0716231
21660 -0.0716363
21680 -0.0716573
21700 -0.0716357
21720 -0.0716189
21740 -0.0716455
21760 -0.0716534
21780 -0.0716278
21800 -0.0716313
21820 -0.0716491
21840 -0.0716354
21860 -0.0716304
21880 -0.0716496
21900 -0.0716411
21920 -0.0716222
21940 -0.0716404
21960 -0.0716547
21980 -0.0716328
22000 -0.0716252
22020 -0.0716449
22040 -0.0716454
22060 -0.0716321
22080 -0.0716384
22100 -0.0716429
22120 -0.0716306
22140 -0.0716364
22160 -0.0716519
22180 -0.0716363
22200 -0.0716224
22220 -0.0716442
22240 -0.0716512
22260 -0.07163
22280 -0.0716329
22300 -0.0716458
22320 -0.0716339
22340 -0.0716348
22360 -0.0716507
22380 -0.0716358
22400 -0.0716221
22420 -0.0716458
22440 -0.0716527
22460 -0.0716283
22480 -0.0716301
22500 -0.0716473
22520 -0.0716376
22540 -0.0716331
22560 -0.0716476
22580 -0.0716379
22600 -0.0716228
22620 -0.0716443
22640 -0.0716551
22660 -0.071628
22680 -0.071626
22700 -0.0716495
22720 -0.0716413
22740 -0.0716302
22760 -0.0716458
22780 -0.0716397
22800 -0.071623
22820 -0.0716442
22840 -0.0716551
22860 -0.0716277
22880 -0.0716262
22900 -0.0716484
22920 -0.0716417
22940 -0.0716331
22960 -0.0716434
22980 -0.0716366
23000 -0.0716277
23020 -0.0716449
23040 -0.0716498
23060 -0.0716306
23080 -0.0716297
23100 -0.0716428
23120 -0.0716413
23140 -0.0716389
23160 -0.0716413
23180 -0.0716326
23200 -0.0716308
23220 -0.0716467
23240 -0.0716466
23260 -0.0716307
23280 -0.0716334
23300 -0.0716414
23320 -0.0716366
23340 -0.0716419
23360 -0.0716463
23380 -0.0716281
23400 -0.0716276
23420 -0.0716514
23440 -0.071646
23460 -0.071628
23480 -0.0716377
23500 -0.0716407
23520 -0.071631
23540 -0.0716448
23560 -0.07165
23580 -0.0716263
23600 -0.0716272
23620 -0.071649
23640 -0.0716443
23660 -0.0716343
23680 -0.071639
23700 -0.071634
23720 -0.071632
23740 -0.0716472
23760 -0.0716466
23780 -0.0716307
23800 -0.0716317
23820 -0.0716395
23840 -0.07164
23860 -0.0716445
23880 -0.0716422
23900 -0.0716275
23920 -0.0716308
23940 -0.0716481
23960 -0.0716447
23980 -0.0716343
24000 -0.0716376
24020 -0.0716345
24040 -0.0716312
24060 -0.0716478
24080 -0.0716503
24100 -0.0716281
24120 -0.0716276
24140 -0.0716437
24160 -0.0716413
24180 -0.0716402
24200 -0.0716449
24220 -0.0716309
24240 -0.0716261
24260 -0.0716454
24280 -0.071648
24300 -0.0716372
24320 -0.0716372
24340 -0.0716316
24360 -0.0716301
24380 -0.0716488
24400 -0.0716496
24420 -0.0716309
24440 -0.0716322
24460 -0.0716376
24480 -0.0716338
24500 -0.0716459
24520 -0.0716513
24540 -0.0716298
24560 -0.0716247
24580 -0.071641
24600 -0.0716436
24620 -0.0716426
24640 -0.0716444
24660 -0.0716316
24680 -0.0716255
24700 -0.0716406
24720 -0.0716478
24740 -0.0716429
24760 -0.0716397
24780 -0.0716305
24800 -0.0716262
24820 -0.0716426
24840 -0.071652
24860 -0.0716405
24880 -0.0716338
24900 -0.0716332
24920 -0.0716292
24940 -0.0716393
24960 -0.0716541
24980 -0.0716442
25000 -0.0716282
25020 -0.0716303
25040 -0.0716346
25060 -0.0716399
25080 -0.0716517
25100 -0.0716459
25120 -0.0716275
25140 -0.0716284
25160 -0.0716363
25180 -0.0716391
25200 -0.071651
25220 -0.07165
25240 -0.0716265
25260 -0.0716236
25280 -0.0716392
25300 -0.0716408
25320 -0.071646
25340 -0.0716526
25360 -0.0716327
25380 -0.0716196
25400 -0.0716346
25420 -0.0716426
25440 -0.0716458
25460 -0.0716533
25480 -0.0716374
25500 -0.0716192
25520 -0.0716307
25540 -0.0716409
25560 -0.0716429
25580 -0.0716545
25600 -0.0716467
25620 -0.0716217
25640 -0.0716231
25660 -0.0716369
25680 -0.0716419
25700 -0.0716527
25720 -0.0716523
25740 -0.0716308
25760 -0.0716223
25780 -0.0716279
25800 -0.0716333
25820 -0.0716499
25840 -0.071659
25860 -0.0716404
25880 -0.0716247
25900 -0.0716235
25920 -0.0716225
25940 -0.0716352
25960 -0.0716546
25980 -0.0716504
26000 -0.071634
26020 -0.0716219
26040 -0.0716088
26060 -0.071611
26080 -0.0716322
26100 -0.0716401
26120 -0.0716313
26140 -0.0716203
26160 -0.071597
26180 -0.0715725
26200 -0.0715736
26220 -0.0715846
26240 -0.0715835
26260 -0.0715749
26280 -0.0715507
26300 -0.0715059
26320 -0.071466
26340 -0.0714407
26360 -0.0714174
26380 -0.0713971
26400 -0.0713703
26420 -0.0713114
26440 -0.0712269
26460 -0.0711368
26480 -0.0710402
26500 -0.0709433
26520 -0.0708539
26540 -0.0707504
26560 -0.0706163
26580 -0.0704503
26600 -0.0702419
26620 -0.0700001
26640 -0.0697492
26660 -0.0694826
26680 -0.0691931
26700 -0.0688865
26720 -0.0685351
26740 -0.068114
26760 -0.0676371
26780 -0.0671011
26800 -0.0665029
26820 -0.0658733
26840 -0.0652109
26860 -0.0644903
26880 -0.063719
26900 -0.0628819
26920 -0.0619405
26940 -0.0609055
26960 -0.0597904
26980 -0.0585849
27000 -0.0573138
27020 -0.0559954
27040 -0.054612
27060 -0.0531689
27080 -0.0516629
27100 -0.0500577
27120 -0.0483552
27140 -0.0465678
27160 -0.0446817
27180 -0.0427226
27200 -0.0407266
27220 -0.0386906
27240 -0.0366393
27260 -0.034601
27280 -0.0325499
27300 -0.0304837
27320 -0.0284214
27340 -0.0263358
27360 -0.0242218
27380 -0.0221112
27400 -0.0200031
27420 -0.0179154
27440 -0.0158988
27460 -0.0139669
27480 -0.0121418
27500 -0.0104716
27520 -0.00896073
27540 -0.00761205
27560 -0.00645141
27580 -0.00546069
27600 -0.00462168
27620 -0.00394672
27640 -0.00340509
27660 -0.00296281
27680 -0.00262885
27700 -0.00237971
27720 -0.00218124
27740 -0.00204137
27760 -0.00194491
27780 -0.00186538
27800 -0.00181563
27820 -0.00178753
27840 -0.00175877
27860 -0.00174402
27880 -0.00173967
27900 -0.00172777
27920 -0.00172624
27940 -0.00173242
27960 -0.00172492
27980 -0.00172314
28000 -0.00173202
28020 -0.00172916
28040 -0.00172774
28060 -0.00173478
28080 -0.00173144
28100 -0.00172943
28120 -0.00173618
28140 -0.0017334
28160 -0.00173046
28180 -0.00173434
28200 -0.00172847
28220 -0.00172399
28240 -0.00172864
28260 -0.00172162
28280 -0.00171095
28300 -0.00171001
28320 -0.00170158
28340 -0.00168861
28360 -0.00168227
28380 -0.00166769
28400 -0.00164758
28420 -0.00163292
28440 -0.00161055
28460 -0.00158312
28480 -0.00155999
28500 -0.00152538
28520 -0.00148166
28540 -0.00144356
28560 -0.00139742
28580 -0.00133933
28600 -0.00128129
28620 -0.00121377
28640 -0.00113417
28660 -0.00105316
28680 -0.000962106
28700 -0.0008591
28720 -0.00075357
28740 -0.000634475
28760 -0.000499352
28780 -0.000362643
28800 -0.000217392
28820 -5.68967e-05
28840 0.000108656
28860 0.000283617
28880 0.000472075
28900 0.000664107
28920 0.000863312
28940 0.00107189
28960 0.00127854
28980 0.00148824
29000 0.00170729
29020 0.00192413
29040 0.00213749
29060 0.00235071
29080 0.00255472
29100 0.00274987
29120 0.00293887
29140 0.00311226
29160 0.00327187
29180 0.00342285
29200 0.00355408
29220 0.0036617
29240 0.00374992
29260 0.00381273
29280 0.00384957
29300 0.00386434
29320 0.00385103
29340 0.00381139
29360 0.00375277
29380 0.0036695
29400 0.00355957
29420 0.00342892
29440 0.00327602
29460 0.00310383
29480 0.00292029
29500 0.00272372
29520 0.0025176
29540 0.0023134
29560 0.00211206
29580 0.0019133
29600 0.00172143
29620 0.00153363
29640 0.00135042
29660 0.0011786
29680 0.0010164
29700 0.00086318
29720 0.000725371
29740 0.000602882
29760 0.000495454
29780 0.000405752
29800 0.000327089
29820 0.000254608
29840 0.000192987
29860 0.000142239
29880 0.000101548
29900 7.29654e-05
29920 4.94643e-05
29940 2.43374e-05
29960 0
