-20 0
0 -7.40531e-08
20 -1.48739e-07
40 -2.24664e-07
60 -3.02393e-07
80 -3.82424e-07
100 -4.65164e-07
120 -5.50914e-07
140 -6.39842e-07
160 -7.31979e-07
180 -8.27185e-07
200 -9.25145e-07
220 -1.02536e-06
240 -1.12712e-06
260 -1.22952e-06
280 -1.33144e-06
300 -1.43156e-06
320 -1.52834e-06
340 -1.62005e-06
360 -1.70479e-06
380 -1.78051e-06
400 -1.84501e-06
420 -1.89603e-06
440 -1.93124e-06
460 -1.94834e-06
480 -1.94509e-06
500 -1.91936e-06
520 -1.86924e-06
540 -1.79309e-06
560 -1.6896e-06
580 -1.55789e-06
600 -1.39757e-06
620 -1.20877e-06
640 -9.92239e-07
660 -7.49356e-07
680 -4.82155e-07
700 -1.93335e-07
720 1.13758e-07
740 4.35163e-07
760 7.66364e-07
780 1.10237e-06
800 1.43779e-06
820 1.76699e-06
840 2.08415e-06
860 2.38348e-06
880 2.65926e-06
900 2.90606e-06
920 3.11879e-06
940 3.29285e-06
960 3.42415e-06
980 3.50917e-06
1000 3.54493e-06
1020 3.5289e-06
1040 3.45882e-06
1060 3.33244e-06
1080 3.14715e-06
1100 2.89935e-06
1120 2.58379e-06
1140 2.19251e-06
1160 1.71357e-06
1180 1.12932e-06
1200 4.14161e-07
1220 -4.68278e-07
1240 -1.56888e-06
1260 -2.9578e-06
1280 -4.73051e-06
1300 -7.01559e-06
1320 -9.9846e-06
1340 -1.38646e-05
1360 -1.89536e-05
1380 -2.56408e-05
1400 -3.44304e-05
1420 -4.59727e-05
1440 -6.11008e-05
1460 -8.08769e-05
1480 -0.000106648
1500 -0.000140113
1520 -0.000183403
1540 -0.000239179
1560 -0.000310745
1580 -0.000402179
1600 -0.000518496
1620 -0.000665819
1640 -0.000851592
1660 -0.00108481
1680 -0.00137629
1700 -0.00173894
1720 -0.00218812
1740 -0.00274196
1760 -0.00342176
1780 -0.00425235
1800 -0.00526255
1820 -0.00648556
1840 -0.00795938
1860 -0.00972723
1880 -0.0118379
1900 -0.0143461
1920 -0.0173126
1940 -0.0208047
1960 -0.0248959
1980 -0.0296659
2000 -0.0352008
2020 -0.0415918
2040 -0.0489354
2060 -0.057332
2080 -0.0668846
2100 -0.0776981
2120 -0.0898766
2140 -0.103522
2160 -0.118733
2180 -0.135598
2200 -0.1542
2220 -0.174605
2240 -0.196867
2260 -0.221018
2280 -0.24707
2300 -0.275011
2320 -0.3048
2340 -0.336367
2360 -0.369609
2380 -0.40439
2400 -0.44054
2420 -0.477855
2440 -0.516096
2460 -0.554992
2480 -0.594242
2500 -0.633516
2520 -0.672462
2540 -0.710709
2560 -0.747874
2580 -0.783566
2600 -0.817392
2620 -0.848969
2640 -0.877924
2660 -0.903909
2680 -0.9266
2700 -0.945709
2720 -0.960989
2740 -0.972237
2760 -0.979304
2780 -0.982089
2800 -0.980551
2820 -0.974704
2840 -0.964619
2860 -0.950421
2880 -0.932289
2900 -0.910448
2920 -0.88517
2940 -0.856763
2960 -0.825567
2980 -0.791948
3000 -0.756289
3020 -0.718984
3040 -0.680429
3060 -0.641018
3080 -0.601135
3100 -0.561145
3120 -0.521395
3140 -0.482204
3160 -0.443863
3180 -0.406628
3200 -0.370723
3220 -0.336337
3240 -0.303622
3260 -0.272697
3280 -0.243646
3300 -0.216523
3320 -0.191351
3340 -0.168129
3360 -0.146829
3380 -0.127406
3400 -0.109795
3420 -0.0939183
3440 -0.0796875
3460 -0.0670051
3480 -0.0557685
3500 -0.045872
3520 -0.037209
3540 -0.0296736
3560 -0.0231625
3580 -0.0175759
3600 -0.0128188
3620 -0.00880135
3640 -0.00543972
3660 -0.00265618
3680 -0.000379234
3700 0.00145636
3720 0.00290974
3740 0.00403421
3760 0.0048775
3780 0.00548214
3800 0.00588581
3820 0.00612176
3840 0.00621919
3860 0.00620364
3880 0.00609733
3900 0.00591957
3920 0.00568705
3940 0.00541414
3960 0.00511322
3980 0.00479491
4000 0.00446833
4020 0.00414131
4040 0.00382062
4060 0.00351215
4080 0.00322111
4100 0.00295217
4120 0.00270966
4140 0.00249768
4160 0.00232025
4180 0.00218144
4200 0.00208551
4220 0.00203695
4240 0.00204061
4260 0.00210176
4280 0.00222614
4300 0.00241994
4320 0.00268989
4340 0.00304315
4360 0.00348728
4380 0.00403017
4400 0.00467993
4420 0.0054447
4440 0.0063325
4460 0.00735105
4480 0.00850749
4500 0.00980817
4520 0.0112583
4540 0.0128619
4560 0.0146213
4580 0.0165367
4600 0.0186065
4620 0.0208265
4640 0.0231901
4660 0.0256878
4680 0.0283074
4700 0.0310338
4720 0.0338491
4740 0.0367327
4760 0.0396615
4780 0.04261
4800 0.0455508
4820 0.048455
4840 0.0512924
4860 0.0540324
4880 0.0566443
4900 0.0590977
4920 0.0613635
4940 0.0634141
4960 0.0652243
4980 0.0667715
5000 0.0676466
5020 0.0683062
5040 0.0687444
5060 0.0689573
5080 0.0689433
5100 0.0687032
5120 0.0682398
5140 0.067558
5160 0.0666649
5180 0.0655695
5200 0.0642828
5220 0.062817
5240 0.061186
5260 0.059405
5280 0.0574899
5300 0.0554576
5320 0.0533253
5340 0.0511106
5360 0.0488311
5380 0.0465043
5400 0.0441471
5420 0.0417759
5440 0.0394064
5460 0.0370533
5480 0.0347303
5500 0.03245
5520 0.0302236
5540 0.0280612
5560 0.0259714
5580 0.0239617
5600 0.0220381
5620 0.0202053
5640 0.018467
5660 0.0168255
5680 0.0152821
5700 0.013837
5720 0.0124896
5740 0.0112384
5760 0.0100813
5780 0.00901528
5800 0.00803714
5820 0.00714308
5840 0.00632898
5860 0.00559051
5880 0.00492313
5900 0.00432223
5920 0.00378316
5940 0.00330129
5960 0.0028721
5980 0.00249113
6000 0.00215412
6020 0.00185696
6040 0.00159572
6060 0.00136672
6080 0.00116644
6100 0.00099161
6120 0.000839151
6140 0.000706187
6160 0.000590027
6180 0.000488148
6200 0.000398183
6220 0.000317889
6240 0.000245131
6260 0.000177854
6280 0.000114053
6300 5.17513e-05
6320 -1.10367e-05
6340 -7.63294e-05
6360 -0.000146211
6380 -0.000222861
6400 -0.000308586
6420 -0.000405846
6440 -0.000517288
6460 -0.000645768
6480 -0.00079438
6500 -0.000966478
6520 -0.00116569
6540 -0.00139596
6560 -0.00166151
6580 -0.00196689
6600 -0.00231696
6620 -0.00271689
6640 -0.00317215
6660 -0.00368844
6680 -0.00427174
6700 -0.00492818
6720 -0.00566406
6740 -0.00648573
6760 -0.00739954
6780 -0.00841175
6800 -0.00952844
6820 -0.0107554
6840 -0.0120979
6860 -0.0135608
6880 -0.0151483
6900 -0.0168638
6920 -0.0187095
6940 -0.0206868
6960 -0.0227958
6980 -0.0250352
7000 -0.0274024
7020 -0.0298932
7040 -0.0325015
7060 -0.0352198
7080 -0.0380387
7100 -0.0409471
7120 -0.0439321
7140 -0.046979
7160 -0.0500717
7180 -0.0531923
7200 -0.0563216
7220 -0.0594394
7240 -0.062524
7260 -0.0655534
7280 -0.0685049
7300 -0.0713553
7320 -0.0740817
7340 -0.0766616
7360 -0.079073
7380 -0.0812948
7400 -0.0833074
7420 -0.0850924
7440 -0.0866337
7460 -0.0879168
7480 -0.0889299
7500 -0.0896635
7520 -0.0901107
7540 -0.0902674
7560 -0.0901323
7580 -0.089707
7600 -0.0889958
7620 -0.0880057
7640 -0.0867464
7660 -0.08523
7680 -0.0834708
7700 -0.0814853
7720 -0.0792916
7740 -0.0769094
7760 -0.0743596
7780 -0.0716639
7800 -0.0688448
7820 -0.065925
7840 -0.0629271
7860 -0.0598737
7880 -0.0567865
7900 -0.0536866
7920 -0.050594
7940 -0.0475276
7960 -0.0445049
7980 -0.0415417
8000 -0.0386525
8020 -0.03585
8040 -0.0331449
8060 -0.0305467
8080 -0.0280629
8100 -0.0256992
8120 -0.0234601
8140 -0.0213482
8160 -0.019365
8180 -0.0175104
8200 -0.0157834
8220 -0.0141818
8240 -0.0127024
8260 -0.0113415
8280 -0.0100944
8300 -0.00895617
8320 -0.00792123
8340 -0.00698382
8360 -0.00613797
8380 -0.0053776
8400 -0.00469662
8420 -0.00408899
8440 -0.00354879
8460 -0.00307029
8480 -0.00264798
8500 -0.00227659
8520 -0.00195116
8540 -0.00166701
8560 -0.00141978
8580 -0.00120544
8600 -0.00102025
8620 -0.000860811
8640 -0.000724017
8660 -0.000607057
8680 -0.0005074
8700 -0.000422777
8720 -0.000351165
8740 -0.000290771
8760 -0.000240009
8780 -0.000197487
8800 -0.000161989
8820 -0.000132453
8840 -0.000107961
8860 -8.77193e-05
8880 -7.10463e-05
8900 -5.73588e-05
8920 -4.61599e-05
8940 -3.70279e-05
8960 -2.96067e-05
8980 -2.35964e-05
9000 -1.87458e-05
9020 -1.4845e-05
9040 -1.17197e-05
9060 -9.22553e-06
9080 -7.24331e-06
9100 -5.67516e-06
9120 -4.44099e-06
9140 -3.47548e-06
9160 -2.72557e-06
9180 -2.14832e-06
9200 -1.70915e-06
9220 -1.38022e-06
9240 -1.13927e-06
9260 -9.68518e-07
9280 -8.53799e-07
9300 -7.83844e-07
9320 -7.49697e-07
9340 -7.44243e-07
9360 -7.61798e-07
9380 -7.97788e-07
9400 -8.48504e-07
9420 -9.10896e-07
9440 -9.82391e-07
9460 -1.06076e-06
9480 -1.14401e-06
9500 -1.23034e-06
9520 -1.31798e-06
9540 -1.40523e-06
9560 -1.49038e-06
9580 -1.57167e-06
9600 -1.64727e-06
9620 -1.71527e-06
9640 -1.77364e-06
9660 -1.82023e-06
9680 -1.85276e-06
9700 -1.86875e-06
9720 -1.86556e-06
9740 -1.8403e-06
9760 -1.78976e-06
9780 -1.71041e-06
9800 -1.59819e-06
9820 -1.44846e-06
9840 -1.25579e-06
9860 -1.01369e-06
9880 -7.14349e-07
9900 -3.48219e-07
9920 9.64534e-08
9940 6.34239e-07
9960 1.28328e-06
9980 2.06622e-06
10000 2.81016e-06
10020 3.71516e-06
10040 4.81064e-06
10060 6.13302e-06
10080 7.72701e-06
10100 9.64711e-06
10120 1.19594e-05
10140 1.47436e-05
10160 1.80954e-05
10180 2.21291e-05
10200 2.69807e-05
10220 3.28116e-05
10240 3.98119e-05
10260 4.82053e-05
10280 5.82538e-05
10300 7.02625e-05
10320 8.45863e-05
10340 0.000101635
10360 0.000121883
10380 0.000145872
10400 0.000174223
10420 0.000207643
10440 0.000246934
10460 0.000293003
10480 0.00034687
10500 0.000409677
10520 0.000482699
10540 0.000567354
10560 0.00066521
10580 0.000777992
10600 0.000907594
10620 0.00105608
10640 0.0012257
10660 0.00141887
10680 0.00163819
10700 0.00188646
10720 0.00216664
10740 0.00248185
10760 0.00283539
10780 0.00323067
10800 0.00367125
10820 0.00416079
10840 0.004703
10860 0.00530165
10880 0.00596048
10900 0.00668322
10920 0.00747348
10940 0.00833474
10960 0.00927027
10980 0.0102831
11000 0.0113758
11020 0.0125509
11040 0.01381
11060 0.0151545
11080 0.016585
11100 0.0181017
11120 0.0197038
11140 0.0213898
11160 0.0231574
11180 0.0250035
11200 0.0269238
11220 0.0289133
11240 0.0309659
11260 0.0330747
11280 0.0352316
11300 0.0374278
11320 0.0396534
11340 0.0418978
11360 0.0441495
11380 0.0463965
11400 0.048626
11420 0.0508249
11440 0.0529797
11460 0.0550766
11480 0.0571018
11500 0.0590417
11520 0.0608828
11540 0.0626119
11560 0.0642167
11580 0.0656853
11600 0.0670067
11620 0.0681713
11640 0.06917
11660 0.0699956
11680 0.0706419
11700 0.0711043
11720 0.0713795
11740 0.0714662
11760 0.0713642
11780 0.0710753
11800 0.0706025
11820 0.0699508
11840 0.0691262
11860 0.0681364
11880 0.0669902
11900 0.0656977
11920 0.06427
11940 0.0627189
11960 0.0610571
11980 0.059298
12000 0.0574551
12020 0.0555422
12040 0.0535734
12060 0.0515624
12080 0.0495228
12100 0.0474677
12120 0.0454099
12140 0.0433611
12160 0.0413327
12180 0.0393349
12200 0.0373772
12220 0.0354679
12240 0.0336145
12260 0.0318232
12280 0.0300993
12300 0.028447
12320 0.0268695
12340 0.0253688
12360 0.0239463
12380 0.0226023
12400 0.0213362
12420 0.020147
12440 0.0190326
12460 0.0179906
12480 0.0170181
12500 0.0161117
12520 0.0152678
12540 0.0144823
12560 0.0137513
12580 0.0130707
12600 0.0124361
12620 0.0118435
12640 0.011289
12660 0.0107686
12680 0.0102787
12700 0.00981576
12720 0.00937669
12740 0.00895854
12760 0.00855864
12780 0.00817463
12800 0.00780443
12820 0.00744622
12840 0.00709845
12860 0.00675982
12880 0.00642922
12900 0.00610579
12920 0.00578881
12940 0.00547771
12960 0.00517205
12980 0.00487147
13000 0.00457566
13020 0.00428436
13040 0.0039973
13060 0.00371416
13080 0.00343459
13100 0.00315816
13120 0.0028843
13140 0.00261235
13160 0.00234148
13180 0.00207068
13200 0.00179878
13220 0.00152437
13240 0.00124587
13260 0.00096143
13280 0.000668988
13300 0.00036623
13320 5.05946e-05
13340 -0.000280727
13360 -0.000630794
13380 -0.00100291
13400 -0.00140062
13420 -0.00182768
13440 -0.00228809
13460 -0.00278602
13480 -0.00332581
13500 -0.00391196
13520 -0.00454908
13540 -0.00524184
13560 -0.00599498
13580 -0.00681318
13600 -0.0077011
13620 -0.00866324
13640 -0.00970393
13660 -0.0108273
13680 -0.012037
13700 -0.0133364
13720 -0.0147285
13740 -0.0162156
13760 -0.0177993
13780 -0.0194806
13800 -0.0212598
13820 -0.0231362
13840 -0.0251081
13860 -0.0271731
13880 -0.0293274
13900 -0.0315663
13920 -0.033884
13940 -0.0362735
13960 -0.0387265
13980 -0.0412337
14000 -0.0437847
14020 -0.0463679
14040 -0.0489707
14060 -0.0515795
14080 -0.0541799
14100 -0.0567565
14120 -0.0592935
14140 -0.0617744
14160 -0.0641825
14180 -0.0665006
14200 -0.0687117
14220 -0.0707986
14240 -0.0727448
14260 -0.0745339
14280 -0.0761503
14300 -0.077579
14320 -0.0788063
14340 -0.0798192
14360 -0.0806061
14380 -0.0811568
14400 -0.0814626
14420 -0.081516
14440 -0.0813115
14460 -0.080845
14480 -0.080114
14500 -0.0791179
14520 -0.0778574
14540 -0.0763349
14560 -0.0745545
14580 -0.0725215
14600 -0.0702427
14620 -0.0677259
14640 -0.0649803
14660 -0.0620161
14680 -0.0588441
14700 -0.0554763
14720 -0.0519249
14740 -0.0482031
14760 -0.0443242
14780 -0.0403019
14800 -0.0361503
14820 -0.0318836
14840 -0.0275161
14860 -0.0230621
14880 -0.018536
14900 -0.0139524
14920 -0.00932559
14940 -0.00466999
14960 0
