-20 0
0 0.00142528
20 0.002856
40 0.00430936
60 0.00576476
80 0.0072395
100 0.008686
120 0.0101212
140 0.0115076
160 0.0128561
180 0.0141505
200 0.0154097
220 0.0166214
240 0.0177975
260 0.0189251
280 0.0199971
300 0.0210107
320 0.021946
340 0.0228056
360 0.0235711
380 0.0242451
400 0.0247969
420 0.0252205
440 0.0254924
460 0.0255993
480 0.0255393
500 0.0253068
520 0.0249141
540 0.0243632
560 0.0236583
580 0.0228105
600 0.0218206
620 0.0207105
640 0.0194939
660 0.0182107
680 0.0168534
700 0.0154655
720 0.0140452
740 0.0126105
760 0.0111835
780 0.00977608
800 0.00841914
820 0.00710894
840 0.00587033
860 0.00468635
880 0.00358241
900 0.0025554
920 0.0016178
940 0.000772361
960 1.79123e-05
980 -0.000656844
1000 -0.0012502
1020 -0.00175922
1040 -0.00219038
1060 -0.00254001
1080 -0.00282306
1100 -0.00304228
1120 -0.00321446
1140 -0.00333091
1160 -0.00340655
1180 -0.00344025
1200 -0.00344399
1220 -0.00343153
1240 -0.00340242
1260 -0.00336702
1280 -0.00331191
1300 -0.00325533
1320 -0.00319571
1340 -0.00313466
1360 -0.00308015
1380 -0.00301542
1400 -0.00295163
1420 -0.00288783
1440 -0.00282343
1460 -0.00277434
1480 -0.00271293
1500 -0.0026674
1520 -0.00260577
1540 -0.00255821
1560 -0.00250958
1580 -0.00245523
1600 -0.00239712
1620 -0.00232678
1640 -0.00226675
1660 -0.00219192
1680 -0.00212987
1700 -0.00204972
1720 -0.00197331
1740 -0.00189282
1760 -0.00182006
1780 -0.0017371
1800 -0.00165535
1820 -0.0015653
1840 -0.0014857
1860 -0.00140642
1880 -0.00133841
1900 -0.00126958
1920 -0.00120393
1940 -0.00114367
1960 -0.00109465
1980 -0.00104909
2000 -0.0010053
2020 -0.000980028
2040 -0.000955032
2060 -0.00096242
2080 -0.000953376
2100 -0.000971214
2120 -0.000981728
2140 -0.00101475
2160 -0.0010573
2180 -0.00110779
2200 -0.00117248
2220 -0.00124117
2240 -0.00134139
2260 -0.00143163
2280 -0.00154499
2300 -0.00166955
2320 -0.00181172
2340 -0.00199058
2360 -0.00218071
2380 -0.00241438
2400 -0.00269383
2420 -0.00303654
2440 -0.003457
2460 -0.00396876
2480 -0.00460482
2500 -0.00539414
2520 -0.00637095
2540 -0.00757206
2560 -0.00905773
2580 -0.010894
2600 -0.0131468
2620 -0.0159035
2640 -0.0192519
2660 -0.0233101
2680 -0.028203
2700 -0.034059
2720 -0.0410278
2740 -0.0492687
2760 -0.0589508
2780 -0.0702546
2800 -0.0833512
2820 -0.0984234
2840 -0.115667
2860 -0.135233
2880 -0.157276
2900 -0.18193
2920 -0.209307
2940 -0.23947
2960 -0.272442
2980 -0.308202
3000 -0.346674
3020 -0.38771
3040 -0.431104
3060 -0.476587
3080 -0.523805
3100 -0.572358
3120 -0.621744
3140 -0.671447
3160 -0.72087
3180 -0.769378
3200 -0.816325
3220 -0.861012
3240 -0.902802
3260 -0.941014
3280 -0.975055
3300 -1.00436
3320 -1.02845
3340 -1.04696
3360 -1.05963
3380 -1.06638
3400 -1.06727
3420 -1.06256
3440 -1.05268
3460 -1.0382
3480 -1.01978
3500 -0.998051
3520 -0.973538
3540 -0.946576
3560 -0.917278
3580 -0.885658
3600 -0.851727
3620 -0.815724
3640 -0.778149
3660 -0.739669
3680 -0.700981
3700 -0.662512
3720 -0.624421
3740 -0.586704
3760 -0.549474
3780 -0.513133
3800 -0.478183
3820 -0.444971
3840 -0.413522
3860 -0.383675
3880 -0.355394
3900 -0.328911
3920 -0.304512
3940 -0.282209
3960 -0.261707
3980 -0.242808
4000 -0.22558
4020 -0.210213
4040 -0.19658
4060 -0.184354
4080 -0.173322
4100 -0.163592
4120 -0.155235
4140 -0.147978
4160 -0.141535
4180 -0.135871
4200 -0.131141
4220 -0.127202
4240 -0.123732
4260 -0.120687
4280 -0.118223
4300 -0.116277
4320 -0.114544
4340 -0.113005
4360 -0.111841
4380 -0.110983
4400 -0.110149
4420 -0.109418
4440 -0.108951
4460 -0.108603
4480 -0.108197
4500 -0.107874
4520 -0.107761
4540 -0.107592
4560 -0.107378
4580 -0.107304
4600 -0.107292
4620 -0.107169
4640 -0.10708
4660 -0.107138
4680 -0.107085
4700 -0.106993
4720 -0.107042
4740 -0.107056
4760 -0.106968
4780 -0.106997
4800 -0.107039
4820 -0.106966
4840 -0.106977
4860 -0.107034
4880 -0.106967
4900 -0.106968
4920 -0.107039
4940 -0.106967
4960 -0.10697
4980 -0.107033
5000 -0.10698
5020 -0.106956
5040 -0.107017
5060 -0.107018
5080 -0.106962
5100 -0.106974
5120 -0.107026
5140 -0.106997
5160 -0.106955
5180 -0.106991
5200 -0.107021
5220 -0.106971
5240 -0.106961
5260 -0.107006
5280 -0.10699
5300 -0.106955
5320 -0.106979
5340 -0.106998
5360 -0.106964
5380 -0.106971
5400 -0.106994
5420 -0.106976
5440 -0.10697
5460 -0.107006
5480 -0.107002
5500 -0.106983
5520 -0.107027
5540 -0.107063
5560 -0.107039
5580 -0.107059
5600 -0.107136
5620 -0.107159
5640 -0.107169
5660 -0.107248
5680 -0.107324
5700 -0.107378
5720 -0.107485
5740 -0.107594
5760 -0.107694
5780 -0.107857
5800 -0.10806
5820 -0.108221
5840 -0.108437
5860 -0.108752
5880 -0.109058
5900 -0.109377
5920 -0.109796
5940 -0.11025
5960 -0.110752
5980 -0.111374
6000 -0.112019
6020 -0.112707
6040 -0.113538
6060 -0.114489
6080 -0.115461
6100 -0.116573
6120 -0.117794
6140 -0.119071
6160 -0.120534
6180 -0.122142
6200 -0.123802
6220 -0.125592
6240 -0.127548
6260 -0.12959
6280 -0.131793
6300 -0.13416
6320 -0.136575
6340 -0.139078
6360 -0.141745
6380 -0.144463
6400 -0.147294
6420 -0.150254
6440 -0.153202
6460 -0.156166
6480 -0.159183
6500 -0.16217
6520 -0.165151
6540 -0.168175
6560 -0.171102
6580 -0.173945
6600 -0.176699
6620 -0.179249
6640 -0.181624
6660 -0.183887
6680 -0.185913
6700 -0.187788
6720 -0.189539
6740 -0.191018
6760 -0.192283
6780 -0.193313
6800 -0.193959
6820 -0.194283
6840 -0.19427
6860 -0.193803
6880 -0.192977
6900 -0.191786
6920 -0.190146
6940 -0.188187
6960 -0.185911
6980 -0.183274
7000 -0.18042
7020 -0.17733
7040 -0.174012
7060 -0.170586
7080 -0.16704
7100 -0.163398
7120 -0.159784
7140 -0.156159
7160 -0.15256
7180 -0.149111
7200 -0.145722
7220 -0.142491
7240 -0.13947
7260 -0.136585
7280 -0.133934
7300 -0.131515
7320 -0.129281
7340 -0.12732
7360 -0.125586
7380 -0.124044
7400 -0.122779
7420 -0.121696
7440 -0.120799
7460 -0.120133
7480 -0.119598
7500 -0.119234
7520 -0.119032
7540 -0.118902
7560 -0.118888
7580 -0.118968
7600 -0.119048
7620 -0.119225
7640 -0.119394
7660 -0.11955
7680 -0.119739
7700 -0.119851
7720 -0.119941
7740 -0.119991
7760 -0.119948
7780 -0.119861
7800 -0.119728
7820 -0.119471
7840 -0.119199
7860 -0.118835
7880 -0.118397
7900 -0.11794
7920 -0.11739
7940 -0.116826
7960 -0.116231
7980 -0.115556
8000 -0.11491
8020 -0.114208
8040 -0.11347
8060 -0.112761
8080 -0.111984
8100 -0.111213
8120 -0.110436
8140 -0.109605
8160 -0.108795
8180 -0.107955
8200 -0.107111
8220 -0.106312
8240 -0.105482
8260 -0.104709
8280 -0.10396
8300 -0.103197
8320 -0.102506
8340 -0.101795
8360 -0.101101
8380 -0.100455
8400 -0.0997827
8420 -0.0991657
8440 -0.0985645
8460 -0.0979685
8480 -0.097438
8500 -0.0968908
8520 -0.0963923
8540 -0.0959294
8560 -0.0954445
8580 -0.0950313
8600 -0.0946018
8620 -0.0941973
8640 -0.0938352
8660 -0.0934476
8680 -0.0931178
8700 -0.0927729
8720 -0.0924363
8740 -0.0921267
8760 -0.0918036
8780 -0.0915022
8800 -0.0912091
8820 -0.0909147
8840 -0.0906591
8860 -0.0903757
8880 -0.0901167
8900 -0.0898735
8920 -0.0895841
8940 -0.08935
8960 -0.0890789
8980 -0.0888388
9000 -0.0885896
9020 -0.0883275
9040 -0.0880847
9060 -0.0877766
9080 -0.0874788
9100 -0.0871512
9120 -0.0867791
9140 -0.0864092
9160 -0.0859858
9180 -0.0855505
9200 -0.0850757
9220 -0.0845609
9240 -0.084037
9260 -0.0834572
9280 -0.0828589
9300 -0.0822391
9320 -0.0815664
9340 -0.0808935
9360 -0.080161
9380 -0.0794307
9400 -0.0786901
9420 -0.0779237
9440 -0.0771944
9460 -0.0764514
9480 -0.0757443
9500 -0.0750601
9520 -0.0744122
9540 -0.0738295
9560 -0.0732816
9580 -0.0728107
9600 -0.0724072
9620 -0.0720547
9640 -0.0717976
9660 -0.071593
9680 -0.0714937
9700 -0.0714485
9720 -0.0714912
9740 -0.07162
9760 -0.0717935
9780 -0.072074
9800 -0.0723955
9820 -0.0728018
9840 -0.0732636
9860 -0.0737565
9880 -0.0743434
9900 -0.0749238
9920 -0.0755789
9940 -0.0762478
9960 -0.0769383
9980 -0.0776519
10000 -0.0781944
10020 -0.0787611
10040 -0.0793236
10060 -0.0798665
10080 -0.0804224
10100 -0.0809565
10120 -0.0814609
10140 -0.0819652
10160 -0.0824412
10180 -0.0828937
10200 -0.0833374
10220 -0.0837384
10240 -0.0841145
10260 -0.084478
10280 -0.0847952
10300 -0.0850919
10320 -0.0853743
10340 -0.0856098
10360 -0.0858298
10380 -0.0860341
10400 -0.0861945
10420 -0.0863489
10440 -0.0864881
10460 -0.086583
10480 -0.0866743
10500 -0.0867548
10520 -0.0868053
10540 -0.0868589
10560 -0.0869001
10580 -0.0869227
10600 -0.0869516
10620 -0.0869629
10640 -0.0869688
10660 -0.0869926
10680 -0.086997
10700 -0.0869954
10720 -0.0870128
10740 -0.0870229
10760 -0.0870378
10780 -0.0870638
10800 -0.0870874
10820 -0.0871267
10840 -0.0871645
10860 -0.0871953
10880 -0.0872535
10900 -0.0873131
10920 -0.087365
10940 -0.0874415
10960 -0.0875206
10980 -0.087601
11000 -0.0877037
11020 -0.0878043
11040 -0.0879089
11060 -0.0880288
11080 -0.0881426
11100 -0.0882624
11120 -0.0883922
11140 -0.0885149
11160 -0.0886399
11180 -0.0887632
11200 -0.0888824
11220 -0.0890112
11240 -0.0891351
11260 -0.0892513
11280 -0.0893717
11300 -0.0894885
11320 -0.0896018
11340 -0.0897071
11360 -0.0898009
11380 -0.0898965
11400 -0.0899763
11420 -0.0900346
11440 -0.0900963
11460 -0.0901434
11480 -0.090162
11500 -0.090168
11520 -0.0901553
11540 -0.0901249
11560 -0.0900728
11580 -0.0899874
11600 -0.0898914
11620 -0.0897764
11640 -0.0896241
11660 -0.0894606
11680 -0.0892745
11700 -0.0890534
11720 -0.0888187
11740 -0.0885487
11760 -0.0882478
11780 -0.0879407
11800 -0.0875894
11820 -0.0872012
11840 -0.0868068
11860 -0.0863731
11880 -0.0859069
11900 -0.0854211
11920 -0.0848871
11940 -0.0843277
11960 -0.0837482
11980 -0.0831148
12000 -0.0824519
12020 -0.0817683
12040 -0.0810379
12060 -0.0802769
12080 -0.0794947
12100 -0.0786825
12120 -0.0778473
12140 -0.0769885
12160 -0.0761134
12180 -0.0752353
12200 -0.0743487
12220 -0.0734531
12240 -0.0725606
12260 -0.0716821
12280 -0.0708213
12300 -0.0699743
12320 -0.0691512
12340 -0.0683663
12360 -0.0676223
12380 -0.0669222
12400 -0.0662669
12420 -0.0656695
12440 -0.065144
12460 -0.0646731
12480 -0.064265
12500 -0.0639466
12520 -0.063693
12540 -0.063496
12560 -0.0633822
12580 -0.0633319
12600 -0.0633308
12620 -0.0633868
12640 -0.0634761
12660 -0.0635994
12680 -0.0637687
12700 -0.063953
12720 -0.064156
12740 -0.0644042
12760 -0.0646799
12780 -0.0649791
12800 -0.0653116
12820 -0.0656574
12840 -0.0660082
12860 -0.066368
12880 -0.0667239
12900 -0.0670723
12920 -0.0674262
12940 -0.0677859
12960 -0.0681308
12980 -0.0684587
13000 -0.0687819
13020 -0.0690819
13040 -0.0693555
13060 -0.0696297
13080 -0.0698916
13100 -0.0701298
13120 -0.0703553
13140 -0.070555
13160 -0.0707435
13180 -0.0709384
13200 -0.0711103
13220 -0.0712711
13240 -0.0714398
13260 -0.0715896
13280 -0.0717393
13300 -0.0719066
13320 -0.0720643
13340 -0.0722256
13360 -0.0724018
13380 -0.0725743
13400 -0.0727569
13420 -0.0729581
13440 -0.0731624
13460 -0.0733657
13480 -0.0735743
13500 -0.0737964
13520 -0.0740224
13540 -0.0742423
13560 -0.0744646
13580 -0.0746853
13600 -0.0749122
13620 -0.0751526
13640 -0.0753781
13660 -0.0756031
13680 -0.0758569
13700 -0.0761034
13720 -0.0763357
13740 -0.0765815
13760 -0.0768228
13780 -0.0770531
13800 -0.0772852
13820 -0.0775093
13840 -0.0777267
13860 -0.0779481
13880 -0.0781675
13900 -0.0783686
13920 -0.078556
13940 -0.0787534
13960 -0.0789425
13980 -0.0790994
14000 -0.0792609
14020 -0.0794317
14040 -0.0795761
14060 -0.0797094
14080 -0.0798426
14100 -0.0799596
14120 -0.0800742
14140 -0.0801858
14160 -0.0802774
14180 -0.0803666
14200 -0.0804616
14220 -0.0805402
14240 -0.0805983
14260 -0.0806624
14280 -0.0807402
14300 -0.0807985
14320 -0.0808338
14340 -0.080883
14360 -0.0809369
14380 -0.0809707
14400 -0.0810049
14420 -0.0810445
14440 -0.0810726
14460 -0.0810986
14480 -0.0811271
14500 -0.0811483
14520 -0.0811689
14540 -0.0811945
14560 -0.0812141
14580 -0.0812244
14600 -0.0812384
14620 -0.0812585
14640 -0.0812735
14660 -0.0812841
14680 -0.0812932
14700 -0.081301
14720 -0.0813159
14740 -0.0813317
14760 -0.0813335
14780 -0.0813344
14800 -0.0813486
14820 -0.0813629
14840 -0.0813643
14860 -0.081364
14880 -0.0813769
14900 -0.0813874
14920 -0.0813839
14940 -0.0813873
14960 -0.0813975
14980 -0.0813974
15000 -0.0813971
15020 -0.0813973
15040 -0.0813925
15060 -0.0813813
15080 -0.0813662
15100 -0.0813482
15120 -0.0813159
15140 -0.081258
15160 -0.0811837
15180 -0.0810915
15200 -0.0809508
15220 -0.0807492
15240 -0.080494
15260 -0.080165
15280 -0.0797308
15300 -0.079178
15320 -0.0784955
15340 -0.0776685
15360 -0.0766793
15380 -0.0755088
15400 -0.0741599
15420 -0.0726482
15440 -0.070975
15460 -0.0691534
15480 -0.0672183
15500 -0.0651946
15520 -0.0631087
15540 -0.0609973
15560 -0.0588804
15580 -0.0567696
15600 -0.0546784
15620 -0.0526027
15640 -0.0505383
15660 -0.0484887
15680 -0.046438
15700 -0.0443784
15720 -0.042337
15740 -0.0403343
15760 -0.0383736
15780 -0.0364746
15800 -0.0346655
15820 -0.0329612
15840 -0.0313563
15860 -0.0298294
15880 -0.0283694
15900 -0.0269782
15920 -0.0256459
15940 -0.0243639
15960 -0.0231437
15980 -0.0220038
16000 -0.02096
16020 -0.0200146
16040 -0.0191516
16060 -0.0183625
16080 -0.0176412
16100 -0.0169632
16120 -0.0163175
16140 -0.0157185
16160 -0.0151749
16180 -0.0146919
16200 -0.0142776
16220 -0.013928
16240 -0.0136331
16260 -0.0133743
16280 -0.0131286
16300 -0.0129023
16320 -0.0127141
16340 -0.0125625
16360 -0.0124581
16380 -0.012414
16400 -0.0124091
16420 -0.0124292
16440 -0.0124802
16460 -0.0125482
16480 -0.0126305
16500 -0.0127556
16520 -0.0129381
16540 -0.0131778
16560 -0.013468
16580 -0.0137835
16600 -0.0141215
16620 -0.014506
16640 -0.0149397
16660 -0.0154253
16680 -0.0159804
16700 -0.0166006
16720 -0.0172774
16740 -0.0180109
16760 -0.0187873
16780 -0.0196127
16800 -0.0205127
16820 -0.0214853
16840 -0.0225317
16860 -0.0236636
16880 -0.0248515
16900 -0.0260732
16920 -0.0273536
16940 -0.028701
16960 -0.0301133
16980 -0.0316069
17000 -0.0331629
17020 -0.0347439
17040 -0.0363493
17060 -0.0379819
17080 -0.039646
17100 -0.0413667
17120 -0.0431342
17140 -0.0449006
17160 -0.0466408
17180 -0.0483506
17200 -0.0500389
17220 -0.0517263
17240 -0.053405
17260 -0.0550454
17280 -0.0566304
17300 -0.0581353
17320 -0.0595394
17340 -0.0608516
17360 -0.0620771
17380 -0.0632102
17400 -0.0642549
17420 -0.0652019
17440 -0.0660347
17460 -0.066753
17480 -0.0673466
17500 -0.0677985
17520 -0.0680991
17540 -0.0682159
17560 -0.0681174
17580 -0.0678154
17600 -0.0673241
17620 -0.0666408
17640 -0.0657707
17660 -0.0647081
17680 -0.0634456
17700 -0.0620098
17720 -0.0604316
17740 -0.0587267
17760 -0.0569093
17780 -0.0549767
17800 -0.0529301
17820 -0.0508081
17840 -0.0486459
17860 -0.0464531
17880 -0.0442412
17900 -0.0420138
17920 -0.039778
17940 -0.0375679
17960 -0.0354042
17980 -0.0332865
18000 -0.0312277
18020 -0.0292315
18040 -0.0272947
18060 -0.025442
18080 -0.0236873
18100 -0.0220203
18120 -0.0204482
18140 -0.018969
18160 -0.0175676
18180 -0.0162634
18200 -0.0150691
18220 -0.0139609
18240 -0.0129369
18260 -0.0120045
18280 -0.0111453
18300 -0.0103613
18320 -0.00966401
18340 -0.00903333
18360 -0.00846083
18380 -0.0079518
18400 -0.00749105
18420 -0.00707966
18440 -0.00673
18460 -0.00642089
18480 -0.00613963
18500 -0.00589852
18520 -0.0056869
18540 -0.00549499
18560 -0.00533624
18580 -0.00520262
18600 -0.0050766
18620 -0.0049658
18640 -0.00487461
18660 -0.00479612
18680 -0.00473026
18700 -0.00467107
18720 -0.00461069
18740 -0.0045556
18760 -0.00451029
18780 -0.00446839
18800 -0.00442312
18820 -0.00437204
18840 -0.00432284
18860 -0.00428294
18880 -0.00424183
18900 -0.00418892
18920 -0.00412964
18940 -0.00406813
18960 -0.00400233
18980 -0.00393258
19000 -0.00385626
19020 -0.00376625
19040 -0.00365949
19060 -0.00354471
19080 -0.00343588
19100 -0.00332605
19120 -0.00319043
19140 -0.00302937
19160 -0.00286538
19180 -0.00270027
19200 -0.00252264
19220 -0.00233053
19240 -0.00211623
19260 -0.00187309
19280 -0.00162061
19300 -0.00137688
19320 -0.00112516
19340 -0.000843066
19360 -0.000536358
19380 -0.000223647
19400 8.6756e-05
19420 0.000398726
19440 0.000723099
19460 0.00106801
19480 0.00142897
19500 0.00179173
19520 0.00214624
19540 0.00250065
19560 0.00287066
19580 0.00324776
19600 0.00361121
19620 0.00396824
19640 0.00432913
19660 0.00467438
19680 0.00499633
19700 0.00530975
19720 0.00560935
19740 0.00588787
19760 0.00615424
19780 0.00639625
19800 0.0065978
19820 0.00677344
19840 0.00693429
19860 0.00707715
19880 0.00719983
19900 0.00728507
19920 0.00732503
19940 0.00734497
19960 0.00735421
19980 0.00734185
20000 0.00730811
20020 0.00724102
20040 0.00713594
20060 0.00702329
20080 0.00690322
20100 0.00675041
20120 0.00658548
20140 0.00642151
20160 0.00622976
20180 0.00601644
20200 0.00580412
20220 0.00558017
20240 0.00534993
20260 0.00513466
20280 0.00491705
20300 0.00467883
20320 0.00443198
20340 0.00419136
20360 0.00396886
20380 0.00376215
20400 0.00355242
20420 0.00333953
20440 0.00313328
20460 0.00293137
20480 0.00274133
20500 0.00256836
20520 0.00240068
20540 0.00224495
20560 0.00211012
20580 0.00197271
20600 0.00182376
20620 0.00168948
20640 0.0015822
20660 0.00149223
20680 0.00140923
20700 0.00132366
20720 0.00123467
20740 0.0011527
20760 0.00108383
20780 0.00102453
20800 0.000971172
20820 0.000928756
20840 0.000897943
20860 0.000860509
20880 0.000808799
20900 0.00076108
20920 0.000724404
20940 0.00069595
20960 0.000684458
20980 0.000678181
21000 0.000651598
21020 0.000616244
21040 0.000591817
21060 0.000566723
21080 0.000536115
21100 0.000516424
21120 0.000512499
21140 0.000512278
21160 0.000500085
21180 0.000470183
21200 0.000435552
21220 0.000410824
21240 0.000398063
21260 0.000393415
21280 0.000391771
21300 0.00039352
21320 0.000400356
21340 0.000399069
21360 0.000382
21380 0.000368983
21400 0.000377689
21420 0.000407162
21440 0.000454584
21460 0.00051392
21480 0.000578581
21500 0.000652423
21520 0.00073558
21540 0.000823382
21560 0.000927216
21580 0.00106812
21600 0.00125576
21620 0.00148337
21640 0.00173987
21660 0.00202842
21680 0.00235516
21700 0.00271101
21720 0.00309892
21740 0.00354315
21760 0.00405464
21780 0.00463885
21800 0.00531307
21820 0.00607441
21840 0.00690624
21860 0.00781674
21880 0.00881314
21900 0.00988277
21920 0.0110327
21940 0.0122882
21960 0.0136589
21980 0.0151536
22000 0.0167855
22020 0.0185465
22040 0.0204271
22060 0.0224371
22080 0.0245648
22100 0.026778
22120 0.0290839
22140 0.031507
22160 0.0340344
22180 0.036658
22200 0.0394008
22220 0.0422624
22240 0.0452285
22260 0.0482997
22280 0.05145
22300 0.0546417
22320 0.0578733
22340 0.0611269
22360 0.064353
22380 0.0675379
22400 0.0706842
22420 0.073773
22440 0.0768004
22460 0.0797622
22480 0.0826364
22500 0.0854318
22520 0.0881579
22540 0.090775
22560 0.0932569
22580 0.0956058
22600 0.097796
22620 0.0997929
22640 0.101569
22660 0.103087
22680 0.10433
22700 0.105291
22720 0.105923
22740 0.106201
22760 0.106141
22780 0.10573
22800 0.104947
22820 0.103808
22840 0.102322
22860 0.10049
22880 0.0983414
22900 0.0958955
22920 0.093155
22940 0.09016
22960 0.0869534
22980 0.0835445
23000 0.0799579
23020 0.0762429
23040 0.0724296
23060 0.068541
23080 0.0646118
23100 0.0606693
23120 0.0567391
23140 0.0528609
23160 0.0490584
23180 0.0453339
23200 0.0417128
23220 0.0382379
23240 0.0349148
23260 0.0317324
23280 0.0287145
23300 0.025886
23320 0.0232391
23340 0.0207707
23360 0.0184895
23380 0.0163907
23400 0.0144743
23420 0.012744
23440 0.01118
23460 0.00976896
23480 0.00852337
23500 0.00743172
23520 0.00646353
23540 0.00561889
23560 0.00489911
23580 0.00427835
23600 0.00374482
23620 0.00329777
23640 0.00291596
23660 0.00258925
23680 0.00232248
23700 0.00209197
23720 0.00187653
23740 0.0016913
23760 0.00153233
23780 0.00136913
23800 0.00120094
23820 0.00103746
23840 0.000867568
23860 0.000689093
23880 0.000501487
23900 0.00029086
23920 6.86688e-05
23940 -0.000147023
23960 -0.000378325
23980 -0.000636265
24000 -0.00089214
24020 -0.00114284
24040 -0.00141137
24060 -0.00169369
24080 -0.00197818
24100 -0.00227138
24120 -0.00257659
24140 -0.00289216
24160 -0.00321907
24180 -0.00355048
24200 -0.00387888
24220 -0.00420895
24240 -0.00454402
24260 -0.00487319
24280 -0.00518727
24300 -0.00549784
24320 -0.0058163
24340 -0.00612899
24360 -0.00642606
24380 -0.00671802
24400 -0.00700279
24420 -0.00727291
24440 -0.00753636
24460 -0.0077853
24480 -0.00800976
24500 -0.00823485
24520 -0.00846438
24540 -0.0086646
24560 -0.00884373
24580 -0.0090288
24600 -0.00919925
24620 -0.00934436
24640 -0.00948738
24660 -0.00962478
24680 -0.00974711
24700 -0.00986622
24720 -0.00997186
24740 -0.0100552
24760 -0.0101429
24780 -0.0102346
24800 -0.0103011
24820 -0.010356
24840 -0.0104236
24860 -0.0104837
24880 -0.0105215
24900 -0.0105584
24920 -0.0106014
24940 -0.0106349
24960 -0.0106616
24980 -0.0106913
25000 -0.0107133
25020 -0.0107236
25040 -0.01074
25060 -0.0107618
25080 -0.0107704
25100 -0.0107758
25120 -0.0107904
25140 -0.010795
25160 -0.0107901
25180 -0.0108013
25200 -0.0108153
25220 -0.01081
25240 -0.0108079
25260 -0.0108207
25280 -0.0108251
25300 -0.010825
25320 -0.0108401
25340 -0.0108549
25360 -0.0108588
25380 -0.0108727
25400 -0.0109011
25420 -0.0109261
25440 -0.0109525
25460 -0.0109943
25480 -0.0110413
25500 -0.0110874
25520 -0.0111537
25540 -0.0112457
25560 -0.0113383
25580 -0.0114311
25600 -0.0115585
25620 -0.0117236
25640 -0.0118962
25660 -0.0120817
25680 -0.0123118
25700 -0.0125827
25720 -0.0128774
25740 -0.0132121
25760 -0.0136009
25780 -0.0140332
25800 -0.0145148
25820 -0.015062
25840 -0.0156688
25860 -0.0163369
25880 -0.0170869
25900 -0.0179146
25920 -0.0188097
25940 -0.0197927
25960 -0.0208755
25980 -0.0220445
26000 -0.0232999
26020 -0.0246532
26040 -0.0261051
26060 -0.0276547
26080 -0.0292962
26100 -0.0310259
26120 -0.032855
26140 -0.0347759
26160 -0.036762
26180 -0.0388232
26200 -0.0409743
26220 -0.0431785
26240 -0.045411
26260 -0.0476934
26280 -0.0500159
26300 -0.052333
26320 -0.0546377
26340 -0.056939
26360 -0.0592067
26380 -0.0614056
26400 -0.0635338
26420 -0.0655873
26440 -0.0675363
26460 -0.0693564
26480 -0.0710428
26500 -0.0725843
26520 -0.0739575
26540 -0.0751514
26560 -0.0761657
26580 -0.076991
26600 -0.0776134
26620 -0.0780296
26640 -0.0782492
26660 -0.0782826
26680 -0.0781273
26700 -0.0777794
26720 -0.0772613
26740 -0.0766024
26760 -0.0758049
26780 -0.0748712
26800 -0.0738362
26820 -0.0727294
26840 -0.0715506
26860 -0.0703059
26880 -0.0690229
26900 -0.067719
26920 -0.0663941
26940 -0.0650504
26960 -0.0636987
26980 -0.0623485
27000 -0.0610039
27020 -0.0596727
27040 -0.0583698
27060 -0.057108
27080 -0.0558998
27100 -0.054768
27120 -0.0537319
27140 -0.0528031
27160 -0.0520065
27180 -0.0513637
27200 -0.0508659
27220 -0.0505107
27240 -0.0503193
27260 -0.0502959
27280 -0.0504324
27300 -0.0507338
27320 -0.0511962
27340 -0.0518254
27360 -0.0526585
27380 -0.0536977
27400 -0.0549037
27420 -0.0562866
27440 -0.0578839
27460 -0.059676
27480 -0.0616219
27500 -0.0637112
27520 -0.0659412
27540 -0.0683141
27560 -0.0708339
27580 -0.0734809
27600 -0.0762298
27620 -0.079071
27640 -0.0819909
27660 -0.0849767
27680 -0.0880222
27700 -0.0910976
27720 -0.094156
27740 -0.0971693
27760 -0.100131
27780 -0.10305
27800 -0.105931
27820 -0.108742
27840 -0.111435
27860 -0.113974
27880 -0.116326
27900 -0.118464
27920 -0.120408
27940 -0.122188
27960 -0.123791
27980 -0.125195
28000 -0.126392
28020 -0.127345
28040 -0.127998
28060 -0.128319
28080 -0.128282
28100 -0.127863
28120 -0.127066
28140 -0.1259
28160 -0.124358
28180 -0.122444
28200 -0.120187
28220 -0.117602
28240 -0.114702
28260 -0.111526
28280 -0.108111
28300 -0.10448
28320 -0.100667
28340 -0.096708
28360 -0.0926311
28380 -0.0884591
28400 -0.0842156
28420 -0.0799444
28440 -0.0756932
28460 -0.0714774
28480 -0.0673088
28500 -0.0632216
28520 -0.0592318
28540 -0.0553426
28560 -0.0515846
28580 -0.0479803
28600 -0.0445242
28620 -0.0412281
28640 -0.0381084
28660 -0.035152
28680 -0.0323501
28700 -0.029714
28720 -0.0272436
28740 -0.0249334
28760 -0.022787
28780 -0.0207982
28800 -0.0189472
28820 -0.0172201
28840 -0.0156201
28860 -0.0141547
28880 -0.0128167
28900 -0.01159
28920 -0.0104692
28940 -0.0094506
28960 -0.00852076
28980 -0.00767532
29000 -0.00691865
29020 -0.00624053
29040 -0.0056241
29060 -0.00506709
29080 -0.00456842
29100 -0.00411434
29120 -0.00369726
29140 -0.00332121
29160 -0.00298058
29180 -0.00266613
29200 -0.0023838
29220 -0.00213424
29240 -0.00190192
29260 -0.00168783
29280 -0.00150871
29300 -0.00135857
29320 -0.00121716
29340 -0.0010832
29360 -0.000964246
29380 -0.000855457
29400 -0.000751907
29420 -0.000664116
29440 -0.000598007
29460 -0.000532526
29480 -0.000451687
29500 -0.000379053
29520 -0.000335472
29540 -0.000302091
29560 -0.000265395
29580 -0.000238044
29600 -0.000215938
29620 -0.000182181
29640 -0.000147141
29660 -0.000129239
29680 -0.000118589
29700 -9.64304e-05
29720 -6.8428e-05
29740 -5.35575e-05
29760 -5.28133e-05
29780 -5.282e-05
29800 -5.0965e-05
29820 -4.89539e-05
29840 -3.7802e-05
29860 -1.72685e-05
29880 -4.3994e-06
29900 -4.6883e-06
29920 -5.66756e-06
29940 -2.46563e-06
29960 0
