-20 0
0 3.17903e-15
20 -6.08474e-15
40 9.72385e-15
60 -1.25293e-14
80 1.61537e-14
100 -1.97528e-14
120 2.22922e-14
140 -2.63081e-14
160 2.94925e-14
180 -3.28421e-14
200 3.70058e-14
220 -4.01588e-14
240 4.39635e-14
260 -4.73918e-14
280 5.21948e-14
300 -5.5171e-14
320 5.93474e-14
340 -6.2554e-14
360 6.68679e-14
380 -7.07025e-14
400 7.31696e-14
420 -7.85711e-14
440 7.95991e-14
460 -8.53224e-14
480 8.65248e-14
500 -9.0504e-14
520 9.06669e-14
540 -9.5613e-14
560 9.45272e-14
580 -9.88347e-14
600 9.69365e-14
620 -9.92618e-14
640 9.70898e-14
660 -9.72661e-14
680 9.36154e-14
700 -9.29008e-14
720 8.73587e-14
740 -8.4111e-14
760 7.69851e-14
780 -7.19645e-14
800 6.32129e-14
820 -5.59352e-14
840 4.42129e-14
860 -3.51763e-14
880 2.06295e-14
900 -1.02255e-14
920 -5.87776e-15
940 1.80019e-14
960 -3.78735e-14
980 4.77702e-14
1000 -7.46573e-14
1020 7.49891e-14
1040 -1.2041e-13
1060 9.08778e-14
1080 -1.84412e-13
1100 7.50333e-14
1120 -2.93836e-13
1140 -2.2586e-14
1160 -5.24996e-13
1180 -3.2654e-13
1200 -1.06554e-12
1220 -1.14241e-12
1240 -2.3885e-12
1260 -3.2112e-12
1280 -5.63966e-12
1300 -8.3145e-12
1320 -1.35619e-11
1340 -2.06688e-11
1360 -3.25988e-11
1380 -5.00891e-11
1400 -7.76413e-11
1420 -1.1907e-10
1440 -1.82535e-10
1460 -2.78321e-10
1480 -4.22955e-10
1500 -6.40285e-10
1520 -9.65309e-10
1540 -1.45019e-09
1560 -2.1695e-09
1580 -3.23399e-09
1600 -4.80097e-09
1620 -7.10092e-09
1640 -1.04604e-08
1660 -1.53512e-08
1680 -2.24393e-08
1700 -3.26743e-08
1720 -4.73905e-08
1740 -6.84683e-08
1760 -9.8533e-08
1780 -1.41246e-07
1800 -2.01682e-07
1820 -2.86848e-07
1840 -4.06378e-07
1860 -5.73455e-07
1880 -8.06042e-07
1900 -1.1285e-06
1920 -1.57374e-06
1940 -2.18598e-06
1960 -3.02441e-06
1980 -4.16787e-06
2000 -5.7209e-06
2020 -7.82149e-06
2040 -1.06509e-05
2060 -1.44463e-05
2080 -1.95162e-05
2100 -2.62603e-05
2120 -3.51939e-05
2140 -4.69785e-05
2160 -6.24585e-05
2180 -8.27069e-05
2200 -0.000109081
2220 -0.000143288
2240 -0.000187465
2260 -0.000244277
2280 -0.000317025
2300 -0.000409777
2320 -0.000527529
2340 -0.000676372
2360 -0.000863701
2380 -0.00109844
2400 -0.00139132
2420 -0.00175512
2440 -0.00220505
2460 -0.00275903
2480 -0.00343811
2500 -0.00426684
2520 -0.00527368
2540 -0.00649141
2560 -0.00795757
2580 -0.00971485
2600 -0.0118114
2620 -0.0143014
2640 -0.0172449
2660 -0.0207084
2680 -0.0247649
2700 -0.0294933
2720 -0.0349791
2740 -0.0413132
2760 -0.0485916
2780 -0.0569145
2800 -0.0663853
2820 -0.0771092
2840 -0.0891913
2860 -0.102735
2880 -0.11784
2900 -0.134599
2920 -0.153095
2940 -0.173401
2960 -0.195574
2980 -0.219651
3000 -0.24565
3020 -0.273566
3040 -0.303363
3060 -0.334979
3080 -0.36832
3100 -0.403256
3120 -0.439626
3140 -0.477232
3160 -0.515843
3180 -0.555191
3200 -0.594982
3220 -0.63489
3240 -0.674563
3260 -0.713633
3280 -0.751712
3300 -0.788406
3320 -0.823318
3340 -0.856055
3360 -0.886237
3380 -0.913499
3400 -0.937508
3420 -0.957958
3440 -0.974586
3460 -0.987174
3480 -0.995551
3500 -0.999601
3520 -0.999265
3540 -0.994541
3560 -0.985483
3580 -0.972205
3600 -0.954872
3620 -0.933703
3640 -0.908961
3660 -0.88095
3680 -0.850011
3700 -0.816511
3720 -0.780836
3740 -0.743389
3760 -0.704574
3780 -0.664796
3800 -0.624453
3820 -0.583923
3840 -0.543568
3860 -0.503723
3880 -0.464692
3900 -0.426749
3920 -0.390129
3940 -0.355035
3960 -0.32163
3980 -0.290043
4000 -0.260366
4020 -0.23266
4040 -0.206951
4060 -0.18324
4080 -0.161502
4100 -0.141688
4120 -0.123734
4140 -0.107556
4160 -0.0930625
4180 -0.0801493
4200 -0.0687081
4220 -0.0586269
4240 -0.0497923
4260 -0.0420921
4280 -0.0354168
4300 -0.0296609
4320 -0.0247242
4340 -0.0205125
4360 -0.0169384
4380 -0.0139212
4400 -0.0113876
4420 -0.0092711
4440 -0.00751229
4460 -0.00605831
4480 -0.00486257
4500 -0.00388428
4520 -0.00308803
4540 -0.00244331
4560 -0.00192395
4580 -0.00150774
4600 -0.0011759
4620 -0.00091269
4640 -0.000704988
4660 -0.000541929
4680 -0.000414572
4700 -0.000315611
4720 -0.000239108
4740 -0.000180269
4760 -0.000135249
4780 -0.000100977
4800 -7.50217e-05
4820 -5.54654e-05
4840 -4.08061e-05
4860 -2.98738e-05
4880 -2.17629e-05
4900 -1.5776e-05
4920 -1.13797e-05
4940 -8.16788e-06
4960 -5.83355e-06
4980 -4.14568e-06
5000 -2.93153e-06
5020 -2.06265e-06
5040 -1.44405e-06
5060 -1.00592e-06
5080 -6.97214e-07
5100 -4.8082e-07
5120 -3.29921e-07
5140 -2.25241e-07
5160 -1.52996e-07
5180 -1.03401e-07
5200 -6.95264e-08
5220 -4.65136e-08
5240 -3.09593e-08
5260 -2.05004e-08
5280 -1.35076e-08
5300 -8.85193e-09
5320 -5.77363e-09
5340 -3.74459e-09
5360 -2.41639e-09
5380 -1.5517e-09
5400 -9.88606e-10
5420 -6.28178e-10
5440 -3.93006e-10
5460 -2.44065e-10
5480 -1.47123e-10
5500 -8.28842e-11
5520 -4.24451e-11
5540 -1.10458e-11
5560 8.35577e-12
5580 2.53394e-11
5600 3.75458e-11
5620 4.49567e-11
5640 5.20393e-11
5660 5.13891e-11
5680 5.13387e-11
5700 4.68772e-11
5720 4.30755e-11
5740 4.54565e-11
5760 5.29664e-11
5780 7.87561e-11
5800 1.19996e-10
5820 1.85882e-10
5840 2.78977e-10
5860 3.98968e-10
5880 5.58596e-10
5900 7.59646e-10
5920 1.02622e-09
5940 1.38172e-09
5960 1.86034e-09
5980 2.51346e-09
6000 3.38686e-09
6020 4.55246e-09
6040 6.0837e-09
6060 8.0796e-09
6080 1.06746e-08
6100 1.40295e-08
6120 1.83681e-08
6140 2.39515e-08
6160 3.11046e-08
6180 4.02208e-08
6200 5.17612e-08
6220 6.63031e-08
6240 8.45299e-08
6260 1.07274e-07
6280 1.35526e-07
6300 1.70432e-07
6320 2.13341e-07
6340 2.6579e-07
6360 3.29556e-07
6380 4.06673e-07
6400 4.99431e-07
6420 6.10404e-07
6440 7.42413e-07
6460 8.98536e-07
6480 1.0821e-06
6500 1.29663e-06
6520 1.54585e-06
6540 1.83357e-06
6560 2.16363e-06
6580 2.53976e-06
6600 2.96548e-06
6620 3.44397e-06
6640 3.97787e-06
6660 4.56911e-06
6680 5.21868e-06
6700 5.9264e-06
6720 6.6907e-06
6740 7.50836e-06
6760 8.37436e-06
6780 9.28154e-06
6800 1.02205e-05
6820 1.11793e-05
6840 1.21437e-05
6860 1.30968e-05
6880 1.4019e-05
6900 1.48886e-05
6920 1.56815e-05
6940 1.63719e-05
6960 1.69325e-05
6980 1.73354e-05
7000 1.75522e-05
7020 1.75551e-05
7040 1.7318e-05
7060 1.68166e-05
7080 1.60303e-05
7100 1.49424e-05
7120 1.35412e-05
7140 1.18211e-05
7160 9.78303e-06
7180 7.43529e-06
7200 4.79385e-06
7220 1.88264e-06
7240 -1.2664e-06
7260 -4.61364e-06
7280 -8.1122e-06
7300 -1.17088e-05
7320 -1.53447e-05
7340 -1.89569e-05
7360 -2.24799e-05
7380 -2.58468e-05
7400 -2.89916e-05
7420 -3.18507e-05
7440 -3.43644e-05
7460 -3.64793e-05
7480 -3.81493e-05
7500 -3.93373e-05
7520 -4.00162e-05
7540 -4.01698e-05
7560 -3.97935e-05
7580 -3.88941e-05
7600 -3.749e-05
7620 -3.56106e-05
7640 -3.32952e-05
7660 -3.05923e-05
7680 -2.75575e-05
7700 -2.42527e-05
7720 -2.07438e-05
7740 -1.70989e-05
7760 -1.33867e-05
7780 -9.67441e-06
7800 -6.02628e-06
7820 -2.50197e-06
7840 8.44749e-07
7860 3.96705e-06
7880 6.82587e-06
7900 9.39034e-06
7920 1.16381e-05
7940 1.35554e-05
7960 1.51363e-05
7980 1.6383e-05
8000 1.73042e-05
8020 1.79149e-05
8040 1.82354e-05
8060 1.829e-05
8080 1.8106e-05
8100 1.77131e-05
8120 1.71419e-05
8140 1.64231e-05
8160 1.55871e-05
8180 1.46628e-05
8200 1.36774e-05
8220 1.26555e-05
8240 1.16195e-05
8260 1.05886e-05
8280 9.57935e-06
8300 8.60532e-06
8320 7.67729e-06
8340 6.8034e-06
8360 5.98935e-06
8380 5.23867e-06
8400 4.553e-06
8420 3.93234e-06
8440 3.37535e-06
8460 2.87959e-06
8480 2.44187e-06
8500 2.05836e-06
8520 1.72482e-06
8540 1.43688e-06
8560 1.19006e-06
8580 9.79963e-07
8600 8.02333e-07
8620 6.53159e-07
8640 5.28719e-07
8660 4.25581e-07
8680 3.4063e-07
8700 2.71124e-07
8720 2.14608e-07
8740 1.68921e-07
8760 1.32227e-07
8780 1.02944e-07
8800 7.96999e-08
8820 6.13643e-08
8840 4.69923e-08
8860 3.57913e-08
8880 2.71112e-08
8900 2.04202e-08
8920 1.53011e-08
8940 1.14079e-08
8960 8.44956e-09
8980 6.22653e-09
9000 4.57348e-09
9020 3.33112e-09
9040 2.41078e-09
9060 1.74694e-09
9080 1.25258e-09
9100 8.87737e-10
9120 6.35043e-10
9140 4.49857e-10
9160 3.11441e-10
9180 2.18946e-10
9200 1.53966e-10
9220 1.05212e-10
9240 7.13489e-11
9260 4.89714e-11
9280 3.54347e-11
9300 2.25234e-11
9320 1.25812e-11
9340 1.26994e-11
9360 8.26414e-12
9380 1.80029e-13
9400 4.88718e-12
9420 5.25107e-12
9440 -3.68357e-12
9460 1.38428e-12
9480 5.30484e-12
9500 -4.25482e-12
9520 -8.69226e-13
9540 5.69493e-12
9560 -3.4399e-12
9580 -2.5424e-12
9600 5.65296e-12
9620 -2.08357e-12
9640 -3.70239e-12
9660 5.10973e-12
9680 -6.29277e-13
9700 -4.36106e-12
9720 4.22022e-12
9740 6.86129e-13
9760 -4.59113e-12
9780 3.16597e-12
9800 1.76564e-12
9820 -4.5057e-12
9840 2.07931e-12
9860 2.61048e-12
9880 -4.21717e-12
9900 1.024e-12
9920 3.27039e-12
9940 -3.79773e-12
9960 0
