-10 0
0 -3.52957e-15
10 -2.20824e-15
20 -1.85175e-16
30 -2.30341e-15
40 1.07278e-15
50 4.36165e-15
60 1.29332e-15
70 3.72882e-15
80 1.4323e-14
90 1.15216e-14
100 2.52858e-14
110 1.90147e-14
120 2.14655e-14
130 2.03953e-14
140 2.2843e-14
150 2.12676e-14
160 1.98217e-14
170 1.88069e-14
180 1.89928e-14
190 1.98184e-14
200 1.13851e-14
210 7.22618e-15
220 1.5972e-15
230 -6.49815e-15
240 -1.14385e-14
250 -9.31656e-15
260 -1.31224e-14
270 -5.50186e-15
280 3.9525e-16
290 -4.15157e-15
300 1.31375e-15
310 9.67899e-15
320 1.38298e-14
330 4.64575e-15
340 1.01107e-14
350 1.2414e-14
360 1.83324e-14
370 1.57227e-14
380 2.13708e-14
390 2.3933e-14
400 1.00858e-14
410 8.3089e-15
420 5.93914e-15
430 1.04427e-14
440 8.54986e-15
450 6.17582e-15
460 8.87709e-15
470 1.63781e-14
480 1.5123e-14
490 1.38892e-14
500 1.65615e-14
510 1.26507e-14
520 1.44801e-14
530 4.6e-15
540 3.49935e-15
550 1.26956e-14
560 1.20521e-14
570 1.05987e-14
580 6.52801e-15
590 1.25488e-14
600 1.10615e-14
610 1.83788e-14
620 1.49271e-14
630 1.90179e-14
640 1.70791e-14
650 1.35938e-14
660 6.34474e-15
670 4.54015e-15
680 6.47148e-15
690 1.03307e-14
700 1.11839e-14
710 -3.28845e-15
720 5.9535e-15
730 1.9794e-16
740 1.6219e-14
750 1.30049e-14
760 1.13637e-14
770 1.91342e-14
780 1.8815e-14
790 2.21402e-14
800 2.43437e-14
810 1.32209e-14
820 1.86608e-14
830 2.29842e-14
840 3.00606e-14
850 3.40285e-14
860 2.89799e-14
870 2.94997e-14
880 3.14117e-14
890 2.79828e-14
900 3.02073e-14
910 2.91237e-14
920 2.59178e-14
930 2.8162e-14
940 2.25229e-14
950 1.67988e-14
960 1.70497e-14
970 1.19392e-14
980 1.563e-14
990 2.19654e-14
1000 2.80171e-14
1010 3.48343e-14
1020 2.87797e-14
1030 3.1242e-14
1040 3.37214e-14
1050 4.29041e-14
1060 4.14636e-14
1070 3.64069e-14
1080 2.55115e-14
1090 2.95632e-14
1100 1.87727e-14
1110 2.70695e-14
1120 3.22816e-14
1130 3.0082e-14
1140 3.72931e-14
1150 2.16963e-14
1160 3.57489e-14
1170 2.70233e-14
1180 2.80117e-14
1190 3.14897e-14
1200 3.48578e-14
1210 2.94509e-14
1220 2.23582e-14
1230 2.03648e-14
1240 1.5528e-14
1250 2.11231e-14
1260 3.05559e-14
1270 2.23917e-14
1280 2.8814e-14
1290 3.70583e-14
1300 3.36626e-14
1310 2.66724e-14
1320 2.40368e-14
1330 1.9131e-14
1340 7.8547e-15
1350 7.69718e-15
1360 5.62912e-15
1370 8.2886e-15
1380 1.30319e-15
1390 1.01505e-14
1400 1.14757e-14
1410 2.08313e-14
1420 1.83524e-14
1430 2.30785e-14
1440 2.20333e-14
1450 2.24393e-14
1460 2.34046e-14
1470 2.61556e-14
1480 3.26127e-14
1490 3.28945e-14
1500 3.566e-14
1510 2.6963e-14
1520 4.19958e-14
1530 4.40468e-14
1540 4.49923e-14
1550 4.3408e-14
1560 4.53587e-14
1570 4.04361e-14
1580 4.40646e-14
1590 4.74304e-14
1600 3.89838e-14
1610 3.74989e-14
1620 3.08526e-14
1630 3.78801e-14
1640 3.52832e-14
1650 3.57471e-14
1660 3.47331e-14
1670 3.25326e-14
1680 2.86351e-14
1690 2.11052e-14
1700 7.56084e-15
1710 -1.70047e-14
1720 -3.18671e-14
1730 -7.83608e-14
1740 -1.46674e-13
1750 -2.40176e-13
1760 -3.90838e-13
1770 -6.08246e-13
1780 -9.50419e-13
1790 -1.45572e-12
1800 -2.21947e-12
1810 -3.36049e-12
1820 -5.0514e-12
1830 -7.58869e-12
1840 -1.13517e-11
1850 -1.69163e-11
1860 -2.51456e-11
1870 -3.72671e-11
1880 -5.50675e-11
1890 -8.11373e-11
1900 -1.19243e-10
1910 -1.74732e-10
1920 -2.55351e-10
1930 -3.72122e-10
1940 -5.4081e-10
1950 -7.83778e-10
1960 -1.13279e-09
1970 -1.63265e-09
1980 -2.34655e-09
1990 -3.36319e-09
2000 -4.8068e-09
2010 -6.85079e-09
2020 -9.73637e-09
2030 -1.37983e-08
2040 -1.94991e-08
2050 -2.74769e-08
2060 -3.86078e-08
2070 -5.40922e-08
2080 -7.55684e-08
2090 -1.05266e-07
2100 -1.46208e-07
2110 -2.02483e-07
2120 -2.79597e-07
2130 -3.84944e-07
2140 -5.28421e-07
2150 -7.23227e-07
2160 -9.86908e-07
2170 -1.3427e-06
2180 -1.82129e-06
2190 -2.46304e-06
2200 -3.32084e-06
2210 -4.4638e-06
2220 -5.98186e-06
2230 -7.99166e-06
2240 -1.06439e-05
2250 -1.41326e-05
2260 -1.87067e-05
2270 -2.46841e-05
2280 -3.24697e-05
2290 -4.25769e-05
2300 -5.5654e-05
2310 -7.25173e-05
2320 -9.41896e-05
2330 -0.000121948
2340 -0.000157379
2350 -0.00020245
2360 -0.000259584
2370 -0.000331758
2380 -0.000422612
2390 -0.000536577
2400 -0.000679025
2410 -0.000856436
2420 -0.0010766
2430 -0.00134882
2440 -0.00168418
2450 -0.00209579
2460 -0.00259914
2470 -0.00321234
2480 -0.00395657
2490 -0.00485636
2500 -0.00594008
2510 -0.00724025
2520 -0.008794
2530 -0.0106435
2540 -0.0128362
2550 -0.0154253
2560 -0.0184701
2570 -0.0220361
2580 -0.0261952
2590 -0.0310254
2600 -0.0366113
2610 -0.0430432
2620 -0.050417
2630 -0.0588332
2640 -0.0683959
2650 -0.0792119
2660 -0.0913888
2670 -0.105033
2680 -0.120249
2690 -0.137135
2700 -0.155781
2710 -0.176265
2720 -0.198654
2730 -0.222993
2740 -0.24931
2750 -0.277605
2760 -0.307853
2770 -0.339998
2780 -0.373948
2790 -0.409578
2800 -0.446722
2810 -0.485179
2820 -0.524704
2830 -0.565016
2840 -0.605797
2850 -0.646694
2860 -0.687321
2870 -0.727268
2880 -0.766102
2890 -0.80338
2900 -0.838649
2910 -0.871458
2920 -0.901371
2930 -0.927966
2940 -0.950856
2950 -0.969688
2960 -0.984157
2970 -0.994013
2980 -0.999067
2990 -0.999196
3000 -0.99435
3010 -0.984549
3020 -0.96989
3030 -0.950541
3040 -0.92674
3050 -0.898792
3060 -0.867059
3070 -0.831954
3080 -0.793933
3090 -0.753484
3100 -0.711115
3110 -0.667346
3120 -0.622696
3130 -0.577673
3140 -0.532765
3150 -0.488429
3160 -0.445085
3170 -0.403108
3180 -0.362825
3190 -0.324511
3200 -0.288387
3210 -0.254618
3220 -0.223319
3230 -0.19455
3240 -0.168329
3250 -0.144628
3260 -0.123383
3270 -0.104497
3280 -0.0878498
3290 -0.0732983
3300 -0.0606869
3310 -0.0498502
3320 -0.0406191
3330 -0.0328245
3340 -0.0263016
3350 -0.020892
3360 -0.0164472
3370 -0.0128291
3380 -0.00991239
3390 -0.00758401
3400 -0.00574398
3410 -0.00430488
3420 -0.00319129
3430 -0.00233901
3440 -0.00169411
3450 -0.00121185
3460 -0.000855613
3470 -0.00059581
3480 -0.000408859
3490 -0.000276215
3500 -0.000183494
3510 -0.000119698
3520 -7.65405e-05
3530 -4.78737e-05
3540 -2.92073e-05
3550 -1.73163e-05
3560 -9.92515e-06
3570 -5.45783e-06
3580 -2.84474e-06
3590 -1.37567e-06
3600 -5.90366e-07
3610 -1.98463e-07
3620 -2.24101e-08
3630 4.2471e-08
3640 5.51829e-08
3650 4.70963e-08
3660 3.35638e-08
3670 2.11428e-08
3680 1.19067e-08
3690 5.89206e-09
3700 2.39677e-09
3710 6.04293e-10
3720 -1.64685e-10
3730 -3.89116e-10
3740 -3.67593e-10
3750 -2.65164e-10
3760 -1.60223e-10
3770 -8.12755e-11
3780 -3.19723e-11
3790 -6.09159e-12
3800 4.63696e-12
3810 7.10911e-12
3820 5.97961e-12
3830 3.90169e-12
3840 2.06799e-12
3850 8.29553e-13
3860 1.66652e-13
3870 -9.83567e-14
3880 -1.50515e-13
3890 -1.07822e-13
3900 -4.36808e-14
3910 7.77967e-15
3920 3.27046e-14
3930 4.58139e-14
3940 6.15664e-14
3950 6.51479e-14
3960 5.64888e-14
3970 5.14462e-14
3980 4.85715e-14
3990 4.74833e-14
4000 4.84883e-14
4010 3.86875e-14
4020 3.29579e-14
4030 3.98146e-14
4040 4.09246e-14
4050 4.61475e-14
4060 5.27453e-14
4070 4.77474e-14
4080 3.81916e-14
4090 4.76643e-14
4100 4.43917e-14
4110 5.13729e-14
4120 5.21235e-14
4130 4.12673e-14
4140 4.67538e-14
4150 4.66035e-14
4160 4.46577e-14
4170 4.26705e-14
4180 4.58598e-14
4190 3.7992e-14
4200 3.58438e-14
4210 3.62905e-14
4220 5.4208e-14
4230 4.65481e-14
4240 3.3134e-14
4250 4.23427e-14
4260 4.2888e-14
4270 5.19373e-14
4280 5.46975e-14
4290 5.16235e-14
4300 6.2977e-14
4310 5.84734e-14
4320 6.83724e-14
4330 6.64399e-14
4340 6.25649e-14
4350 6.28978e-14
4360 6.47642e-14
4370 7.55835e-14
4380 7.56912e-14
4390 7.51069e-14
4400 7.21614e-14
4410 7.75073e-14
4420 7.84254e-14
4430 7.63728e-14
4440 7.88567e-14
4450 6.73453e-14
4460 8.3081e-14
4470 8.34703e-14
4480 8.96234e-14
4490 8.76024e-14
4500 8.57304e-14
4510 8.43114e-14
4520 8.4218e-14
4530 8.51658e-14
4540 8.53122e-14
4550 8.51466e-14
4560 8.75695e-14
4570 8.97109e-14
4580 9.41678e-14
4590 9.00756e-14
4600 9.28682e-14
4610 8.40937e-14
4620 8.68982e-14
4630 8.1462e-14
4640 9.57861e-14
4650 8.82348e-14
4660 9.48724e-14
4670 8.52606e-14
4680 8.91012e-14
4690 8.35739e-14
4700 8.5502e-14
4710 8.4486e-14
4720 8.93912e-14
4730 8.66943e-14
4740 9.55579e-14
4750 9.13312e-14
4760 9.49178e-14
4770 1.12746e-13
4780 1.09523e-13
4790 1.16678e-13
4800 1.12776e-13
4810 1.18832e-13
4820 1.22281e-13
4830 1.20679e-13
4840 1.13425e-13
4850 1.17775e-13
4860 1.21466e-13
4870 1.24682e-13
4880 1.24307e-13
4890 1.24178e-13
4900 1.24431e-13
4910 1.25378e-13
4920 1.22612e-13
4930 1.24239e-13
4940 1.32488e-13
4950 1.40019e-13
4960 1.41862e-13
4970 1.55817e-13
4980 1.44598e-13
4990 1.4374e-13
5000 1.42944e-13
5010 1.45592e-13
5020 1.43203e-13
5030 1.52193e-13
5040 1.50273e-13
5050 1.54507e-13
5060 1.42379e-13
5070 1.49226e-13
5080 1.44355e-13
5090 1.45273e-13
5100 1.53944e-13
5110 1.53715e-13
5120 1.61774e-13
5130 1.58424e-13
5140 1.7452e-13
5150 1.61603e-13
5160 1.80822e-13
5170 1.74252e-13
5180 1.75867e-13
5190 1.88383e-13
5200 1.88121e-13
5210 1.87129e-13
5220 1.87782e-13
5230 1.93842e-13
5240 1.93171e-13
5250 1.88604e-13
5260 1.98251e-13
5270 1.96744e-13
5280 1.9059e-13
5290 1.7811e-13
5300 1.82275e-13
5310 1.76037e-13
5320 1.67248e-13
5330 1.6627e-13
5340 1.6115e-13
5350 1.69112e-13
5360 1.61647e-13
5370 1.60303e-13
5380 1.73158e-13
5390 1.80279e-13
5400 1.66294e-13
5410 1.82133e-13
5420 1.79044e-13
5430 1.73884e-13
5440 1.73101e-13
5450 1.74483e-13
5460 1.6638e-13
5470 1.71332e-13
5480 1.66078e-13
5490 1.72989e-13
5500 1.74553e-13
5510 1.68339e-13
5520 1.75411e-13
5530 1.65815e-13
5540 1.57607e-13
5550 1.57691e-13
5560 1.49354e-13
5570 1.59305e-13
5580 1.58402e-13
5590 1.53101e-13
5600 1.55029e-13
5610 1.62984e-13
5620 1.64034e-13
5630 1.74286e-13
5640 1.72758e-13
5650 1.85506e-13
5660 1.85022e-13
5670 1.88112e-13
5680 1.88251e-13
5690 1.81782e-13
5700 1.7697e-13
5710 1.76975e-13
5720 1.76015e-13
5730 1.76533e-13
5740 1.63085e-13
5750 1.56551e-13
5760 1.63545e-13
5770 1.46822e-13
5780 1.51764e-13
5790 1.46383e-13
5800 1.46902e-13
5810 1.49984e-13
5820 1.48662e-13
5830 1.4893e-13
5840 1.41199e-13
5850 1.45022e-13
5860 1.53922e-13
5870 1.45791e-13
5880 1.45242e-13
5890 1.53889e-13
5900 1.48976e-13
5910 1.41116e-13
5920 1.44455e-13
5930 1.51518e-13
5940 1.5925e-13
5950 1.60711e-13
5960 1.6675e-13
5970 1.75159e-13
5980 1.65756e-13
5990 1.70088e-13
6000 1.67104e-13
6010 1.73555e-13
6020 1.70261e-13
6030 1.76507e-13
6040 1.80114e-13
6050 1.7256e-13
6060 1.60443e-13
6070 1.25895e-13
6080 7.50233e-14
6090 7.08312e-15
6100 -4.28913e-14
6110 -3.37198e-15
6120 2.74779e-13
6130 9.397e-13
6140 2.16653e-12
6150 4.02483e-12
6160 6.11333e-12
6170 7.22345e-12
6180 4.73961e-12
6190 -5.98688e-12
6200 -3.18682e-11
6210 -8.11597e-11
6220 -1.60104e-10
6230 -2.65045e-10
6240 -3.67461e-10
6250 -3.88975e-10
6260 -1.64562e-10
6270 6.04422e-10
6280 2.39689e-09
6290 5.89218e-09
6300 1.19068e-08
6310 2.11429e-08
6320 3.35639e-08
6330 4.70964e-08
6340 5.51831e-08
6350 4.24711e-08
6360 -2.241e-08
6370 -1.98463e-07
6380 -5.90366e-07
6390 -1.37567e-06
6400 -2.84474e-06
6410 -5.45783e-06
6420 -9.92515e-06
6430 -1.73163e-05
6440 -2.92073e-05
6450 -4.78737e-05
6460 -7.65405e-05
6470 -0.000119698
6480 -0.000183494
6490 -0.000276215
6500 -0.000408859
6510 -0.00059581
6520 -0.000855613
6530 -0.00121185
6540 -0.00169411
6550 -0.00233901
6560 -0.00319129
6570 -0.00430488
6580 -0.00574398
6590 -0.00758401
6600 -0.00991239
6610 -0.0128291
6620 -0.0164472
6630 -0.020892
6640 -0.0263016
6650 -0.0328245
6660 -0.0406191
6670 -0.0498502
6680 -0.0606869
6690 -0.0732983
6700 -0.0878498
6710 -0.104497
6720 -0.123383
6730 -0.144628
6740 -0.168329
6750 -0.19455
6760 -0.223319
6770 -0.254618
6780 -0.288387
6790 -0.324511
6800 -0.362825
6810 -0.403108
6820 -0.445085
6830 -0.488429
6840 -0.532765
6850 -0.577673
6860 -0.622696
6870 -0.667346
6880 -0.711115
6890 -0.753484
6900 -0.793933
6910 -0.831954
6920 -0.867059
6930 -0.898792
6940 -0.92674
6950 -0.950541
6960 -0.96989
6970 -0.984549
6980 -0.99435
6990 -0.999196
7000 -0.999067
7010 -0.994013
7020 -0.984157
7030 -0.969688
7040 -0.950856
7050 -0.927966
7060 -0.901371
7070 -0.871458
7080 -0.838649
7090 -0.80338
7100 -0.766102
7110 -0.727268
7120 -0.687321
7130 -0.646694
7140 -0.605797
7150 -0.565016
7160 -0.524704
7170 -0.485179
7180 -0.446722
7190 -0.409578
7200 -0.373948
7210 -0.339998
7220 -0.307853
7230 -0.277605
7240 -0.24931
7250 -0.222993
7260 -0.198654
7270 -0.176265
7280 -0.155781
7290 -0.137135
7300 -0.120249
7310 -0.105033
7320 -0.0913888
7330 -0.0792119
7340 -0.0683959
7350 -0.0588332
7360 -0.050417
7370 -0.0430432
7380 -0.0366113
7390 -0.0310254
7400 -0.0261952
7410 -0.0220361
7420 -0.0184701
7430 -0.0154253
7440 -0.0128362
7450 -0.0106435
7460 -0.008794
7470 -0.00724025
7480 -0.00594008
7490 -0.00485636
7500 -0.00395657
7510 -0.00321234
7520 -0.00259914
7530 -0.00209579
7540 -0.00168418
7550 -0.00134882
7560 -0.0010766
7570 -0.000856436
7580 -0.000679025
7590 -0.000536577
7600 -0.000422612
7610 -0.000331758
7620 -0.000259584
7630 -0.00020245
7640 -0.000157379
7650 -0.000121948
7660 -9.41896e-05
7670 -7.25173e-05
7680 -5.5654e-05
7690 -4.25769e-05
7700 -3.24697e-05
7710 -2.46841e-05
7720 -1.87067e-05
7730 -1.41326e-05
7740 -1.06439e-05
7750 -7.99166e-06
7760 -5.98186e-06
7770 -4.4638e-06
7780 -3.32084e-06
7790 -2.46304e-06
7800 -1.82129e-06
7810 -1.3427e-06
7820 -9.86908e-07
7830 -7.23227e-07
7840 -5.28421e-07
7850 -3.84944e-07
7860 -2.79596e-07
7870 -2.02483e-07
7880 -1.46208e-07
7890 -1.05266e-07
7900 -7.55684e-08
7910 -5.40922e-08
7920 -3.86078e-08
7930 -2.74768e-08
7940 -1.94991e-08
7950 -1.37982e-08
7960 -9.73631e-09
7970 -6.85072e-09
7980 -4.80675e-09
7990 -3.36311e-09
8000 -2.34647e-09
8010 -1.63256e-09
8020 -1.13269e-09
8030 -7.83695e-10
8040 -5.40719e-10
8050 -3.72033e-10
8060 -2.55273e-10
8070 -1.74667e-10
8080 -1.19171e-10
8090 -8.10828e-11
8100 -5.50059e-11
8110 -3.72072e-11
8120 -2.5089e-11
8130 -1.68483e-11
8140 -1.12811e-11
8150 -7.5092e-12
8160 -4.97091e-12
8170 -3.26824e-12
8180 -2.13733e-12
8190 -1.36833e-12
8200 -8.66941e-13
8210 -5.27525e-13
8220 -3.15522e-13
8230 -1.73403e-13
8240 -7.44824e-14
8250 -1.03685e-14
8260 2.28145e-14
8270 5.68612e-14
8280 7.89706e-14
8290 9.42361e-14
8300 1.08419e-13
8310 1.13864e-13
8320 1.13058e-13
8330 1.20395e-13
8340 1.23363e-13
8350 1.14299e-13
8360 1.17586e-13
8370 1.22309e-13
8380 1.19657e-13
8390 1.26099e-13
8400 1.32696e-13
8410 1.33548e-13
8420 1.26775e-13
8430 1.25634e-13
8440 1.30178e-13
8450 1.27235e-13
8460 1.32482e-13
8470 1.27021e-13
8480 1.3105e-13
8490 1.35233e-13
8500 1.36801e-13
8510 1.29126e-13
8520 1.27751e-13
8530 1.26822e-13
8540 1.28987e-13
8550 1.20039e-13
8560 1.21417e-13
8570 1.19717e-13
8580 1.2671e-13
8590 1.32345e-13
8600 1.24168e-13
8610 1.31003e-13
8620 1.1821e-13
8630 1.14189e-13
8640 1.18149e-13
8650 1.15177e-13
8660 1.1187e-13
8670 1.11554e-13
8680 1.1284e-13
8690 1.16448e-13
8700 1.22073e-13
8710 1.21753e-13
8720 1.28462e-13
8730 1.24637e-13
8740 1.14515e-13
8750 1.16798e-13
8760 1.09322e-13
8770 1.16709e-13
8780 1.08499e-13
8790 1.12461e-13
8800 1.16671e-13
8810 1.26179e-13
8820 1.20975e-13
8830 1.22656e-13
8840 1.28225e-13
8850 1.28328e-13
8860 1.26424e-13
8870 1.24462e-13
8880 1.368e-13
8890 1.3122e-13
8900 1.36163e-13
8910 1.39199e-13
8920 1.36785e-13
8930 1.34055e-13
8940 1.25687e-13
8950 1.20816e-13
8960 1.17265e-13
8970 1.214e-13
8980 1.28505e-13
8990 1.23214e-13
9000 1.26774e-13
9010 1.31839e-13
9020 1.24914e-13
9030 1.33546e-13
9040 1.27628e-13
9050 1.20166e-13
9060 1.2074e-13
9070 1.1786e-13
9080 1.27028e-13
9090 1.21401e-13
9100 1.28407e-13
9110 1.2704e-13
9120 1.35216e-13
9130 1.42778e-13
9140 1.43085e-13
9150 1.43257e-13
9160 1.36633e-13
9170 1.48379e-13
9180 1.40234e-13
9190 1.54975e-13
9200 1.46973e-13
9210 1.46564e-13
9220 1.37262e-13
9230 1.32805e-13
9240 1.30138e-13
9250 1.20249e-13
9260 1.24171e-13
9270 1.1812e-13
9280 1.22005e-13
9290 1.20741e-13
9300 1.21881e-13
9310 1.21302e-13
9320 1.21533e-13
9330 1.13687e-13
9340 1.12686e-13
9350 1.10873e-13
9360 1.14825e-13
9370 1.05192e-13
9380 1.04447e-13
9390 1.06053e-13
9400 1.05822e-13
9410 1.04214e-13
9420 1.12416e-13
9430 9.85375e-14
9440 9.5205e-14
9450 1.03469e-13
9460 9.98403e-14
9470 1.06472e-13
9480 1.06579e-13
9490 1.0378e-13
9500 1.14896e-13
9510 1.0923e-13
9520 9.79165e-14
9530 8.69788e-14
9540 8.67665e-14
9550 7.04921e-14
9560 7.4906e-14
9570 7.02639e-14
9580 6.50978e-14
9590 7.24998e-14
9600 6.15555e-14
9610 6.60901e-14
9620 5.99096e-14
9630 6.64911e-14
9640 6.77433e-14
9650 8.24368e-14
9660 7.00529e-14
9670 7.21082e-14
9680 8.16727e-14
9690 8.48331e-14
9700 7.90685e-14
9710 8.08482e-14
9720 8.36861e-14
9730 8.17037e-14
9740 8.43627e-14
9750 7.87019e-14
9760 7.94076e-14
9770 7.30868e-14
9780 7.56144e-14
9790 7.20998e-14
9800 7.06327e-14
9810 6.66384e-14
9820 7.09357e-14
9830 5.8761e-14
9840 6.21076e-14
9850 5.93562e-14
9860 5.61028e-14
9870 5.46199e-14
9880 5.63042e-14
9890 5.85785e-14
9900 5.04714e-14
9910 5.66235e-14
9920 5.45807e-14
9930 4.95929e-14
9940 4.38569e-14
9950 3.44255e-14
9960 3.6797e-14
9970 3.35558e-14
9980 3.90972e-14
9990 3.61468e-14
10000 4.5657e-14
10010 4.22037e-14
10020 4.53576e-14
10030 4.25867e-14
10040 4.67527e-14
10050 3.42052e-14
10060 3.98033e-14
10070 4.40537e-14
10080 4.01346e-14
10090 3.42107e-14
10100 3.65654e-14
10110 3.65513e-14
10120 4.21646e-14
10130 4.28792e-14
10140 4.6298e-14
10150 3.72744e-14
10160 4.61231e-14
10170 3.97363e-14
10180 4.43157e-14
10190 3.94599e-14
10200 4.88115e-14
10210 5.63603e-14
10220 4.78014e-14
10230 4.9961e-14
10240 4.88804e-14
10250 5.6097e-14
10260 5.84066e-14
10270 5.7224e-14
10280 4.62302e-14
10290 3.39968e-14
10300 4.34052e-14
10310 4.84419e-14
10320 5.43396e-14
10330 5.07225e-14
10340 3.67957e-14
10350 4.6909e-14
10360 4.58774e-14
10370 4.48976e-14
10380 3.9383e-14
10390 4.26934e-14
10400 4.01311e-14
10410 3.59431e-14
10420 4.38169e-14
10430 4.2213e-14
10440 3.60257e-14
10450 2.90045e-14
10460 2.77689e-14
10470 2.3639e-14
10480 2.67764e-14
10490 1.93965e-14
10500 8.79746e-15
10510 1.49238e-14
10520 1.39733e-14
10530 1.53755e-14
10540 1.00707e-14
10550 1.55213e-14
10560 2.12037e-15
10570 2.3214e-15
10580 -3.63e-15
10590 7.82171e-15
10600 2.43321e-15
10610 -5.08935e-16
10620 3.35397e-15
10630 5.36215e-15
10640 3.97387e-15
10650 3.77651e-15
10660 1.22131e-15
10670 -7.08296e-15
10680 -8.28414e-15
10690 -4.55482e-15
10700 4.51823e-15
10710 3.34304e-15
10720 3.68519e-15
10730 1.14844e-14
10740 1.43443e-14
10750 1.99683e-14
10760 2.55871e-14
10770 1.22685e-14
10780 2.04518e-14
10790 1.58128e-14
10800 1.51452e-14
10810 1.56233e-14
10820 2.28879e-14
10830 2.55082e-14
10840 2.68368e-14
10850 2.77462e-14
10860 3.73696e-14
10870 3.28322e-14
10880 2.75254e-14
10890 3.0899e-14
10900 3.17782e-14
10910 3.69069e-14
10920 2.5356e-14
10930 2.7584e-14
10940 3.18073e-14
10950 3.53104e-14
10960 3.01721e-14
10970 2.13145e-14
10980 2.08054e-14
10990 1.83904e-14
11000 1.8511e-14
11010 2.26073e-14
11020 2.11106e-14
11030 1.26522e-14
11040 2.01928e-14
11050 2.0977e-14
11060 2.405e-14
11070 2.57359e-14
11080 3.24016e-14
11090 3.76651e-14
11100 4.00531e-14
11110 4.19107e-14
11120 4.61726e-14
11130 5.12212e-14
11140 4.96722e-14
11150 5.40536e-14
11160 5.43148e-14
11170 5.19503e-14
11180 5.28839e-14
11190 6.18951e-14
11200 6.8744e-14
11210 6.8677e-14
11220 6.91588e-14
11230 6.00737e-14
11240 6.4291e-14
11250 6.38758e-14
11260 7.17237e-14
11270 6.67086e-14
11280 7.65633e-14
11290 7.92433e-14
11300 7.78705e-14
11310 7.99581e-14
11320 7.97984e-14
11330 6.76044e-14
11340 6.41582e-14
11350 6.12779e-14
11360 6.46453e-14
11370 5.45965e-14
11380 6.09134e-14
11390 5.62582e-14
11400 5.7829e-14
11410 6.79233e-14
11420 7.53025e-14
11430 7.47673e-14
11440 7.74118e-14
11450 7.58035e-14
11460 7.91496e-14
11470 7.04547e-14
11480 8.12433e-14
11490 8.36719e-14
11500 9.30351e-14
11510 9.292e-14
11520 9.46625e-14
11530 9.40848e-14
11540 9.51606e-14
11550 1.03224e-13
11560 1.05932e-13
11570 9.24133e-14
11580 9.44317e-14
11590 8.84291e-14
11600 9.1451e-14
11610 9.26161e-14
11620 8.99948e-14
11630 8.49671e-14
11640 8.93285e-14
11650 8.81401e-14
11660 8.61306e-14
11670 8.2319e-14
11680 8.47785e-14
11690 8.82019e-14
11700 8.89759e-14
11710 8.04869e-14
11720 7.76234e-14
11730 8.01008e-14
11740 7.53718e-14
11750 8.106e-14
11760 8.72025e-14
11770 8.64895e-14
11780 9.02968e-14
11790 8.45269e-14
11800 8.72962e-14
11810 7.95409e-14
11820 7.5827e-14
11830 7.63743e-14
11840 7.00698e-14
11850 6.40353e-14
11860 6.33076e-14
11870 6.18672e-14
11880 6.64101e-14
11890 6.56999e-14
11900 6.67848e-14
11910 7.79303e-14
11920 7.42135e-14
11930 8.03132e-14
11940 7.69879e-14
11950 7.76801e-14
11960 6.93683e-14
11970 8.04091e-14
11980 8.67329e-14
11990 9.28871e-14
12000 9.46368e-14
12010 8.21197e-14
12020 8.1762e-14
12030 7.99948e-14
12040 8.41207e-14
12050 8.25659e-14
12060 8.67348e-14
12070 8.34744e-14
12080 8.79655e-14
12090 8.65502e-14
12100 8.71181e-14
12110 9.46168e-14
12120 9.75708e-14
12130 8.96013e-14
12140 9.32454e-14
12150 7.6569e-14
12160 8.21824e-14
12170 8.53486e-14
12180 9.16726e-14
12190 8.38558e-14
12200 8.78548e-14
12210 9.43622e-14
12220 9.37975e-14
12230 9.63116e-14
12240 8.96789e-14
12250 9.44682e-14
12260 9.12841e-14
12270 9.06582e-14
12280 9.32396e-14
12290 7.91665e-14
12300 7.82873e-14
12310 7.4286e-14
12320 7.86982e-14
12330 8.51887e-14
12340 8.12791e-14
12350 7.56311e-14
12360 7.88277e-14
12370 7.78217e-14
12380 7.82639e-14
12390 8.13091e-14
12400 8.1455e-14
12410 8.16373e-14
12420 8.0929e-14
12430 7.93703e-14
12440 8.61054e-14
12450 8.14778e-14
12460 8.37587e-14
12470 7.38579e-14
12480 7.27147e-14
12490 6.65009e-14
12500 6.57232e-14
12510 6.03019e-14
12520 5.65544e-14
12530 5.7089e-14
12540 6.03162e-14
12550 5.87786e-14
12560 5.47401e-14
12570 5.76841e-14
12580 5.05885e-14
12590 5.93423e-14
12600 6.81692e-14
12610 6.27875e-14
12620 6.42374e-14
12630 6.78444e-14
12640 6.49273e-14
12650 7.47093e-14
12660 8.44594e-14
12670 8.26427e-14
12680 8.15968e-14
12690 8.6407e-14
12700 8.5705e-14
12710 7.35048e-14
12720 7.92968e-14
12730 7.2195e-14
12740 7.52303e-14
12750 6.2264e-14
12760 6.54959e-14
12770 6.3469e-14
12780 6.30724e-14
12790 4.78435e-14
12800 4.15979e-14
12810 4.4597e-14
12820 4.8692e-14
12830 4.99341e-14
12840 5.94465e-14
12850 5.09128e-14
12860 4.80302e-14
12870 5.85327e-14
12880 5.757e-14
12890 5.86572e-14
12900 6.48939e-14
12910 6.49557e-14
12920 6.57416e-14
12930 6.56452e-14
12940 5.4917e-14
12950 5.6817e-14
12960 5.67397e-14
12970 5.4915e-14
12980 4.91443e-14
12990 4.52818e-14
13000 5.70162e-14
13010 5.73179e-14
13020 5.13127e-14
13030 4.83636e-14
13040 4.22216e-14
13050 4.24767e-14
13060 3.96165e-14
13070 4.47732e-14
13080 5.07659e-14
13090 5.57928e-14
13100 5.53978e-14
13110 4.87955e-14
13120 5.71835e-14
13130 5.3137e-14
13140 6.68492e-14
13150 5.98917e-14
13160 6.24813e-14
13170 5.27456e-14
13180 4.58297e-14
13190 5.06623e-14
13200 4.35475e-14
13210 4.82209e-14
13220 4.44578e-14
13230 4.08013e-14
13240 4.33972e-14
13250 4.28198e-14
13260 3.67906e-14
13270 3.91604e-14
13280 3.85256e-14
13290 3.65352e-14
13300 3.27824e-14
13310 2.35839e-14
13320 2.81711e-14
13330 2.76695e-14
13340 3.47527e-14
13350 3.05215e-14
13360 4.11238e-14
13370 4.36681e-14
13380 3.98077e-14
13390 4.40327e-14
13400 4.53094e-14
13410 4.47296e-14
13420 4.11755e-14
13430 3.42822e-14
13440 3.17109e-14
13450 3.06545e-14
13460 3.72856e-14
13470 4.40584e-14
13480 3.98816e-14
13490 3.78514e-14
13500 4.06396e-14
13510 4.03657e-14
13520 3.74604e-14
13530 5.18355e-14
13540 4.70497e-14
13550 3.80822e-14
13560 3.5721e-14
13570 3.29937e-14
13580 4.22619e-14
13590 4.42936e-14
13600 4.55071e-14
13610 4.10622e-14
13620 3.41731e-14
13630 3.55659e-14
13640 3.71406e-14
13650 4.0222e-14
13660 3.25805e-14
13670 2.55688e-14
13680 2.31925e-14
13690 2.47919e-14
13700 3.56543e-14
13710 4.14551e-14
13720 3.85258e-14
13730 4.40495e-14
13740 3.64864e-14
13750 3.32952e-14
13760 3.37344e-14
13770 3.46006e-14
13780 3.96719e-14
13790 3.32629e-14
13800 3.23356e-14
13810 3.12502e-14
13820 4.59508e-14
13830 4.96692e-14
13840 5.2975e-14
13850 4.18663e-14
13860 3.47989e-14
13870 4.28707e-14
13880 3.98179e-14
13890 4.44193e-14
13900 3.90791e-14
13910 3.3389e-14
13920 2.90007e-14
13930 3.33271e-14
13940 3.35616e-14
13950 2.86701e-14
13960 2.59401e-14
13970 2.41957e-14
13980 2.6667e-14
13990 2.55698e-14
14000 2.52389e-14
14010 3.81231e-14
14020 3.54017e-14
14030 2.80631e-14
14040 3.65416e-14
14050 3.10898e-14
14060 4.09418e-14
14070 4.25143e-14
14080 3.96556e-14
14090 4.19788e-14
14100 3.11393e-14
14110 3.79696e-14
14120 3.45458e-14
14130 3.29521e-14
14140 2.90642e-14
14150 3.01715e-14
14160 3.0879e-14
14170 3.33061e-14
14180 3.28309e-14
14190 2.21848e-14
14200 2.07714e-14
14210 2.6142e-14
14220 2.44651e-14
14230 2.31683e-14
14240 2.04271e-14
14250 1.04279e-14
14260 2.10965e-14
14270 2.7993e-14
14280 2.95086e-14
14290 3.31782e-14
14300 2.68389e-14
14310 3.03864e-14
14320 2.69925e-14
14330 2.97733e-14
14340 3.23155e-14
14350 2.35185e-14
14360 2.22882e-14
14370 1.90897e-14
14380 2.39183e-14
14390 3.25053e-14
14400 3.4112e-14
14410 3.98425e-14
14420 3.02438e-14
14430 3.52585e-14
14440 2.87109e-14
14450 3.35088e-14
14460 2.89703e-14
14470 2.68874e-14
14480 2.43981e-14
14490 2.72794e-14
14500 3.88155e-14
14510 3.44177e-14
14520 3.59253e-14
14530 2.51223e-14
14540 2.84062e-14
14550 3.19552e-14
14560 3.81293e-14
14570 3.47868e-14
14580 3.93024e-14
14590 3.62259e-14
14600 3.39715e-14
14610 3.0246e-14
14620 3.70152e-14
14630 3.7371e-14
14640 2.81193e-14
14650 2.95555e-14
14660 3.43085e-14
14670 3.12409e-14
14680 2.20582e-14
14690 1.47959e-14
14700 2.30658e-14
14710 2.18076e-14
14720 3.41123e-14
14730 2.51001e-14
14740 3.05762e-14
14750 3.3876e-14
14760 4.17374e-14
14770 4.54066e-14
14780 4.53574e-14
14790 3.75408e-14
14800 3.72676e-14
14810 4.08564e-14
14820 4.3357e-14
14830 5.10771e-14
14840 3.77116e-14
14850 4.31982e-14
14860 3.61062e-14
14870 2.90592e-14
14880 2.39529e-14
14890 2.40168e-14
14900 2.0781e-14
14910 2.54842e-14
14920 2.04525e-14
14930 2.64987e-14
14940 1.85926e-14
14950 1.55356e-14
14960 1.17511e-14
14970 4.54589e-15
14980 6.22848e-15
14990 4.9796e-15
15000 -2.03291e-15
15010 2.46076e-15
15020 -2.27841e-15
15030 -3.99504e-15
15040 -5.40432e-15
15050 -1.7385e-15
15060 -1.76919e-15
15070 1.43054e-14
15080 1.84785e-14
15090 8.46003e-15
15100 1.07138e-14
15110 1.18772e-14
15120 1.35821e-14
15130 1.77334e-14
15140 2.27013e-14
15150 2.82764e-14
15160 2.38942e-14
15170 7.01298e-15
15180 9.8996e-15
15190 4.44785e-15
15200 1.20202e-14
15210 2.42284e-14
15220 1.43869e-14
15230 1.65064e-14
15240 1.89157e-14
15250 3.31302e-14
15260 3.29314e-14
15270 4.05453e-14
15280 2.95579e-14
15290 2.43627e-14
15300 2.29578e-14
15310 1.52197e-14
15320 1.86282e-14
15330 1.39283e-14
15340 1.96837e-14
15350 1.85268e-14
15360 2.63297e-14
15370 3.21931e-14
15380 2.79297e-14
15390 2.7914e-14
15400 3.11782e-14
15410 3.83082e-14
15420 4.39587e-14
15430 4.07908e-14
15440 4.39571e-14
15450 5.8709e-14
15460 5.53272e-14
15470 6.17985e-14
15480 5.9902e-14
15490 5.25708e-14
15500 5.48583e-14
15510 6.00307e-14
15520 6.01712e-14
15530 4.8431e-14
15540 4.8717e-14
15550 5.37664e-14
15560 5.82005e-14
15570 5.30715e-14
15580 4.26796e-14
15590 4.84937e-14
15600 5.54877e-14
15610 6.68805e-14
15620 6.84698e-14
15630 7.05273e-14
15640 5.71524e-14
15650 6.22396e-14
15660 5.6542e-14
15670 4.50616e-14
15680 4.41944e-14
15690 4.0231e-14
15700 4.84145e-14
15710 5.73662e-14
15720 5.67977e-14
15730 5.73785e-14
15740 5.92305e-14
15750 5.80459e-14
15760 6.68598e-14
15770 7.13573e-14
15780 7.74413e-14
15790 8.73738e-14
15800 8.2496e-14
15810 9.02375e-14
15820 9.47216e-14
15830 9.64173e-14
15840 9.20309e-14
15850 9.12688e-14
15860 8.63513e-14
15870 9.96128e-14
15880 9.11624e-14
15890 9.98204e-14
15900 8.99451e-14
15910 8.2734e-14
15920 9.13001e-14
15930 8.46572e-14
15940 7.83795e-14
15950 7.79471e-14
15960 8.4823e-14
15970 7.93996e-14
15980 8.95981e-14
15990 8.30586e-14
16000 8.86903e-14
16010 8.24e-14
16020 9.05452e-14
16030 1.01781e-13
16040 1.02762e-13
16050 9.46876e-14
16060 9.95778e-14
16070 9.70552e-14
16080 9.78418e-14
16090 1.01245e-13
16100 9.14644e-14
16110 8.35254e-14
16120 8.83365e-14
16130 8.32289e-14
16140 8.33766e-14
16150 7.93547e-14
16160 8.73595e-14
16170 8.88501e-14
16180 9.38832e-14
16190 1.04388e-13
16200 9.48959e-14
16210 8.95159e-14
16220 8.21681e-14
16230 9.10177e-14
16240 9.3346e-14
16250 8.68264e-14
16260 8.25433e-14
16270 8.37556e-14
16280 8.13179e-14
16290 8.05745e-14
16300 8.30755e-14
16310 7.83715e-14
16320 8.22779e-14
16330 8.32349e-14
16340 7.8788e-14
16350 8.48814e-14
16360 8.1317e-14
16370 7.97003e-14
16380 8.1539e-14
16390 9.26938e-14
16400 9.76684e-14
16410 9.73926e-14
16420 8.47472e-14
16430 9.16427e-14
16440 9.59309e-14
16450 1.02451e-13
16460 1.10978e-13
16470 1.01324e-13
16480 9.91737e-14
16490 1.05835e-13
16500 9.92714e-14
16510 9.80608e-14
16520 1.0099e-13
16530 9.54771e-14
16540 9.48911e-14
16550 9.94106e-14
16560 9.97484e-14
16570 1.06859e-13
16580 1.00729e-13
16590 1.0454e-13
16600 1.04746e-13
16610 1.02995e-13
16620 1.07654e-13
16630 9.74065e-14
16640 1.06765e-13
16650 1.12744e-13
16660 1.06447e-13
16670 1.20426e-13
16680 1.08488e-13
16690 1.10568e-13
16700 1.16801e-13
16710 1.1696e-13
16720 1.12194e-13
16730 1.18744e-13
16740 1.12911e-13
16750 1.19385e-13
16760 1.13497e-13
16770 1.14515e-13
16780 1.11668e-13
16790 1.09433e-13
16800 1.09015e-13
16810 1.09797e-13
16820 1.23092e-13
16830 1.09499e-13
16840 1.08865e-13
16850 1.02522e-13
16860 1.10985e-13
16870 1.18862e-13
16880 1.09274e-13
16890 1.00654e-13
16900 1.00279e-13
16910 9.59017e-14
16920 1.04579e-13
16930 9.94395e-14
16940 1.05497e-13
16950 1.08245e-13
16960 9.22372e-14
16970 1.01662e-13
16980 1.00958e-13
16990 1.12162e-13
17000 1.16316e-13
17010 1.1867e-13
17020 1.23499e-13
17030 1.16255e-13
17040 1.13725e-13
17050 1.13599e-13
17060 1.2722e-13
17070 1.28326e-13
17080 1.30701e-13
17090 1.34021e-13
17100 1.26463e-13
17110 1.17985e-13
17120 1.28385e-13
17130 1.292e-13
17140 1.32327e-13
17150 1.35258e-13
17160 1.31324e-13
17170 1.25564e-13
17180 1.30911e-13
17190 1.35657e-13
17200 1.43842e-13
17210 1.36071e-13
17220 1.2688e-13
17230 1.15822e-13
17240 1.1956e-13
17250 1.28953e-13
17260 1.38175e-13
17270 1.43386e-13
17280 1.31432e-13
17290 1.17359e-13
17300 1.11519e-13
17310 1.27743e-13
17320 1.33806e-13
17330 1.39763e-13
17340 1.45251e-13
17350 1.36578e-13
17360 1.37986e-13
17370 1.34804e-13
17380 1.33768e-13
17390 1.31078e-13
17400 1.32775e-13
17410 1.37289e-13
17420 1.38102e-13
17430 1.40828e-13
17440 1.39491e-13
17450 1.37045e-13
17460 1.32938e-13
17470 1.32129e-13
17480 1.40105e-13
17490 1.48431e-13
17500 1.43296e-13
17510 1.45828e-13
17520 1.36541e-13
17530 1.43362e-13
17540 1.462e-13
17550 1.42081e-13
17560 1.40772e-13
17570 1.35236e-13
17580 1.38527e-13
17590 1.41922e-13
17600 1.3816e-13
17610 1.47592e-13
17620 1.41042e-13
17630 1.31153e-13
17640 1.25935e-13
17650 1.35638e-13
17660 1.47152e-13
17670 1.41869e-13
17680 1.46917e-13
17690 1.36917e-13
17700 1.24697e-13
17710 1.34043e-13
17720 1.3231e-13
17730 1.32711e-13
17740 1.3475e-13
17750 1.37511e-13
17760 1.32751e-13
17770 1.30015e-13
17780 1.34521e-13
17790 1.33836e-13
17800 1.32672e-13
17810 1.38739e-13
17820 1.39449e-13
17830 1.36796e-13
17840 1.27102e-13
17850 1.28753e-13
17860 1.27089e-13
17870 1.2967e-13
17880 1.36458e-13
17890 1.31426e-13
17900 1.40078e-13
17910 1.3158e-13
17920 1.35975e-13
17930 1.42164e-13
17940 1.3644e-13
17950 1.36413e-13
17960 1.38738e-13
17970 1.29562e-13
17980 1.37218e-13
17990 1.35925e-13
18000 1.36252e-13
18010 1.42316e-13
18020 1.3646e-13
18030 1.30359e-13
18040 1.34273e-13
18050 1.35113e-13
18060 1.42115e-13
18070 1.44182e-13
18080 1.46628e-13
18090 1.50025e-13
18100 1.37275e-13
18110 1.3882e-13
18120 1.3497e-13
18130 1.41166e-13
18140 1.41289e-13
18150 1.4321e-13
18160 1.406e-13
18170 1.53078e-13
18180 1.62024e-13
18190 1.61405e-13
18200 1.63058e-13
18210 1.61515e-13
18220 1.60034e-13
18230 1.53747e-13
18240 1.5775e-13
18250 1.59786e-13
18260 1.59687e-13
18270 1.67642e-13
18280 1.73542e-13
18290 1.71486e-13
18300 1.67718e-13
18310 1.56277e-13
18320 1.63875e-13
18330 1.6387e-13
18340 1.77146e-13
18350 1.79476e-13
18360 1.67133e-13
18370 1.58097e-13
18380 1.65254e-13
18390 1.60174e-13
18400 1.69713e-13
18410 1.67891e-13
18420 1.58386e-13
18430 1.41031e-13
18440 1.50118e-13
18450 1.61671e-13
18460 1.60574e-13
18470 1.66261e-13
18480 1.60725e-13
18490 1.5674e-13
18500 1.50051e-13
18510 1.474e-13
18520 1.4919e-13
18530 1.53382e-13
18540 1.49185e-13
18550 1.57284e-13
18560 1.48395e-13
18570 1.44434e-13
18580 1.45584e-13
18590 1.44734e-13
18600 1.53928e-13
18610 1.47847e-13
18620 1.55166e-13
18630 1.55651e-13
18640 1.51616e-13
18650 1.51439e-13
18660 1.4945e-13
18670 1.69773e-13
18680 1.61198e-13
18690 1.52653e-13
18700 1.48073e-13
18710 1.48429e-13
18720 1.44736e-13
18730 1.42737e-13
18740 1.50431e-13
18750 1.65835e-13
18760 1.61848e-13
18770 1.62618e-13
18780 1.5254e-13
18790 1.58192e-13
18800 1.63583e-13
18810 1.67405e-13
18820 1.77939e-13
18830 1.78262e-13
18840 1.6791e-13
18850 1.63567e-13
18860 1.5567e-13
18870 1.47159e-13
18880 1.52194e-13
18890 1.55423e-13
18900 1.60949e-13
18910 1.62679e-13
18920 1.75348e-13
18930 1.73937e-13
18940 1.59057e-13
18950 1.49743e-13
18960 1.42877e-13
18970 1.54658e-13
18980 1.50445e-13
18990 1.57225e-13
19000 1.62683e-13
19010 1.68254e-13
19020 1.76048e-13
19030 1.68197e-13
19040 1.67084e-13
19050 1.72532e-13
19060 1.63772e-13
19070 1.46107e-13
19080 1.51856e-13
19090 1.3528e-13
19100 1.29997e-13
19110 1.16633e-13
19120 1.06338e-13
19130 6.98693e-14
19140 3.14521e-14
19150 -2.39106e-15
19160 -9.34663e-15
19170 7.7085e-14
19180 3.40018e-13
19190 9.19948e-13
19200 2.06233e-12
19210 4.08102e-12
19220 7.40213e-12
19230 1.25038e-11
19240 1.97242e-11
19250 2.89851e-11
19260 3.90452e-11
19270 4.62608e-11
19280 4.22992e-11
19290 1.03386e-11
19300 -8.14071e-11
19310 -2.89912e-10
19320 -7.13734e-10
19330 -1.51806e-09
19340 -2.97331e-09
19350 -5.51261e-09
19360 -9.81725e-09
19370 -1.69411e-08
19380 -2.84904e-08
19390 -4.68803e-08
19400 -7.56966e-08
19410 -1.20202e-07
19420 -1.88035e-07
19430 -2.90171e-07
19440 -4.42226e-07
19450 -6.66211e-07
19460 -9.92881e-07
19470 -1.46485e-06
19480 -2.14067e-06
19490 -3.10019e-06
19500 -4.45145e-06
19510 -6.33959e-06
19520 -8.95822e-06
19530 -1.25638e-05
19540 -1.74938e-05
19550 -2.41894e-05
19560 -3.32236e-05
19570 -4.53361e-05
19580 -6.14762e-05
19590 -8.28544e-05
19600 -0.000111006
19610 -0.000147865
19620 -0.000195858
19630 -0.00025801
19640 -0.000338068
19650 -0.000440658
19660 -0.00057145
19670 -0.000737364
19680 -0.000946799
19690 -0.0012099
19700 -0.00153885
19710 -0.00194822
19720 -0.00245533
19730 -0.0030807
19740 -0.00384847
19750 -0.00478695
19760 -0.00592914
19770 -0.00731335
19780 -0.0089838
19790 -0.0109913
19800 -0.0133941
19810 -0.0162582
19820 -0.0196587
19830 -0.0236799
19840 -0.0284165
19850 -0.0339742
19860 -0.0404703
19870 -0.0480344
19880 -0.0568089
19890 -0.0669493
19900 -0.0786249
19910 -0.0920187
19920 -0.107328
19930 -0.124762
19940 -0.144545
19950 -0.166914
19960 -0.192116
19970 -0.22041
19980 -0.252063
19990 -0.28735
20000 -0.326552
20010 -0.369951
20020 -0.41783
20030 -0.47047
20040 -0.528144
20050 -0.591117
20060 -0.65964
20070 -0.733944
20080 -0.814241
20090 -0.900717
20100 -0.993525
20110 -1.09279
20120 -1.19858
20130 -1.31094
20140 -1.42987
20150 -1.55529
20160 -1.6871
20170 -1.82513
20180 -1.96914
20190 -2.11885
20200 -2.2739
20210 -2.43388
20220 -2.59831
20230 -2.76667
20240 -2.93834
20250 -3.11268
20260 -3.289
20270 -3.46653
20280 -3.64448
20290 -3.82203
20300 -3.99831
20310 -4.17243
20320 -4.3435
20330 -4.5106
20340 -4.67282
20350 -4.82926
20360 -4.97904
20370 -5.12129
20380 -5.2552
20390 -5.37997
20400 -5.49487
20410 -5.59923
20420 -5.69242
20430 -5.77391
20440 -5.84322
20450 -5.89996
20460 -5.94383
20470 -5.97461
20480 -5.99215
20490 -5.99641
20500 -5.98743
20510 -5.96535
20520 -5.93036
20530 -5.88276
20540 -5.82292
20550 -5.75129
20560 -5.66838
20570 -5.57475
20580 -5.47105
20590 -5.35793
20600 -5.23614
20610 -5.10641
20620 -4.96953
20630 -4.8263
20640 -4.67752
20650 -4.52403
20660 -4.36663
20670 -4.20612
20680 -4.04331
20690 -3.87896
20700 -3.71381
20710 -3.54858
20720 -3.38395
20730 -3.22056
20740 -3.059
20750 -2.89983
20760 -2.74356
20770 -2.59064
20780 -2.4415
20790 -2.29649
20800 -2.15592
20810 -2.02008
20820 -1.88917
20830 -1.76338
20840 -1.64285
20850 -1.52765
20860 -1.41786
20870 -1.31349
20880 -1.21453
20890 -1.12094
20900 -1.03263
20910 -0.949525
20920 -0.871499
20930 -0.798415
20940 -0.730123
20950 -0.666455
20960 -0.607234
20970 -0.552274
20980 -0.501383
20990 -0.454363
21000 -0.411015
21010 -0.371138
21020 -0.334535
21030 -0.301006
21040 -0.270359
21050 -0.242405
21060 -0.21696
21070 -0.193845
21080 -0.172892
21090 -0.153935
21100 -0.136819
21110 -0.121396
21120 -0.107526
21130 -0.0950769
21140 -0.0839255
21150 -0.0739556
21160 -0.0650592
21170 -0.0571359
21180 -0.0500927
21190 -0.0438437
21200 -0.0383097
21210 -0.0334182
21220 -0.0291025
21230 -0.0253019
21240 -0.0219611
21250 -0.0190299
21260 -0.0164626
21270 -0.0142183
21280 -0.0122597
21290 -0.0105536
21300 -0.00907015
21310 -0.0077825
21320 -0.0066668
21330 -0.0057018
21340 -0.00486861
21350 -0.00415047
21360 -0.00353258
21370 -0.00300186
21380 -0.00254679
21390 -0.00215727
21400 -0.00182442
21410 -0.00154048
21420 -0.00129867
21430 -0.0010931
21440 -0.000918617
21450 -0.000770775
21460 -0.000645715
21470 -0.000540102
21480 -0.00045106
21490 -0.000376112
21500 -0.000313132
21510 -0.000260295
21520 -0.00021604
21530 -0.000179033
21540 -0.000148138
21550 -0.000122387
21560 -0.000100958
21570 -8.31541e-05
21580 -6.83858e-05
21590 -5.61552e-05
21600 -4.60422e-05
21610 -3.76936e-05
21620 -3.08123e-05
21630 -2.51495e-05
21640 -2.04966e-05
21650 -1.66796e-05
21660 -1.35532e-05
21670 -1.09964e-05
21680 -8.90868e-06
21690 -7.20665e-06
21700 -5.82118e-06
21710 -4.69513e-06
21720 -3.78134e-06
21730 -3.04092e-06
21740 -2.4419e-06
21750 -1.95801e-06
21760 -1.56772e-06
21770 -1.2534e-06
21780 -1.00064e-06
21790 -7.977e-07
21800 -6.34996e-07
21810 -5.04749e-07
21820 -4.0064e-07
21830 -3.17547e-07
21840 -2.51327e-07
21850 -1.98632e-07
21860 -1.56761e-07
21870 -1.2354e-07
21880 -9.72204e-08
21890 -7.63996e-08
21900 -5.99528e-08
21910 -4.69801e-08
21920 -3.67625e-08
21930 -2.87266e-08
21940 -2.24157e-08
21950 -1.74667e-08
21960 -1.35913e-08
21970 -1.0561e-08
21980 -8.19486e-09
21990 -6.35e-09
22000 -4.91363e-09
22010 -3.79689e-09
22020 -2.9299e-09
22030 -2.25775e-09
22040 -1.7374e-09
22050 -1.33514e-09
22060 -1.02459e-09
22070 -7.85195e-10
22080 -6.0092e-10
22090 -4.59257e-10
22100 -3.50508e-10
22110 -2.67141e-10
22120 -2.0333e-10
22130 -1.54544e-10
22140 -1.17306e-10
22150 -8.89124e-11
22160 -6.72981e-11
22170 -5.08728e-11
22180 -3.83941e-11
22190 -2.89404e-11
22200 -2.1782e-11
22210 -1.63735e-11
22220 -1.22817e-11
22230 -9.20124e-12
22240 -6.87674e-12
22250 -5.13196e-12
22260 -3.8266e-12
22270 -2.84152e-12
22280 -2.1038e-12
22290 -1.551e-12
22300 -1.14519e-12
22310 -8.37984e-13
22320 -6.04579e-13
22330 -4.33986e-13
22340 -3.0448e-13
22350 -2.15098e-13
22360 -1.45651e-13
22370 -9.47868e-14
22380 -5.69855e-14
22390 -2.44722e-14
22400 -1.22898e-14
22410 1.19948e-14
22420 2.30197e-14
22430 3.22405e-14
22440 4.97093e-14
22450 4.26067e-14
22460 4.60884e-14
22470 4.82576e-14
22480 4.87915e-14
22490 5.04636e-14
22500 5.15202e-14
22510 5.41098e-14
22520 5.68132e-14
22530 5.23868e-14
22540 5.87956e-14
22550 5.05879e-14
22560 4.99409e-14
22570 4.01818e-14
22580 3.60278e-14
22590 3.24726e-14
22600 2.65106e-14
22610 2.18398e-14
22620 1.28185e-14
22630 -1.41979e-15
22640 -2.00966e-14
22650 -4.21619e-14
22660 -7.53629e-14
22670 -1.28976e-13
22680 -2.00958e-13
22690 -2.94552e-13
22700 -4.25709e-13
22710 -5.95727e-13
22720 -8.35798e-13
22730 -1.17162e-12
22740 -1.62467e-12
22750 -2.25284e-12
22760 -3.10581e-12
22770 -4.2633e-12
22780 -5.83585e-12
22790 -7.9731e-12
22800 -1.08601e-11
22810 -1.47707e-11
22820 -2.0041e-11
22830 -2.7148e-11
22840 -3.67088e-11
22850 -4.95578e-11
22860 -6.67965e-11
22870 -8.98902e-11
22880 -1.20762e-10
22890 -1.61969e-10
22900 -2.16885e-10
22910 -2.8996e-10
22920 -3.87015e-10
22930 -5.15733e-10
22940 -6.86137e-10
22950 -9.11371e-10
22960 -1.2086e-09
22970 -1.60017e-09
22980 -2.11519e-09
22990 -2.79142e-09
23000 -3.6779e-09
23010 -4.83803e-09
23020 -6.35375e-09
23030 -8.33075e-09
23040 -1.09051e-08
23050 -1.42517e-08
23060 -1.85949e-08
23070 -2.42219e-08
23080 -3.15e-08
23090 -4.08978e-08
23100 -5.30119e-08
23110 -6.86011e-08
23120 -8.86282e-08
23130 -1.14313e-07
23140 -1.47196e-07
23150 -1.89225e-07
23160 -2.42851e-07
23170 -3.11155e-07
23180 -3.98006e-07
23190 -5.0825e-07
23200 -6.47945e-07
23210 -8.24653e-07
23220 -1.04779e-06
23230 -1.32907e-06
23240 -1.68303e-06
23250 -2.12765e-06
23260 -2.68519e-06
23270 -3.3831e-06
23280 -4.25517e-06
23290 -5.34296e-06
23300 -6.69743e-06
23310 -8.38095e-06
23320 -1.04698e-05
23330 -1.30568e-05
23340 -1.62552e-05
23350 -2.02024e-05
23360 -2.50649e-05
23370 -3.10442e-05
23380 -3.83836e-05
23390 -4.73761e-05
23400 -5.83742e-05
23410 -7.18006e-05
23420 -8.81618e-05
23430 -0.000108063
23440 -0.000132225
23450 -0.000161507
23460 -0.000196929
23470 -0.000239698
23480 -0.000291243
23490 -0.00035325
23500 -0.000427703
23510 -0.000516933
23520 -0.000623673
23530 -0.000751118
23540 -0.000902999
23550 -0.00108366
23560 -0.00129814
23570 -0.0015523
23580 -0.00185289
23590 -0.00220773
23600 -0.00262578
23610 -0.00311738
23620 -0.00369432
23630 -0.00437013
23640 -0.0051602
23650 -0.00608205
23660 -0.00715553
23670 -0.00840314
23680 -0.00985025
23690 -0.0115254
23700 -0.0134608
23710 -0.0156922
23720 -0.0182599
23730 -0.0212084
23740 -0.0245876
23750 -0.0284523
23760 -0.0328634
23770 -0.0378876
23780 -0.0435986
23790 -0.0500766
23800 -0.0574094
23810 -0.0656925
23820 -0.0750293
23830 -0.0855315
23840 -0.0973196
23850 -0.110523
23860 -0.125279
23870 -0.141735
23880 -0.160048
23890 -0.180381
23900 -0.202909
23910 -0.227812
23920 -0.255279
23930 -0.285507
23940 -0.318698
23950 -0.355059
23960 -0.3948
23970 -0.438136
23980 -0.485281
23990 -0.536449
24000 -0.591851
24010 -0.651693
24020 -0.716174
24030 -0.785482
24040 -0.859795
24050 -0.939273
24060 -1.02406
24070 -1.11428
24080 -1.21002
24090 -1.31137
24100 -1.41835
24110 -1.53098
24120 -1.64922
24130 -1.773
24140 -1.90221
24150 -2.03669
24160 -2.17624
24170 -2.32061
24180 -2.4695
24190 -2.62254
24200 -2.77935
24210 -2.93945
24220 -3.10236
24230 -3.26751
24240 -3.43429
24250 -3.60208
24260 -3.77017
24270 -3.93784
24280 -4.10433
24290 -4.26886
24300 -4.43061
24310 -4.58875
24320 -4.74246
24330 -4.89088
24340 -5.03318
24350 -5.16855
24360 -5.29616
24370 -5.41525
24380 -5.52507
24390 -5.62492
24400 -5.71415
24410 -5.79217
24420 -5.85843
24430 -5.9125
24440 -5.95396
24450 -5.98252
24460 -5.99795
24470 -6.0001
24480 -5.98893
24490 -5.96447
24500 -5.92684
24510 -5.87626
24520 -5.81301
24530 -5.73749
24540 -5.65015
24550 -5.55153
24560 -5.44222
24570 -5.3229
24580 -5.19427
24590 -5.05712
24600 -4.91226
24610 -4.76052
24620 -4.60279
24630 -4.43993
24640 -4.27285
24650 -4.10244
24660 -3.92958
24670 -3.75514
24680 -3.57997
24690 -3.40488
24700 -3.23066
24710 -3.05803
24720 -2.88771
24730 -2.72032
24740 -2.55646
24750 -2.39666
24760 -2.24139
24770 -2.09109
24780 -1.94609
24790 -1.80672
24800 -1.67319
24810 -1.54571
24820 -1.42441
24830 -1.30936
24840 -1.2006
24850 -1.09812
24860 -1.00186
24870 -0.911738
24880 -0.82762
24890 -0.749355
24900 -0.676761
24910 -0.609635
24920 -0.547756
24930 -0.490889
24940 -0.438787
24950 -0.391196
24960 -0.347857
24970 -0.308509
24980 -0.272894
24990 -0.240752
25000 -0.211834
25010 -0.185894
25020 -0.162694
25030 -0.142009
25040 -0.123619
25050 -0.10732
25060 -0.0929178
25070 -0.0802288
25080 -0.0690831
25090 -0.0593224
25100 -0.0508003
25110 -0.0433819
25120 -0.0369438
25130 -0.0313732
25140 -0.0265678
25150 -0.0224351
25160 -0.0188916
25170 -0.0158626
25180 -0.0132812
25190 -0.011088
25200 -0.00923035
25210 -0.00766167
25220 -0.0063411
25230 -0.00523282
25240 -0.00430559
25250 -0.00353221
25260 -0.00288918
25270 -0.00235618
25280 -0.00191577
25290 -0.001553
25300 -0.00125513
25310 -0.00101132
25320 -0.000812383
25330 -0.000650586
25340 -0.00051941
25350 -0.000413402
25360 -0.000328007
25370 -0.00025944
25380 -0.000204562
25390 -0.000160784
25400 -0.000125975
25410 -9.83871e-05
25420 -7.6595e-05
25430 -5.94378e-05
25440 -4.59745e-05
25450 -3.54452e-05
25460 -2.72381e-05
25470 -2.08624e-05
25480 -1.59263e-05
25490 -1.21178e-05
25500 -9.18914e-06
25510 -6.9449e-06
25520 -5.23104e-06
25530 -3.92675e-06
25540 -2.93759e-06
25550 -2.19006e-06
25560 -1.62711e-06
25570 -1.20466e-06
25580 -8.88782e-07
25590 -6.53424e-07
25600 -4.78692e-07
25610 -3.49438e-07
25620 -2.54172e-07
25630 -1.84212e-07
25640 -1.33025e-07
25650 -9.57111e-08
25660 -6.86115e-08
25670 -4.90034e-08
25680 -3.48691e-08
25690 -2.47189e-08
25700 -1.74575e-08
25710 -1.22826e-08
25720 -8.60874e-09
25730 -6.01066e-09
25740 -4.18047e-09
25750 -2.89626e-09
25760 -1.99872e-09
25770 -1.37389e-09
25780 -9.4066e-10
25790 -6.41471e-10
25800 -4.35676e-10
25810 -2.9473e-10
25820 -1.98569e-10
25830 -1.33231e-10
25840 -8.90302e-11
25850 -5.92479e-11
25860 -3.92632e-11
25870 -2.59135e-11
25880 -1.70289e-11
25890 -1.11423e-11
25900 -7.2863e-12
25910 -4.73729e-12
25920 -3.06691e-12
25930 -1.96977e-12
25940 -1.26831e-12
25950 -8.06056e-13
25960 -5.19442e-13
25970 -3.40364e-13
25980 -2.11781e-13
25990 -1.40069e-13
26000 -8.53372e-14
26010 -5.60841e-14
26020 -3.9768e-14
26030 -4.13399e-14
26040 -2.64448e-14
26050 -1.54598e-14
26060 -1.43491e-14
26070 -1.22952e-14
26080 -1.77291e-14
26090 -6.3712e-15
26100 -1.20096e-14
26110 -1.21226e-14
26120 -4.44989e-15
26130 -3.48185e-15
26140 5.59499e-15
26150 -1.09403e-14
26160 5.73703e-15
26170 9.81613e-15
26180 1.54719e-14
26190 1.1182e-14
26200 5.88475e-15
26210 3.49153e-15
26220 -7.66226e-15
26230 7.63315e-15
26240 1.99037e-14
26250 1.15498e-14
26260 7.37205e-15
26270 6.18139e-15
26280 5.66752e-15
26290 1.13391e-14
26300 7.3693e-15
26310 6.69317e-15
26320 -3.02547e-16
26330 -8.22436e-16
26340 -4.47342e-16
26350 1.88503e-15
26360 2.9404e-15
26370 1.48329e-15
26380 -4.80443e-15
26390 4.39278e-15
26400 4.5894e-16
26410 1.17269e-15
26420 1.3468e-15
26430 1.16995e-14
26440 1.21936e-14
26450 2.22521e-14
26460 1.56129e-14
26470 1.64613e-15
26480 6.85278e-15
26490 1.67213e-14
26500 1.87305e-14
26510 1.65842e-14
26520 1.38189e-14
26530 1.51878e-14
26540 1.57544e-14
26550 1.46299e-14
26560 2.43049e-14
26570 2.67533e-14
26580 2.71335e-14
26590 3.58246e-14
26600 2.00834e-14
26610 2.51268e-14
26620 2.5325e-14
26630 3.12714e-14
26640 4.34191e-14
26650 3.63795e-14
26660 3.53056e-14
26670 3.4282e-14
26680 2.40474e-14
26690 1.18758e-14
26700 3.07452e-14
26710 3.43691e-14
26720 5.77964e-14
26730 6.00571e-14
26740 5.44082e-14
26750 6.397e-14
26760 5.37334e-14
26770 6.21218e-14
26780 7.12886e-14
26790 6.84797e-14
26800 5.15042e-14
26810 5.55044e-14
26820 5.8591e-14
26830 4.61578e-14
26840 5.36262e-14
26850 5.40817e-14
26860 4.95653e-14
26870 4.7168e-14
26880 3.27901e-14
26890 3.84316e-14
26900 4.08965e-14
26910 3.59592e-14
26920 3.99019e-14
26930 4.32032e-14
26940 4.50102e-14
26950 4.00865e-14
26960 4.41468e-14
26970 4.7501e-14
26980 3.3416e-14
26990 5.83988e-14
27000 6.44398e-14
27010 6.54881e-14
27020 5.16472e-14
27030 4.97589e-14
27040 5.27253e-14
27050 6.08771e-14
27060 6.27185e-14
27070 6.39902e-14
27080 6.19941e-14
27090 6.06954e-14
27100 6.55333e-14
27110 6.73158e-14
27120 6.4396e-14
27130 5.55979e-14
27140 5.43942e-14
27150 6.06844e-14
27160 6.44729e-14
27170 6.28682e-14
27180 5.25198e-14
27190 4.72404e-14
27200 6.43995e-14
27210 5.32074e-14
27220 5.32189e-14
27230 6.68049e-14
27240 6.3941e-14
27250 6.78682e-14
27260 6.19856e-14
27270 5.70546e-14
27280 6.16156e-14
27290 6.35607e-14
27300 4.92603e-14
27310 4.95807e-14
27320 5.73087e-14
27330 5.3712e-14
27340 5.38375e-14
27350 4.20907e-14
27360 4.29451e-14
27370 4.96177e-14
27380 4.25238e-14
27390 3.90766e-14
27400 4.48021e-14
27410 3.11964e-14
27420 4.08807e-14
27430 4.35676e-14
27440 4.82258e-14
27450 4.22436e-14
27460 3.70856e-14
27470 3.05046e-14
27480 3.03203e-14
27490 3.66424e-14
27500 3.82131e-14
27510 3.34326e-14
27520 4.60461e-14
27530 4.02597e-14
27540 4.61896e-14
27550 5.72853e-14
27560 5.59909e-14
27570 5.6834e-14
27580 5.08498e-14
27590 5.31977e-14
27600 3.97117e-14
27610 5.88572e-14
27620 5.7202e-14
27630 4.50632e-14
27640 5.02597e-14
27650 4.51516e-14
27660 5.04775e-14
27670 3.70113e-14
27680 3.56717e-14
27690 5.08625e-14
27700 4.98508e-14
27710 5.4013e-14
27720 6.56212e-14
27730 6.59009e-14
27740 7.95523e-14
27750 9.04649e-14
27760 9.22377e-14
27770 8.30867e-14
27780 5.79872e-14
27790 7.44816e-14
27800 7.25818e-14
27810 6.54034e-14
27820 6.72834e-14
27830 7.80142e-14
27840 7.02963e-14
27850 6.42867e-14
27860 6.31616e-14
27870 6.46431e-14
27880 7.02721e-14
27890 7.22684e-14
27900 6.39512e-14
27910 7.17745e-14
27920 7.83683e-14
27930 8.63543e-14
27940 8.45902e-14
27950 7.80893e-14
27960 6.80615e-14
27970 6.50056e-14
27980 6.49413e-14
27990 6.66541e-14
28000 7.1345e-14
28010 6.61573e-14
28020 5.95063e-14
28030 5.79248e-14
28040 6.24852e-14
28050 5.77812e-14
28060 6.4378e-14
28070 5.3116e-14
28080 4.84321e-14
28090 5.18481e-14
28100 6.12135e-14
28110 6.12416e-14
28120 4.91812e-14
28130 5.91506e-14
28140 5.74764e-14
28150 5.15171e-14
28160 5.63428e-14
28170 3.45027e-14
28180 3.90065e-14
28190 3.28371e-14
28200 3.14037e-14
28210 4.08428e-14
28220 2.936e-14
28230 1.5629e-14
28240 2.0117e-14
28250 2.26412e-14
28260 2.7387e-14
28270 4.41503e-14
28280 3.72846e-14
28290 3.40237e-14
28300 3.73192e-14
28310 4.12718e-14
28320 4.63665e-14
28330 3.53051e-14
28340 3.3506e-14
28350 3.10089e-14
28360 3.28559e-14
28370 4.93636e-14
28380 5.23143e-14
28390 4.20739e-14
28400 4.34536e-14
28410 3.61732e-14
28420 3.30529e-14
28430 2.99626e-14
28440 3.33608e-14
28450 3.93986e-14
28460 4.81878e-14
28470 5.23446e-14
28480 4.64219e-14
28490 4.03064e-14
28500 5.04602e-14
28510 4.39422e-14
28520 4.18164e-14
28530 4.47718e-14
28540 5.29148e-14
28550 6.13635e-14
28560 6.22141e-14
28570 6.80933e-14
28580 5.57584e-14
28590 5.99492e-14
28600 6.75733e-14
28610 5.65895e-14
28620 4.91294e-14
28630 5.78029e-14
28640 4.79305e-14
28650 5.12207e-14
28660 6.64608e-14
28670 6.49388e-14
28680 6.10841e-14
28690 4.84693e-14
28700 4.30777e-14
28710 4.10727e-14
28720 4.26533e-14
28730 5.89203e-14
28740 4.48527e-14
28750 4.66592e-14
28760 4.99804e-14
28770 4.79782e-14
28780 3.60421e-14
28790 3.19638e-14
28800 4.27583e-14
28810 4.80061e-14
28820 4.4919e-14
28830 3.45124e-14
28840 3.31048e-14
28850 4.18732e-14
28860 4.0455e-14
28870 3.91559e-14
28880 3.22507e-14
28890 3.43149e-14
28900 3.77917e-14
28910 3.88014e-14
28920 4.21706e-14
28930 4.93061e-14
28940 4.40509e-14
28950 4.77803e-14
28960 4.71715e-14
28970 4.14107e-14
28980 4.1885e-14
28990 4.84994e-14
29000 4.7727e-14
29010 3.87754e-14
29020 4.25383e-14
29030 3.66566e-14
29040 4.15371e-14
29050 4.59358e-14
29060 3.03979e-14
29070 3.76815e-14
29080 2.78533e-14
29090 2.26861e-14
29100 2.65266e-14
29110 2.90531e-14
29120 1.89712e-14
29130 1.66247e-14
29140 2.4227e-14
29150 2.3838e-14
29160 2.00586e-14
29170 1.13088e-14
29180 1.25849e-14
29190 1.97448e-14
29200 1.13678e-14
29210 2.16456e-14
29220 1.64297e-14
29230 1.19599e-14
29240 1.82566e-14
29250 1.14832e-14
29260 1.86103e-14
29270 2.08997e-14
29280 2.20926e-14
29290 2.02319e-14
29300 2.03795e-14
29310 1.78395e-14
29320 6.84603e-15
29330 1.32211e-15
29340 -7.10599e-15
29350 -6.76048e-15
29360 -3.19268e-15
29370 -4.98349e-15
29380 -1.38794e-14
29390 -1.27635e-14
29400 -1.69631e-14
29410 -5.29566e-15
29420 2.60206e-17
29430 7.06763e-15
29440 -1.02828e-15
29450 -6.26756e-15
29460 -9.43504e-15
29470 -4.05232e-15
29480 1.49987e-15
29490 -6.07977e-15
29500 -1.06772e-14
29510 -6.00626e-15
29520 -1.89581e-14
29530 -1.78275e-14
29540 -1.87709e-14
29550 -2.69929e-14
29560 -2.15243e-14
29570 -2.6644e-14
29580 -2.29107e-14
29590 -2.66897e-14
29600 -1.15681e-14
29610 -1.44738e-14
29620 -1.18967e-14
29630 5.46787e-16
29640 -8.99245e-16
29650 8.77744e-16
29660 -2.01639e-15
29670 7.72813e-15
29680 -2.59282e-15
29690 1.26598e-14
29700 4.8365e-15
29710 8.76709e-15
29720 3.48595e-15
29730 2.21432e-15
29740 -4.26504e-15
29750 -2.68617e-16
29760 2.22237e-15
29770 5.72749e-15
29780 -2.95817e-15
29790 -1.11844e-16
29800 2.60904e-15
29810 5.93538e-15
29820 6.15611e-15
29830 8.55118e-15
29840 3.19174e-15
29850 1.23858e-15
29860 8.20336e-15
29870 6.81122e-15
29880 -1.49625e-15
29890 -4.21128e-15
29900 -9.45686e-16
29910 4.32931e-15
29920 2.21366e-14
29930 1.37268e-14
29940 3.21686e-15
29950 6.07435e-15
29960 5.62674e-15
29970 -6.70508e-15
29980 0
