-20 0
0 2.92874e-12
20 -3.45999e-13
40 -2.96802e-12
60 6.97774e-13
80 3.05767e-12
100 -1.11064e-12
120 -3.15119e-12
140 1.53701e-12
160 3.29169e-12
180 -2.06978e-12
200 -3.38845e-12
220 2.60297e-12
240 3.49776e-12
260 -3.28555e-12
280 -3.53986e-12
300 3.87924e-12
320 3.47855e-12
340 -4.74795e-12
360 -3.53085e-12
380 5.07625e-12
400 2.83762e-12
420 -6.61915e-12
440 -3.82834e-12
460 5.00574e-12
480 1.42235e-13
500 -1.06479e-11
520 -7.66473e-12
540 -1.58816e-12
560 -1.17581e-11
580 -2.72238e-11
600 -3.12759e-11
620 -3.86481e-11
640 -6.68538e-11
660 -1.05764e-10
680 -1.46814e-10
700 -2.09041e-10
720 -3.10509e-10
740 -4.52123e-10
760 -6.4358e-10
780 -9.14929e-10
800 -1.29893e-09
820 -1.83163e-09
840 -2.56595e-09
860 -3.57112e-09
880 -4.93776e-09
900 -6.7931e-09
920 -9.29669e-09
940 -1.26371e-08
960 -1.70673e-08
980 -2.29284e-08
1000 -3.06309e-08
1020 -4.06624e-08
1040 -5.36498e-08
1060 -7.03849e-08
1080 -9.18049e-08
1100 -1.19019e-07
1120 -1.53379e-07
1140 -1.96501e-07
1160 -2.50259e-07
1180 -3.16823e-07
1200 -3.98699e-07
1220 -4.98741e-07
1240 -6.20152e-07
1260 -7.66491e-07
1280 -9.41651e-07
1300 -1.14982e-06
1320 -1.39546e-06
1340 -1.68324e-06
1360 -2.01785e-06
1380 -2.40397e-06
1400 -2.84607e-06
1420 -3.34824e-06
1440 -3.91395e-06
1460 -4.54577e-06
1480 -5.24519e-06
1500 -6.01227e-06
1520 -6.84533e-06
1540 -7.74069e-06
1560 -8.69235e-06
1580 -9.69173e-06
1600 -1.07275e-05
1620 -1.17854e-05
1640 -1.2848e-05
1660 -1.38951e-05
1680 -1.49033e-05
1700 -1.58467e-05
1720 -1.66971e-05
1740 -1.74242e-05
1760 -1.79968e-05
1780 -1.83831e-05
1800 -1.85516e-05
1820 -1.84722e-05
1840 -1.81174e-05
1860 -1.74628e-05
1880 -1.64887e-05
1900 -1.5181e-05
1920 -1.3532e-05
1940 -1.15414e-05
1960 -9.21683e-06
1980 -6.57439e-06
2000 -3.63887e-06
2020 -4.43676e-07
2040 2.96951e-06
2060 6.55137e-06
2080 1.02458e-05
2100 1.3991e-05
2120 1.77212e-05
2140 2.13679e-05
2160 2.48618e-05
2180 2.81347e-05
2200 3.11212e-05
2220 3.37607e-05
2240 3.59991e-05
2260 3.77902e-05
2280 3.90973e-05
2300 3.9894e-05
2320 4.0165e-05
2340 3.99067e-05
2360 3.9127e-05
2380 3.78451e-05
2400 3.60907e-05
2420 3.39034e-05
2440 3.13311e-05
2460 2.84288e-05
2480 2.52565e-05
2500 2.18784e-05
2520 1.836e-05
2540 1.47674e-05
2560 1.11647e-05
2580 7.61324e-06
2600 4.16971e-06
2620 8.85183e-07
2640 -2.19582e-06
2660 -5.03603e-06
2680 -7.60582e-06
2700 -9.88334e-06
2720 -1.18545e-05
2740 -1.35127e-05
2760 -1.48584e-05
2780 -1.58981e-05
2800 -1.66441e-05
2820 -1.71135e-05
2840 -1.73271e-05
2860 -1.73086e-05
2880 -1.7084e-05
2900 -1.66803e-05
2920 -1.61249e-05
2940 -1.54451e-05
2960 -1.4667e-05
2980 -1.38156e-05
3000 -1.29139e-05
3020 -1.19829e-05
3040 -1.10412e-05
3060 -1.0105e-05
3080 -9.18802e-06
3100 -8.30163e-06
3120 -7.45487e-06
3140 -6.6546e-06
3160 -5.90572e-06
3180 -5.21134e-06
3200 -4.57302e-06
3220 -3.99098e-06
3240 -3.46434e-06
3260 -2.99135e-06
3280 -2.56952e-06
3300 -2.1959e-06
3320 -1.86716e-06
3340 -1.57972e-06
3360 -1.32996e-06
3380 -1.11425e-06
3400 -9.29021e-07
3420 -7.70897e-07
3440 -6.36679e-07
3460 -5.23377e-07
3480 -4.28252e-07
3500 -3.48816e-07
3520 -2.82816e-07
3540 -2.28263e-07
3560 -1.83405e-07
3580 -1.46701e-07
3600 -1.16821e-07
3620 -9.26288e-08
3640 -7.31286e-08
3660 -5.74867e-08
3680 -4.50015e-08
3700 -3.50737e-08
3720 -2.72112e-08
3740 -2.10211e-08
3760 -1.6164e-08
3780 -1.23728e-08
3800 -9.43753e-09
3820 -7.17168e-09
3840 -5.43022e-09
3860 -4.10361e-09
3880 -3.09069e-09
3900 -2.31425e-09
3920 -1.72825e-09
3940 -1.27854e-09
3960 -9.34216e-10
3980 -6.78032e-10
4000 -4.86255e-10
4020 -3.4186e-10
4040 -2.44676e-10
4060 -1.75905e-10
4080 -1.27568e-10
4100 -1.01841e-10
4120 -8.44696e-11
4140 -7.15668e-11
4160 -6.72556e-11
4180 -6.27439e-11
4200 -5.43441e-11
4220 -5.25117e-11
4240 -4.54039e-11
4260 -3.63463e-11
4280 -3.08958e-11
4300 -2.18546e-11
4320 -8.42318e-12
4340 1.89652e-12
4360 2.1284e-11
4380 5.09376e-11
4400 8.91898e-11
4420 1.56551e-10
4440 2.62288e-10
4460 4.26415e-10
4480 6.92593e-10
4500 1.1157e-09
4520 1.77608e-09
4540 2.82096e-09
4560 4.44775e-09
4580 6.96706e-09
4600 1.08575e-08
4620 1.68166e-08
4640 2.58914e-08
4660 3.96399e-08
4680 6.03343e-08
4700 9.13003e-08
4720 1.37379e-07
4740 2.05525e-07
4760 3.0573e-07
4780 4.52224e-07
4800 6.65136e-07
4820 9.72798e-07
4840 1.41482e-06
4860 2.04623e-06
4880 2.943e-06
4900 4.20941e-06
4920 5.9876e-06
4940 8.47024e-06
4960 1.19168e-05
4980 1.66745e-05
5000 2.32051e-05
5020 3.21189e-05
5040 4.42175e-05
5060 6.05468e-05
5080 8.24635e-05
5100 0.000111715
5120 0.00015054
5140 0.000201786
5160 0.000269051
5180 0.000356856
5200 0.00047084
5220 0.000617993
5240 0.000806922
5260 0.00104816
5280 0.00135448
5300 0.00174133
5320 0.0022272
5340 0.00283409
5360 0.003588
5380 0.00451942
5400 0.00566384
5420 0.00706229
5440 0.00876181
5460 0.0108159
5480 0.0132849
5500 0.0162364
5520 0.0197452
5540 0.0238937
5560 0.0287713
5580 0.0344745
5600 0.0411061
5620 0.0487742
5640 0.0575912
5660 0.0676723
5680 0.0791337
5700 0.0920903
5720 0.106653
5740 0.122928
5760 0.141009
5780 0.16098
5800 0.182906
5820 0.206835
5840 0.232792
5860 0.260773
5880 0.290746
5900 0.322649
5920 0.356382
5940 0.391812
5960 0.428765
5980 0.467035
6000 0.506374
6020 0.546503
6040 0.587107
6060 0.627843
6080 0.668345
6100 0.708225
6120 0.747081
6140 0.784504
6160 0.820087
6180 0.853428
6200 0.88414
6220 0.91186
6240 0.936252
6260 0.957019
6280 0.973904
6300 0.986701
6320 0.995251
6340 0.999454
6360 0.999267
6380 0.994702
6400 0.985832
6420 0.972781
6440 0.955729
6460 0.934904
6480 0.910576
6500 0.883054
6520 0.852677
6540 0.81981
6560 0.784833
6580 0.748138
6600 0.710118
6620 0.671164
6640 0.631655
6660 0.591957
6680 0.552411
6700 0.513335
6720 0.475019
6740 0.43772
6760 0.401663
6780 0.367037
6800 0.334001
6820 0.302675
6840 0.27315
6860 0.245487
6880 0.219714
6900 0.195838
6920 0.17384
6940 0.15368
6960 0.135303
6980 0.118637
7000 0.1036
7020 0.0901021
7040 0.078045
7060 0.0673279
7080 0.057848
7100 0.0495028
7120 0.0421912
7140 0.0358153
7160 0.0302813
7180 0.0255001
7200 0.0213883
7220 0.0178682
7240 0.0148681
7260 0.0123228
7280 0.0101729
7300 0.00836488
7320 0.00685116
7340 0.00558932
7360 0.00454201
7380 0.0036765
7400 0.0029643
7420 0.00238075
7440 0.00190464
7460 0.00151783
7480 0.00120489
7500 0.000952772
7520 0.000750502
7540 0.000588896
7560 0.000460312
7580 0.000358424
7600 0.000278019
7620 0.000214827
7640 0.000165365
7660 0.000126806
7680 9.68689e-05
7700 7.37186e-05
7720 5.58884e-05
7740 4.22106e-05
7760 3.176e-05
7780 2.38067e-05
7800 1.7778e-05
7820 1.32261e-05
7840 9.80288e-06
7860 7.23848e-06
7880 5.32496e-06
7900 3.90269e-06
7920 2.84967e-06
7940 2.07304e-06
7960 1.50248e-06
7980 1.08492e-06
8000 7.80521e-07
8020 5.59453e-07
8040 3.99521e-07
8060 2.84264e-07
8080 2.01511e-07
8100 1.42329e-07
8120 1.00159e-07
8140 7.0225e-08
8160 4.90611e-08
8180 3.41462e-08
8200 2.36833e-08
8220 1.63646e-08
8240 1.12664e-08
8260 7.73063e-09
8280 5.28235e-09
8300 3.59899e-09
8320 2.44202e-09
8340 1.65082e-09
8360 1.11304e-09
8380 7.46715e-10
8400 4.99461e-10
8420 3.33513e-10
8440 2.20814e-10
8460 1.46411e-10
8480 9.70998e-11
8500 6.24644e-11
8520 4.25965e-11
8540 2.64632e-11
8560 1.75088e-11
8580 1.23758e-11
8600 5.84813e-12
8620 6.3106e-12
8640 2.01829e-12
8660 2.0072e-12
8680 2.20062e-12
8700 -8.97898e-13
8720 2.31443e-12
8740 -1.01095e-12
8760 5.65006e-13
8780 8.10402e-13
8800 -1.40802e-12
8820 1.78541e-12
8840 -1.36669e-12
8860 6.23782e-13
8880 3.39014e-13
8900 -1.06641e-12
8920 1.39385e-12
8940 -1.20768e-12
8960 6.52052e-13
8980 5.16443e-14
9000 -6.32097e-13
9020 9.09598e-13
9040 -8.29038e-13
9060 4.79717e-13
9080 -3.9992e-14
9100 -3.10323e-13
9120 4.51856e-13
9140 -3.69537e-13
9160 1.52833e-13
9180 7.0985e-14
9200 -1.80388e-13
9220 1.30704e-13
9240 4.15355e-14
9260 -2.33866e-13
9280 3.26144e-13
9300 -2.48043e-13
9320 6.99221e-16
9340 3.19108e-13
9360 -5.79884e-13
9380 6.45292e-13
9400 -4.61755e-13
9420 5.77849e-14
9440 4.23075e-13
9460 -8.12375e-13
9480 9.4631e-13
9500 -7.50129e-13
9520 2.65035e-13
9540 3.53548e-13
9560 -8.95956e-13
9580 1.16084e-12
9600 -1.04098e-12
9620 5.54693e-13
9640 1.46056e-13
9660 -8.26587e-13
9680 1.25632e-12
9700 -1.27329e-12
9720 8.65685e-13
9740 -1.50266e-13
9760 -6.28074e-13
9780 1.21987e-12
9800 -1.41129e-12
9820 1.14279e-12
9840 -4.84154e-13
9860 -3.37321e-13
9880 1.05981e-12
9900 -1.43484e-12
9920 1.34087e-12
9940 -8.02267e-13
9960 0
