-10 0
0 -1.60909e-14
10 -7.41927e-16
20 6.46188e-15
30 1.40817e-14
40 3.47214e-15
50 7.30523e-15
60 3.51685e-16
70 1.16463e-14
80 -8.06988e-16
90 3.90737e-15
100 1.918e-15
110 5.48844e-16
120 -5.46845e-15
130 1.95455e-15
140 -7.42514e-15
150 -3.63798e-14
160 -5.13402e-14
170 -4.23609e-14
180 -6.12681e-14
190 -7.1749e-14
200 -8.43575e-14
210 -7.88326e-14
220 -9.92672e-14
230 -9.79591e-14
240 -1.09087e-13
250 -1.14317e-13
260 -1.17467e-13
270 -1.43474e-13
280 -1.4073e-13
290 -1.34508e-13
300 -1.09634e-13
310 -1.25142e-13
320 -1.10261e-13
330 -1.02567e-13
340 -9.67056e-14
350 -1.0779e-13
360 -1.17797e-13
370 -1.07749e-13
380 -1.08096e-13
390 -1.21693e-13
400 -1.15508e-13
410 -1.23804e-13
420 -1.21575e-13
430 -1.2073e-13
440 -1.12185e-13
450 -9.41088e-14
460 -1.14377e-13
470 -9.3486e-14
480 -8.6221e-14
490 -9.50159e-14
500 -1.00859e-13
510 -7.62771e-14
520 -6.54658e-14
530 -7.50554e-14
540 -7.52293e-14
550 -5.64572e-14
560 -8.09022e-14
570 -8.93466e-14
580 -9.84479e-14
590 -1.10246e-13
600 -1.22224e-13
610 -1.35387e-13
620 -1.19918e-13
630 -1.1841e-13
640 -1.34363e-13
650 -1.30602e-13
660 -1.12066e-13
670 -1.03264e-13
680 -1.05847e-13
690 -1.00674e-13
700 -1.01089e-13
710 -9.40933e-14
720 -8.67642e-14
730 -7.96632e-14
740 -7.12984e-14
750 -8.41932e-14
760 -9.87901e-14
770 -8.47905e-14
780 -9.68976e-14
790 -9.57761e-14
800 -9.55504e-14
810 -1.15453e-13
820 -1.13105e-13
830 -7.99027e-14
840 -8.43405e-14
850 -8.39454e-14
860 -1.08305e-13
870 -9.75133e-14
880 -7.29089e-14
890 -8.27755e-14
900 -6.27444e-14
910 -7.02481e-14
920 -8.56329e-14
930 -7.58437e-14
940 -1.01546e-13
950 -1.03093e-13
960 -1.04631e-13
970 -1.37093e-13
980 -1.26663e-13
990 -1.48891e-13
1000 -1.37701e-13
1010 -1.45294e-13
1020 -1.30124e-13
1030 -1.17186e-13
1040 -1.35158e-13
1050 -1.2797e-13
1060 -1.39606e-13
1070 -1.40367e-13
1080 -1.24198e-13
1090 -1.40041e-13
1100 -1.22177e-13
1110 -1.40093e-13
1120 -1.37777e-13
1130 -1.50972e-13
1140 -1.34221e-13
1150 -1.25105e-13
1160 -1.56509e-13
1170 -1.50049e-13
1180 -1.47824e-13
1190 -1.47278e-13
1200 -1.75018e-13
1210 -1.46961e-13
1220 -1.47303e-13
1230 -1.62626e-13
1240 -1.61901e-13
1250 -1.58742e-13
1260 -1.58247e-13
1270 -1.63873e-13
1280 -1.63017e-13
1290 -1.58956e-13
1300 -1.5433e-13
1310 -1.77385e-13
1320 -1.57042e-13
1330 -1.55774e-13
1340 -1.77506e-13
1350 -1.78138e-13
1360 -1.85203e-13
1370 -1.8594e-13
1380 -2.06881e-13
1390 -2.02857e-13
1400 -1.85875e-13
1410 -2.18036e-13
1420 -2.20631e-13
1430 -2.19751e-13
1440 -2.09721e-13
1450 -2.42887e-13
1460 -2.45935e-13
1470 -3.14936e-13
1480 -3.83866e-13
1490 -4.54185e-13
1500 -5.86775e-13
1510 -7.9551e-13
1520 -1.10467e-12
1530 -1.59092e-12
1540 -2.30452e-12
1550 -3.33344e-12
1560 -4.92232e-12
1570 -7.28825e-12
1580 -1.07664e-11
1590 -1.59666e-11
1600 -2.36398e-11
1610 -3.4988e-11
1620 -5.17169e-11
1630 -7.62493e-11
1640 -1.12167e-10
1650 -1.64595e-10
1660 -2.40913e-10
1670 -3.51674e-10
1680 -5.12005e-10
1690 -7.43405e-10
1700 -1.0765e-09
1710 -1.55453e-09
1720 -2.23872e-09
1730 -3.21517e-09
1740 -4.60473e-09
1750 -6.57657e-09
1760 -9.36653e-09
1770 -1.33027e-08
1780 -1.88399e-08
1790 -2.66065e-08
1800 -3.74685e-08
1810 -5.26148e-08
1820 -7.36729e-08
1830 -1.02863e-07
1840 -1.43206e-07
1850 -1.98796e-07
1860 -2.75164e-07
1870 -3.79761e-07
1880 -5.22586e-07
1890 -7.17016e-07
1900 -9.80888e-07
1910 -1.3379e-06
1920 -1.81943e-06
1930 -2.4669e-06
1940 -3.33477e-06
1950 -4.4944e-06
1960 -6.039e-06
1970 -8.08983e-06
1980 -1.08041e-05
1990 -1.43851e-05
2000 -1.9094e-05
2010 -2.52663e-05
2020 -3.33303e-05
2030 -4.38312e-05
2040 -5.74603e-05
2050 -7.5091e-05
2060 -9.7822e-05
2070 -0.00012703
2080 -0.000164435
2090 -0.000212174
2100 -0.000272893
2110 -0.000349855
2120 -0.000447069
2130 -0.000569435
2140 -0.00072292
2150 -0.000914756
2160 -0.00115367
2170 -0.00145016
2180 -0.00181675
2190 -0.00226838
2200 -0.00282274
2210 -0.00350066
2220 -0.0043266
2230 -0.0053291
2240 -0.00654128
2250 -0.0080014
2260 -0.00975338
2270 -0.0118474
2280 -0.0143403
2290 -0.0172963
2300 -0.0207875
2310 -0.0248939
2320 -0.0297042
2330 -0.0353158
2340 -0.0418345
2350 -0.049375
2360 -0.0580599
2370 -0.0680194
2380 -0.07939
2390 -0.0923137
2400 -0.106936
2410 -0.123403
2420 -0.141862
2430 -0.162453
2440 -0.185313
2450 -0.210565
2460 -0.238318
2470 -0.268662
2480 -0.301665
2490 -0.337363
2500 -0.375763
2510 -0.416831
2520 -0.460494
2530 -0.506631
2540 -0.555073
2550 -0.605601
2560 -0.657939
2570 -0.711759
2580 -0.766681
2590 -0.822273
2600 -0.878053
2610 -0.933499
2620 -0.98805
2630 -1.04112
2640 -1.09209
2650 -1.14036
2660 -1.1853
2670 -1.2263
2680 -1.26281
2690 -1.29427
2700 -1.3202
2710 -1.34018
2720 -1.35387
2730 -1.36099
2740 -1.36138
2750 -1.35496
2760 -1.34175
2770 -1.32188
2780 -1.29558
2790 -1.26317
2800 -1.22507
2810 -1.18176
2820 -1.13382
2830 -1.08186
2840 -1.02657
2850 -0.968628
2860 -0.908761
2870 -0.84768
2880 -0.786085
2890 -0.724646
2900 -0.663994
2910 -0.604708
2920 -0.547305
2930 -0.492237
2940 -0.43988
2950 -0.39054
2960 -0.344444
2970 -0.301747
2980 -0.262534
2990 -0.226825
3000 -0.19458
3010 -0.16571
3020 -0.14008
3030 -0.117519
3040 -0.0978306
3050 -0.080797
3060 -0.0661891
3070 -0.0537725
3080 -0.0433131
3090 -0.034583
3100 -0.0273639
3110 -0.021451
3120 -0.0166548
3130 -0.012803
3140 -0.00974112
3150 -0.00733264
3160 -0.00545853
3170 -0.00401646
3180 -0.00291963
3190 -0.00209536
3200 -0.00148364
3210 -0.00103559
3220 -0.000711912
3230 -0.000481452
3240 -0.00031988
3250 -0.000208456
3260 -0.000132967
3270 -8.28004e-05
3280 -5.01607e-05
3290 -2.942e-05
3300 -1.65892e-05
3310 -8.89511e-06
3320 -4.45063e-06
3330 -2.00087e-06
3340 -7.32667e-07
3350 -1.34324e-07
3360 1.05362e-07
3370 1.67991e-07
3380 1.54126e-07
3390 1.15598e-07
3400 7.63186e-08
3410 4.51996e-08
3420 2.38137e-08
3430 1.06824e-08
3440 3.49066e-09
3450 9.13109e-11
3460 -1.14616e-09
3470 -1.30874e-09
3480 -1.04254e-09
3490 -6.8515e-10
3500 -3.82448e-10
3510 -1.7506e-10
3520 -5.47531e-11
3530 3.00991e-12
3540 2.29871e-11
3550 2.38801e-11
3560 1.75669e-11
3570 1.0359e-11
3580 4.76867e-12
3590 1.29587e-12
3600 -3.90197e-13
3610 -9.79923e-13
3620 -9.77469e-13
3630 -7.75412e-13
3640 -5.51274e-13
3650 -3.5727e-13
3660 -2.67874e-13
3670 -2.45034e-13
3680 -2.41445e-13
3690 -2.5635e-13
3700 -2.54665e-13
3710 -2.57854e-13
3720 -2.61907e-13
3730 -2.5314e-13
3740 -2.59846e-13
3750 -2.69429e-13
3760 -2.69798e-13
3770 -2.57655e-13
3780 -2.63562e-13
3790 -2.60151e-13
3800 -2.76965e-13
3810 -2.71747e-13
3820 -2.95129e-13
3830 -2.63681e-13
3840 -2.72593e-13
3850 -2.7525e-13
3860 -2.56507e-13
3870 -2.77802e-13
3880 -2.81684e-13
3890 -2.88293e-13
3900 -2.62407e-13
3910 -2.65113e-13
3920 -2.71943e-13
3930 -2.54339e-13
3940 -2.72698e-13
3950 -2.80968e-13
3960 -2.9061e-13
3970 -2.88587e-13
3980 -2.8829e-13
3990 -2.86642e-13
4000 -2.92333e-13
4010 -2.84098e-13
4020 -2.72486e-13
4030 -2.79099e-13
4040 -3.06778e-13
4050 -2.82485e-13
4060 -2.74236e-13
4070 -2.73904e-13
4080 -2.7736e-13
4090 -2.92362e-13
4100 -2.66795e-13
4110 -2.57897e-13
4120 -2.84264e-13
4130 -2.85547e-13
4140 -2.84127e-13
4150 -2.91408e-13
4160 -2.91634e-13
4170 -2.87375e-13
4180 -2.95898e-13
4190 -3.06264e-13
4200 -3.21261e-13
4210 -3.31872e-13
4220 -3.21894e-13
4230 -3.17177e-13
4240 -2.87193e-13
4250 -2.90631e-13
4260 -2.91795e-13
4270 -3.03683e-13
4280 -2.7264e-13
4290 -2.51376e-13
4300 -2.72458e-13
4310 -2.70161e-13
4320 -2.80538e-13
4330 -2.63597e-13
4340 -2.83867e-13
4350 -2.98895e-13
4360 -3.14131e-13
4370 -3.08487e-13
4380 -3.17797e-13
4390 -3.09012e-13
4400 -3.07664e-13
4410 -2.91159e-13
4420 -2.97857e-13
4430 -3.11953e-13
4440 -2.99468e-13
4450 -3.36335e-13
4460 -3.31654e-13
4470 -3.22243e-13
4480 -3.34197e-13
4490 -3.31522e-13
4500 -3.26497e-13
4510 -3.30861e-13
4520 -3.29289e-13
4530 -3.3842e-13
4540 -3.44239e-13
4550 -3.18396e-13
4560 -3.11117e-13
4570 -3.27939e-13
4580 -3.3978e-13
4590 -3.53447e-13
4600 -3.17587e-13
4610 -3.24286e-13
4620 -3.21171e-13
4630 -3.31582e-13
4640 -3.40853e-13
4650 -3.23138e-13
4660 -3.1415e-13
4670 -3.2753e-13
4680 -3.28183e-13
4690 -3.42835e-13
4700 -3.32007e-13
4710 -3.24096e-13
4720 -3.16485e-13
4730 -3.2018e-13
4740 -3.25986e-13
4750 -3.0067e-13
4760 -3.07987e-13
4770 -3.11186e-13
4780 -2.93893e-13
4790 -3.00553e-13
4800 -3.05643e-13
4810 -2.94197e-13
4820 -2.65977e-13
4830 -2.61832e-13
4840 -2.75578e-13
4850 -2.79632e-13
4860 -2.52258e-13
4870 -2.43436e-13
4880 -2.51605e-13
4890 -2.55341e-13
4900 -2.71187e-13
4910 -2.58951e-13
4920 -2.54603e-13
4930 -2.31304e-13
4940 -2.5205e-13
4950 -2.37633e-13
4960 -2.25652e-13
4970 -2.37046e-13
4980 -2.11956e-13
4990 -2.26855e-13
5000 -2.24949e-13
5010 -2.28195e-13
5020 -2.07445e-13
5030 -2.07136e-13
5040 -2.06488e-13
5050 -1.83463e-13
5060 -1.97392e-13
5070 -1.83805e-13
5080 -1.80736e-13
5090 -1.77818e-13
5100 -1.6727e-13
5110 -1.54233e-13
5120 -1.45202e-13
5130 -1.51181e-13
5140 -1.66689e-13
5150 -1.71385e-13
5160 -1.39836e-13
5170 -1.49905e-13
5180 -1.38126e-13
5190 -1.46709e-13
5200 -1.38793e-13
5210 -1.17901e-13
5220 -1.26831e-13
5230 -1.16234e-13
5240 -1.06616e-13
5250 -1.09156e-13
5260 -9.23413e-14
5270 -8.48145e-14
5280 -6.85651e-14
5290 -7.68777e-14
5300 -8.77523e-14
5310 -7.31054e-14
5320 -6.96902e-14
5330 -7.2169e-14
5340 -6.63026e-14
5350 -5.36251e-14
5360 -6.68584e-14
5370 -5.39117e-14
5380 -5.32946e-14
5390 -5.22944e-14
5400 -6.56416e-14
5410 -6.77487e-14
5420 -7.30024e-14
5430 -7.30927e-14
5440 -8.275e-14
5450 -5.93805e-14
5460 -7.9498e-14
5470 -6.12613e-14
5480 -7.63806e-14
5490 -6.32328e-14
5500 -7.29265e-14
5510 -6.53947e-14
5520 -5.48455e-14
5530 -5.50824e-14
5540 -6.3196e-14
5550 -7.61286e-14
5560 -7.03911e-14
5570 -6.24039e-14
5580 -8.35797e-14
5590 -8.71212e-14
5600 -9.37627e-14
5610 -1.12056e-13
5620 -1.10407e-13
5630 -1.05033e-13
5640 -1.24601e-13
5650 -1.4467e-13
5660 -1.60055e-13
5670 -1.6548e-13
5680 -1.64623e-13
5690 -1.64904e-13
5700 -1.5618e-13
5710 -1.65746e-13
5720 -1.79279e-13
5730 -1.47336e-13
5740 -1.49409e-13
5750 -1.62105e-13
5760 -1.65473e-13
5770 -1.77866e-13
5780 -1.90385e-13
5790 -1.90995e-13
5800 -1.85688e-13
5810 -1.96912e-13
5820 -2.01448e-13
5830 -2.31836e-13
5840 -2.2506e-13
5850 -2.31176e-13
5860 -2.25662e-13
5870 -2.02906e-13
5880 -2.11906e-13
5890 -2.0787e-13
5900 -1.90999e-13
5910 -1.80715e-13
5920 -1.65598e-13
5930 -1.41671e-13
5940 -1.40196e-13
5950 -1.34577e-13
5960 -1.42932e-13
5970 -1.58122e-13
5980 -1.26285e-13
5990 -1.36069e-13
6000 -1.41928e-13
6010 -1.49931e-13
6020 -1.40335e-13
6030 -1.39158e-13
6040 -1.47716e-13
6050 -1.53359e-13
6060 -1.48324e-13
6070 -1.60618e-13
6080 -1.59765e-13
6090 -1.6129e-13
6100 -1.54319e-13
6110 -1.61966e-13
6120 -1.66737e-13
6130 -1.79118e-13
6140 -1.92711e-13
6150 -1.87876e-13
6160 -1.95845e-13
6170 -1.80438e-13
6180 -1.85521e-13
6190 -1.86591e-13
6200 -1.62611e-13
6210 -1.69984e-13
6220 -1.83367e-13
6230 -1.77592e-13
6240 -1.79319e-13
6250 -1.90704e-13
6260 -1.90271e-13
6270 -2.01885e-13
6280 -1.94118e-13
6290 -1.97389e-13
6300 -2.07804e-13
6310 -2.23533e-13
6320 -2.55111e-13
6330 -2.92634e-13
6340 -3.0409e-13
6350 -2.95702e-13
6360 -1.78861e-13
6370 1.40074e-13
6380 7.52148e-13
6390 1.73449e-12
6400 3.00241e-12
6410 4.03457e-12
6420 3.4403e-12
6430 -1.43713e-12
6440 -1.50695e-11
6450 -4.37437e-11
6460 -9.41126e-11
6470 -1.69176e-10
6480 -2.59111e-10
6490 -3.24427e-10
6500 -2.68141e-10
6510 1.04585e-10
6520 1.13639e-09
6530 3.3644e-09
6540 7.52972e-09
6550 1.44795e-08
6560 2.48292e-08
6570 3.81544e-08
6580 5.13312e-08
6590 5.54229e-08
6600 3.0199e-08
6610 -6.50586e-08
6620 -3.06376e-07
6630 -8.28186e-07
6640 -1.85828e-06
6650 -3.76932e-06
6660 -7.1528e-06
6670 -1.29232e-05
6680 -2.24608e-05
6690 -3.78049e-05
6700 -6.19081e-05
6710 -9.89667e-05
6720 -0.00015484
6730 -0.000237576
6740 -0.000358052
6750 -0.000530748
6760 -0.000774654
6770 -0.00111433
6780 -0.00158109
6790 -0.00221432
6800 -0.0030629
6810 -0.00418671
6820 -0.00565811
6830 -0.00756346
6840 -0.0100044
6850 -0.0130991
6860 -0.016983
6870 -0.0218094
6880 -0.027749
6890 -0.0349897
6900 -0.0437348
6910 -0.0542006
6920 -0.0666137
6930 -0.0812062
6940 -0.0982115
6950 -0.117858
6960 -0.140361
6970 -0.165919
6980 -0.194703
6990 -0.226846
7000 -0.262442
7010 -0.301532
7020 -0.344097
7030 -0.390057
7040 -0.43926
7050 -0.491482
7060 -0.546422
7070 -0.603707
7080 -0.66289
7090 -0.723457
7100 -0.784832
7110 -0.846388
7120 -0.907456
7130 -0.967336
7140 -1.02532
7150 -1.08068
7160 -1.13273
7170 -1.18079
7180 -1.22424
7190 -1.2625
7200 -1.29508
7210 -1.32156
7220 -1.34161
7230 -1.35501
7240 -1.36161
7250 -1.36139
7260 -1.35442
7270 -1.34087
7280 -1.321
7290 -1.29517
7300 -1.26377
7310 -1.22731
7320 -1.18632
7330 -1.14137
7340 -1.09306
7350 -1.04201
7360 -0.988837
7370 -0.934151
7380 -0.878539
7390 -0.822558
7400 -0.766729
7410 -0.711529
7420 -0.657385
7430 -0.60467
7440 -0.553704
7450 -0.50475
7460 -0.458013
7470 -0.413647
7480 -0.371752
7490 -0.33238
7500 -0.295535
7510 -0.261183
7520 -0.229251
7530 -0.199633
7540 -0.172198
7550 -0.146787
7560 -0.123226
7570 -0.101325
7580 -0.0808802
7590 -0.0616843
7600 -0.0435243
7610 -0.0261865
7620 -0.0094601
7630 0.00686099
7640 0.0229749
7650 0.0390694
7660 0.0553199
7670 0.0718863
7680 0.0889118
7690 0.10652
7700 0.124813
7710 0.143871
7720 0.163746
7730 0.184467
7740 0.206032
7750 0.228412
7760 0.251547
7770 0.275349
7780 0.299697
7790 0.324446
7800 0.34942
7810 0.374419
7820 0.399222
7830 0.423589
7840 0.447264
7850 0.469982
7860 0.491473
7870 0.511467
7880 0.529704
7890 0.545931
7900 0.559917
7910 0.571455
7920 0.580365
7930 0.586503
7940 0.589761
7950 0.590074
7960 0.587419
7970 0.581817
7980 0.573335
7990 0.56208
8000 0.548204
8010 0.531893
8020 0.513369
8030 0.49288
8040 0.4707
8050 0.447117
8060 0.422431
8070 0.396946
8080 0.370962
8090 0.344773
8100 0.318657
8110 0.292875
8120 0.267664
8130 0.243237
8140 0.219776
8150 0.197433
8160 0.176332
8170 0.156564
8180 0.138191
8190 0.121248
8200 0.105743
8210 0.0916626
8220 0.0789714
8230 0.0676178
8240 0.0575364
8250 0.0486506
8260 0.0408765
8270 0.0341249
8280 0.0283045
8290 0.0233238
8300 0.0190929
8310 0.0155256
8320 0.0125399
8330 0.0100597
8340 0.00801462
8350 0.00634104
8360 0.00498176
8370 0.00388612
8380 0.00300972
8390 0.00231406
8400 0.00176615
8410 0.00133797
8420 0.00100598
8430 0.000750615
8440 0.000555762
8450 0.000408281
8460 0.000297567
8470 0.000215138
8480 0.000154281
8490 0.000109727
8500 7.73888e-05
8510 5.41186e-05
8520 3.75201e-05
8530 2.57854e-05
8540 1.75637e-05
8550 1.18557e-05
8560 7.9294e-06
8570 5.254e-06
8580 3.44829e-06
8590 2.24133e-06
8600 1.44252e-06
8610 9.19102e-07
8620 5.79629e-07
8630 3.61734e-07
8640 2.23349e-07
8650 1.36406e-07
8660 8.23824e-08
8670 4.91892e-08
8680 2.90281e-08
8690 1.6926e-08
8700 9.74858e-09
8710 5.54407e-09
8720 3.11213e-09
8730 1.72369e-09
8740 9.4153e-10
8750 5.06966e-10
8760 2.68925e-10
8770 1.4045e-10
8780 7.21465e-11
8790 3.64152e-11
8800 1.8031e-11
8810 8.71804e-12
8820 4.08645e-12
8830 1.83933e-12
8840 7.76154e-13
8850 2.46992e-13
8860 3.65047e-14
8870 -1.09222e-13
8880 -1.52677e-13
8890 -1.78212e-13
8900 -1.90527e-13
8910 -1.76128e-13
8920 -1.92202e-13
8930 -1.90069e-13
8940 -1.85687e-13
8950 -1.93316e-13
8960 -1.97775e-13
8970 -1.89115e-13
8980 -2.00665e-13
8990 -1.82749e-13
9000 -1.88338e-13
9010 -1.88861e-13
9020 -1.82371e-13
9030 -1.84325e-13
9040 -1.86679e-13
9050 -1.74984e-13
9060 -1.65455e-13
9070 -1.5877e-13
9080 -1.54848e-13
9090 -1.65584e-13
9100 -1.711e-13
9110 -1.63474e-13
9120 -1.53574e-13
9130 -1.58414e-13
9140 -1.50471e-13
9150 -1.54759e-13
9160 -1.44618e-13
9170 -1.63023e-13
9180 -1.75323e-13
9190 -1.7773e-13
9200 -1.76464e-13
9210 -1.6198e-13
9220 -1.58894e-13
9230 -1.67449e-13
9240 -1.53796e-13
9250 -1.69218e-13
9260 -1.63149e-13
9270 -1.87326e-13
9280 -1.88076e-13
9290 -1.9164e-13
9300 -1.86951e-13
9310 -1.87434e-13
9320 -1.87576e-13
9330 -1.82314e-13
9340 -1.95233e-13
9350 -1.78446e-13
9360 -1.91569e-13
9370 -1.84067e-13
9380 -1.87378e-13
9390 -1.99511e-13
9400 -2.18327e-13
9410 -2.0436e-13
9420 -1.87499e-13
9430 -1.89001e-13
9440 -1.82519e-13
9450 -1.75892e-13
9460 -1.6221e-13
9470 -1.67216e-13
9480 -1.52364e-13
9490 -1.63171e-13
9500 -1.76528e-13
9510 -1.81397e-13
9520 -1.59064e-13
9530 -1.56574e-13
9540 -1.52145e-13
9550 -1.34175e-13
9560 -1.3213e-13
9570 -1.19779e-13
9580 -1.24981e-13
9590 -1.31622e-13
9600 -1.34999e-13
9610 -1.29898e-13
9620 -1.25335e-13
9630 -1.08014e-13
9640 -1.0772e-13
9650 -1.01818e-13
9660 -1.0083e-13
9670 -1.02733e-13
9680 -9.15714e-14
9690 -8.79867e-14
9700 -1.02084e-13
9710 -7.78999e-14
9720 -8.47433e-14
9730 -8.23421e-14
9740 -7.55172e-14
9750 -6.58328e-14
9760 -6.15415e-14
9770 -4.95201e-14
9780 -4.21862e-14
9790 -2.51096e-14
9800 -4.09744e-14
9810 -3.86951e-14
9820 -3.43959e-14
9830 -4.16969e-14
9840 -3.97263e-14
9850 -5.21101e-14
9860 -4.90893e-14
9870 -6.02578e-14
9880 -4.83582e-14
9890 -4.64567e-14
9900 -4.54608e-14
9910 -6.47161e-14
9920 -5.45209e-14
9930 -5.39058e-14
9940 -4.80996e-14
9950 -5.73629e-14
9960 -3.55985e-14
9970 -4.99236e-14
9980 -1.89887e-14
9990 -1.28087e-14
10000 4.77879e-15
10010 -5.75247e-15
10020 -4.6514e-15
10030 8.21424e-15
10040 -3.28303e-16
10050 1.38727e-14
10060 4.55987e-15
10070 1.70204e-14
10080 1.00876e-14
10090 2.88445e-15
10100 1.28704e-14
10110 8.57647e-15
10120 -3.74736e-16
10130 -2.68701e-15
10140 -1.72907e-14
10150 -2.15925e-15
10160 -8.07251e-15
10170 -1.83851e-14
10180 -1.48373e-14
10190 -9.05418e-15
10200 -3.40959e-15
10210 1.37676e-14
10220 -3.91394e-15
10230 -6.08284e-15
10240 -1.16602e-15
10250 -9.9875e-15
10260 -2.79385e-14
10270 -1.12192e-14
10280 -2.90762e-14
10290 -2.39733e-14
10300 -3.68835e-14
10310 -2.30209e-14
10320 -3.91204e-14
10330 -3.11109e-14
10340 -1.48126e-14
10350 -2.01355e-14
10360 -1.44351e-14
10370 -1.45807e-14
10380 -1.27152e-14
10390 -2.73476e-14
10400 -3.36968e-14
10410 -2.3797e-14
10420 -1.47369e-14
10430 -4.36882e-14
10440 -3.89323e-14
10450 -2.18545e-14
10460 -1.7638e-14
10470 -3.12771e-14
10480 -1.45325e-14
10490 -7.96736e-15
10500 1.94115e-15
10510 3.64318e-15
10520 1.08404e-14
10530 8.4872e-15
10540 1.14038e-14
10550 1.09135e-14
10560 -1.95079e-15
10570 6.52588e-17
10580 -3.64211e-15
10590 -1.30767e-14
10600 -1.83402e-14
10610 -3.44264e-14
10620 -3.80202e-14
10630 -5.57986e-14
10640 -4.50318e-14
10650 -3.89626e-14
10660 -5.5135e-14
10670 -6.56906e-14
10680 -6.92777e-14
10690 -5.55101e-14
10700 -5.16053e-14
10710 -5.54697e-14
10720 -4.60834e-14
10730 -4.35515e-14
10740 -4.48695e-14
10750 -3.31569e-14
10760 -3.72553e-14
10770 -4.26248e-14
10780 -4.09688e-14
10790 -3.42623e-14
10800 -2.58257e-14
10810 -2.3915e-14
10820 -5.08706e-14
10830 -5.33032e-14
10840 -6.63458e-14
10850 -5.11607e-14
10860 -6.24846e-14
10870 -6.79939e-14
10880 -6.95403e-14
10890 -5.29885e-14
10900 -5.43758e-14
10910 -7.41153e-14
10920 -6.04985e-14
10930 -6.63204e-14
10940 -5.02616e-14
10950 -5.82489e-14
10960 -6.27368e-14
10970 -6.2189e-14
10980 -4.13345e-14
10990 -2.44123e-14
11000 -1.74892e-14
11010 -1.47662e-14
11020 -5.1675e-15
11030 -1.80711e-14
11040 -1.48481e-14
11050 -1.93355e-14
11060 -1.89637e-14
11070 -2.57417e-14
11080 -1.78129e-14
11090 -2.60507e-15
11100 5.16227e-15
11110 -3.79466e-15
11120 5.124e-15
11130 2.01769e-14
11140 7.1668e-15
11150 2.84831e-14
11160 3.1043e-14
11170 3.27048e-14
11180 3.48134e-14
11190 4.32057e-14
11200 4.86388e-14
11210 5.3135e-14
11220 4.34412e-14
11230 4.93483e-14
11240 4.58708e-14
11250 3.35105e-14
11260 5.06387e-14
11270 5.94653e-14
11280 5.38016e-14
11290 4.30801e-14
11300 6.19319e-14
11310 7.70325e-14
11320 5.60368e-14
11330 5.02164e-14
11340 6.03786e-14
11350 5.46012e-14
11360 5.31367e-14
11370 5.92367e-14
11380 4.69115e-14
11390 6.41867e-14
11400 6.33058e-14
11410 6.57528e-14
11420 4.79991e-14
11430 4.46809e-14
11440 3.93708e-14
11450 2.26328e-14
11460 1.31365e-14
11470 -5.03164e-14
11480 -1.1136e-13
11490 -2.43695e-13
11500 -4.4617e-13
11510 -8.23156e-13
11520 -1.42873e-12
11530 -2.4588e-12
11540 -4.17374e-12
11550 -6.96172e-12
11560 -1.14969e-11
11570 -1.88305e-11
11580 -3.05623e-11
11590 -4.92544e-11
11600 -7.87084e-11
11610 -1.24814e-10
11620 -1.96394e-10
11630 -3.06772e-10
11640 -4.7565e-10
11650 -7.32286e-10
11660 -1.11948e-09
11670 -1.69966e-09
11680 -2.56308e-09
11690 -3.83953e-09
11700 -5.71421e-09
11710 -8.44972e-09
11720 -1.2416e-08
11730 -1.81309e-08
11740 -2.63145e-08
11750 -3.79619e-08
11760 -5.44401e-08
11770 -7.76147e-08
11780 -1.10017e-07
11790 -1.55059e-07
11800 -2.17316e-07
11810 -3.02885e-07
11820 -4.19839e-07
11830 -5.78814e-07
11840 -7.93734e-07
11850 -1.08273e-06
11860 -1.46926e-06
11870 -1.98353e-06
11880 -2.6642e-06
11890 -3.56046e-06
11900 -4.73461e-06
11910 -6.26501e-06
11920 -8.24978e-06
11930 -1.08111e-05
11940 -1.41001e-05
11950 -1.83031e-05
11960 -2.36481e-05
11970 -3.04128e-05
11980 -3.89336e-05
11990 -4.96159e-05
12000 -6.29454e-05
12010 -7.95007e-05
12020 -9.99678e-05
12030 -0.000125155
12040 -0.000156011
12050 -0.000193639
12060 -0.00023932
12070 -0.000294531
12080 -0.000360964
12090 -0.000440546
12100 -0.000535462
12110 -0.000648173
12120 -0.000781433
12130 -0.000938308
12140 -0.00112219
12150 -0.00133679
12160 -0.00158619
12170 -0.00187479
12180 -0.00220734
12190 -0.00258889
12200 -0.00302483
12210 -0.00352081
12220 -0.00408273
12230 -0.00471666
12240 -0.00542884
12250 -0.00622556
12260 -0.00711313
12270 -0.00809772
12280 -0.00918536
12290 -0.0103818
12300 -0.0116922
12310 -0.0131215
12320 -0.0146738
12330 -0.0163524
12340 -0.0181597
12350 -0.0200973
12360 -0.0221653
12370 -0.0243628
12380 -0.0266873
12390 -0.0291353
12400 -0.0317012
12410 -0.0343783
12420 -0.037158
12430 -0.0400302
12440 -0.0429834
12450 -0.0460041
12460 -0.0490777
12470 -0.052188
12480 -0.0553178
12490 -0.0584484
12500 -0.0615606
12510 -0.0646341
12520 -0.0676482
12530 -0.070582
12540 -0.0734145
12550 -0.0761249
12560 -0.0786928
12570 -0.0810986
12580 -0.0833237
12590 -0.0853507
12600 -0.0871636
12610 -0.0887482
12620 -0.0900919
12630 -0.0911844
12640 -0.0920174
12650 -0.0925847
12660 -0.0928828
12670 -0.0929101
12680 -0.0926678
12690 -0.0921591
12700 -0.0913897
12710 -0.0903671
12720 -0.0891013
12730 -0.0876039
12740 -0.0858883
12750 -0.0839693
12760 -0.0818632
12770 -0.0795873
12780 -0.0771597
12790 -0.0745991
12800 -0.0719249
12810 -0.0691562
12820 -0.0663125
12830 -0.0634126
12840 -0.0604752
12850 -0.0575181
12860 -0.0545585
12870 -0.0516126
12880 -0.0486955
12890 -0.0458212
12900 -0.0430024
12910 -0.0402505
12920 -0.0375758
12930 -0.034987
12940 -0.0324917
12950 -0.0300959
12960 -0.0278046
12970 -0.0256215
12980 -0.0235492
12990 -0.0215891
13000 -0.0197416
13010 -0.0180064
13020 -0.016382
13030 -0.0148667
13040 -0.0134575
13050 -0.0121514
13060 -0.0109447
13070 -0.00983322
13080 -0.00881274
13090 -0.00787864
13100 -0.0070262
13110 -0.00625061
13120 -0.00554703
13130 -0.00491063
13140 -0.00433668
13150 -0.00382054
13160 -0.0033577
13170 -0.00294382
13180 -0.00257477
13190 -0.0022466
13200 -0.00195558
13210 -0.00169822
13220 -0.00147123
13230 -0.00127157
13240 -0.00109642
13250 -0.000943176
13260 -0.000809452
13270 -0.000693068
13280 -0.000592037
13290 -0.000504561
13300 -0.000429016
13310 -0.000363941
13320 -0.000308028
13330 -0.000260107
13340 -0.00021914
13350 -0.000184205
13360 -0.000154487
13370 -0.00012927
13380 -0.000107925
13390 -8.99021e-05
13400 -7.47205e-05
13410 -6.19635e-05
13420 -5.12698e-05
13430 -4.23272e-05
13440 -3.48668e-05
13450 -2.86577e-05
13460 -2.35024e-05
13470 -1.9232e-05
13480 -1.5703e-05
13490 -1.27934e-05
13500 -1.04002e-05
13510 -8.43629e-06
13520 -6.82835e-06
13530 -5.51491e-06
13540 -4.44448e-06
13550 -3.5741e-06
13560 -2.86799e-06
13570 -2.29645e-06
13580 -1.83487e-06
13590 -1.46294e-06
13600 -1.16392e-06
13610 -9.24055e-07
13620 -7.32068e-07
13630 -5.78745e-07
13640 -4.5657e-07
13650 -3.59429e-07
13660 -2.82364e-07
13670 -2.21358e-07
13680 -1.73171e-07
13690 -1.35192e-07
13700 -1.05323e-07
13710 -8.18837e-08
13720 -6.35291e-08
13730 -4.91872e-08
13740 -3.80048e-08
13750 -2.93044e-08
13760 -2.25496e-08
13770 -1.73163e-08
13780 -1.32706e-08
13790 -1.01494e-08
13800 -7.74656e-09
13810 -5.90061e-09
13820 -4.4855e-09
13830 -3.4029e-09
13840 -2.57639e-09
13850 -1.94673e-09
13860 -1.46802e-09
13870 -1.10482e-09
13880 -8.29828e-10
13890 -6.2205e-10
13900 -4.65378e-10
13910 -3.4748e-10
13920 -2.58936e-10
13930 -1.92588e-10
13940 -1.42965e-10
13950 -1.05905e-10
13960 -7.83225e-11
13970 -5.77953e-11
13980 -4.25854e-11
13990 -3.13127e-11
14000 -2.29848e-11
14010 -1.68495e-11
14020 -1.23332e-11
14030 -8.99984e-12
14040 -6.54459e-12
14050 -4.78501e-12
14060 -3.48667e-12
14070 -2.54274e-12
14080 -1.84104e-12
14090 -1.34216e-12
14100 -9.80271e-13
14110 -7.28624e-13
14120 -5.45519e-13
14130 -4.06271e-13
14140 -2.99227e-13
14150 -2.34054e-13
14160 -1.68325e-13
14170 -1.52158e-13
14180 -1.17302e-13
14190 -1.03919e-13
14200 -9.38288e-14
14210 -8.38695e-14
14220 -6.61254e-14
14230 -6.68645e-14
14240 -5.10074e-14
14250 -5.25225e-14
14260 -3.32927e-14
14270 -3.87893e-14
14280 -1.90151e-14
14290 -1.9837e-14
14300 -9.02225e-16
14310 5.77162e-15
14320 -7.29731e-15
14330 -3.64205e-16
14340 -1.19113e-15
14350 5.86578e-16
14360 -5.25874e-15
14370 -2.36296e-14
14380 -1.54015e-14
14390 -1.16344e-14
14400 -1.52781e-14
14410 -8.37337e-15
14420 3.57744e-15
14430 3.24131e-14
14440 3.38945e-14
14450 3.42821e-14
14460 4.84004e-14
14470 3.36915e-14
14480 2.66769e-14
14490 2.35888e-14
14500 1.37999e-14
14510 3.10864e-14
14520 1.89148e-14
14530 3.53977e-15
14540 -3.8409e-16
14550 1.68258e-14
14560 7.31813e-15
14570 -3.68618e-16
14580 2.92666e-14
14590 3.34786e-14
14600 3.08382e-14
14610 2.04726e-14
14620 3.35627e-14
14630 2.52406e-14
14640 4.6863e-14
14650 2.46627e-14
14660 5.01595e-14
14670 2.78627e-14
14680 3.2787e-14
14690 2.7704e-14
14700 6.46701e-14
14710 4.46128e-14
14720 2.40433e-14
14730 3.34993e-14
14740 6.7927e-14
14750 6.97189e-14
14760 5.87585e-14
14770 4.15887e-14
14780 4.28753e-14
14790 4.50857e-14
14800 5.1113e-14
14810 4.63123e-14
14820 4.64175e-14
14830 4.298e-14
14840 4.58612e-14
14850 5.38676e-14
14860 4.58836e-14
14870 4.85733e-14
14880 7.2684e-14
14890 6.44881e-14
14900 7.0777e-14
14910 8.43719e-14
14920 7.52846e-14
14930 8.91571e-14
14940 8.17493e-14
14950 8.5263e-14
14960 7.94616e-14
14970 7.93042e-14
14980 7.73263e-14
14990 6.11098e-14
15000 6.7803e-14
15010 6.61536e-14
15020 6.44758e-14
15030 7.33426e-14
15040 5.81114e-14
15050 7.66437e-14
15060 4.68448e-14
15070 3.73501e-14
15080 4.89815e-14
15090 5.45955e-14
15100 3.9493e-14
15110 2.8282e-14
15120 4.02992e-14
15130 5.16349e-14
15140 6.84321e-14
15150 5.71486e-14
15160 4.75217e-14
15170 7.7071e-14
15180 7.7551e-14
15190 8.40096e-14
15200 6.66822e-14
15210 7.28813e-14
15220 6.0047e-14
15230 6.15996e-14
15240 6.09455e-14
15250 7.39997e-14
15260 7.89248e-14
15270 7.10099e-14
15280 6.79358e-14
15290 5.80862e-14
15300 6.12511e-14
15310 5.22185e-14
15320 4.9095e-14
15330 5.32361e-14
15340 4.97234e-14
15350 4.49672e-14
15360 3.84292e-14
15370 5.13922e-14
15380 3.72668e-14
15390 3.34195e-14
15400 1.70019e-14
15410 3.08998e-14
15420 3.51923e-14
15430 2.14418e-14
15440 4.21094e-15
15450 5.50918e-15
15460 2.17241e-14
15470 3.04254e-14
15480 1.55468e-14
15490 -2.40146e-15
15500 -1.015e-14
15510 -1.64817e-14
15520 -1.22326e-14
15530 -2.79147e-14
15540 -2.21616e-14
15550 -1.01926e-14
15560 -1.6852e-15
15570 -1.69086e-14
15580 -2.37742e-14
15590 -3.14562e-14
15600 -2.44979e-15
15610 -4.37434e-15
15620 3.43162e-15
15630 -4.5706e-15
15640 -8.98884e-15
15650 -1.60019e-14
15660 -1.29048e-14
15670 -2.72981e-14
15680 -1.79998e-14
15690 -2.84844e-14
15700 -3.30417e-14
15710 -1.79123e-14
15720 -2.57892e-14
15730 -4.36015e-14
15740 -3.46456e-14
15750 -3.56292e-14
15760 -4.07961e-14
15770 -6.76962e-14
15780 -7.18334e-14
15790 -6.20807e-14
15800 -4.87944e-14
15810 -5.47182e-14
15820 -4.74319e-14
15830 -5.33398e-14
15840 -3.75867e-14
15850 -3.46684e-14
15860 -4.76711e-14
15870 -5.3562e-14
15880 -2.66506e-14
15890 -4.02846e-14
15900 -3.21e-14
15910 -4.27065e-14
15920 -3.49102e-14
15930 -2.75465e-14
15940 -4.03346e-14
15950 -2.39095e-14
15960 -2.98941e-14
15970 -1.85531e-14
15980 -9.24805e-15
15990 -1.17848e-14
16000 -1.51434e-14
16010 -7.39576e-15
16020 -2.29109e-15
16030 -1.53517e-14
16040 -2.2773e-14
16050 -9.09634e-15
16060 -4.29504e-15
16070 -1.21722e-14
16080 -7.01971e-15
16090 -3.50295e-14
16100 -2.19615e-14
16110 -3.79202e-14
16120 -3.32024e-14
16130 -2.61022e-14
16140 -2.44158e-14
16150 -2.3885e-14
16160 -5.8654e-14
16170 -5.05141e-14
16180 -4.34285e-14
16190 -2.75616e-14
16200 -1.84382e-14
16210 -2.63504e-14
16220 -5.37975e-14
16230 -5.30518e-14
16240 -3.05524e-14
16250 -3.17378e-14
16260 -4.24353e-14
16270 -4.84191e-14
16280 -5.27332e-14
16290 -6.25556e-14
16300 -5.57404e-14
16310 -5.51113e-14
16320 -5.84769e-14
16330 -5.91292e-14
16340 -6.37526e-14
16350 -6.18918e-14
16360 -6.92435e-14
16370 -9.19863e-14
16380 -1.00498e-13
16390 -1.01533e-13
16400 -9.78462e-14
16410 -7.78713e-14
16420 -8.66998e-14
16430 -7.94856e-14
16440 -9.65401e-14
16450 -7.16919e-14
16460 -6.71947e-14
16470 -7.67017e-14
16480 -9.1706e-14
16490 -6.75962e-14
16500 -4.46861e-14
16510 -2.89627e-14
16520 -7.05876e-14
16530 -5.17331e-14
16540 -6.84193e-14
16550 -4.43717e-14
16560 -4.87173e-14
16570 -4.16257e-14
16580 -3.00118e-14
16590 -1.9531e-14
16600 -1.54503e-14
16610 -3.21192e-14
16620 -3.45781e-14
16630 -2.04202e-14
16640 -2.9714e-14
16650 -9.09929e-15
16660 1.31837e-14
16670 -3.55342e-15
16680 -6.8856e-15
16690 -1.16947e-14
16700 -1.66725e-14
16710 1.54811e-14
16720 7.19035e-15
16730 -2.85296e-14
16740 -4.65945e-14
16750 -5.75442e-14
16760 -4.66105e-14
16770 -5.74455e-14
16780 -6.22874e-14
16790 -6.4153e-14
16800 -6.30262e-14
16810 -8.11231e-14
16820 -8.1011e-14
16830 -7.98131e-14
16840 -8.43168e-14
16850 -8.64667e-14
16860 -7.58787e-14
16870 -6.0542e-14
16880 -7.88744e-14
16890 -9.58869e-14
16900 -1.13589e-13
16910 -1.19015e-13
16920 -1.0778e-13
16930 -1.1597e-13
16940 -1.09603e-13
16950 -9.73507e-14
16960 -1.05021e-13
16970 -1.11536e-13
16980 -1.23324e-13
16990 -1.24403e-13
17000 -1.22854e-13
17010 -1.22629e-13
17020 -1.05885e-13
17030 -1.15408e-13
17040 -1.03803e-13
17050 -1.23537e-13
17060 -1.01308e-13
17070 -1.07525e-13
17080 -1.26662e-13
17090 -1.07386e-13
17100 -1.02521e-13
17110 -1.01459e-13
17120 -8.17825e-14
17130 -8.89088e-14
17140 -8.37123e-14
17150 -9.27872e-14
17160 -7.80002e-14
17170 -7.54935e-14
17180 -8.3172e-14
17190 -7.56482e-14
17200 -7.84725e-14
17210 -7.29377e-14
17220 -8.77735e-14
17230 -8.49651e-14
17240 -7.06858e-14
17250 -8.62248e-14
17260 -9.47786e-14
17270 -9.0133e-14
17280 -8.06847e-14
17290 -8.44184e-14
17300 -7.19845e-14
17310 -9.16682e-14
17320 -1.08025e-13
17330 -1.134e-13
17340 -1.04409e-13
17350 -8.96938e-14
17360 -9.34555e-14
17370 -1.14512e-13
17380 -1.23717e-13
17390 -1.16752e-13
17400 -9.70871e-14
17410 -1.19353e-13
17420 -1.22881e-13
17430 -1.283e-13
17440 -1.42324e-13
17450 -1.48111e-13
17460 -1.47259e-13
17470 -1.3626e-13
17480 -1.29937e-13
17490 -1.24569e-13
17500 -1.27592e-13
17510 -1.20056e-13
17520 -1.22865e-13
17530 -1.45055e-13
17540 -1.35464e-13
17550 -1.22118e-13
17560 -1.15097e-13
17570 -1.31831e-13
17580 -1.37809e-13
17590 -1.34633e-13
17600 -1.54416e-13
17610 -1.35336e-13
17620 -1.07304e-13
17630 -9.70391e-14
17640 -1.18216e-13
17650 -1.40117e-13
17660 -1.50188e-13
17670 -1.4148e-13
17680 -1.47066e-13
17690 -1.42751e-13
17700 -1.38307e-13
17710 -1.63411e-13
17720 -1.71696e-13
17730 -1.79415e-13
17740 -1.51452e-13
17750 -1.4095e-13
17760 -1.53676e-13
17770 -1.53681e-13
17780 -1.53945e-13
17790 -1.5582e-13
17800 -1.39894e-13
17810 -1.40818e-13
17820 -1.47026e-13
17830 -1.35925e-13
17840 -1.48682e-13
17850 -1.76396e-13
17860 -1.79824e-13
17870 -1.6331e-13
17880 -1.77471e-13
17890 -1.88615e-13
17900 -1.99966e-13
17910 -1.80809e-13
17920 -1.78618e-13
17930 -1.83061e-13
17940 -1.66788e-13
17950 -1.72393e-13
17960 -1.71627e-13
17970 -1.55369e-13
17980 -1.63462e-13
17990 -1.71304e-13
18000 -1.62311e-13
18010 -1.62625e-13
18020 -1.74529e-13
18030 -1.50149e-13
18040 -1.39991e-13
18050 -1.53721e-13
18060 -1.3938e-13
18070 -1.63172e-13
18080 -1.52191e-13
18090 -1.52712e-13
18100 -1.28016e-13
18110 -1.21648e-13
18120 -1.14559e-13
18130 -1.28352e-13
18140 -1.48128e-13
18150 -1.58336e-13
18160 -1.64234e-13
18170 -1.78799e-13
18180 -1.69215e-13
18190 -1.64252e-13
18200 -1.32655e-13
18210 -1.55281e-13
18220 -1.49066e-13
18230 -1.61599e-13
18240 -1.7604e-13
18250 -1.71709e-13
18260 -1.6017e-13
18270 -1.52731e-13
18280 -1.50172e-13
18290 -1.24257e-13
18300 -9.30929e-14
18310 -5.64661e-14
18320 -2.86777e-14
18330 -3.74091e-15
18340 -2.21154e-14
18350 -1.8376e-13
18360 -5.78868e-13
18370 -1.41435e-12
18380 -2.92427e-12
18390 -5.28732e-12
18400 -8.52054e-12
18410 -1.22382e-11
18420 -1.51026e-11
18430 -1.40671e-11
18440 -3.29604e-12
18450 2.75268e-11
18460 9.48545e-11
18470 2.22837e-10
18480 4.43669e-10
18490 7.94446e-10
18500 1.30658e-09
18510 1.98057e-09
18520 2.73512e-09
18530 3.31079e-09
18540 3.09939e-09
18550 8.5369e-10
18560 -5.79052e-09
18570 -2.10787e-08
18580 -5.23315e-08
18590 -1.11771e-07
18600 -2.19262e-07
18610 -4.06353e-07
18620 -7.2215e-07
18630 -1.24172e-06
18640 -2.07794e-06
18650 -3.39805e-06
18660 -5.44635e-06
18670 -8.57519e-06
18680 -1.32865e-05
18690 -2.02873e-05
18700 -3.05623e-05
18710 -4.5469e-05
18720 -6.68603e-05
18730 -9.72409e-05
18740 -0.000139965
18750 -0.000199486
18760 -0.000281662
18770 -0.000394139
18780 -0.000546812
18790 -0.000752383
18800 -0.00102704
18810 -0.00139123
18820 -0.00187063
18830 -0.0024972
18840 -0.00331047
18850 -0.00435897
18860 -0.00570184
18870 -0.00741069
18880 -0.0095716
18890 -0.0122874
18900 -0.0156798
18910 -0.0198926
18920 -0.0250935
18930 -0.0314779
18940 -0.039271
18950 -0.0487309
18960 -0.060152
18970 -0.0738666
18980 -0.0902484
18990 -0.109714
19000 -0.132725
19010 -0.159788
19020 -0.191456
19030 -0.228329
19040 -0.271051
19050 -0.320308
19060 -0.376824
19070 -0.441357
19080 -0.514694
19090 -0.597642
19100 -0.691018
19110 -0.795643
19120 -0.912325
19130 -1.04185
19140 -1.18497
19150 -1.34237
19160 -1.5147
19170 -1.70249
19180 -1.90619
19190 -2.12613
19200 -2.3625
19210 -2.61535
19220 -2.88456
19230 -3.16986
19240 -3.47075
19250 -3.78657
19260 -4.11646
19270 -4.45933
19280 -4.81392
19290 -5.17874
19300 -5.55212
19310 -5.93221
19320 -6.31699
19330 -6.70427
19340 -7.09175
19350 -7.47698
19360 -7.85748
19370 -8.23066
19380 -8.59394
19390 -8.94471
19400 -9.28042
19410 -9.59857
19420 -9.89676
19430 -10.1727
19440 -10.4244
19450 -10.6497
19460 -10.8471
19470 -11.015
19480 -11.1521
19490 -11.2576
19500 -11.3306
19510 -11.3709
19520 -11.3782
19530 -11.3526
19540 -11.2948
19550 -11.2052
19560 -11.0849
19570 -10.9351
19580 -10.7572
19590 -10.5528
19600 -10.3237
19610 -10.0719
19620 -9.79944
19630 -9.5085
19640 -9.20132
19650 -8.88021
19660 -8.54746
19670 -8.20538
19680 -7.85623
19690 -7.50222
19700 -7.14551
19710 -6.78811
19720 -6.43198
19730 -6.07892
19740 -5.73061
19750 -5.38858
19760 -5.05421
19770 -4.72873
19780 -4.41323
19790 -4.10862
19800 -3.81567
19810 -3.53502
19820 -3.26713
19830 -3.01237
19840 -2.77094
19850 -2.54297
19860 -2.32844
19870 -2.12726
19880 -1.93924
19890 -1.76412
19900 -1.60158
19910 -1.45123
19920 -1.31264
19930 -1.18534
19940 -1.06886
19950 -0.962667
19960 -0.866244
19970 -0.779062
19980 -0.700591
19990 -0.630308
20000 -0.566062
20010 -0.50746
20020 -0.454118
20030 -0.405664
20040 -0.361742
20050 -0.322008
20060 -0.286138
20070 -0.25382
20080 -0.224761
20090 -0.198684
20100 -0.175329
20110 -0.154453
20120 -0.13583
20130 -0.119248
20140 -0.104511
20150 -0.0914407
20160 -0.0798693
20170 -0.0696444
20180 -0.0606264
20190 -0.0526875
20200 -0.0457117
20210 -0.0395933
20220 -0.0342369
20230 -0.0295561
20240 -0.0254731
20250 -0.021918
20260 -0.0188281
20270 -0.0161474
20280 -0.0138257
20290 -0.0118185
20300 -0.0100864
20310 -0.0085942
20320 -0.00731094
20330 -0.0062093
20340 -0.00526519
20350 -0.00445749
20360 -0.00376768
20370 -0.00317955
20380 -0.00267897
20390 -0.00225364
20400 -0.00189284
20410 -0.0015873
20420 -0.00132899
20430 -0.00111098
20440 -0.000927283
20450 -0.000772754
20460 -0.000642978
20470 -0.000534168
20480 -0.000443086
20490 -0.000366969
20500 -0.000303461
20510 -0.000250559
20520 -0.000206563
20530 -0.000170033
20540 -0.000139751
20550 -0.000114687
20560 -9.39761e-05
20570 -7.68891e-05
20580 -6.28141e-05
20590 -5.12386e-05
20600 -4.17336e-05
20610 -3.3941e-05
20620 -2.75624e-05
20630 -2.23492e-05
20640 -1.80951e-05
20650 -1.46291e-05
20660 -1.18095e-05
20670 -9.51932e-06
20680 -7.66199e-06
20690 -6.15799e-06
20700 -4.94198e-06
20710 -3.96031e-06
20720 -3.16901e-06
20730 -2.53213e-06
20740 -2.02032e-06
20750 -1.60962e-06
20760 -1.28056e-06
20770 -1.0173e-06
20780 -8.07007e-07
20790 -6.39264e-07
20800 -5.05663e-07
20810 -3.99413e-07
20820 -3.15039e-07
20830 -2.48135e-07
20840 -1.95162e-07
20850 -1.53281e-07
20860 -1.20217e-07
20870 -9.41527e-08
20880 -7.36356e-08
20890 -5.75086e-08
20900 -4.48507e-08
20910 -3.49299e-08
20920 -2.71657e-08
20930 -2.10979e-08
20940 -1.63627e-08
20950 -1.26726e-08
20960 -9.80119e-09
20970 -7.56991e-09
20980 -5.83856e-09
20990 -4.497e-09
21000 -3.45895e-09
21010 -2.65688e-09
21020 -2.03802e-09
21030 -1.56119e-09
21040 -1.19431e-09
21050 -9.12411e-10
21060 -6.96114e-10
21070 -5.30385e-10
21080 -4.03587e-10
21090 -3.06689e-10
21100 -2.32752e-10
21110 -1.76421e-10
21120 -1.33546e-10
21130 -1.00976e-10
21140 -7.62393e-11
21150 -5.75122e-11
21160 -4.33424e-11
21170 -3.26266e-11
21180 -2.45522e-11
21190 -1.84612e-11
21200 -1.38725e-11
21210 -1.0425e-11
21220 -7.84684e-12
21230 -5.8979e-12
21240 -4.45252e-12
21250 -3.36097e-12
21260 -2.55394e-12
21270 -1.93631e-12
21280 -1.48349e-12
21290 -1.14901e-12
21300 -8.99745e-13
21310 -7.19692e-13
21320 -5.81294e-13
21330 -4.74101e-13
21340 -3.95122e-13
21350 -3.40041e-13
21360 -3.05264e-13
21370 -2.69085e-13
21380 -2.70437e-13
21390 -2.56904e-13
21400 -2.46992e-13
21410 -2.48975e-13
21420 -2.43004e-13
21430 -2.42654e-13
21440 -2.3752e-13
21450 -2.43054e-13
21460 -2.31932e-13
21470 -2.32142e-13
21480 -2.38021e-13
21490 -2.50752e-13
21500 -2.38849e-13
21510 -2.4998e-13
21520 -2.48696e-13
21530 -2.45194e-13
21540 -2.54038e-13
21550 -2.38225e-13
21560 -2.30194e-13
21570 -2.34421e-13
21580 -2.32119e-13
21590 -2.34861e-13
21600 -2.34721e-13
21610 -2.39481e-13
21620 -2.49439e-13
21630 -2.40978e-13
21640 -2.4835e-13
21650 -2.522e-13
21660 -2.60113e-13
21670 -2.64974e-13
21680 -2.56339e-13
21690 -2.46363e-13
21700 -2.55835e-13
21710 -2.44357e-13
21720 -2.45998e-13
21730 -2.27406e-13
21740 -2.35696e-13
21750 -2.34797e-13
21760 -2.30541e-13
21770 -2.30697e-13
21780 -2.24243e-13
21790 -2.43755e-13
21800 -2.5411e-13
21810 -2.54719e-13
21820 -2.43322e-13
21830 -2.48848e-13
21840 -2.55091e-13
21850 -2.54471e-13
21860 -2.31006e-13
21870 -2.35658e-13
21880 -2.35445e-13
21890 -2.30346e-13
21900 -2.32705e-13
21910 -2.23601e-13
21920 -2.34948e-13
21930 -2.2551e-13
21940 -2.35603e-13
21950 -2.28648e-13
21960 -2.37225e-13
21970 -2.45599e-13
21980 -2.41963e-13
21990 -2.35666e-13
22000 -2.39886e-13
22010 -2.41826e-13
22020 -2.47968e-13
22030 -2.42919e-13
22040 -2.33791e-13
22050 -2.36523e-13
22060 -2.39909e-13
22070 -2.36866e-13
22080 -2.24988e-13
22090 -2.3078e-13
22100 -2.43973e-13
22110 -2.20923e-13
22120 -2.23994e-13
22130 -2.13737e-13
22140 -2.08465e-13
22150 -2.16786e-13
22160 -1.99073e-13
22170 -1.94527e-13
22180 -1.90826e-13
22190 -2.02816e-13
22200 -2.0943e-13
22210 -2.10943e-13
22220 -2.02595e-13
22230 -1.89224e-13
22240 -1.89295e-13
22250 -1.9441e-13
22260 -1.87933e-13
22270 -1.92146e-13
22280 -1.85e-13
22290 -1.91932e-13
22300 -1.9402e-13
22310 -1.86056e-13
22320 -2.11207e-13
22330 -2.03227e-13
22340 -2.14738e-13
22350 -2.1805e-13
22360 -2.06659e-13
22370 -2.18433e-13
22380 -2.0394e-13
22390 -2.06409e-13
22400 -2.14317e-13
22410 -2.08351e-13
22420 -2.01102e-13
22430 -1.84996e-13
22440 -1.84648e-13
22450 -1.72225e-13
22460 -1.73165e-13
22470 -1.68838e-13
22480 -1.66496e-13
22490 -1.73246e-13
22500 -1.82101e-13
22510 -1.80004e-13
22520 -1.73907e-13
22530 -1.87355e-13
22540 -1.93866e-13
22550 -1.83836e-13
22560 -1.74748e-13
22570 -1.72909e-13
22580 -1.64706e-13
22590 -1.59128e-13
22600 -1.64914e-13
22610 -1.65103e-13
22620 -1.72629e-13
22630 -1.74404e-13
22640 -1.6837e-13
22650 -1.60972e-13
22660 -1.77752e-13
22670 -1.85988e-13
22680 -1.72692e-13
22690 -1.83651e-13
22700 -1.77735e-13
22710 -1.82427e-13
22720 -1.87212e-13
22730 -1.85247e-13
22740 -1.81052e-13
22750 -1.82673e-13
22760 -1.93625e-13
22770 -1.93182e-13
22780 -1.97715e-13
22790 -2.02206e-13
22800 -2.04973e-13
22810 -2.08006e-13
22820 -1.96374e-13
22830 -1.9086e-13
22840 -1.99454e-13
22850 -2.00019e-13
22860 -1.99486e-13
22870 -1.93597e-13
22880 -1.84048e-13
22890 -1.81468e-13
22900 -1.82912e-13
22910 -1.76319e-13
22920 -1.6471e-13
22930 -1.68941e-13
22940 -1.76916e-13
22950 -1.84891e-13
22960 -1.8316e-13
22970 -1.76837e-13
22980 -1.76462e-13
22990 -1.93063e-13
23000 -1.897e-13
23010 -1.83409e-13
23020 -1.85458e-13
23030 -1.6787e-13
23040 -1.69833e-13
23050 -1.64715e-13
23060 -1.55816e-13
23070 -1.56899e-13
23080 -1.59175e-13
23090 -1.685e-13
23100 -1.6416e-13
23110 -1.72395e-13
23120 -1.53807e-13
23130 -1.45468e-13
23140 -1.43302e-13
23150 -1.40152e-13
23160 -1.31589e-13
23170 -1.41827e-13
23180 -1.45231e-13
23190 -1.40439e-13
23200 -1.41064e-13
23210 -1.38575e-13
23220 -1.43811e-13
23230 -1.53084e-13
23240 -1.53226e-13
23250 -1.53668e-13
23260 -1.46791e-13
23270 -1.39747e-13
23280 -1.24712e-13
23290 -1.32484e-13
23300 -1.36401e-13
23310 -1.2356e-13
23320 -1.24761e-13
23330 -1.09974e-13
23340 -1.01986e-13
23350 -1.12218e-13
23360 -1.09365e-13
23370 -1.01259e-13
23380 -1.08811e-13
23390 -9.34757e-14
23400 -8.92204e-14
23410 -1.09358e-13
23420 -1.06422e-13
23430 -9.26255e-14
23440 -8.37929e-14
23450 -8.16131e-14
23460 -9.05462e-14
23470 -8.17978e-14
23480 -8.61664e-14
23490 -7.78975e-14
23500 -8.30068e-14
23510 -9.09867e-14
23520 -7.61475e-14
23530 -7.31808e-14
23540 -7.46063e-14
23550 -7.12284e-14
23560 -7.78051e-14
23570 -8.57947e-14
23580 -8.95415e-14
23590 -9.41383e-14
23600 -1.05799e-13
23610 -1.00273e-13
23620 -9.5228e-14
23630 -1.06403e-13
23640 -1.00039e-13
23650 -1.07937e-13
23660 -1.0018e-13
23670 -1.01534e-13
23680 -1.00947e-13
23690 -1.05378e-13
23700 -1.04135e-13
23710 -1.21484e-13
23720 -1.17159e-13
23730 -1.20389e-13
23740 -1.11351e-13
23750 -1.15619e-13
23760 -1.16021e-13
23770 -1.14883e-13
23780 -1.23634e-13
23790 -1.23635e-13
23800 -1.26285e-13
23810 -1.32912e-13
23820 -1.45692e-13
23830 -1.71235e-13
23840 -1.97036e-13
23850 -2.37569e-13
23860 -2.81479e-13
23870 -3.43609e-13
23880 -4.21739e-13
23890 -5.39141e-13
23900 -7.1384e-13
23910 -9.39363e-13
23920 -1.23573e-12
23930 -1.66423e-12
23940 -2.24285e-12
23950 -3.04121e-12
23960 -4.09202e-12
23970 -5.54102e-12
23980 -7.53125e-12
23990 -1.02223e-11
24000 -1.38596e-11
24010 -1.87906e-11
24020 -2.54816e-11
24030 -3.44797e-11
24040 -4.66226e-11
24050 -6.29629e-11
24060 -8.49213e-11
24070 -1.14384e-10
24080 -1.53849e-10
24090 -2.06603e-10
24100 -2.77067e-10
24110 -3.70984e-10
24120 -4.96007e-10
24130 -6.62124e-10
24140 -8.82494e-10
24150 -1.17439e-09
24160 -1.56039e-09
24170 -2.06999e-09
24180 -2.74171e-09
24190 -3.62563e-09
24200 -4.78692e-09
24210 -6.3101e-09
24220 -8.30471e-09
24230 -1.09123e-08
24240 -1.43158e-08
24250 -1.87506e-08
24260 -2.45197e-08
24270 -3.20123e-08
24280 -4.1727e-08
24290 -5.43019e-08
24300 -7.05519e-08
24310 -9.15161e-08
24320 -1.18517e-07
24330 -1.53234e-07
24340 -1.97797e-07
24350 -2.54904e-07
24360 -3.2796e-07
24370 -4.21262e-07
24380 -5.4022e-07
24390 -6.91628e-07
24400 -8.84012e-07
24410 -1.12804e-06
24420 -1.43706e-06
24430 -1.82769e-06
24440 -2.32064e-06
24450 -2.94164e-06
24460 -3.72261e-06
24470 -4.70304e-06
24480 -5.93174e-06
24490 -7.46892e-06
24500 -9.38863e-06
24510 -1.17819e-05
24520 -1.47603e-05
24530 -1.84604e-05
24540 -2.30489e-05
24550 -2.87292e-05
24560 -3.57484e-05
24570 -4.44068e-05
24580 -5.50682e-05
24590 -6.81725e-05
24600 -8.42505e-05
24610 -0.000103942
24620 -0.000128015
24630 -0.000157391
24640 -0.000193174
24650 -0.000236683
24660 -0.000289488
24670 -0.000353458
24680 -0.000430813
24690 -0.000524181
24700 -0.00063667
24710 -0.000771942
24720 -0.000934313
24730 -0.00112885
24740 -0.00136148
24750 -0.00163915
24760 -0.00196996
24770 -0.00236332
24780 -0.0028302
24790 -0.00338326
24800 -0.00403717
24810 -0.00480884
24820 -0.00571773
24830 -0.00678619
24840 -0.00803979
24850 -0.00950775
24860 -0.0112234
24870 -0.0132246
24880 -0.0155542
24890 -0.018261
24900 -0.0213995
24910 -0.0250316
24920 -0.0292265
24930 -0.0340615
24940 -0.0396232
24950 -0.0460078
24960 -0.0533222
24970 -0.0616848
24980 -0.071226
24990 -0.0820896
25000 -0.0944332
25010 -0.108429
25020 -0.124266
25030 -0.142147
25040 -0.162294
25050 -0.184945
25060 -0.210358
25070 -0.238808
25080 -0.270589
25090 -0.306013
25100 -0.34541
25110 -0.389131
25120 -0.437541
25130 -0.491023
25140 -0.549975
25150 -0.61481
25160 -0.685949
25170 -0.763826
25180 -0.84888
25190 -0.941553
25200 -1.04229
25210 -1.15153
25220 -1.2697
25230 -1.39722
25240 -1.53449
25250 -1.68189
25260 -1.83976
25270 -2.00842
25280 -2.18812
25290 -2.3791
25300 -2.58152
25310 -2.79548
25320 -3.02102
25330 -3.25811
25340 -3.50661
25350 -3.76632
25360 -4.03695
25370 -4.31811
25380 -4.60928
25390 -4.90989
25400 -5.21922
25410 -5.53645
25420 -5.86067
25430 -6.19086
25440 -6.52587
25450 -6.86448
25460 -7.20536
25470 -7.5471
25480 -7.88819
25490 -8.22706
25500 -8.56208
25510 -8.89157
25520 -9.2138
25530 -9.52703
25540 -9.8295
25550 -10.1195
25560 -10.3952
25570 -10.655
25580 -10.8973
25590 -11.1205
25600 -11.3231
25610 -11.5038
25620 -11.6612
25630 -11.7944
25640 -11.9023
25650 -11.9841
25660 -12.0392
25670 -12.0671
25680 -12.0675
25690 -12.0404
25700 -11.9857
25710 -11.9039
25720 -11.7952
25730 -11.6605
25740 -11.5005
25750 -11.3163
25760 -11.1088
25770 -10.8796
25780 -10.6299
25790 -10.3613
25800 -10.0755
25810 -9.77413
25820 -9.45908
25830 -9.13216
25840 -8.79524
25850 -8.45021
25860 -8.09895
25870 -7.74331
25880 -7.38513
25890 -7.02615
25900 -6.6681
25910 -6.31256
25920 -5.96108
25930 -5.61508
25940 -5.27585
25950 -4.9446
25960 -4.6224
25970 -4.31018
25980 -4.00878
25990 -3.71887
26000 -3.44103
26010 -3.17569
26020 -2.92319
26030 -2.68373
26040 -2.45742
26050 -2.24425
26060 -2.04415
26070 -1.85693
26080 -1.68235
26090 -1.52008
26100 -1.36976
26110 -1.23096
26120 -1.10321
26130 -0.986005
26140 -0.878831
26150 -0.78114
26160 -0.69238
26170 -0.611992
26180 -0.53942
26190 -0.474112
26200 -0.415531
26210 -0.36315
26220 -0.316463
26230 -0.274985
26240 -0.238251
26250 -0.205824
26260 -0.177291
26270 -0.152264
26280 -0.130383
26290 -0.111315
26300 -0.0947515
26310 -0.0804102
26320 -0.0680332
26330 -0.0573864
26340 -0.0482577
26350 -0.0404564
26360 -0.0338114
26370 -0.0281699
26380 -0.0233962
26390 -0.0193704
26400 -0.0159864
26410 -0.0131516
26420 -0.0107848
26430 -0.00881537
26440 -0.00718219
26450 -0.00583247
26460 -0.00472082
26470 -0.0038084
26480 -0.00306209
26490 -0.00245377
26500 -0.00195967
26510 -0.00155974
26520 -0.00123718
26530 -0.000977946
26540 -0.000770348
26550 -0.000604699
26560 -0.000472999
26570 -0.000368672
26580 -0.000286329
26590 -0.000221578
26600 -0.000170849
26610 -0.000131253
26620 -0.000100463
26630 -7.66106e-05
26640 -5.82032e-05
26650 -4.40522e-05
26660 -3.32152e-05
26670 -2.49483e-05
26680 -1.86667e-05
26690 -1.39124e-05
26700 -1.03283e-05
26710 -7.63727e-06
26720 -5.62485e-06
26730 -4.12603e-06
26740 -3.01432e-06
26750 -2.19312e-06
26760 -1.58906e-06
26770 -1.14657e-06
26780 -8.23823e-07
26790 -5.8941e-07
26800 -4.19889e-07
26810 -2.9783e-07
26820 -2.10329e-07
26830 -1.4788e-07
26840 -1.0351e-07
26850 -7.21257e-08
26860 -5.00287e-08
26870 -3.4542e-08
26880 -2.37385e-08
26890 -1.62373e-08
26900 -1.10537e-08
26910 -7.48879e-09
26920 -5.04899e-09
26930 -3.38737e-09
26940 -2.26132e-09
26950 -1.50198e-09
26960 -9.92548e-10
26970 -6.52541e-10
26980 -4.268e-10
26990 -2.777e-10
27000 -1.79727e-10
27010 -1.15701e-10
27020 -7.40888e-11
27030 -4.71934e-11
27040 -2.98776e-11
27050 -1.882e-11
27060 -1.18257e-11
27070 -7.39704e-12
27080 -4.61733e-12
27090 -2.88175e-12
27100 -1.80605e-12
27110 -1.16282e-12
27120 -7.60834e-13
27130 -4.84798e-13
27140 -3.17195e-13
27150 -2.29499e-13
27160 -1.96212e-13
27170 -1.57615e-13
27180 -1.57163e-13
27190 -1.31688e-13
27200 -1.41613e-13
27210 -1.36276e-13
27220 -1.45079e-13
27230 -1.56973e-13
27240 -1.2081e-13
27250 -1.2866e-13
27260 -1.16048e-13
27270 -1.02657e-13
27280 -9.70663e-14
27290 -1.02302e-13
27300 -1.01604e-13
27310 -9.4973e-14
27320 -8.06401e-14
27330 -7.45982e-14
27340 -7.01476e-14
27350 -6.8418e-14
27360 -8.60882e-14
27370 -9.81692e-14
27380 -8.38999e-14
27390 -8.88311e-14
27400 -9.05033e-14
27410 -8.73693e-14
27420 -1.09861e-13
27430 -1.37222e-13
27440 -1.31884e-13
27450 -9.56112e-14
27460 -1.06581e-13
27470 -1.16236e-13
27480 -9.85908e-14
27490 -8.70111e-14
27500 -8.23212e-14
27510 -7.81878e-14
27520 -1.22177e-13
27530 -9.8343e-14
27540 -1.08125e-13
27550 -9.00373e-14
27560 -8.34332e-14
27570 -1.01505e-13
27580 -8.10407e-14
27590 -9.69574e-14
27600 -9.85629e-14
27610 -1.29526e-13
27620 -1.31946e-13
27630 -1.1344e-13
27640 -1.02048e-13
27650 -9.49088e-14
27660 -8.68233e-14
27670 -1.0402e-13
27680 -1.06792e-13
27690 -9.84468e-14
27700 -8.38514e-14
27710 -7.10022e-14
27720 -4.85259e-14
27730 -4.24144e-14
27740 -6.94154e-14
27750 -7.91096e-14
27760 -6.18991e-14
27770 -5.26549e-14
27780 -2.80519e-14
27790 -4.36448e-14
27800 -8.63373e-14
27810 -6.53269e-14
27820 -5.73946e-14
27830 -3.62167e-14
27840 -4.25871e-14
27850 -5.2959e-14
27860 -3.19167e-14
27870 -2.43185e-14
27880 -1.56274e-14
27890 -1.64622e-14
27900 -1.24944e-14
27910 -1.88959e-14
27920 -2.96462e-14
27930 -3.37584e-14
27940 -3.74182e-14
27950 -1.14148e-14
27960 1.36433e-15
27970 9.84608e-15
27980 -7.16095e-15
27990 -1.5258e-14
28000 -1.16569e-14
28010 -6.68605e-16
28020 7.39978e-16
28030 -3.68551e-14
28040 -3.54168e-14
28050 -3.69147e-14
28060 -5.89393e-14
28070 -3.07309e-14
28080 -5.39158e-14
28090 -3.83797e-14
28100 -3.49519e-14
28110 -4.95173e-14
28120 -5.21097e-14
28130 -5.61578e-14
28140 -7.80751e-14
28150 -8.09049e-14
28160 -6.40834e-14
28170 -7.28607e-14
28180 -6.72071e-14
28190 -6.56522e-14
28200 -8.35294e-14
28210 -8.2172e-14
28220 -1.03693e-13
28230 -9.02823e-14
28240 -7.18922e-14
28250 -7.62508e-14
28260 -7.22509e-14
28270 -7.57494e-14
28280 -1.04372e-13
28290 -9.64777e-14
28300 -5.86236e-14
28310 -3.53674e-14
28320 -6.93238e-14
28330 -5.83607e-14
28340 -5.92062e-14
28350 -4.86689e-14
28360 -4.38268e-14
28370 -4.75528e-14
28380 -5.18961e-14
28390 -6.178e-14
28400 -5.72768e-14
28410 -7.25654e-14
28420 -7.65701e-14
28430 -6.01656e-14
28440 -5.6277e-14
28450 -4.60523e-14
28460 -4.98748e-14
28470 -3.47512e-14
28480 -4.98798e-14
28490 -3.11192e-14
28500 -3.58046e-14
28510 -4.1718e-14
28520 -5.10897e-14
28530 -5.11118e-14
28540 -2.21471e-14
28550 -2.77494e-14
28560 -2.58392e-14
28570 -4.47603e-14
28580 -2.6834e-14
28590 -2.67596e-15
28600 8.96978e-15
28610 -2.74554e-15
28620 -1.60414e-14
28630 -1.66811e-14
28640 -2.0783e-14
28650 -1.0041e-14
28660 -7.67874e-15
28670 -3.59491e-14
28680 2.2721e-15
28690 -2.23339e-14
28700 -1.63442e-14
28710 -3.18762e-14
28720 -1.57167e-14
28730 -1.0331e-16
28740 -8.27029e-15
28750 -1.98632e-14
28760 -3.25128e-14
28770 -4.57418e-14
28780 -2.387e-14
28790 -3.77981e-14
28800 -4.0305e-14
28810 -5.75167e-14
28820 -6.66306e-14
28830 -4.88661e-14
28840 -6.29692e-14
28850 -9.03662e-14
28860 -8.37895e-14
28870 -7.94375e-14
28880 -7.55122e-14
28890 -7.33661e-14
28900 -6.82179e-14
28910 -8.70764e-14
28920 -8.48755e-14
28930 -8.9387e-14
28940 -1.01143e-13
28950 -8.49502e-14
28960 -7.62512e-14
28970 -5.05243e-14
28980 -5.69607e-14
28990 -6.83669e-14
29000 -5.54767e-14
29010 -4.51776e-14
29020 -4.2947e-14
29030 -5.27495e-14
29040 -5.63096e-14
29050 -6.98946e-14
29060 -6.89627e-14
29070 -7.26851e-14
29080 -8.27094e-14
29090 -9.47967e-14
29100 -8.9137e-14
29110 -9.07491e-14
29120 -8.07175e-14
29130 -8.96051e-14
29140 -5.43235e-14
29150 -6.11116e-14
29160 -9.78662e-14
29170 -1.02049e-13
29180 -8.27329e-14
29190 -1.05135e-13
29200 -7.17696e-14
29210 -8.68581e-14
29220 -9.17375e-14
29230 -8.98571e-14
29240 -8.09585e-14
29250 -8.15811e-14
29260 -5.36122e-14
29270 -4.51712e-14
29280 -4.40764e-14
29290 -6.19394e-14
29300 -5.71753e-14
29310 -4.54929e-14
29320 -2.72672e-14
29330 -1.30636e-14
29340 -1.94794e-14
29350 -3.44649e-14
29360 -4.62871e-14
29370 -2.24394e-14
29380 -2.14117e-14
29390 -3.30446e-14
29400 -3.61208e-14
29410 -2.93571e-14
29420 -3.31933e-14
29430 -3.36105e-14
29440 -2.38997e-14
29450 -3.46295e-14
29460 -4.61761e-14
29470 -6.76327e-14
29480 -6.09896e-14
29490 -4.2215e-14
29500 -6.82403e-14
29510 -7.0092e-14
29520 -5.0334e-14
29530 -5.33936e-14
29540 -5.51778e-14
29550 -7.03586e-14
29560 -4.7927e-14
29570 -3.70443e-14
29580 -2.67357e-14
29590 -1.43931e-14
29600 -1.90812e-14
29610 -3.30326e-14
29620 -2.85599e-14
29630 -2.14217e-14
29640 -2.76835e-14
29650 -1.31293e-14
29660 -3.19664e-14
29670 -2.6895e-14
29680 -3.1965e-14
29690 -2.27211e-14
29700 -6.02556e-15
29710 7.28329e-15
29720 -3.79654e-14
29730 -2.77852e-14
29740 -9.47636e-15
29750 -7.73101e-15
29760 9.13451e-15
29770 -2.06201e-14
29780 -7.31852e-15
29790 -7.07888e-15
29800 -3.27881e-15
29810 1.76459e-14
29820 1.64582e-14
29830 2.31799e-14
29840 8.00959e-15
29850 1.04773e-14
29860 1.37757e-14
29870 -2.57198e-14
29880 6.13509e-16
29890 1.72165e-14
29900 1.61214e-14
29910 2.01422e-14
29920 -1.33656e-14
29930 -8.2426e-15
29940 3.61558e-14
29950 1.72749e-14
29960 -6.48666e-15
29970 -8.31029e-16
29980 0
