-20 0
0 1.39314e-12
20 3.80741e-12
40 7.92e-12
60 1.41199e-11
80 2.23856e-11
100 3.30629e-11
120 4.6829e-11
140 6.56141e-11
160 9.1838e-11
180 1.29005e-10
200 1.80354e-10
220 2.50118e-10
240 3.42848e-10
260 4.66151e-10
280 6.30267e-10
300 8.50885e-10
320 1.1475e-09
340 1.54632e-09
360 2.07944e-09
380 2.791e-09
400 3.73931e-09
420 5.00622e-09
440 6.70055e-09
460 8.9705e-09
480 1.20124e-08
500 1.6094e-08
520 2.15778e-08
540 2.89614e-08
560 3.89206e-08
580 5.23776e-08
600 7.05833e-08
620 9.5243e-08
640 1.28673e-07
660 1.74023e-07
680 2.3555e-07
700 3.19006e-07
720 4.32126e-07
740 5.85286e-07
760 7.92354e-07
780 1.07178e-06
800 1.44801e-06
820 1.95328e-06
840 2.62992e-06
860 3.53319e-06
880 4.73496e-06
900 6.32812e-06
920 8.43213e-06
940 1.11998e-05
960 1.48257e-05
980 1.95557e-05
1000 2.56992e-05
1020 3.36434e-05
1040 4.38695e-05
1060 5.69725e-05
1080 7.36835e-05
1100 9.48954e-05
1120 0.000121692
1140 0.000155382
1160 0.000197531
1180 0.000250008
1200 0.000315021
1220 0.000395168
1240 0.00049348
1260 0.000613472
1280 0.000759191
1300 0.000935261
1320 0.00114693
1340 0.00140009
1360 0.00170135
1380 0.00205799
1400 0.00247802
1420 0.00297016
1440 0.00354376
1460 0.00420883
1480 0.00497588
1500 0.00585587
1520 0.00686005
1540 0.00799977
1560 0.00928633
1580 0.0107307
1600 0.0123433
1620 0.0141338
1640 0.0161104
1660 0.0182801
1680 0.0206481
1700 0.0232172
1720 0.0259878
1740 0.0289576
1760 0.0321211
1780 0.0354695
1800 0.0389907
1820 0.0426685
1840 0.0464833
1860 0.0504119
1880 0.0544274
1900 0.0584995
1920 0.0625949
1940 0.0666777
1960 0.0707097
1980 0.0746512
2000 0.0784613
2020 0.082099
2040 0.0855235
2060 0.0886953
2080 0.0915769
2100 0.0941333
2120 0.0963329
2140 0.0981482
2160 0.0995562
2180 0.100539
2200 0.101084
2220 0.101185
2240 0.100841
2260 0.100057
2280 0.0988437
2300 0.0972171
2320 0.0951988
2340 0.0928149
2360 0.0900955
2380 0.0870743
2400 0.0837876
2420 0.0802741
2440 0.0765734
2460 0.0727261
2480 0.0687723
2500 0.0647516
2520 0.060702
2540 0.0566595
2560 0.0526577
2580 0.0487273
2600 0.0448959
2620 0.0411875
2640 0.0376229
2660 0.034219
2680 0.0309894
2700 0.0279443
2720 0.0250904
2740 0.0224315
2760 0.0199687
2780 0.0177003
2800 0.0156226
2820 0.01373
2840 0.0120153
2860 0.01047
2880 0.0090847
2900 0.0078492
2920 0.00675295
2940 0.00578519
2960 0.00493513
2980 0.00419218
3000 0.00354602
3020 0.0029868
3040 0.00250516
3060 0.00209234
3080 0.00174019
3100 0.00144122
3120 0.00118861
3140 0.000976154
3160 0.000798315
3180 0.000650141
3200 0.000527254
3220 0.000425807
3240 0.000342443
3260 0.000274251
3280 0.000218723
3300 0.000173711
3320 0.000137389
3340 0.000108209
3360 8.48736e-05
3380 6.6294e-05
3400 5.1567e-05
3420 3.99455e-05
3440 3.08151e-05
3460 2.36734e-05
3480 1.81118e-05
3500 1.37996e-05
3520 1.04707e-05
3540 7.91216e-06
3560 5.9542e-06
3580 4.46235e-06
3600 3.33055e-06
3620 2.47561e-06
3640 1.83259e-06
3660 1.35104e-06
3680 9.91943e-07
3700 7.25317e-07
3720 5.28191e-07
3740 3.83071e-07
3760 2.7669e-07
3780 1.99035e-07
3800 1.42596e-07
3820 1.01741e-07
3840 7.22993e-08
3860 5.11691e-08
3880 3.60643e-08
3900 2.53199e-08
3920 1.77006e-08
3940 1.2326e-08
3960 8.54879e-09
3980 5.90376e-09
4000 4.06241e-09
4020 2.78224e-09
4040 1.89983e-09
4060 1.28978e-09
4080 8.73941e-10
4100 5.89182e-10
4120 3.93776e-10
4140 2.65678e-10
4160 1.73561e-10
4180 1.15675e-10
4200 7.53704e-11
4220 4.4661e-11
4240 2.86675e-11
4260 9.93544e-12
4280 -2.01564e-12
4300 -1.48219e-11
4320 -3.44039e-11
4340 -5.3711e-11
4360 -8.85161e-11
4380 -1.35324e-10
4400 -2.05062e-10
4420 -3.1193e-10
4440 -4.65511e-10
4460 -6.97613e-10
4480 -1.03614e-09
4500 -1.5343e-09
4520 -2.2631e-09
4540 -3.32072e-09
4560 -4.85707e-09
4580 -7.06887e-09
4600 -1.02488e-08
4620 -1.47954e-08
4640 -2.12663e-08
4660 -3.04447e-08
4680 -4.33934e-08
4700 -6.15941e-08
4720 -8.70591e-08
4740 -1.22528e-07
4760 -1.71728e-07
4780 -2.39659e-07
4800 -3.33052e-07
4820 -4.60883e-07
4840 -6.35073e-07
4860 -8.71403e-07
4880 -1.19061e-06
4900 -1.61985e-06
4920 -2.19451e-06
4940 -2.96043e-06
4960 -3.97671e-06
4980 -5.3192e-06
5000 -6.56932e-06
5020 -8.19406e-06
5040 -1.02737e-05
5060 -1.29079e-05
5080 -1.62189e-05
5100 -2.03558e-05
5120 -2.54985e-05
5140 -3.1864e-05
5160 -3.97114e-05
5180 -4.93496e-05
5200 -6.11444e-05
5220 -7.55278e-05
5240 -9.30069e-05
5260 -0.000114175
5280 -0.000139723
5300 -0.000170451
5320 -0.000207284
5340 -0.000251284
5360 -0.000303664
5380 -0.000365806
5400 -0.000439276
5420 -0.000525838
5440 -0.000627472
5460 -0.000746387
5480 -0.000885034
5500 -0.00104612
5520 -0.00123262
5540 -0.00144778
5560 -0.00169512
5580 -0.00197845
5600 -0.00230182
5620 -0.00266957
5640 -0.00308627
5660 -0.00355672
5680 -0.00408589
5700 -0.00467893
5720 -0.00534105
5740 -0.00607754
5760 -0.00689365
5780 -0.00779453
5800 -0.00878517
5820 -0.00987027
5840 -0.0110542
5860 -0.0123407
5880 -0.0137332
5900 -0.0152342
5920 -0.0168455
5940 -0.0185679
5960 -0.0204012
5980 -0.0223442
6000 -0.0243942
6020 -0.0265474
6040 -0.0287984
6060 -0.0311407
6080 -0.033566
6100 -0.0360646
6120 -0.0386254
6140 -0.0412358
6160 -0.0438819
6180 -0.0465483
6200 -0.0492187
6220 -0.0518757
6240 -0.0545009
6260 -0.0570754
6280 -0.0595799
6300 -0.0619948
6320 -0.0643004
6340 -0.0664777
6360 -0.0685078
6380 -0.0703731
6400 -0.0720566
6420 -0.073543
6440 -0.0748184
6460 -0.0758707
6480 -0.07669
6500 -0.0772681
6520 -0.0775995
6540 -0.0776807
6560 -0.0775109
6580 -0.0770916
6600 -0.0764267
6620 -0.0755225
6640 -0.0743874
6660 -0.0730321
6680 -0.0714692
6700 -0.0697131
6720 -0.0677795
6740 -0.0656857
6760 -0.0634499
6780 -0.061091
6800 -0.0586286
6820 -0.0560824
6840 -0.0534722
6860 -0.0508175
6880 -0.0481371
6900 -0.0454495
6920 -0.0427719
6940 -0.0401206
6960 -0.0375108
6980 -0.034956
7000 -0.0324688
7020 -0.0300598
7040 -0.0277384
7060 -0.0255124
7080 -0.023388
7100 -0.0213703
7120 -0.0194624
7140 -0.0176667
7160 -0.015984
7180 -0.0144139
7200 -0.0129553
7220 -0.0116059
7240 -0.0103628
7260 -0.00922235
7280 -0.00818031
7300 -0.00723206
7320 -0.0063726
7340 -0.00559672
7360 -0.00489906
7380 -0.00427418
7400 -0.00371667
7420 -0.00322119
7440 -0.00278254
7460 -0.00239569
7480 -0.00205582
7500 -0.00175837
7520 -0.00149903
7540 -0.00127377
7560 -0.00107887
7580 -0.000910864
7600 -0.000766601
7620 -0.000643198
7640 -0.000538048
7660 -0.0004488
7680 -0.00037335
7700 -0.000309822
7720 -0.000256554
7740 -0.000212077
7760 -0.000175107
7780 -0.000144516
7800 -0.000119328
7820 -9.86944e-05
7840 -8.1885e-05
7860 -6.8272e-05
7880 -5.73179e-05
7900 -4.85641e-05
7920 -4.16204e-05
7940 -3.61556e-05
7960 -3.18894e-05
7980 -2.85843e-05
8000 -2.604e-05
8020 -2.40873e-05
8040 -2.25831e-05
8060 -2.14068e-05
8080 -2.04566e-05
8100 -1.96463e-05
8120 -1.89035e-05
8140 -1.81674e-05
8160 -1.7387e-05
8180 -1.65206e-05
8200 -1.5534e-05
8220 -1.44005e-05
8240 -1.31001e-05
8260 -1.1619e-05
8280 -9.94934e-06
8300 -8.08913e-06
8320 -6.0418e-06
8340 -3.81607e-06
8360 -1.42569e-06
8380 1.11083e-06
8400 3.77064e-06
8420 6.52689e-06
8440 9.34924e-06
8460 1.22044e-05
8480 1.50568e-05
8500 1.78692e-05
8520 2.06033e-05
8540 2.3221e-05
8560 2.56845e-05
8580 2.79575e-05
8600 3.00059e-05
8620 3.17985e-05
8640 3.33076e-05
8660 3.451e-05
8680 3.53867e-05
8700 3.59242e-05
8720 3.61143e-05
8740 3.59544e-05
8760 3.54475e-05
8780 3.46021e-05
8800 3.34323e-05
8820 3.1957e-05
8840 3.01998e-05
8860 2.81885e-05
8880 2.59541e-05
8900 2.35307e-05
8920 2.09543e-05
8940 1.82624e-05
8960 1.54928e-05
8980 1.26835e-05
9000 9.87144e-06
9020 7.09204e-06
9040 4.37867e-06
9060 1.76201e-06
9080 -7.30335e-07
9100 -3.07419e-06
9120 -5.24911e-06
9140 -7.23848e-06
9160 -9.02963e-06
9180 -1.06138e-05
9200 -1.1986e-05
9220 -1.31449e-05
9240 -1.40926e-05
9260 -1.48342e-05
9280 -1.53775e-05
9300 -1.57328e-05
9320 -1.59123e-05
9340 -1.59298e-05
9360 -1.58003e-05
9380 -1.55396e-05
9400 -1.51639e-05
9420 -1.46895e-05
9440 -1.41325e-05
9460 -1.35086e-05
9480 -1.28326e-05
9500 -1.21186e-05
9520 -1.13796e-05
9540 -1.06273e-05
9560 -9.87239e-06
9580 -9.12414e-06
9600 -8.3906e-06
9620 -7.67853e-06
9640 -6.99348e-06
9660 -6.33985e-06
9680 -5.72096e-06
9700 -5.13917e-06
9720 -4.59592e-06
9740 -4.09186e-06
9760 -3.62696e-06
9780 -3.20061e-06
9800 -2.81171e-06
9820 -2.45877e-06
9840 -2.13995e-06
9860 -1.85321e-06
9880 -1.59634e-06
9900 -1.36703e-06
9920 -1.16293e-06
9940 -9.81653e-07
9960 -8.2086e-07
9980 -6.78283e-07
10000 -5.81457e-07
10020 -4.96883e-07
10040 -4.23279e-07
10060 -3.59449e-07
10080 -3.0429e-07
10100 -2.56794e-07
10120 -2.16048e-07
10140 -1.81216e-07
10160 -1.51542e-07
10180 -1.26341e-07
10200 -1.05007e-07
10220 -8.70078e-08
10240 -7.18773e-08
10260 -5.92057e-08
10280 -4.86291e-08
10300 -3.98256e-08
10320 -3.2516e-08
10340 -2.64635e-08
10360 -2.14701e-08
10380 -1.73691e-08
10400 -1.40159e-08
10420 -1.12832e-08
10440 -9.05889e-09
10460 -7.24871e-09
10480 -5.7772e-09
10500 -4.58608e-09
10520 -3.62954e-09
10540 -2.86859e-09
10560 -2.26711e-09
10580 -1.79126e-09
10600 -1.41139e-09
10620 -1.10454e-09
10640 -8.55527e-10
10660 -6.55685e-10
10680 -4.99857e-10
10700 -3.83155e-10
10720 -2.98929e-10
10740 -2.38615e-10
10760 -1.93148e-10
10780 -1.54962e-10
10800 -1.19496e-10
10820 -8.56057e-11
10840 -5.4791e-11
10860 -2.97458e-11
10880 -1.28235e-11
10900 -4.97942e-12
10920 -5.41258e-12
10940 -1.18662e-11
10960 -2.13153e-11
10980 -3.07303e-11
11000 -3.76723e-11
11020 -4.05842e-11
11040 -3.87755e-11
11060 -3.21892e-11
11080 -2.10435e-11
11100 -5.45572e-12
11120 1.48999e-11
11140 4.10803e-11
11160 7.51395e-11
11180 1.2041e-10
11200 1.81853e-10
11220 2.66557e-10
11240 3.84444e-10
11260 5.49265e-10
11280 7.80002e-10
11300 1.10277e-09
11320 1.55342e-09
11340 2.18107e-09
11360 3.0528e-09
11380 4.25999e-09
11400 5.9267e-09
11420 8.22093e-09
11440 1.13693e-08
11460 1.56768e-08
11480 2.15521e-08
11500 2.95416e-08
11520 4.0373e-08
11540 5.50127e-08
11560 7.47394e-08
11580 1.0124e-07
11600 1.36733e-07
11620 1.84126e-07
11640 2.47216e-07
11660 3.30948e-07
11680 4.41739e-07
11700 5.87889e-07
11720 7.80101e-07
11740 1.03213e-06
11760 1.36158e-06
11780 1.79094e-06
11800 2.34882e-06
11820 3.07149e-06
11840 4.0048e-06
11860 5.2065e-06
11880 6.74911e-06
11900 8.72333e-06
11920 1.12423e-05
11940 1.44466e-05
11960 1.85104e-05
11980 2.36487e-05
12000 3.01258e-05
12020 3.8266e-05
12040 4.84653e-05
12060 6.12059e-05
12080 7.70728e-05
12100 9.67734e-05
12120 0.00012116
12140 0.000151255
12160 0.000188283
12180 0.000233703
12200 0.000289246
12220 0.000356964
12240 0.000439274
12260 0.000539015
12280 0.000659512
12300 0.00080464
12320 0.0009789
12340 0.0011875
12360 0.00143644
12380 0.00173263
12400 0.00208393
12420 0.00249933
12440 0.00298901
12460 0.00356447
12480 0.00423867
12500 0.00502609
12520 0.00594289
12540 0.00700702
12560 0.00823831
12580 0.00965857
12600 0.0112917
12620 0.0131636
12640 0.0153026
12660 0.017739
12680 0.0205053
12700 0.0236363
12720 0.0271686
12740 0.0311411
12760 0.035594
12780 0.0405693
12800 0.0461104
12820 0.0522612
12840 0.0590664
12860 0.0665708
12880 0.0748186
12900 0.0838529
12920 0.0937154
12940 0.104445
12960 0.116078
12980 0.128647
13000 0.142179
13020 0.156697
13040 0.172215
13060 0.188744
13080 0.206283
13100 0.224825
13120 0.244353
13140 0.26484
13160 0.286247
13180 0.308526
13200 0.331617
13220 0.355448
13240 0.379936
13260 0.404987
13280 0.430496
13300 0.456346
13320 0.48241
13340 0.508555
13360 0.534636
13380 0.560504
13400 0.586002
13420 0.610971
13440 0.635249
13460 0.658673
13480 0.68108
13500 0.702312
13520 0.722214
13540 0.740638
13560 0.757445
13580 0.772507
13600 0.785705
13620 0.796936
13640 0.80611
13660 0.813155
13680 0.818014
13700 0.820648
13720 0.821037
13740 0.819178
13760 0.815087
13780 0.808799
13800 0.800366
13820 0.789857
13840 0.777357
13860 0.762967
13880 0.746799
13900 0.728981
13920 0.709647
13940 0.688942
13960 0.66702
13980 0.644036
14000 0.620151
14020 0.595526
14040 0.570323
14060 0.544701
14080 0.518816
14100 0.492818
14120 0.466851
14140 0.44105
14160 0.415544
14180 0.39045
14200 0.365876
14220 0.341919
14240 0.318663
14260 0.296184
14280 0.274544
14300 0.253795
14320 0.233979
14340 0.215125
14360 0.197255
14380 0.180378
14400 0.164498
14420 0.149609
14440 0.135698
14460 0.122745
14480 0.110726
14500 0.0996107
14520 0.0893646
14540 0.0799505
14560 0.0713281
14580 0.0634553
14600 0.0562886
14620 0.0497834
14640 0.0438949
14660 0.0385785
14680 0.0337897
14700 0.0294851
14720 0.0256221
14740 0.0221594
14760 0.0190568
14780 0.0162757
14800 0.0137789
14820 0.0115307
14840 0.00949646
14860 0.00764314
14880 0.00593866
14900 0.00435202
14920 0.002853
14940 0.00141204
14960 0
