-20 0
0 1.10216e-239
20 9.86535e-239
40 8.79179e-238
60 7.80079e-237
80 6.89123e-236
100 6.0611e-235
120 5.30766e-234
140 4.62755e-233
160 4.01695e-232
180 3.47168e-231
200 2.9873e-230
220 2.55927e-229
240 2.18298e-228
260 1.85388e-227
280 1.56752e-226
300 1.31959e-225
320 1.10602e-224
340 9.22968e-224
360 7.66845e-223
380 6.34347e-222
400 5.22449e-221
420 4.2841e-220
440 3.49763e-219
460 2.84306e-218
480 2.3009e-217
500 1.85399e-216
520 1.48736e-215
540 1.18802e-214
560 9.4478e-214
580 7.48061e-213
600 5.89715e-212
620 4.62857e-211
640 3.61702e-210
660 2.8142e-209
680 2.18001e-208
700 1.68137e-207
720 1.29112e-206
740 9.87118e-206
760 7.51402e-205
780 5.69477e-204
800 4.29715e-203
820 3.22839e-202
840 2.41485e-201
860 1.79844e-200
880 1.33353e-199
900 9.8449e-199
920 7.23636e-198
940 5.29578e-197
960 3.8587e-196
980 2.79933e-195
1000 2.02194e-194
1020 1.45406e-193
1040 1.04112e-192
1060 7.42197e-192
1080 5.26793e-191
1100 3.72274e-190
1120 2.61931e-189
1140 1.83491e-188
1160 1.27981e-187
1180 8.88742e-187
1200 6.14483e-186
1220 4.23006e-185
1240 2.89925e-184
1260 1.97847e-183
1280 1.34423e-182
1300 9.09332e-182
1320 6.12454e-181
1340 4.10703e-180
1360 2.74212e-179
1380 1.82284e-178
1400 1.20646e-177
1420 7.95025e-177
1440 5.21618e-176
1460 3.40744e-175
1480 2.2162e-174
1500 1.43513e-173
1520 9.25294e-173
1540 5.9398e-172
1560 3.79636e-171
1580 2.41584e-170
1600 1.53064e-169
1620 9.65567e-169
1640 6.06452e-168
1660 3.79241e-167
1680 2.36123e-166
1700 1.46375e-165
1720 9.0344e-165
1740 5.55185e-164
1760 3.39688e-163
1780 2.06933e-162
1800 1.25511e-161
1820 7.57951e-161
1840 4.55728e-160
1860 2.72819e-159
1880 1.62611e-158
1900 9.65007e-158
1920 5.70186e-157
1940 3.35435e-156
1960 1.96475e-155
1980 1.1458e-154
2000 6.65303e-154
2020 3.84623e-153
2040 2.21389e-152
2060 1.26877e-151
2080 7.23964e-151
2100 4.11298e-150
2120 2.3265e-149
2140 1.31025e-148
2160 7.34706e-148
2180 4.10184e-147
2200 2.28008e-146
2220 1.26191e-145
2240 6.95363e-145
2260 3.81507e-144
2280 2.08401e-143
2300 1.13345e-142
2320 6.13781e-142
2340 3.30926e-141
2360 1.77646e-140
2380 9.49479e-140
2400 5.05269e-139
2420 2.67711e-138
2440 1.41227e-137
2460 7.4178e-137
2480 3.87918e-136
2500 2.01981e-135
2520 1.0471e-134
2540 5.40473e-134
2560 2.77758e-133
2580 1.42123e-132
2600 7.24053e-132
2620 3.67268e-131
2640 1.85482e-130
2660 9.32673e-130
2680 4.66942e-129
2700 2.32757e-128
2720 1.15518e-127
2740 5.70826e-127
2760 2.80844e-126
2780 1.37573e-125
2800 6.70977e-125
2820 3.25828e-124
2840 1.57535e-123
2860 7.58355e-123
2880 3.63475e-122
2900 1.73453e-121
2920 8.24135e-121
2940 3.89871e-120
2960 1.83633e-119
2980 8.61163e-119
3000 4.02094e-118
3020 1.86929e-117
3040 8.6523e-117
3060 3.98743e-116
3080 1.82962e-115
3100 8.35866e-115
3120 3.80205e-114
3140 1.72189e-113
3160 7.76425e-113
3180 3.48578e-112
3200 1.55814e-111
3220 6.93456e-111
3240 3.07282e-110
3260 1.3557e-109
3280 5.95516e-109
3300 2.60453e-108
3320 1.13416e-107
3340 4.91724e-107
3360 2.12264e-106
3380 9.12297e-106
3400 3.90393e-105
3420 1.66331e-104
3440 7.05586e-104
3460 2.98011e-103
3480 1.2532e-102
3500 5.24703e-102
3520 2.18732e-101
3540 9.07853e-101
3560 3.75166e-100
3580 1.54361e-99
3600 6.32348e-99
3620 2.57917e-98
3640 1.04739e-97
3660 4.23488e-97
3680 1.70482e-96
3700 6.83315e-96
3720 2.72689e-95
3740 1.08347e-94
3760 4.28621e-94
3780 1.68824e-93
3800 6.6206e-93
3820 2.58502e-92
3840 1.00493e-91
3860 3.88966e-91
3880 1.49896e-90
3900 5.75141e-90
3920 2.19715e-89
3940 8.357e-89
3960 3.16478e-88
3980 1.19328e-87
4000 4.47961e-87
4020 1.67434e-86
4040 6.23088e-86
4060 2.30865e-85
4080 8.51667e-85
4100 3.12813e-84
4120 1.14394e-83
4140 4.16506e-83
4160 1.50988e-82
4180 5.44963e-82
4200 1.95837e-81
4220 7.00684e-81
4240 2.49605e-80
4260 8.8529e-80
4280 3.12622e-79
4300 1.09915e-78
4320 3.84763e-78
4340 1.34101e-77
4360 4.65343e-77
4380 1.60774e-76
4400 5.53042e-76
4420 1.8941e-75
4440 6.45873e-75
4460 2.19277e-74
4480 7.41208e-74
4500 2.49452e-73
4520 8.35864e-73
4540 2.78859e-72
4560 9.2626e-72
4580 3.06325e-71
4600 1.00863e-70
4620 3.30659e-70
4640 1.07927e-69
4660 3.50735e-69
4680 1.13482e-68
4700 3.65574e-68
4720 1.17253e-67
4740 3.7443e-67
4760 1.19047e-66
4780 3.76846e-66
4800 1.18771e-65
4820 3.72694e-65
4840 1.16438e-64
4860 3.62191e-64
4880 1.1217e-63
4900 3.45874e-63
4920 1.06183e-62
4940 3.24557e-62
4960 9.87701e-62
4980 3.56213e-61
5000 7.78277e-61
5020 2.33922e-60
5040 7.00013e-60
5060 2.08563e-59
5080 6.18681e-59
5100 1.82723e-58
5120 5.37298e-58
5140 1.57302e-57
5160 4.58512e-57
5180 1.33065e-56
5200 3.84479e-56
5220 1.10606e-55
5240 3.16797e-55
5260 9.03397e-55
5280 2.56492e-54
5300 7.25042e-54
5320 2.04056e-53
5340 5.71784e-53
5360 1.59518e-52
5380 4.43081e-52
5400 1.22533e-51
5420 3.37378e-51
5440 9.24862e-51
5460 2.52425e-50
5480 6.85935e-50
5500 1.85579e-49
5520 4.99884e-49
5540 1.34062e-48
5560 3.57961e-48
5580 9.51615e-48
5600 2.51873e-47
5620 6.63738e-47
5640 1.74143e-46
5660 4.54894e-46
5680 1.18306e-45
5700 3.06338e-45
5720 7.89747e-45
5740 2.02707e-44
5760 5.18017e-44
5780 1.31799e-43
5800 3.3387e-43
5820 8.42042e-43
5840 2.11439e-42
5860 5.28603e-42
5880 1.31573e-41
5900 3.26062e-41
5920 8.045e-41
5940 1.97626e-40
5960 4.83345e-40
5980 1.17696e-39
6000 2.8534e-39
6020 6.88739e-39
6040 1.65516e-38
6060 3.96021e-38
6080 9.43388e-38
6100 2.23746e-37
6120 5.28338e-37
6140 1.24212e-36
6160 2.9074e-36
6180 6.7755e-36
6200 1.57206e-35
6220 3.63154e-35
6240 8.35227e-35
6260 1.91254e-34
6280 4.36022e-34
6300 9.89691e-34
6320 2.23657e-33
6340 5.03221e-33
6360 1.12726e-32
6380 2.51412e-32
6400 5.58262e-32
6420 1.23419e-31
6440 2.71655e-31
6460 5.95314e-31
6480 1.29887e-30
6500 2.82148e-30
6520 6.10212e-30
6540 1.31394e-29
6560 2.81685e-29
6580 6.01232e-29
6600 1.27765e-28
6620 2.70318e-28
6640 5.69414e-28
6660 1.19419e-27
6680 2.4935e-27
6700 5.18367e-27
6720 1.07289e-26
6740 2.21089e-26
6760 4.53595e-26
6780 9.26535e-26
6800 1.88428e-25
6820 3.81524e-25
6840 7.69109e-25
6860 1.54364e-24
6880 3.08457e-24
6900 6.13669e-24
6920 1.21553e-23
6940 2.3971e-23
6960 4.70651e-23
6980 9.2003e-23
7000 1.79059e-22
7020 3.46962e-22
7040 6.69356e-22
7060 1.28565e-21
7080 2.45856e-21
7100 4.6809e-21
7120 8.87294e-21
7140 1.67455e-20
7160 3.14642e-20
7180 5.88609e-20
7200 1.0963e-19
7220 2.03291e-19
7240 3.75319e-19
7260 6.89879e-19
7280 1.26251e-18
7300 2.30032e-18
7320 4.17284e-18
7340 7.53643e-18
7360 1.35516e-17
7380 2.42607e-17
7400 4.32423e-17
7420 7.67367e-17
7440 1.35578e-16
7460 2.38486e-16
7480 4.17665e-16
7500 7.28256e-16
7520 1.26424e-15
7540 2.18507e-15
7560 3.76002e-15
7580 6.44179e-15
7600 1.09878e-14
7620 1.86598e-14
7640 3.15496e-14
7660 5.31091e-14
7680 8.90091e-14
7700 1.48522e-13
7720 2.46738e-13
7740 4.08104e-13
7760 6.72041e-13
7780 1.10182e-12
7800 1.79852e-12
7820 2.92287e-12
7840 4.72927e-12
7860 7.61848e-12
7880 1.22189e-11
7900 1.95113e-11
7920 3.10191e-11
7940 4.90978e-11
7960 7.73722e-11
7980 1.21394e-10
8000 1.89627e-10
8020 2.94911e-10
8040 4.56638e-10
8060 7.03952e-10
8080 1.08045e-09
8100 1.65103e-09
8120 2.51185e-09
8140 3.80472e-09
8160 5.73775e-09
8180 8.61489e-09
8200 1.2878e-08
8220 1.91662e-08
8240 2.83996e-08
8260 4.18966e-08
8280 6.15367e-08
8300 8.99869e-08
8320 1.31013e-07
8340 1.89906e-07
8360 2.74064e-07
8380 3.93781e-07
8400 5.6331e-07
8420 8.02286e-07
8440 1.13763e-06
8460 1.60606e-06
8480 2.25741e-06
8500 3.15901e-06
8520 4.40128e-06
8540 6.10516e-06
8560 8.4315e-06
8580 1.15932e-05
8600 1.58704e-05
8620 2.16303e-05
8640 2.93513e-05
8660 3.96535e-05
8680 5.33366e-05
8700 7.14262e-05
8720 9.52312e-05
8740 0.000126413
8760 0.000167067
8780 0.000219827
8800 0.000287978
8820 0.000375602
8840 0.000487736
8860 0.000630567
8880 0.000811647
8900 0.00104014
8920 0.00132711
8940 0.00168582
8960 0.00213208
8980 0.00268463
9000 0.00336555
9020 0.00420065
9040 0.00521994
9060 0.0064581
9080 0.00795486
9100 0.0097555
9120 0.0119112
9140 0.0144794
9160 0.0175241
9180 0.0211159
9200 0.0253322
9220 0.0302569
9240 0.0359803
9260 0.0425986
9280 0.0502129
9300 0.0589283
9320 0.0688528
9340 0.0800955
9360 0.092765
9380 0.106967
9400 0.122802
9420 0.140361
9440 0.159727
9460 0.180968
9480 0.204132
9500 0.229251
9520 0.256331
9540 0.285351
9560 0.316261
9580 0.348982
9600 0.383396
9620 0.419356
9640 0.456674
9660 0.49513
9680 0.534467
9700 0.574397
9720 0.614599
9740 0.654728
9760 0.694416
9780 0.733275
9800 0.77091
9820 0.806917
9840 0.840899
9860 0.872464
9880 0.90124
9900 0.926878
9920 0.94906
9940 0.967506
9960 0.981981
9980 0.993005
10000 0.998017
10020 0.999995
10040 0.997578
10060 0.990797
10080 0.979743
10100 0.964558
10120 0.94544
10140 0.922632
10160 0.896421
10180 0.867131
10200 0.835115
10220 0.800751
10240 0.764429
10260 0.726552
10280 0.687519
10300 0.647727
10320 0.607559
10340 0.56738
10360 0.527532
10380 0.488329
10400 0.450055
10420 0.412959
10440 0.377258
10460 0.34313
10480 0.310719
10500 0.280134
10520 0.251451
10540 0.224714
10560 0.199938
10580 0.177113
10600 0.156205
10620 0.13716
10640 0.119909
10660 0.104367
10680 0.0904403
10700 0.0780282
10720 0.0670239
10740 0.0573189
10760 0.0488039
10780 0.0413714
10800 0.0349169
10820 0.02934
10840 0.0245456
10860 0.0204445
10880 0.0169538
10900 0.0139974
10920 0.0115058
10940 0.00941623
10960 0.00767229
10980 0.00622389
11000 0.00502676
11020 0.00404207
11040 0.003236
11060 0.0025793
11080 0.00204685
11100 0.00161718
11120 0.00127209
11140 0.00099625
11160 0.000776798
11180 0.000603027
11200 0.000466073
11220 0.000358642
11240 0.000274762
11260 0.000209576
11280 0.000159153
11300 0.000120332
11320 9.05799e-05
11340 6.7885e-05
11360 5.06529e-05
11380 3.76291e-05
11400 2.78313e-05
11420 2.04942e-05
11440 1.50252e-05
11460 1.09672e-05
11480 7.97005e-06
11500 5.76655e-06
11520 4.15394e-06
11540 2.97915e-06
11560 2.12723e-06
11580 1.51226e-06
11600 1.07035e-06
11620 7.54253e-07
11640 5.29171e-07
11660 3.69627e-07
11680 2.57052e-07
11700 1.77979e-07
11720 1.22688e-07
11740 8.4203e-08
11760 5.75363e-08
11780 3.91422e-08
11800 2.65117e-08
11820 1.7878e-08
11840 1.2003e-08
11860 8.02321e-09
11880 5.33946e-09
11900 3.53782e-09
11920 2.33379e-09
11940 1.53278e-09
11960 1.00227e-09
11980 6.52498e-10
12000 4.22925e-10
12020 2.7292e-10
12040 1.75347e-10
12060 1.12163e-10
12080 7.14316e-11
12100 4.52918e-11
12120 2.85916e-11
12140 1.797e-11
12160 1.12446e-11
12180 7.00537e-12
12200 4.34517e-12
12220 2.68331e-12
12240 1.64978e-12
12260 1.00988e-12
12280 6.15462e-13
12300 3.73442e-13
12320 2.25597e-13
12340 1.35686e-13
12360 8.12499e-14
12380 4.84397e-14
12400 2.8752e-14
12420 1.69913e-14
12440 9.99704e-15
12460 5.85608e-15
12480 3.41532e-15
12500 1.9831e-15
12520 1.14643e-15
12540 6.59841e-16
12560 3.78112e-16
12580 2.1572e-16
12600 1.22532e-16
12620 6.92945e-17
12640 3.90155e-17
12660 2.18708e-17
12680 1.22062e-17
12700 6.78244e-18
12720 3.75216e-18
12740 2.06664e-18
12760 1.13328e-18
12780 6.18729e-19
12800 3.3632e-19
12820 1.82009e-19
12840 9.8067e-20
12860 5.26068e-20
12880 2.80964e-20
12900 1.49399e-20
12920 7.90925e-21
12940 4.1688e-21
12960 2.18764e-21
12980 1.14296e-21
13000 5.94532e-22
13020 3.07899e-22
13040 1.58756e-22
13060 8.1497e-23
13080 4.16526e-23
13100 2.11949e-23
13120 1.07377e-23
13140 5.41601e-24
13160 2.7198e-24
13180 1.35983e-24
13200 6.76893e-25
13220 3.35463e-25
13240 1.65523e-25
13260 8.13136e-26
13280 3.977e-26
13300 1.93659e-26
13320 9.38879e-27
13340 4.53179e-27
13360 2.17781e-27
13380 1.04198e-27
13400 4.96349e-28
13420 2.35399e-28
13440 1.11151e-28
13460 5.22526e-29
13480 2.44564e-29
13500 1.13964e-29
13520 5.28726e-30
13540 2.44221e-30
13560 1.12312e-30
13580 5.1423e-31
13600 2.34411e-31
13620 1.06387e-31
13640 4.80714e-32
13660 2.1626e-32
13680 9.68619e-33
13700 4.31936e-33
13720 1.91768e-33
13740 8.47659e-34
13760 3.7304e-34
13780 1.63448e-34
13800 7.13005e-35
13820 3.09667e-35
13840 1.33902e-35
13860 5.76458e-36
13880 2.4708e-36
13900 1.05438e-36
13920 4.47966e-37
13940 1.89489e-37
13960 7.98013e-38
13980 3.346e-38
14000 1.39679e-38
14020 5.80533e-39
14040 2.40221e-39
14060 9.89655e-40
14080 4.05926e-40
14100 1.65767e-40
14120 6.73968e-41
14140 2.72816e-41
14160 1.09948e-41
14180 4.41162e-42
14200 1.76237e-42
14220 7.00944e-43
14240 2.77562e-43
14260 1.09427e-43
14280 4.29517e-44
14300 1.67851e-44
14320 6.53069e-45
14340 2.52977e-45
14360 9.75649e-46
14380 3.74624e-46
14400 1.43214e-46
14420 5.45087e-47
14440 2.06555e-47
14460 7.79279e-48
14480 2.92712e-48
14500 1.09466e-48
14520 4.07572e-49
14540 1.51084e-49
14560 5.57602e-50
14580 2.04889e-50
14600 7.49551e-51
14620 2.73007e-51
14640 9.9e-52
14660 3.57426e-52
14680 1.28477e-52
14700 4.59786e-53
14720 1.63823e-53
14740 5.81143e-54
14760 2.05249e-54
14780 7.21717e-55
14800 2.52664e-55
14820 8.80659e-56
14840 3.05606e-56
14860 1.05586e-56
14880 3.63194e-57
14900 1.24383e-57
14920 4.24104e-58
14940 1.4397e-58
14960 4.8659e-59
14980 1.36957e-59
15000 5.77135e-60
15020 1.92535e-60
15040 6.39484e-61
15060 2.11465e-61
15080 6.96206e-62
15100 2.28205e-62
15120 7.44737e-63
15140 2.41974e-63
15160 7.82752e-64
15180 2.52098e-64
15200 8.08355e-65
15220 2.58062e-65
15240 8.20231e-66
15260 2.5956e-66
15280 8.17762e-67
15300 2.56511e-67
15320 8.01077e-68
15340 2.49076e-68
15360 7.71041e-69
15380 2.37636e-69
15400 7.29184e-70
15420 2.22767e-70
15440 6.77569e-71
15460 2.05185e-71
15480 6.18624e-72
15500 1.85693e-72
15520 5.54952e-73
15540 1.65122e-73
15560 4.89149e-74
15580 1.44267e-74
15600 4.23626e-75
15620 1.23848e-75
15640 3.6048e-76
15660 1.04463e-76
15680 3.01395e-77
15700 8.6576e-78
15720 2.47598e-78
15740 7.04996e-79
15760 1.99855e-79
15780 5.6407e-80
15800 1.58504e-80
15820 4.4344e-81
15840 1.23515e-81
15860 3.42526e-82
15880 9.45707e-83
15900 2.59961e-83
15920 7.11459e-84
15940 1.93856e-84
15960 5.25896e-85
15980 1.42039e-85
16000 3.81949e-86
16020 1.02257e-86
16040 2.72564e-87
16060 7.23325e-88
16080 1.91112e-88
16100 5.02725e-89
16120 1.31663e-89
16140 3.43308e-90
16160 8.9124e-91
16180 2.30353e-91
16200 5.92765e-92
16220 1.51866e-92
16240 3.87371e-93
16260 9.83747e-94
16280 2.4873e-94
16300 6.26127e-95
16320 1.56923e-95
16340 3.9156e-96
16360 9.72747e-97
16380 2.40597e-97
16400 5.92475e-98
16420 1.45258e-98
16440 3.54566e-99
16460 8.61676e-100
16480 2.08488e-100
16500 5.02233e-101
16520 1.20454e-101
16540 2.87623e-102
16560 6.83779e-103
16580 1.61844e-103
16600 3.81389e-104
16620 8.94804e-105
16640 2.09015e-105
16660 4.86088e-106
16680 1.12549e-106
16700 2.59453e-107
16720 5.95475e-108
16740 1.36069e-108
16760 3.09558e-109
16780 7.01156e-110
16800 1.58116e-110
16820 3.54999e-111
16840 7.93537e-112
16860 1.76602e-112
16880 3.91304e-113
16900 8.63221e-114
16920 1.89591e-114
16940 4.14576e-115
16960 9.02565e-116
16980 1.95633e-116
17000 4.22178e-117
17020 9.07062e-118
17040 1.9403e-118
17060 4.13227e-119
17080 8.76189e-120
17100 1.84968e-120
17120 3.88762e-121
17140 8.13505e-122
17160 1.69483e-122
17180 3.51545e-123
17200 7.25979e-124
17220 1.49265e-124
17240 3.05548e-125
17260 6.22717e-126
17280 1.26355e-126
17300 2.55259e-127
17320 5.13404e-128
17340 1.02808e-128
17360 2.04967e-129
17380 4.06845e-130
17400 8.04015e-131
17420 1.58193e-131
17440 3.09885e-132
17460 6.04371e-133
17480 1.17353e-133
17500 2.26869e-134
17520 4.36661e-135
17540 8.36765e-136
17560 1.59643e-136
17580 3.03241e-137
17600 5.73474e-138
17620 1.07976e-138
17640 2.02411e-139
17660 3.77769e-140
17680 7.01954e-141
17700 1.29861e-141
17720 2.39189e-142
17740 4.38622e-143
17760 8.0081e-144
17780 1.45565e-144
17800 2.63436e-145
17820 4.74658e-146
17840 8.51482e-147
17860 1.52076e-147
17880 2.70417e-148
17900 4.78736e-149
17920 8.43816e-150
17940 1.48077e-150
17960 2.58713e-151
17980 4.50026e-152
18000 7.79373e-153
18020 1.34382e-153
18040 2.3069e-154
18060 3.94279e-155
18080 6.70917e-156
18100 1.13664e-156
18120 1.91719e-157
18140 3.21956e-158
18160 5.38291e-159
18180 8.9604e-160
18200 1.485e-160
18220 2.45027e-161
18240 4.02524e-162
18260 6.58352e-163
18280 1.07205e-163
18300 1.73804e-164
18320 2.80538e-165
18340 4.50832e-166
18360 7.21318e-167
18380 1.14902e-167
18400 1.82229e-168
18420 2.87738e-169
18440 4.52341e-170
18460 7.07984e-171
18480 1.10324e-171
18500 1.71161e-172
18520 2.64381e-173
18540 4.06578e-174
18560 6.22511e-175
18580 9.48941e-176
18600 1.44019e-176
18620 2.17616e-177
18640 3.27378e-178
18660 4.90341e-179
18680 7.312e-180
18700 1.08558e-180
18720 1.60464e-181
18740 2.36148e-182
18760 3.46001e-183
18780 5.04732e-184
18800 7.33049e-185
18820 1.05997e-185
18840 1.52597e-186
18860 2.18718e-187
18880 3.12114e-188
18900 4.43436e-189
18920 6.27245e-190
18940 8.83351e-191
18960 1.23856e-191
18980 1.72899e-192
19000 2.40301e-193
19020 3.32513e-194
19040 4.58089e-195
19060 6.28319e-196
19080 8.58025e-197
19100 1.16656e-197
19120 1.57909e-198
19140 2.12811e-199
19160 2.85542e-200
19180 3.81448e-201
19200 5.07329e-202
19220 6.71789e-203
19240 8.85656e-204
19260 1.16248e-204
19280 1.51914e-205
19300 1.9765e-206
19320 2.56027e-207
19340 3.3019e-208
19360 4.23967e-209
19380 5.41986e-210
19400 6.89816e-211
19420 8.74113e-212
19440 1.10279e-212
19460 1.38517e-213
19480 1.73223e-214
19500 2.15673e-215
19520 2.67348e-216
19540 3.29948e-217
19560 4.05419e-218
19580 4.95965e-219
19600 6.0407e-220
19620 7.32509e-221
19640 8.84357e-222
19660 1.063e-222
19680 1.27211e-223
19700 1.51567e-224
19720 1.79795e-225
19740 2.12343e-226
19760 2.49682e-227
19780 2.92297e-228
19800 3.40684e-229
19820 3.95338e-230
19840 4.56746e-231
19860 5.25375e-232
19880 6.01663e-233
19900 6.86003e-234
19920 7.78732e-235
19940 8.80115e-236
19960 9.90329e-237
19980 1.10945e-237
20000 1.23745e-238
20020 1.37415e-239
20040 1.51926e-240
20060 1.67231e-241
20080 1.8327e-242
20100 1.99966e-243
20120 2.17225e-244
20140 2.34937e-245
20160 2.52978e-246
20180 2.71209e-247
20200 2.89476e-248
20220 3.07618e-249
20240 3.25461e-250
20260 3.42828e-251
20280 3.59536e-252
20300 3.75402e-253
20320 3.90249e-254
20340 4.03901e-255
20360 4.16195e-256
20380 4.26981e-257
20400 4.36123e-258
20420 4.43505e-259
20440 4.49032e-260
20460 4.52632e-261
20480 4.54258e-262
20500 4.53888e-263
20520 4.51527e-264
20540 4.47206e-265
20560 4.40982e-266
20580 4.32936e-267
20600 4.2317e-268
20620 4.11809e-269
20640 3.98994e-270
20660 3.8488e-271
20680 3.69635e-272
20700 3.53435e-273
20720 3.36462e-274
20740 3.18898e-275
20760 3.00923e-276
20780 2.82715e-277
20800 2.64443e-278
20820 2.46266e-279
20840 2.28331e-280
20860 2.10773e-281
20880 1.93711e-282
20900 1.77248e-283
20920 1.61473e-284
20940 1.46456e-285
20960 1.32252e-286
20980 1.18901e-287
21000 1.06429e-288
21020 9.48467e-290
21040 8.41539e-291
21060 7.43387e-292
21080 6.53801e-293
21100 5.72486e-294
21120 4.99083e-295
21140 4.33182e-296
21160 3.74332e-297
21180 3.22057e-298
21200 2.75865e-299
21220 2.35262e-300
21240 1.99753e-301
21260 1.6886e-302
21280 1.42117e-303
21300 1.19085e-304
21320 9.93475e-306
21340 8.25174e-307
21360 6.82375e-308
21380 5.6181e-309
21400 4.60517e-310
21420 3.75829e-311
21440 3.05368e-312
21460 2.47029e-313
21480 1.98957e-314
21500 1.59537e-315
21520 1.27365e-316
21540 1.01235e-317
21560 8.01118e-319
21580 6.31712e-320
21600 4.89125e-321
21620 4.5454e-322
21640 0
21660 0
21680 0
21700 0
21720 0
21740 0
21760 0
21780 0
21800 0
21820 0
21840 0
21860 0
21880 0
21900 0
21920 0
21940 0
21960 0
21980 0
22000 0
22020 0
22040 0
22060 0
22080 0
22100 0
22120 0
22140 0
22160 0
22180 0
22200 0
22220 0
22240 0
22260 0
22280 0
22300 0
22320 0
22340 0
22360 0
22380 0
22400 0
22420 0
22440 0
22460 0
22480 0
22500 0
22520 0
22540 0
22560 0
22580 0
22600 0
22620 0
22640 0
22660 0
22680 0
22700 0
22720 0
22740 0
22760 0
22780 0
22800 0
22820 0
22840 0
22860 0
22880 0
22900 0
22920 0
22940 0
22960 0
22980 0
23000 0
23020 0
23040 0
23060 0
23080 0
23100 0
23120 0
23140 0
23160 0
23180 0
23200 0
23220 0
23240 0
23260 0
23280 0
23300 0
23320 0
23340 0
23360 0
23380 0
23400 0
23420 0
23440 0
23460 0
23480 0
23500 0
23520 0
23540 0
23560 0
23580 0
23600 0
23620 0
23640 0
23660 0
23680 0
23700 0
23720 0
23740 0
23760 0
23780 0
23800 0
23820 0
23840 0
23860 0
23880 0
23900 0
23920 0
23940 0
23960 0
23980 0
24000 0
24020 0
24040 0
24060 0
24080 0
24100 0
24120 0
24140 0
24160 0
24180 0
24200 0
24220 0
24240 0
24260 0
24280 0
24300 0
24320 0
24340 0
24360 0
24380 0
24400 0
24420 0
24440 0
24460 0
24480 0
24500 0
24520 0
24540 0
24560 0
24580 0
24600 0
24620 0
24640 0
24660 0
24680 0
24700 0
24720 0
24740 0
24760 0
24780 0
24800 0
24820 0
24840 0
24860 0
24880 0
24900 0
24920 0
24940 0
24960 0
24980 0
25000 0
25020 0
25040 0
25060 0
25080 0
25100 0
25120 0
25140 0
25160 0
25180 0
25200 0
25220 0
25240 0
25260 0
25280 0
25300 0
25320 0
25340 0
25360 0
25380 0
25400 0
25420 0
25440 0
25460 0
25480 0
25500 0
25520 0
25540 0
25560 0
25580 0
25600 0
25620 0
25640 0
25660 0
25680 0
25700 0
25720 0
25740 0
25760 0
25780 0
25800 0
25820 0
25840 0
25860 0
25880 0
25900 0
25920 0
25940 0
25960 0
25980 0
26000 0
26020 0
26040 0
26060 0
26080 0
26100 0
26120 0
26140 0
26160 0
26180 0
26200 0
26220 0
26240 0
26260 0
26280 0
26300 0
26320 0
26340 0
26360 0
26380 0
26400 0
26420 0
26440 0
26460 0
26480 0
26500 0
26520 0
26540 0
26560 0
26580 0
26600 0
26620 0
26640 0
26660 0
26680 0
26700 0
26720 0
26740 0
26760 0
26780 0
26800 0
26820 0
26840 0
26860 0
26880 0
26900 0
26920 0
26940 0
26960 0
26980 0
27000 0
27020 0
27040 0
27060 0
27080 0
27100 0
27120 0
27140 0
27160 0
27180 0
27200 0
27220 0
27240 0
27260 0
27280 0
27300 0
27320 0
27340 0
27360 0
27380 0
27400 0
27420 0
27440 0
27460 0
27480 0
27500 0
27520 0
27540 0
27560 0
27580 0
27600 0
27620 0
27640 0
27660 0
27680 0
27700 0
27720 0
27740 0
27760 0
27780 0
27800 0
27820 0
27840 0
27860 0
27880 0
27900 0
27920 0
27940 0
27960 0
27980 0
28000 0
28020 0
28040 0
28060 0
28080 0
28100 0
28120 0
28140 0
28160 0
28180 0
28200 0
28220 0
28240 0
28260 0
28280 0
28300 0
28320 0
28340 0
28360 0
28380 0
28400 0
28420 0
28440 0
28460 0
28480 0
28500 0
28520 0
28540 0
28560 0
28580 0
28600 0
28620 0
28640 0
28660 0
28680 0
28700 0
28720 0
28740 0
28760 0
28780 0
28800 0
28820 0
28840 0
28860 0
28880 0
28900 0
28920 0
28940 0
28960 0
28980 0
29000 0
29020 0
29040 0
29060 0
29080 0
29100 0
29120 0
29140 0
29160 0
29180 0
29200 0
29220 0
29240 0
29260 0
29280 0
29300 0
29320 0
29340 0
29360 0
29380 0
29400 0
29420 0
29440 0
29460 0
29480 0
29500 0
29520 0
29540 0
29560 0
29580 0
29600 0
29620 0
29640 0
29660 0
29680 0
29700 0
29720 0
29740 0
29760 0
29780 0
29800 0
29820 0
29840 0
29860 0
29880 0
29900 0
29920 0
29940 0
29960 0
