-20 0
0 2.38258e-05
20 -1.51954e-05
40 -2.15768e-05
60 1.48535e-05
80 -1.33201e-06
100 -2.12314e-05
120 -5.21695e-06
140 9.99393e-06
160 -1.05851e-05
180 -5.71188e-06
200 2.62281e-06
220 1.34879e-05
240 7.57177e-06
260 -3.24978e-06
280 2.02318e-05
300 4.47694e-05
320 8.70945e-06
340 4.3619e-06
360 7.15591e-05
380 5.537e-05
400 -7.4787e-06
420 5.81213e-05
440 0.000109157
460 1.51248e-05
480 2.5332e-05
500 0.000110349
520 7.40588e-05
540 1.18788e-05
560 6.64813e-05
580 8.9862e-05
600 5.18689e-05
620 2.66762e-05
640 3.34023e-05
660 6.39675e-05
680 4.68573e-05
700 -3.34897e-05
720 -2.62631e-05
740 4.42709e-05
760 -5.03095e-05
780 -0.000146181
800 -0.000103437
820 -0.000117275
840 -0.000235832
860 -0.000330047
880 -0.000401975
900 -0.000450509
920 -0.000587255
940 -0.000840194
960 -0.00100555
980 -0.00112263
1000 -0.00142468
1020 -0.00182275
1040 -0.00216419
1060 -0.00253347
1080 -0.00297568
1100 -0.00358903
1120 -0.00430483
1140 -0.00492589
1160 -0.00562533
1180 -0.00654968
1200 -0.00756624
1220 -0.00860853
1240 -0.00963713
1260 -0.0107226
1280 -0.0120402
1300 -0.0134204
1320 -0.014664
1340 -0.0158805
1360 -0.01713
1380 -0.0184411
1400 -0.0197251
1420 -0.0206979
1440 -0.0214253
1460 -0.0220647
1480 -0.0225116
1500 -0.0226917
1520 -0.0223419
1540 -0.0213609
1560 -0.01992
1580 -0.017965
1600 -0.015364
1620 -0.0118831
1640 -0.00722614
1660 -0.00145136
1680 0.00541201
1700 0.0134829
1720 0.0229593
1740 0.0342476
1760 0.0475793
1780 0.0629541
1800 0.0804471
1820 0.100062
1840 0.122042
1860 0.146788
1880 0.174473
1900 0.205239
1920 0.238895
1940 0.275218
1960 0.314104
1980 0.355456
2000 0.399311
2020 0.445611
2040 0.494021
2060 0.544109
2080 0.595098
2100 0.646249
2120 0.696905
2140 0.746388
2160 0.794302
2180 0.840183
2200 0.883599
2220 0.924073
2240 0.960916
2260 0.993451
2280 1.02088
2300 1.04241
2320 1.05738
2340 1.06515
2360 1.06539
2380 1.05788
2400 1.04261
2420 1.01987
2440 0.989985
2460 0.953598
2480 0.911386
2500 0.86411
2520 0.812724
2540 0.758059
2560 0.701139
2580 0.642821
2600 0.58401
2620 0.525548
2640 0.468124
2660 0.41246
2680 0.359039
2700 0.308364
2720 0.260802
2740 0.216545
2760 0.17582
2780 0.138625
2800 0.104995
2820 0.0748499
2840 0.048034
2860 0.0244274
2880 0.00375449
2900 -0.0141383
2920 -0.0295639
2940 -0.0427334
2960 -0.053884
2980 -0.0632804
3000 -0.0710865
3020 -0.0775853
3040 -0.0829205
3060 -0.0872944
3080 -0.0908387
3100 -0.0936956
3120 -0.096001
3140 -0.0978245
3160 -0.0993064
3180 -0.100448
3200 -0.101376
3220 -0.102102
3240 -0.102684
3260 -0.103167
3280 -0.103546
3300 -0.103888
3320 -0.104155
3340 -0.10441
3360 -0.104622
3380 -0.10482
3400 -0.105026
3420 -0.105197
3440 -0.105385
3460 -0.105546
3480 -0.105716
3500 -0.105875
3520 -0.106033
3540 -0.106167
3560 -0.106284
3580 -0.106393
3600 -0.106473
3620 -0.106549
3640 -0.106576
3660 -0.106596
3680 -0.106575
3700 -0.106541
3720 -0.106471
3740 -0.106364
3760 -0.106224
3780 -0.106043
3800 -0.105842
3820 -0.105592
3840 -0.105324
3860 -0.10501
3880 -0.104691
3900 -0.10434
3920 -0.103988
3940 -0.103623
3960 -0.103259
3980 -0.102899
4000 -0.102548
4020 -0.102223
4040 -0.101908
4060 -0.101625
4080 -0.10135
4100 -0.101103
4120 -0.100866
4140 -0.100672
4160 -0.10047
4180 -0.100298
4200 -0.100118
4220 -0.0999748
4240 -0.0998368
4260 -0.0997211
4280 -0.0996086
4300 -0.0995037
4320 -0.0994047
4340 -0.0993158
4360 -0.0992342
4380 -0.0991349
4400 -0.0990564
4420 -0.0989468
4440 -0.0988562
4460 -0.0987518
4480 -0.0986608
4500 -0.0985634
4520 -0.0984623
4540 -0.0983415
4560 -0.0982233
4580 -0.0981049
4600 -0.0979837
4620 -0.0978612
4640 -0.0977326
4660 -0.0976048
4680 -0.0974769
4700 -0.097344
4720 -0.0972333
4740 -0.0971043
4760 -0.0969874
4780 -0.0968536
4800 -0.0967161
4820 -0.0965749
4840 -0.0964285
4860 -0.09626
4880 -0.0960658
4900 -0.0958447
4920 -0.0955648
4940 -0.0952534
4960 -0.094884
4980 -0.094463
5000 -0.0941244
5020 -0.0937097
5040 -0.0932556
5060 -0.0927128
5080 -0.0921179
5100 -0.0914422
5120 -0.0907081
5140 -0.0899107
5160 -0.0890331
5180 -0.0881158
5200 -0.0871137
5220 -0.0860606
5240 -0.0849551
5260 -0.0837989
5280 -0.0826334
5300 -0.0814162
5320 -0.080231
5340 -0.0790174
5360 -0.0778571
5380 -0.0766996
5400 -0.0755941
5420 -0.0745553
5440 -0.0735649
5460 -0.0726954
5480 -0.0718854
5500 -0.0712297
5520 -0.0706648
5540 -0.0702427
5560 -0.0699546
5580 -0.0697603
5600 -0.0697271
5620 -0.0697635
5640 -0.0699356
5660 -0.07017
5680 -0.0704922
5700 -0.0708887
5720 -0.0713035
5740 -0.0718034
5760 -0.0722782
5780 -0.0728106
5800 -0.0733183
5820 -0.0738297
5840 -0.0743089
5860 -0.0747229
5880 -0.0750948
5900 -0.0753718
5920 -0.075581
5940 -0.0757114
5960 -0.0757505
5980 -0.0757057
6000 -0.0755436
6020 -0.0752697
6040 -0.0748951
6060 -0.0743924
6080 -0.0738132
6100 -0.073114
6120 -0.0723329
6140 -0.0714728
6160 -0.0705422
6180 -0.0696015
6200 -0.0686085
6220 -0.0676411
6240 -0.0666819
6260 -0.0657536
6280 -0.0649182
6300 -0.0641167
6320 -0.063442
6340 -0.0628334
6360 -0.0623639
6380 -0.0620166
6400 -0.0617802
6420 -0.0617041
6440 -0.0617447
6460 -0.0619489
6480 -0.0622924
6500 -0.062776
6520 -0.0633998
6540 -0.0641506
6560 -0.0650132
6580 -0.0659863
6600 -0.0670177
6620 -0.0681481
6640 -0.0692988
6660 -0.0705119
6680 -0.0717563
6700 -0.0730097
6720 -0.0743089
6740 -0.0755665
6760 -0.0768391
6780 -0.0780646
6800 -0.0792543
6820 -0.0804078
6840 -0.0814978
6860 -0.0825624
6880 -0.0835597
6900 -0.0844841
6920 -0.0853647
6940 -0.0861689
6960 -0.0869021
6980 -0.0875926
7000 -0.0882057
7020 -0.0887931
7040 -0.08928
7060 -0.0897382
7080 -0.0901495
7100 -0.0904945
7120 -0.090833
7140 -0.0910963
7160 -0.0913454
7180 -0.0915513
7200 -0.0917261
7220 -0.0918891
7240 -0.0920225
7260 -0.0921228
7280 -0.0922295
7300 -0.0922829
7320 -0.0923607
7340 -0.0924123
7360 -0.0924444
7380 -0.0924893
7400 -0.0924879
7420 -0.0925199
7440 -0.0925348
7460 -0.0925305
7480 -0.0925415
7500 -0.092536
7520 -0.0925324
7540 -0.0925406
7560 -0.0925135
7580 -0.0925201
7600 -0.0925045
7620 -0.0924942
7640 -0.0924991
7660 -0.092474
7680 -0.092464
7700 -0.0924614
7720 -0.0924443
7740 -0.0924446
7760 -0.0924241
7780 -0.0924156
7800 -0.0924276
7820 -0.0923925
7840 -0.0924031
7860 -0.0923867
7880 -0.0923791
7900 -0.0923874
7920 -0.0923721
7940 -0.0923666
7960 -0.0923869
7980 -0.0923658
8000 -0.09238
8020 -0.092382
8040 -0.0923765
8060 -0.0924072
8080 -0.0924047
8100 -0.0924217
8120 -0.092454
8140 -0.092465
8160 -0.0924962
8180 -0.0925326
8200 -0.0925551
8220 -0.0926184
8240 -0.0926476
8260 -0.0927122
8280 -0.0927858
8300 -0.0928493
8320 -0.0929308
8340 -0.093028
8360 -0.0931157
8380 -0.0932363
8400 -0.0933333
8420 -0.0934655
8440 -0.0936175
8460 -0.0937416
8480 -0.0939046
8500 -0.0940805
8520 -0.0942477
8540 -0.0944299
8560 -0.0946226
8580 -0.094801
8600 -0.0950116
8620 -0.0951897
8640 -0.095389
8660 -0.0955875
8680 -0.0957675
8700 -0.0959534
8720 -0.0961514
8740 -0.0963018
8760 -0.0964797
8780 -0.0966378
8800 -0.0967677
8820 -0.0969004
8840 -0.097006
8860 -0.0970809
8880 -0.0971691
8900 -0.0971891
8920 -0.0972016
8940 -0.0972144
8960 -0.0971505
8980 -0.0971044
9000 -0.0970232
9020 -0.0968923
9040 -0.0967715
9060 -0.0966265
9080 -0.0964365
9100 -0.0962643
9120 -0.096058
9140 -0.0958401
9160 -0.0956333
9180 -0.0954017
9200 -0.0951652
9220 -0.0949539
9240 -0.0947136
9260 -0.0944851
9280 -0.0942887
9300 -0.0940574
9320 -0.0938487
9340 -0.0936887
9360 -0.0934679
9380 -0.0933097
9400 -0.0931626
9420 -0.0929874
9440 -0.092859
9460 -0.0927471
9480 -0.0926072
9500 -0.0925014
9520 -0.0924316
9540 -0.0923132
9560 -0.0922395
9580 -0.092194
9600 -0.0920923
9620 -0.0920493
9640 -0.0920054
9660 -0.0919447
9680 -0.0918969
9700 -0.0918677
9720 -0.0918179
9740 -0.0917791
9760 -0.0917631
9780 -0.0917033
9800 -0.0916831
9820 -0.0916556
9840 -0.091612
9860 -0.0915835
9880 -0.091557
9900 -0.0915201
9920 -0.0914787
9940 -0.0914722
9960 -0.0914143
9980 -0.0913966
10000 -0.0913642
10020 -0.0913538
10040 -0.0913241
10060 -0.0912993
10080 -0.091289
10100 -0.0912633
10120 -0.0912382
10140 -0.0912522
10160 -0.0912132
10180 -0.0912036
10200 -0.0912106
10220 -0.0911916
10240 -0.091192
10260 -0.0911886
10280 -0.0911935
10300 -0.0912005
10320 -0.0911877
10340 -0.0912072
10360 -0.0912335
10380 -0.091212
10400 -0.0912362
10420 -0.0912607
10440 -0.0912623
10460 -0.0912785
10480 -0.09129
10500 -0.091317
10520 -0.0913198
10540 -0.091322
10560 -0.0913635
10580 -0.0913672
10600 -0.0913567
10620 -0.0913945
10640 -0.0913981
10660 -0.0913977
10680 -0.0914091
10700 -0.091423
10720 -0.0914326
10740 -0.0914104
10760 -0.09143
10780 -0.0914449
10800 -0.0914152
10820 -0.0914233
10840 -0.0914349
10860 -0.0914146
10880 -0.0914141
10900 -0.0914047
10920 -0.0914144
10940 -0.0914006
10960 -0.0913833
10980 -0.0913996
11000 -0.0913865
11020 -0.0913783
11040 -0.0913899
11060 -0.0913676
11080 -0.091387
11100 -0.0913882
11120 -0.0913682
11140 -0.0914019
11160 -0.0913998
11180 -0.0914119
11200 -0.0914128
11220 -0.0914305
11240 -0.0914607
11260 -0.091462
11280 -0.0914791
11300 -0.0915288
11320 -0.0915276
11340 -0.0915511
11360 -0.0915977
11380 -0.0916105
11400 -0.0916575
11420 -0.0916624
11440 -0.0917099
11460 -0.0917385
11480 -0.0917611
11500 -0.0917987
11520 -0.0918172
11540 -0.0918544
11560 -0.0918771
11580 -0.0918854
11600 -0.0919277
11620 -0.0919618
11640 -0.0919564
11660 -0.0919858
11680 -0.092005
11700 -0.0920346
11720 -0.0920338
11740 -0.0920536
11760 -0.0920813
11780 -0.0920786
11800 -0.0920967
11820 -0.0920994
11840 -0.0921128
11860 -0.0921363
11880 -0.0921277
11900 -0.0921345
11920 -0.0921482
11940 -0.0921606
11960 -0.0921701
11980 -0.0921614
12000 -0.0921828
12020 -0.092193
12040 -0.0921882
12060 -0.0922123
12080 -0.0922069
12100 -0.092233
12120 -0.0922564
12140 -0.0922474
12160 -0.0922769
12180 -0.0922891
12200 -0.0923297
12220 -0.0923378
12240 -0.0923597
12260 -0.0924094
12280 -0.0924323
12300 -0.0924777
12320 -0.0925138
12340 -0.0925506
12360 -0.0926173
12380 -0.0926763
12400 -0.0927223
12420 -0.0927831
12440 -0.0928573
12460 -0.0929401
12480 -0.0930142
12500 -0.0930947
12520 -0.0931838
12540 -0.0932608
12560 -0.093385
12580 -0.0934584
12600 -0.0935682
12620 -0.0936698
12640 -0.0937826
12660 -0.0939063
12680 -0.0939971
12700 -0.0941157
12720 -0.0942164
12740 -0.0943553
12760 -0.0944863
12780 -0.0945841
12800 -0.0947073
12820 -0.0948444
12840 -0.0949772
12860 -0.095143
12880 -0.0952877
12900 -0.0954502
12920 -0.0956251
12940 -0.0958393
12960 -0.0960785
12980 -0.0963374
13000 -0.096637
13020 -0.0969565
13040 -0.0973542
13060 -0.0978173
13080 -0.0983183
13100 -0.0989082
13120 -0.0995566
13140 -0.100302
13160 -0.101162
13180 -0.102127
13200 -0.103222
13220 -0.104382
13240 -0.105716
13260 -0.107167
13280 -0.108769
13300 -0.110548
13320 -0.112446
13340 -0.114505
13360 -0.116682
13380 -0.119018
13400 -0.121506
13420 -0.124155
13440 -0.126949
13460 -0.129834
13480 -0.132851
13500 -0.135914
13520 -0.13905
13540 -0.142269
13560 -0.145515
13580 -0.148809
13600 -0.152086
13620 -0.155317
13640 -0.158442
13660 -0.161456
13680 -0.164327
13700 -0.16703
13720 -0.169568
13740 -0.171921
13760 -0.174065
13780 -0.175986
13800 -0.177639
13820 -0.178995
13840 -0.180048
13860 -0.180723
13880 -0.18103
13900 -0.180922
13920 -0.180414
13940 -0.179473
13960 -0.17813
13980 -0.176403
14000 -0.174277
14020 -0.171832
14040 -0.169039
14060 -0.165963
14080 -0.162637
14100 -0.159084
14120 -0.155371
14140 -0.151499
14160 -0.147558
14180 -0.143538
14200 -0.139513
14220 -0.135504
14240 -0.131514
14260 -0.127639
14280 -0.12383
14300 -0.120166
14320 -0.116632
14340 -0.113267
14360 -0.110074
14380 -0.107052
14400 -0.104247
14420 -0.101591
14440 -0.0991578
14460 -0.0969065
14480 -0.0948228
14500 -0.0929563
14520 -0.0912311
14540 -0.089713
14560 -0.0883283
14580 -0.0871126
14600 -0.0860167
14620 -0.0850589
14640 -0.0842271
14660 -0.0834634
14680 -0.0828555
14700 -0.0823056
14720 -0.0818531
14740 -0.0814813
14760 -0.0811605
14780 -0.0809222
14800 -0.0807063
14820 -0.0805671
14840 -0.0804445
14860 -0.0803792
14880 -0.0803365
14900 -0.080312
14920 -0.0803462
14940 -0.0803535
14960 -0.0804079
14980 -0.0804579
15000 -0.0805005
15020 -0.0805458
15040 -0.0805899
15060 -0.0806448
15080 -0.08069
15100 -0.0807338
15120 -0.0807823
15140 -0.080821
15160 -0.0808648
15180 -0.0808968
15200 -0.0809072
15220 -0.0809206
15240 -0.0809152
15260 -0.0808861
15280 -0.0808501
15300 -0.0807927
15320 -0.0807229
15340 -0.0806395
15360 -0.0805328
15380 -0.0804163
15400 -0.0802705
15420 -0.0800987
15440 -0.0799088
15460 -0.0796721
15480 -0.0794122
15500 -0.0791277
15520 -0.0787939
15540 -0.0784414
15560 -0.0780554
15580 -0.0776271
15600 -0.0771802
15620 -0.0766962
15640 -0.076183
15660 -0.0756434
15680 -0.0750706
15700 -0.0744815
15720 -0.0738584
15740 -0.0732156
15760 -0.072562
15780 -0.0718693
15800 -0.0711748
15820 -0.0704775
15840 -0.0697534
15860 -0.0690461
15880 -0.0683503
15900 -0.0676647
15920 -0.0670171
15940 -0.0663914
15960 -0.0658053
15980 -0.0652746
16000 -0.0647878
16020 -0.0643569
16040 -0.0639753
16060 -0.0636584
16080 -0.0634117
16100 -0.063205
16120 -0.0630719
16140 -0.0630088
16160 -0.0629807
16180 -0.0630184
16200 -0.0631013
16220 -0.063213
16240 -0.0633731
16260 -0.0635496
16280 -0.0637476
16300 -0.0639714
16320 -0.0641998
16340 -0.064445
16360 -0.0646935
16380 -0.0649566
16400 -0.0652332
16420 -0.0654843
16440 -0.0657445
16460 -0.0660014
16480 -0.0662166
16500 -0.0664224
16520 -0.0665987
16540 -0.0667377
16560 -0.066861
16580 -0.0669453
16600 -0.0669964
16620 -0.067018
16640 -0.0670055
16660 -0.0669634
16680 -0.0668805
16700 -0.0667769
16720 -0.0666502
16740 -0.0664867
16760 -0.0663142
16780 -0.066118
16800 -0.0658883
16820 -0.0656547
16840 -0.065406
16860 -0.0651383
16880 -0.0648739
16900 -0.0646054
16920 -0.0643303
16940 -0.0640677
16960 -0.0638164
16980 -0.0635756
17000 -0.0633621
17020 -0.0631743
17040 -0.0630123
17060 -0.0628873
17080 -0.0627986
17100 -0.0627473
17120 -0.0627409
17140 -0.0627862
17160 -0.062874
17180 -0.0629957
17200 -0.0631687
17220 -0.0633879
17240 -0.0636448
17260 -0.0639479
17280 -0.0642799
17300 -0.0646425
17320 -0.0650469
17340 -0.0654675
17360 -0.0659064
17380 -0.0663749
17400 -0.066848
17420 -0.0673251
17440 -0.067818
17460 -0.0683105
17480 -0.0687987
17500 -0.0692804
17520 -0.069748
17540 -0.0702113
17560 -0.0706596
17580 -0.0710877
17600 -0.0715037
17620 -0.071894
17640 -0.0722716
17660 -0.0726285
17680 -0.072947
17700 -0.073262
17720 -0.0735535
17740 -0.0738079
17760 -0.0740596
17780 -0.0742858
17800 -0.0744889
17820 -0.0746795
17840 -0.0748436
17860 -0.0750021
17880 -0.0751393
17900 -0.0752569
17920 -0.0753748
17940 -0.0754669
17960 -0.0755569
17980 -0.0756451
18000 -0.0757049
18020 -0.0757745
18040 -0.075839
18060 -0.0758815
18080 -0.075935
18100 -0.0759778
18120 -0.0760109
18140 -0.0760609
18160 -0.076101
18180 -0.076134
18200 -0.0761807
18220 -0.0762226
18240 -0.0762664
18260 -0.076317
18280 -0.0763574
18300 -0.0764077
18320 -0.076472
18340 -0.0765312
18360 -0.0765933
18380 -0.0766627
18400 -0.0767467
18420 -0.0768354
18440 -0.0769178
18460 -0.0770204
18480 -0.0771273
18500 -0.0772299
18520 -0.0773533
18540 -0.0774703
18560 -0.077588
18580 -0.0777287
18600 -0.0778588
18620 -0.0779914
18640 -0.0781458
18660 -0.0782922
18680 -0.0784354
18700 -0.0785893
18720 -0.0787373
18740 -0.0788819
18760 -0.0790219
18780 -0.0791422
18800 -0.0792587
18820 -0.0793589
18840 -0.0794219
18860 -0.0794659
18880 -0.0794628
18900 -0.0794032
18920 -0.0792985
18940 -0.0791006
18960 -0.0788122
18980 -0.0784212
19000 -0.0778838
19020 -0.0772145
19040 -0.0763661
19060 -0.0753157
19080 -0.0740905
19100 -0.0726386
19120 -0.070971
19140 -0.0691205
19160 -0.0670676
19180 -0.0648597
19200 -0.0625332
19220 -0.0601065
19240 -0.0576427
19260 -0.055177
19280 -0.052731
19300 -0.0503394
19320 -0.0480236
19340 -0.0457916
19360 -0.0436336
19380 -0.0415328
19400 -0.0394979
19420 -0.0375329
19440 -0.0356076
19460 -0.0337409
19480 -0.0319716
19500 -0.0302943
19520 -0.02874
19540 -0.0273247
19560 -0.0260386
19580 -0.024905
19600 -0.0238804
19620 -0.0229353
19640 -0.0220926
19660 -0.0213006
19680 -0.0205504
19700 -0.0198794
19720 -0.0192676
19740 -0.0187382
19760 -0.0183106
19780 -0.017945
19800 -0.0176472
19820 -0.0174054
19840 -0.0171684
19860 -0.0169438
19880 -0.016726
19900 -0.0165023
19920 -0.0163132
19940 -0.0161538
19960 -0.0160189
19980 -0.0159258
20000 -0.0158254
20020 -0.0157111
20040 -0.0155961
20060 -0.0154412
20080 -0.0152755
20100 -0.0151288
20120 -0.0149831
20140 -0.0148638
20160 -0.0147609
20180 -0.0146366
20200 -0.0145097
20220 -0.014365
20240 -0.014179
20260 -0.014017
20280 -0.0138883
20300 -0.0137478
20320 -0.0136373
20340 -0.013541
20360 -0.0134107
20380 -0.0132881
20400 -0.0131504
20420 -0.0130023
20440 -0.0129103
20460 -0.0128246
20480 -0.01274
20500 -0.0126877
20520 -0.0126051
20540 -0.0125034
20560 -0.0124239
20580 -0.012346
20600 -0.012287
20620 -0.0122624
20640 -0.0122351
20660 -0.0121926
20680 -0.0121479
20700 -0.0120929
20720 -0.012048
20740 -0.0120288
20760 -0.0120082
20780 -0.0120074
20800 -0.0120111
20820 -0.0119747
20840 -0.0119454
20860 -0.0119242
20880 -0.0119011
20900 -0.011916
20920 -0.0119272
20940 -0.0119188
20960 -0.0119129
20980 -0.0118839
21000 -0.011863
21020 -0.0118735
21040 -0.0118764
21060 -0.0118815
21080 -0.0118968
21100 -0.0118765
21120 -0.0118411
21140 -0.0118448
21160 -0.0118526
21180 -0.0118536
21200 -0.0118682
21220 -0.0118548
21240 -0.0118341
21260 -0.0118328
21280 -0.0118135
21300 -0.0118155
21320 -0.0118417
21340 -0.0118298
21360 -0.0118098
21380 -0.0118023
21400 -0.0117822
21420 -0.0117787
21440 -0.0117978
21460 -0.0117942
21480 -0.0117761
21500 -0.0117662
21520 -0.0117456
21540 -0.0117372
21560 -0.011753
21580 -0.0117507
21600 -0.0117424
21620 -0.0117334
21640 -0.0117056
21660 -0.0117008
21680 -0.0117177
21700 -0.0117163
21720 -0.0117133
21740 -0.0117056
21760 -0.0116787
21780 -0.011675
21800 -0.0117
21820 -0.0117027
21840 -0.0116924
21860 -0.0116932
21880 -0.0116824
21900 -0.0116776
21920 -0.0116964
21940 -0.0117083
21960 -0.0117139
21980 -0.011712
22000 -0.0116951
22020 -0.011704
22040 -0.0117352
22060 -0.011743
22080 -0.0117433
22100 -0.0117486
22120 -0.0117405
22140 -0.0117493
22160 -0.0117815
22180 -0.011791
22200 -0.0117863
22220 -0.0117916
22240 -0.0117929
22260 -0.0118005
22280 -0.0118244
22300 -0.0118371
22320 -0.0118318
22340 -0.0118304
22360 -0.011834
22380 -0.0118434
22400 -0.0118637
22420 -0.0118723
22440 -0.0118635
22460 -0.0118576
22480 -0.0118608
22500 -0.0118784
22520 -0.0118946
22540 -0.0118883
22560 -0.011875
22580 -0.0118757
22600 -0.0118898
22620 -0.0118961
22640 -0.0118957
22660 -0.0118985
22680 -0.011885
22700 -0.0118797
22720 -0.0118982
22740 -0.0118981
22760 -0.0118891
22780 -0.011887
22800 -0.0118745
22820 -0.011868
22840 -0.0118747
22860 -0.0118691
22880 -0.0118438
22900 -0.0118257
22920 -0.0118131
22940 -0.0117843
22960 -0.0117626
22980 -0.0117321
23000 -0.0116677
23020 -0.0116086
23040 -0.0115499
23060 -0.0114712
23080 -0.0113696
23100 -0.0112316
23120 -0.011078
23140 -0.0109078
23160 -0.0107019
23180 -0.0104523
23200 -0.0101364
23220 -0.00977513
23240 -0.00937288
23260 -0.00889222
23280 -0.00833203
23300 -0.00767891
23320 -0.00691794
23340 -0.0060559
23360 -0.00508377
23380 -0.00397882
23400 -0.00271099
23420 -0.00128291
23440 0.000306264
23460 0.00207931
23480 0.00403671
23500 0.0062094
23520 0.00860797
23540 0.0112124
23560 0.0140523
23580 0.0171265
23600 0.020429
23620 0.0239782
23640 0.0277531
23660 0.0317513
23680 0.0359627
23700 0.0403616
23720 0.0449587
23740 0.0497217
23760 0.054598
23780 0.0595711
23800 0.0646215
23820 0.0697157
23840 0.0748046
23860 0.0798392
23880 0.0847729
23900 0.0895657
23920 0.0941863
23940 0.0985814
23960 0.102703
23980 0.106499
24000 0.109919
24020 0.112958
24040 0.115577
24060 0.11771
24080 0.11935
24100 0.12049
24120 0.121111
24140 0.12122
24160 0.120831
24180 0.11997
24200 0.118687
24220 0.117049
24240 0.115074
24260 0.112715
24280 0.109957
24300 0.106849
24320 0.103452
24340 0.0998016
24360 0.0958957
24380 0.0917317
24400 0.0873598
24420 0.0828478
24440 0.0782088
24460 0.073432
24480 0.0685489
24500 0.0636213
24520 0.0586775
24540 0.0536972
24560 0.0486972
24580 0.0437327
24600 0.0388028
24620 0.0339056
24640 0.0290811
24660 0.0243304
24680 0.0196355
24700 0.0150158
24720 0.0104968
24740 0.00607389
24760 0.00173365
24780 -0.00251014
24800 -0.00664699
24820 -0.0106864
24840 -0.0146193
24860 -0.0184327
24880 -0.022144
24900 -0.0257512
24920 -0.0292184
24940 -0.032551
24960 -0.0357638
24980 -0.0388223
25000 -0.0417243
25020 -0.0444858
25040 -0.0470781
25060 -0.0494969
25080 -0.051737
25100 -0.0537447
25120 -0.055527
25140 -0.0571346
25160 -0.0585498
25180 -0.0597447
25200 -0.0607244
25220 -0.0614664
25240 -0.0619467
25260 -0.0621727
25280 -0.0621269
25300 -0.0617854
25320 -0.0611746
25340 -0.0603042
25360 -0.059162
25380 -0.0577869
25400 -0.0561881
25420 -0.0543553
25440 -0.0523561
25460 -0.050209
25480 -0.0478994
25500 -0.0454871
25520 -0.0429863
25540 -0.040406
25560 -0.0377971
25580 -0.0351548
25600 -0.0325079
25620 -0.0299048
25640 -0.0273333
25660 -0.0248158
25680 -0.0223758
25700 -0.0200115
25720 -0.0177562
25740 -0.015609
25760 -0.013545
25780 -0.0116078
25800 -0.00981856
25820 -0.00813426
25840 -0.00657105
25860 -0.0051384
25880 -0.0038009
25900 -0.00259695
25920 -0.00151443
25940 -0.000504664
25960 0.00038841
25980 0.00118663
26000 0.00190549
26020 0.00250957
26040 0.00306414
26060 0.00356783
26080 0.00398468
26100 0.00436024
26120 0.00467382
26140 0.00493821
26160 0.0051932
26180 0.00538786
26200 0.00553671
26220 0.0056765
26240 0.0057852
26260 0.00588134
26280 0.00596652
26300 0.00602165
26320 0.00607625
26340 0.00612553
26360 0.00614479
26380 0.00616156
26400 0.00618097
26420 0.00619148
26440 0.00619825
26460 0.0061891
26480 0.006191
26500 0.00621308
26520 0.00621667
26540 0.00622507
26560 0.0062288
26580 0.00621512
26600 0.00623512
26620 0.00624771
26640 0.00623911
26660 0.00625587
26680 0.00626488
26700 0.00628292
26720 0.0063267
26740 0.00635759
26760 0.00639342
26780 0.0064329
26800 0.00647548
26820 0.00653261
26840 0.00657768
26860 0.00663174
26880 0.00670088
26900 0.00676444
26920 0.00684661
26940 0.00693988
26960 0.00704559
26980 0.00717966
27000 0.00730274
27020 0.00742214
27040 0.0075759
27060 0.00773934
27080 0.00790114
27100 0.00806748
27120 0.00822558
27140 0.00840178
27160 0.00860571
27180 0.00880351
27200 0.00901045
27220 0.00923613
27240 0.00946597
27260 0.00970893
27280 0.00995273
27300 0.010209
27320 0.0104832
27340 0.0107341
27360 0.0109747
27380 0.0112115
27400 0.011438
27420 0.0116678
27440 0.0118648
27460 0.0120377
27480 0.0122017
27500 0.0123333
27520 0.0124669
27540 0.0125832
27560 0.0126661
27580 0.0127555
27600 0.012815
27620 0.0128589
27640 0.0129157
27660 0.0129504
27680 0.0129879
27700 0.0130201
27720 0.0130295
27740 0.0130454
27760 0.0130575
27780 0.0130791
27800 0.0131046
27820 0.0131091
27840 0.0131149
27860 0.0131164
27880 0.0131248
27900 0.0131429
27920 0.0131455
27940 0.0131596
27960 0.0131722
27980 0.0131656
28000 0.0131661
28020 0.013167
28040 0.0131781
28060 0.0131972
28080 0.0131951
28100 0.0131825
28120 0.0131752
28140 0.0131783
28160 0.0131738
28180 0.0131597
28200 0.0131572
28220 0.0131433
28240 0.0131117
28260 0.0130746
28280 0.0130318
28300 0.0129989
28320 0.0129569
28340 0.0128853
28360 0.0127929
28380 0.0126844
28400 0.012566
28420 0.0124194
28440 0.0122425
28460 0.0120522
28480 0.0118199
28500 0.0115276
28520 0.0111796
28540 0.0107784
28560 0.0103298
28580 0.00981615
28600 0.00921677
28620 0.00852317
28640 0.00773152
28660 0.00682873
28680 0.00579178
28700 0.00462789
28720 0.00334184
28740 0.00190406
28760 0.000290517
28780 -0.00150652
28800 -0.00349493
28820 -0.00568151
28840 -0.00806396
28860 -0.0106588
28880 -0.0134698
28900 -0.0164801
28920 -0.0197286
28940 -0.0232228
28960 -0.0269253
28980 -0.0308443
29000 -0.034959
29020 -0.0392452
29040 -0.0437012
29060 -0.0482984
29080 -0.0530238
29100 -0.0578532
29120 -0.0627609
29140 -0.067703
29160 -0.0726096
29180 -0.0774754
29200 -0.0822473
29220 -0.0868608
29240 -0.0913212
29260 -0.0955584
29280 -0.0995299
29300 -0.103215
29320 -0.106525
29340 -0.109435
29360 -0.111917
29380 -0.113925
29400 -0.115457
29420 -0.116485
29440 -0.117018
29460 -0.117041
29480 -0.116537
29500 -0.115529
29520 -0.113991
29540 -0.111959
29560 -0.109467
29580 -0.10651
29600 -0.103164
29620 -0.0994566
29640 -0.0953998
29660 -0.0910515
29680 -0.0864049
29700 -0.0814828
29720 -0.0763019
29740 -0.0708612
29760 -0.0651906
29780 -0.0592899
29800 -0.0531978
29820 -0.0469351
29840 -0.0405021
29860 -0.0339571
29880 -0.0272994
29900 -0.0205459
29920 -0.0137401
29940 -0.00687822
29960 0
