-20 0
0 -5.21994e-06
20 3.11555e-06
40 6.20915e-07
60 7.06439e-07
80 -1.74185e-06
100 -2.97223e-06
120 5.94207e-06
140 -9.64394e-08
160 -6.35267e-06
180 3.86426e-06
200 1.41743e-06
220 -7.66194e-07
240 -1.85322e-07
260 -4.76968e-06
280 6.42884e-06
300 2.5216e-06
320 -9.97079e-06
340 4.52143e-06
360 3.94578e-06
380 -3.90543e-06
400 2.54813e-06
420 -6.67321e-06
440 6.03925e-06
460 4.49903e-06
480 -1.0726e-05
500 4.60042e-06
520 1.64103e-06
540 -2.31089e-07
560 -6.5208e-07
580 -1.695e-06
600 -1.23655e-07
620 4.2601e-06
640 -2.36266e-06
660 -2.72018e-06
680 4.54198e-06
700 -5.69991e-06
720 6.46282e-06
740 -1.60997e-06
760 -3.17951e-06
780 -9.97981e-07
800 4.71166e-06
820 2.89511e-06
840 -1.04127e-05
860 7.59379e-06
880 -5.25038e-06
900 7.31022e-06
920 -1.1702e-06
940 -1.00628e-05
960 9.94349e-06
980 -2.48678e-06
1000 9.16261e-07
1020 -1.15446e-06
1040 -4.18244e-07
1060 -2.72102e-06
1080 4.16246e-06
1100 4.27462e-06
1120 -7.99654e-06
1140 -7.78958e-07
1160 4.30095e-06
1180 7.41302e-07
1200 7.91956e-07
1220 -3.0056e-06
1240 -4.23056e-06
1260 6.53833e-06
1280 4.9426e-07
1300 -1.29301e-06
1320 -8.40068e-07
1340 -1.88531e-06
1360 -2.52362e-06
1380 9.36754e-06
1400 2.91788e-07
1420 -1.03568e-05
1440 3.58878e-06
1460 2.04192e-06
1480 1.59359e-06
1500 -8.45787e-08
1520 4.26858e-06
1540 -1.00542e-05
1560 1.65469e-06
1580 1.18476e-05
1600 -1.10652e-06
1620 3.22013e-07
1640 9.42785e-07
1660 2.96089e-06
1680 4.7892e-06
1700 1.66269e-05
1720 9.7507e-06
1740 5.8614e-06
1760 1.46481e-05
1780 2.43549e-05
1800 2.83845e-05
1820 4.32584e-05
1840 4.51223e-05
1860 4.8689e-05
1880 6.97883e-05
1900 9.11776e-05
1920 0.000115957
1940 0.000135182
1960 0.000168901
1980 0.000189636
2000 0.000232179
2020 0.000290936
2040 0.000343471
2060 0.000401739
2080 0.000466923
2100 0.000537256
2120 0.000617358
2140 0.000711868
2160 0.000827537
2180 0.000927379
2200 0.00103531
2220 0.00115872
2240 0.001268
2260 0.0014053
2280 0.0015379
2300 0.00168934
2320 0.00180997
2340 0.00193507
2360 0.00206675
2380 0.00216651
2400 0.00228557
2420 0.00240234
2440 0.00250933
2460 0.00258968
2480 0.00266307
2500 0.00273362
2520 0.00276921
2540 0.0028116
2560 0.00287919
2580 0.00292526
2600 0.00297814
2620 0.0030377
2640 0.00310278
2660 0.00316109
2680 0.00323259
2700 0.00334731
2720 0.00347936
2740 0.00363549
2760 0.00384473
2780 0.0040718
2800 0.00433218
2820 0.00460193
2840 0.0049043
2860 0.00525159
2880 0.00559199
2900 0.00598922
2920 0.00641984
2940 0.00689246
2960 0.00737015
2980 0.00786773
3000 0.00838886
3020 0.00887647
3040 0.00932401
3060 0.00975511
3080 0.0101339
3100 0.0104576
3120 0.010721
3140 0.0109293
3160 0.0111154
3180 0.0112269
3200 0.0112998
3220 0.0113469
3240 0.0113664
3260 0.0113515
3280 0.0112919
3300 0.0112352
3320 0.0111642
3340 0.0110496
3360 0.010931
3380 0.0107988
3400 0.0106738
3420 0.0105413
3440 0.0103783
3460 0.0102394
3480 0.0101138
3500 0.00997009
3520 0.00982926
3540 0.00968448
3560 0.00957077
3580 0.0094581
3600 0.00933383
3620 0.00922501
3640 0.00913166
3660 0.00905628
3680 0.00897285
3700 0.00887264
3720 0.00881358
3740 0.00876321
3760 0.00870781
3780 0.00865014
3800 0.0085746
3820 0.00853691
3840 0.00850418
3860 0.00844066
3880 0.00837432
3900 0.00830388
3920 0.00823683
3940 0.0081754
3960 0.0080579
3980 0.00792963
4000 0.00779109
4020 0.00764352
4040 0.00746608
4060 0.00722904
4080 0.00694619
4100 0.00664815
4120 0.00631075
4140 0.00593426
4160 0.00546957
4180 0.00494143
4200 0.00438086
4220 0.00376897
4240 0.00310663
4260 0.00236325
4280 0.00153736
4300 0.000692505
4320 -0.000180265
4340 -0.00108101
4360 -0.00200463
4380 -0.00298538
4400 -0.00395387
4420 -0.00487761
4440 -0.00575099
4460 -0.00654036
4480 -0.00727312
4500 -0.00793442
4520 -0.00843944
4540 -0.00878041
4560 -0.00890382
4580 -0.0088044
4600 -0.00851423
4620 -0.00798499
4640 -0.0071874
4660 -0.00608975
4680 -0.00461481
4700 -0.002794
4720 -0.000630075
4740 0.00189404
4760 0.00476117
4780 0.00803756
4800 0.0117767
4820 0.0159824
4840 0.0206969
4860 0.0258794
4880 0.0315009
4900 0.0375773
4920 0.0440776
4940 0.0510242
4960 0.0584342
4980 0.0662489
5000 0.0719816
5020 0.0779503
5040 0.0840552
5060 0.0902731
5080 0.0965177
5100 0.102764
5120 0.108918
5140 0.114987
5160 0.120908
5180 0.126644
5200 0.132146
5220 0.137375
5240 0.142265
5260 0.146731
5280 0.150725
5300 0.154165
5320 0.156979
5340 0.159099
5360 0.160491
5380 0.161105
5400 0.160912
5420 0.159912
5440 0.158123
5460 0.155551
5480 0.152238
5500 0.148244
5520 0.143627
5540 0.138433
5560 0.132766
5580 0.126683
5600 0.120276
5620 0.113599
5640 0.106758
5660 0.0998198
5680 0.0928384
5700 0.0859061
5720 0.079076
5740 0.0724179
5760 0.0659625
5780 0.0597808
5800 0.0539037
5820 0.0483491
5840 0.0431364
5860 0.0382971
5880 0.0338081
5900 0.0296792
5920 0.0258972
5940 0.0224703
5960 0.0193699
5980 0.0165821
6000 0.0141077
6020 0.0119246
6040 0.00999078
6060 0.00830584
6080 0.00683859
6100 0.005563
6120 0.00445825
6140 0.00349984
6160 0.00270899
6180 0.00201428
6200 0.00144497
6220 0.000967833
6240 0.000577276
6260 0.000241946
6280 -4.15308e-05
6300 -0.000259605
6320 -0.000451821
6340 -0.000603776
6360 -0.000723718
6380 -0.000803694
6400 -0.000882103
6420 -0.000946392
6440 -0.000986443
6460 -0.00102657
6480 -0.00105736
6500 -0.00107925
6520 -0.00107865
6540 -0.00108452
6560 -0.00109504
6580 -0.00109327
6600 -0.00109019
6620 -0.00109551
6640 -0.00108896
6660 -0.00107642
6680 -0.00106013
6700 -0.00105751
6720 -0.00105176
6740 -0.00103712
6760 -0.0010301
6780 -0.00102339
6800 -0.00100758
6820 -0.000986834
6840 -0.000984842
6860 -0.00097749
6880 -0.000971578
6900 -0.00094948
6920 -0.000953717
6940 -0.00094047
6960 -0.000926274
6980 -0.000927717
7000 -0.000929456
7020 -0.000926173
7040 -0.000913
7060 -0.000914728
7080 -0.000917003
7100 -0.000913798
7120 -0.000913576
7140 -0.000919518
7160 -0.00092333
7180 -0.000912589
7200 -0.000915985
7220 -0.000925074
7240 -0.000930196
7260 -0.000925891
7280 -0.000923771
7300 -0.000936835
7320 -0.000928107
7340 -0.000927879
7360 -0.000937861
7380 -0.000939065
7400 -0.000929688
7420 -0.000927333
7440 -0.000928287
7460 -0.000936729
7480 -0.000920352
7500 -0.000922532
7520 -0.000916462
7540 -0.000918131
7560 -0.00090126
7580 -0.000904672
7600 -0.00090679
7620 -0.000890335
7640 -0.000883832
7660 -0.000878352
7680 -0.000888898
7700 -0.000870089
7720 -0.000866352
7740 -0.000865372
7760 -0.000863993
7780 -0.000857088
7800 -0.000855675
7820 -0.000858012
7840 -0.000860805
7860 -0.000849159
7880 -0.000854601
7900 -0.000871084
7920 -0.000866904
7940 -0.000865194
7960 -0.000874393
7980 -0.000889135
8000 -0.000893352
8020 -0.000896986
8040 -0.000908775
8060 -0.000921358
8080 -0.000930789
8100 -0.000931043
8120 -0.000954797
8140 -0.000964531
8160 -0.000963594
8180 -0.000975882
8200 -0.000993825
8220 -0.00100366
8240 -0.00100516
8260 -0.00100923
8280 -0.00102787
8300 -0.00103985
8320 -0.00103146
8340 -0.00104516
8360 -0.0010515
8380 -0.00106242
8400 -0.00105556
8420 -0.00106522
8440 -0.00107567
8460 -0.00107083
8480 -0.00107589
8500 -0.00107302
8520 -0.00109347
8540 -0.00108078
8560 -0.00107707
8580 -0.00108999
8600 -0.00109239
8620 -0.0010917
8640 -0.00108158
8660 -0.00108971
8680 -0.00109994
8700 -0.00109231
8720 -0.00108482
8740 -0.00109324
8760 -0.00109871
8780 -0.00109389
8800 -0.00108744
8820 -0.00109401
8840 -0.00109983
8860 -0.00109102
8880 -0.00109186
8900 -0.00109155
8920 -0.0011036
8940 -0.00108886
8960 -0.00108859
8980 -0.00109959
9000 -0.00109688
9020 -0.00109265
9040 -0.00108833
9060 -0.00109516
9080 -0.00110356
9100 -0.00109048
9120 -0.00108431
9140 -0.00110125
9160 -0.0010986
9180 -0.00109282
9200 -0.00108729
9220 -0.0010934
9240 -0.00110561
9260 -0.0010902
9280 -0.00108785
9300 -0.0010933
9320 -0.00110336
9340 -0.00109499
9360 -0.00108276
9380 -0.00109848
9400 -0.00109771
9420 -0.00109775
9440 -0.0010862
9460 -0.00109163
9480 -0.00110235
9500 -0.00109669
9520 -0.00108601
9540 -0.00109168
9560 -0.00110315
9580 -0.00109321
9600 -0.00109226
9620 -0.00108667
9640 -0.00110314
9660 -0.00109701
9680 -0.00108776
9700 -0.00109235
9720 -0.00109489
9740 -0.00110484
9760 -0.00108496
9780 -0.00108984
9800 -0.00110045
9820 -0.00109669
9840 -0.00109375
9860 -0.00108632
9880 -0.00109672
9900 -0.00110078
9920 -0.00109534
9940 -0.00108181
9960 -0.00110002
9980 -0.00109805
10000 -0.00109656
10020 -0.00108925
10040 -0.00108599
10060 -0.0011025
10080 -0.00109891
10100 -0.00109469
10120 -0.00108176
10140 -0.0010991
10160 -0.00109542
10180 -0.00110106
10200 -0.00109299
10220 -0.00108043
10240 -0.00109978
10260 -0.00110262
10280 -0.00109416
10300 -0.00108821
10320 -0.00109063
10340 -0.00109431
10360 -0.00110521
10380 -0.00109231
10400 -0.00108943
10420 -0.00108459
10440 -0.00110598
10460 -0.00109909
10480 -0.0010911
10500 -0.00108834
10520 -0.00109027
10540 -0.00110358
10560 -0.00109854
10580 -0.00109437
10600 -0.00108179
10620 -0.0010976
10640 -0.00110284
10660 -0.00110021
10680 -0.0010883
10700 -0.00109129
10720 -0.00109205
10740 -0.00110877
10760 -0.00110106
10780 -0.00108608
10800 -0.00109349
10820 -0.00109852
10840 -0.0011081
10860 -0.00110044
10880 -0.00109582
10900 -0.00108686
10920 -0.0011095
10940 -0.00110725
10960 -0.00110854
10980 -0.00109189
11000 -0.00109765
11020 -0.00111101
11040 -0.00111225
11060 -0.00111194
11080 -0.00109876
11100 -0.00110101
11120 -0.00111144
11140 -0.00112468
11160 -0.00110991
11180 -0.00110404
11200 -0.00110383
11220 -0.00111617
11240 -0.00111746
11260 -0.00112179
11280 -0.00109602
11300 -0.0010993
11320 -0.00111415
11340 -0.00110702
11360 -0.00111025
11380 -0.00108542
11400 -0.00108114
11420 -0.00108118
11440 -0.0010876
11460 -0.00107261
11480 -0.00104521
11500 -0.00102963
11520 -0.00102588
11540 -0.00101202
11560 -0.000997079
11580 -0.000962049
11600 -0.00091975
11620 -0.000902354
11640 -0.000882637
11660 -0.000844371
11680 -0.000791473
11700 -0.000739707
11720 -0.000684521
11740 -0.000646175
11760 -0.000595339
11780 -0.000520493
11800 -0.000435564
11820 -0.00036211
11840 -0.000294253
11860 -0.000218207
11880 -0.000136048
11900 -2.55683e-05
11920 7.82307e-05
11940 0.000160993
11960 0.000254151
11980 0.000339222
12000 0.000461555
12020 0.00056653
12040 0.000666791
12060 0.00075399
12080 0.000828631
12100 0.000921166
12120 0.00102735
12140 0.00110515
12160 0.00116447
12180 0.00122133
12200 0.00125715
12220 0.00131554
12240 0.00136704
12260 0.00139025
12280 0.00138513
12300 0.00138065
12320 0.00136864
12340 0.0013687
12360 0.00135245
12380 0.00131744
12400 0.00125665
12420 0.0011902
12440 0.00115432
12460 0.00109887
12480 0.00105147
12500 0.000968278
12520 0.000886304
12540 0.000789156
12560 0.000725788
12580 0.000663353
12600 0.000580595
12620 0.000487331
12640 0.000386806
12660 0.000296603
12680 0.000220793
12700 0.000167982
12720 9.60716e-05
12740 4.37674e-06
12760 -8.35546e-05
12780 -0.000160813
12800 -0.000215754
12820 -0.000260707
12840 -0.000303578
12860 -0.000369076
12880 -0.000447076
12900 -0.000496868
12920 -0.000532533
12940 -0.000556004
12960 -0.000575128
12980 -0.000610231
13000 -0.000668965
13020 -0.000705621
13040 -0.000728678
13060 -0.000725999
13080 -0.000731863
13100 -0.000741517
13120 -0.000777271
13140 -0.000808439
13160 -0.00083478
13180 -0.000818515
13200 -0.000805576
13220 -0.000808742
13240 -0.000810962
13260 -0.000848872
13280 -0.000870613
13300 -0.000872763
13320 -0.000846903
13340 -0.000833814
13360 -0.00082346
13380 -0.000841591
13400 -0.000872887
13420 -0.000884372
13440 -0.000886936
13460 -0.000850103
13480 -0.000833421
13500 -0.000827892
13520 -0.000840822
13540 -0.000870355
13560 -0.000892927
13580 -0.000884397
13600 -0.000850826
13620 -0.000831064
13640 -0.000807584
13660 -0.000820897
13680 -0.000850747
13700 -0.000870372
13720 -0.000873066
13740 -0.000837174
13760 -0.000798547
13780 -0.000757927
13800 -0.000745063
13820 -0.000744474
13840 -0.000767179
13860 -0.000756333
13880 -0.000714857
13900 -0.000648997
13920 -0.000548794
13940 -0.000455092
13960 -0.000376475
13980 -0.000312816
14000 -0.000234236
14020 -0.000134063
14040 2.97331e-05
14060 0.000243296
14080 0.000519795
14100 0.000829359
14120 0.0011524
14140 0.00149192
14160 0.00186889
14180 0.00228617
14200 0.00279658
14220 0.00341698
14240 0.00415063
14260 0.0049947
14280 0.00594029
14300 0.00695496
14320 0.00805063
14340 0.00921331
14360 0.0104842
14380 0.0118825
14400 0.013437
14420 0.0151593
14440 0.0170739
14460 0.0191414
14480 0.0213437
14500 0.023665
14520 0.0260572
14540 0.0285247
14560 0.0310425
14580 0.0336387
14600 0.0363089
14620 0.0390829
14640 0.0419386
14660 0.0449023
14680 0.0479284
14700 0.0509801
14720 0.0540212
14740 0.0569906
14760 0.0598278
14780 0.0624929
14800 0.0649324
14820 0.067132
14840 0.0690632
14860 0.0707333
14880 0.0721361
14900 0.0733226
14920 0.074274
14940 0.0750553
14960 0.0756826
14980 0.0761856
15000 0.0764547
15020 0.0766521
15040 0.0768006
15060 0.07691
15080 0.076987
15100 0.0770395
15120 0.0770758
15140 0.0771063
15160 0.0771209
15180 0.0771282
15200 0.07714
15220 0.0771418
15240 0.0771434
15260 0.0771474
15280 0.0771429
15300 0.0771443
15320 0.0771471
15340 0.0771428
15360 0.0771413
15380 0.0771424
15400 0.077143
15420 0.0771404
15440 0.0771387
15460 0.0771409
15480 0.0771387
15500 0.0771393
15520 0.0771408
15540 0.0771355
15560 0.0771387
15580 0.0771422
15600 0.0771366
15620 0.0771384
15640 0.0771402
15660 0.0771387
15680 0.0771409
15700 0.0771398
15720 0.0771393
15740 0.0771406
15760 0.0771423
15780 0.0771429
15800 0.0771387
15820 0.0771425
15840 0.0771454
15860 0.0771408
15880 0.0771449
15900 0.0771439
15920 0.0771413
15940 0.077148
15960 0.0771456
15980 0.0771432
16000 0.0771464
16020 0.0771468
16040 0.0771482
16060 0.0771468
16080 0.0771479
16100 0.0771485
16120 0.0771477
16140 0.0771538
16160 0.0771504
16180 0.0771476
16200 0.0771553
16220 0.0771529
16240 0.0771535
16260 0.0771576
16280 0.0771538
16300 0.0771565
16320 0.0771605
16340 0.0771608
16360 0.0771605
16380 0.0771602
16400 0.0771641
16420 0.0771643
16440 0.0771655
16460 0.0771691
16480 0.0771638
16500 0.0771657
16520 0.0771709
16540 0.0771658
16560 0.0771661
16580 0.0771653
16600 0.0771584
16620 0.077158
16640 0.077156
16660 0.0771482
16680 0.077139
16700 0.077129
16720 0.0771186
16740 0.0771031
16760 0.0770876
16780 0.0770681
16800 0.0770365
16820 0.0770088
16840 0.0769776
16860 0.0769334
16880 0.0768916
16900 0.0768382
16920 0.0767707
16940 0.0767041
16960 0.0766261
16980 0.0765372
17000 0.0764393
17020 0.0763267
17040 0.0762007
17060 0.0760581
17080 0.075908
17100 0.0757429
17120 0.0755546
17140 0.0753586
17160 0.075138
17180 0.0748937
17200 0.0746437
17220 0.0743691
17240 0.0740768
17260 0.0737734
17280 0.0734444
17300 0.073098
17320 0.0727349
17340 0.0723575
17360 0.0719683
17380 0.071566
17400 0.0711622
17420 0.070745
17440 0.0703176
17460 0.0698953
17480 0.0694618
17500 0.0690313
17520 0.068617
17540 0.0682055
17560 0.0678118
17580 0.0674406
17600 0.0670843
17620 0.06675
17640 0.0664389
17660 0.0661535
17680 0.0658928
17700 0.0656621
17720 0.0654717
17740 0.0653132
17760 0.0651968
17780 0.0651341
17800 0.0651097
17820 0.0651364
17840 0.0652214
17860 0.0653467
17880 0.0655242
17900 0.0657543
17920 0.0660229
17940 0.0663361
17960 0.0666895
17980 0.0670773
18000 0.0674947
18020 0.0679377
18040 0.0684087
18060 0.0688901
18080 0.0693849
18100 0.0698971
18120 0.0704017
18140 0.0709104
18160 0.0714224
18180 0.0719154
18200 0.0724042
18220 0.0728818
18240 0.0733371
18260 0.0737784
18280 0.0741986
18300 0.0745994
18320 0.0749752
18340 0.0753275
18360 0.0756638
18380 0.0759668
18400 0.0762502
18420 0.0765186
18440 0.0767522
18460 0.076971
18480 0.0771741
18500 0.0773477
18520 0.0775089
18540 0.0776543
18560 0.0777797
18580 0.0778916
18600 0.0779902
18620 0.078078
18640 0.0781494
18660 0.0782117
18680 0.0782693
18700 0.078308
18720 0.0783415
18740 0.0783728
18760 0.078384
18780 0.0783918
18800 0.0783961
18820 0.0783802
18840 0.0783586
18860 0.0783279
18880 0.0782772
18900 0.078212
18920 0.0781272
18940 0.0780195
18960 0.0778798
18980 0.0777044
19000 0.077494
19020 0.0772229
19040 0.0768916
19060 0.0764958
19080 0.075998
19100 0.0753995
19120 0.0746823
19140 0.0738056
19160 0.0727607
19180 0.0715137
19200 0.0700254
19220 0.0682645
19240 0.0661853
19260 0.063748
19280 0.0608914
19300 0.0575648
19320 0.053719
19340 0.0492676
19360 0.0441565
19380 0.0383216
19400 0.0316643
19420 0.0241249
19440 0.0156276
19460 0.00607776
19480 -0.00459001
19500 -0.0164506
19520 -0.0295793
19540 -0.044039
19560 -0.0598852
19580 -0.0771591
19600 -0.0959042
19620 -0.116137
19640 -0.137848
19660 -0.161042
19680 -0.185676
19700 -0.21168
19720 -0.238996
19740 -0.267511
19760 -0.297085
19780 -0.327585
19800 -0.358826
19820 -0.390602
19840 -0.422701
19860 -0.454878
19880 -0.486878
19900 -0.518422
19920 -0.549233
19940 -0.579032
19960 -0.607505
19980 -0.634385
20000 -0.659395
20020 -0.682243
20040 -0.702702
20060 -0.72054
20080 -0.735538
20100 -0.747542
20120 -0.756412
20140 -0.76206
20160 -0.76447
20180 -0.763717
20200 -0.759996
20220 -0.753579
20240 -0.744779
20260 -0.733808
20280 -0.720675
20300 -0.705331
20320 -0.687831
20340 -0.668409
20360 -0.647418
20380 -0.625061
20400 -0.601373
20420 -0.576504
20440 -0.550787
20460 -0.52451
20480 -0.497773
20500 -0.470684
20520 -0.44354
20540 -0.416594
20560 -0.389911
20580 -0.363602
20600 -0.337901
20620 -0.312965
20640 -0.288815
20660 -0.265525
20680 -0.243283
20700 -0.222127
20720 -0.201998
20740 -0.183013
20760 -0.165244
20780 -0.148587
20800 -0.133053
20820 -0.118707
20840 -0.105473
20860 -0.0932639
20880 -0.082117
20900 -0.0719997
20920 -0.0627681
20940 -0.054424
20960 -0.0469702
20980 -0.0402458
21000 -0.0342244
21020 -0.0289262
21040 -0.024203
21060 -0.0200105
21080 -0.016375
21100 -0.0131734
21120 -0.0103541
21140 -0.00794548
21160 -0.00585018
21180 -0.00401634
21200 -0.00247625
21220 -0.00115245
21240 4.14188e-06
21260 0.000953817
21280 0.00175964
21300 0.00247063
21320 0.00303406
21340 0.0035042
21360 0.00393497
21380 0.00425404
21400 0.00451464
21420 0.00477673
21440 0.00494544
21460 0.00508152
21480 0.00524473
21500 0.00532371
21520 0.00539112
21540 0.00549519
21560 0.00552332
21580 0.00555716
21600 0.0056231
21620 0.00562467
21640 0.00564559
21660 0.00568499
21680 0.00567355
21700 0.00569285
21720 0.0057135
21740 0.0056952
21760 0.00571833
21780 0.00572614
21800 0.00570374
21820 0.00573202
21840 0.00573107
21860 0.0057075
21880 0.00573882
21900 0.00573171
21920 0.0057112
21940 0.00574109
21960 0.00572978
21980 0.00571652
22000 0.00574033
22020 0.00572658
22040 0.00572302
22060 0.00573814
22080 0.00572298
22100 0.00572942
22120 0.00573599
22140 0.00571944
22160 0.00573468
22180 0.00573454
22200 0.0057167
22220 0.00573812
22240 0.00573329
22260 0.00571623
22280 0.00573922
22300 0.00573119
22320 0.00571944
22340 0.00573769
22360 0.00572778
22380 0.0057262
22400 0.00573411
22420 0.0057239
22440 0.00573397
22460 0.00573008
22480 0.00572125
22500 0.00573915
22520 0.00572735
22540 0.00572133
22560 0.0057394
22580 0.00572659
22600 0.00572451
22620 0.00573516
22640 0.00572706
22660 0.00572976
22680 0.00572904
22700 0.00572761
22720 0.00573501
22740 0.00572395
22760 0.00572795
22780 0.00573791
22800 0.00572173
22820 0.00572876
22840 0.00573669
22860 0.00572293
22880 0.0057306
22900 0.00573132
22920 0.00572705
22940 0.00573284
22960 0.00572405
22980 0.00573247
23000 0.00573389
23020 0.00571885
23040 0.0057366
23060 0.0057325
23080 0.00571927
23100 0.00573701
23120 0.00572882
23140 0.0057259
23160 0.00573327
23180 0.00572445
23200 0.00573533
23220 0.00572773
23240 0.00572167
23260 0.00574187
23280 0.00572384
23300 0.00572246
23320 0.00574126
23340 0.00572336
23360 0.00572749
23380 0.00573378
23400 0.00572511
23420 0.00573513
23440 0.00572419
23460 0.00572676
23480 0.00574139
23500 0.00571841
23520 0.00572766
23540 0.00574179
23560 0.00571927
23580 0.00572943
23600 0.00573488
23620 0.00572481
23640 0.00573335
23660 0.00572444
23680 0.00573027
23700 0.00573769
23720 0.00571759
23740 0.00573217
23760 0.00573845
23780 0.00571928
23800 0.00573073
23820 0.00573362
23840 0.0057276
23860 0.00572888
23880 0.00572636
23900 0.00573497
23920 0.00572888
23940 0.005723
23960 0.00573477
23980 0.00573036
24000 0.00572696
24020 0.00572744
24040 0.00573141
24060 0.00573467
24080 0.00571999
24100 0.00573136
24120 0.00573826
24140 0.00571915
24160 0.00573177
24180 0.00573314
24200 0.00572507
24220 0.00573413
24240 0.00572298
24260 0.00573188
24280 0.00573707
24300 0.00571648
24320 0.00573429
24340 0.00573697
24360 0.00571893
24380 0.00573262
24400 0.00573199
24420 0.0057271
24440 0.00573111
24460 0.00572533
24480 0.00573279
24500 0.00573204
24520 0.00572294
24540 0.00573137
24560 0.00573325
24580 0.00572719
24600 0.00572598
24620 0.00573197
24640 0.00573352
24660 0.00572313
24680 0.0057296
24700 0.00573468
24720 0.00572519
24740 0.00573041
24760 0.00572875
24780 0.00572868
24800 0.00573512
24820 0.0057216
24840 0.00572989
24860 0.00573839
24880 0.00572031
24900 0.0057298
24920 0.0057349
24940 0.00572507
24960 0.00573149
24980 0.00572708
25000 0.00572971
25020 0.00573411
25040 0.00572346
25060 0.0057298
25080 0.00573323
25100 0.0057281
25120 0.00572747
25140 0.00572815
25160 0.00573494
25180 0.0057266
25200 0.00572522
25220 0.00573548
25240 0.00572664
25260 0.00572979
25280 0.00572987
25300 0.00572509
25320 0.00573726
25340 0.0057256
25360 0.00572391
25380 0.00573798
25400 0.0057263
25420 0.00572741
25440 0.00573097
25460 0.00572809
25480 0.00573319
25500 0.00572578
25520 0.00572819
25540 0.00573302
25560 0.00572832
25580 0.0057295
25600 0.00572589
25620 0.0057329
25640 0.00573247
25660 0.00572174
25680 0.00573322
25700 0.00573124
25720 0.0057264
25740 0.00573224
25760 0.00572493
25780 0.00573199
25800 0.00573326
25820 0.00572283
25840 0.00573097
25860 0.00573184
25880 0.005729
25900 0.0057283
25920 0.00572692
25940 0.00573358
25960 0.00572897
25980 0.00572703
26000 0.00573041
26020 0.00572784
26040 0.00573361
26060 0.00572771
26080 0.0057242
26100 0.00573533
26120 0.00572938
26140 0.00572656
26160 0.00573023
26180 0.00572814
26200 0.00573245
26220 0.0057291
26240 0.00572599
26260 0.00573058
26280 0.0057309
26300 0.00573088
26320 0.00572586
26340 0.00572796
26360 0.00573448
26380 0.00572769
26400 0.00572794
26420 0.00572979
26440 0.00572781
26460 0.00573354
26480 0.00572866
26500 0.00572481
26520 0.00573174
26540 0.00573135
26560 0.00572947
26580 0.00572704
26600 0.005728
26620 0.00573252
26640 0.00572939
26660 0.00572912
26680 0.0057276
26700 0.00572726
26720 0.00573471
26740 0.00572897
26760 0.00572482
26780 0.00573048
26800 0.00572941
26820 0.00573112
26840 0.00572895
26860 0.0057251
26880 0.00572912
26900 0.00572965
26920 0.00573077
26940 0.00572611
26960 0.00572243
26980 0.00573009
27000 0.00572735
27020 0.0057248
27040 0.00572446
27060 0.00571803
27080 0.0057224
27100 0.00572248
27120 0.00571648
27140 0.0057123
27160 0.0057057
27180 0.00570832
27200 0.00570354
27220 0.00569326
27240 0.00568827
27260 0.00567374
27280 0.0056679
27300 0.00566192
27320 0.00564245
27340 0.00562583
27360 0.00560335
27380 0.00558446
27400 0.00556417
27420 0.00553189
27440 0.00550141
27460 0.00545725
27480 0.00541298
27500 0.00537399
27520 0.00531783
27540 0.00525869
27560 0.00518753
27580 0.00510765
27600 0.00502908
27620 0.00493662
27640 0.00484318
27660 0.00473299
27680 0.00460421
27700 0.00447753
27720 0.0043352
27740 0.0041892
27760 0.0040357
27780 0.00386303
27800 0.00368398
27820 0.00348467
27840 0.00328316
27860 0.00308159
27880 0.00286445
27900 0.00265034
27920 0.00242201
27940 0.00218251
27960 0.00194142
27980 0.00169066
28000 0.00145319
28020 0.00121566
28040 0.000979919
28060 0.000757879
28080 0.000527165
28100 0.000302755
28120 8.09362e-05
28140 -0.000136441
28160 -0.000331572
28180 -0.00051981
28200 -0.000680595
28220 -0.000815573
28240 -0.000937476
28260 -0.00103241
28280 -0.00111999
28300 -0.00119303
28320 -0.00125731
28340 -0.00133026
28360 -0.00139351
28380 -0.00146555
28400 -0.00154453
28420 -0.0016267
28440 -0.00172715
28460 -0.00182706
28480 -0.00194289
28500 -0.00207524
28520 -0.00221243
28540 -0.00237135
28560 -0.00253659
28580 -0.00272024
28600 -0.0029248
28620 -0.0031343
28640 -0.00336766
28660 -0.003612
28680 -0.00387325
28700 -0.00415657
28720 -0.00444306
28740 -0.0047514
28760 -0.00507094
28780 -0.0054013
28800 -0.00575044
28820 -0.00609707
28840 -0.00645704
28860 -0.0068226
28880 -0.00718826
28900 -0.0075645
28920 -0.00792834
28940 -0.00829098
28960 -0.00864762
28980 -0.00898939
29000 -0.00933039
29020 -0.00964853
29040 -0.00994981
29060 -0.010231
29080 -0.0104785
29100 -0.0107101
29120 -0.0109096
29140 -0.0110833
29160 -0.0112334
29180 -0.0113421
29200 -0.0114236
29220 -0.011461
29240 -0.0114549
29260 -0.0114125
29280 -0.0113169
29300 -0.0111856
29320 -0.0110097
29340 -0.01079
29360 -0.0105407
29380 -0.0102473
29400 -0.00992834
29420 -0.00958066
29440 -0.0092028
29460 -0.00881311
29480 -0.00839792
29500 -0.00797392
29520 -0.00754242
29540 -0.00709822
29560 -0.00666117
29580 -0.00621792
29600 -0.0057811
29620 -0.00535499
29640 -0.00492989
29660 -0.00452505
29680 -0.00412721
29700 -0.00374363
29720 -0.00338066
29740 -0.00302423
29760 -0.00269173
29780 -0.00237052
29800 -0.0020622
29820 -0.00177497
29840 -0.00149143
29860 -0.00122658
29880 -0.000969541
29900 -0.000716701
29920 -0.000478331
29940 -0.000235245
29960 0
