-20 0
0 -0.022733
20 -0.045664
40 -0.0689871
60 -0.0928893
80 -0.117546
100 -0.143118
120 -0.169748
140 -0.197556
160 -0.226638
180 -0.257061
200 -0.288862
220 -0.322045
240 -0.356576
260 -0.392388
280 -0.429373
300 -0.467386
320 -0.506245
340 -0.545729
360 -0.585584
380 -0.625524
400 -0.665233
420 -0.70437
440 -0.742578
460 -0.779482
480 -0.814704
500 -0.847863
520 -0.878584
540 -0.906508
560 -0.931296
580 -0.952638
600 -0.970258
620 -0.98392
640 -0.993437
660 -0.998672
680 -0.999539
700 -0.996013
720 -0.988124
740 -0.975958
760 -0.95966
780 -0.939426
800 -0.9155
820 -0.888173
840 -0.857773
860 -0.824658
880 -0.789213
900 -0.751839
920 -0.712949
940 -0.672953
960 -0.632261
980 -0.591268
1000 -0.550351
1020 -0.509862
1040 -0.470127
1060 -0.431437
1080 -0.394049
1100 -0.358182
1120 -0.324017
1140 -0.291699
1160 -0.261332
1180 -0.232987
1200 -0.2067
1220 -0.182479
1240 -0.1603
1260 -0.140118
1280 -0.121867
1300 -0.105461
1320 -0.0908043
1340 -0.0777886
1360 -0.0662993
1380 -0.0562178
1400 -0.0474241
1420 -0.039799
1440 -0.0332262
1460 -0.0275939
1480 -0.0227958
1500 -0.0187325
1520 -0.0153116
1540 -0.0124484
1560 -0.0100663
1580 -0.00809588
1600 -0.00647575
1620 -0.00515147
1640 -0.00407543
1660 -0.00320627
1680 -0.00250841
1700 -0.00195142
1720 -0.00150954
1740 -0.00116107
1760 -0.000887936
1780 -0.000675141
1800 -0.000510364
1820 -0.000383549
1840 -0.00028655
1860 -0.000212814
1880 -0.000157108
1900 -0.000115287
1920 -8.40867e-05
1940 -6.09559e-05
1960 -4.39165e-05
1980 -3.14442e-05
2000 -2.23736e-05
2020 -1.58194e-05
2040 -1.11142e-05
2060 -7.75863e-06
2080 -5.38122e-06
2100 -3.70803e-06
2120 -2.53833e-06
2140 -1.72612e-06
2160 -1.16596e-06
2180 -7.82278e-07
2200 -5.21286e-07
2220 -3.44984e-07
2240 -2.26727e-07
2260 -1.47964e-07
2280 -9.5881e-08
2300 -6.16864e-08
2320 -3.94014e-08
2340 -2.49829e-08
2360 -1.57243e-08
2380 -9.82298e-09
2400 -6.08991e-09
2420 -3.74707e-09
2440 -2.28684e-09
2460 -1.38543e-09
2480 -8.31212e-10
2500 -4.95293e-10
2520 -2.9082e-10
2540 -1.69254e-10
2560 -9.53912e-11
2580 -5.176e-11
2600 -2.48762e-11
2620 -7.78019e-12
2640 3.20897e-12
2660 1.25272e-11
2680 1.9055e-11
2700 2.71671e-11
2720 3.36489e-11
2740 4.27496e-11
2760 5.1254e-11
2780 6.23868e-11
2800 7.47353e-11
2820 8.98054e-11
2840 1.09362e-10
2860 1.33503e-10
2880 1.67863e-10
2900 2.12777e-10
2920 2.77926e-10
2940 3.66779e-10
2960 4.93058e-10
2980 6.67128e-10
3000 9.07531e-10
3020 1.23578e-09
3040 1.67826e-09
3060 2.27272e-09
3080 3.06039e-09
3100 4.10279e-09
3120 5.46883e-09
3140 7.25621e-09
3160 9.58161e-09
3180 1.25989e-08
3200 1.65006e-08
3220 2.15268e-08
3240 2.79819e-08
3260 3.62349e-08
3280 4.67491e-08
3300 6.00799e-08
3320 7.69117e-08
3340 9.80643e-08
3360 1.24527e-07
3380 1.57485e-07
3400 1.98344e-07
3420 2.48775e-07
3440 3.10731e-07
3460 3.86506e-07
3480 4.78745e-07
3500 5.90498e-07
3520 7.2524e-07
3540 8.86902e-07
3560 1.0799e-06
3580 1.30912e-06
3600 1.57999e-06
3620 1.89837e-06
3640 2.27062e-06
3660 2.70347e-06
3680 3.20398e-06
3700 3.77944e-06
3720 4.43715e-06
3740 5.18434e-06
3760 6.02787e-06
3780 6.97402e-06
3800 8.02815e-06
3820 9.19441e-06
3840 1.04753e-05
3860 1.18713e-05
3880 1.33804e-05
3900 1.49978e-05
3920 1.67151e-05
3940 1.85204e-05
3960 2.03973e-05
3980 2.23253e-05
4000 2.42787e-05
4020 2.62272e-05
4040 2.81353e-05
4060 2.99628e-05
4080 3.16649e-05
4100 3.31927e-05
4120 3.44939e-05
4140 3.55137e-05
4160 3.61958e-05
4180 3.64837e-05
4200 3.63224e-05
4220 3.56598e-05
4240 3.44485e-05
4260 3.26476e-05
4280 3.02248e-05
4300 2.71577e-05
4320 2.34362e-05
4340 1.90633e-05
4360 1.40567e-05
4380 8.44987e-06
4400 2.29221e-06
4420 -4.3506e-06
4440 -1.13971e-05
4460 -1.8751e-05
4480 -2.63026e-05
4500 -3.39309e-05
4520 -4.15057e-05
4540 -4.88909e-05
4560 -5.59478e-05
4580 -6.25381e-05
4600 -6.85281e-05
4620 -7.37921e-05
4640 -7.82162e-05
4660 -8.17017e-05
4680 -8.41678e-05
4700 -8.55547e-05
4720 -8.58252e-05
4740 -8.4966e-05
4760 -8.29888e-05
4780 -7.99297e-05
4800 -7.58482e-05
4820 -7.08263e-05
4840 -6.49654e-05
4860 -5.8384e-05
4880 -5.12141e-05
4900 -4.35973e-05
4920 -3.56814e-05
4940 -2.76158e-05
4960 -1.95478e-05
4980 -1.16187e-05
5000 -3.9604e-06
5020 3.30752e-06
5040 1.00806e-05
5060 1.6271e-05
5080 2.18096e-05
5100 2.66456e-05
5120 3.07474e-05
5140 3.41018e-05
5160 3.67131e-05
5180 3.86011e-05
5200 3.98001e-05
5220 4.03558e-05
5240 4.03239e-05
5260 3.97669e-05
5280 3.87524e-05
5300 3.73505e-05
5320 3.56316e-05
5340 3.36647e-05
5360 3.15158e-05
5380 2.92463e-05
5400 2.69123e-05
5420 2.45636e-05
5440 2.22432e-05
5460 1.99875e-05
5480 1.78258e-05
5500 1.57811e-05
5520 1.387e-05
5540 1.21037e-05
5560 1.04883e-05
5580 9.02545e-06
5600 7.71333e-06
5620 6.54715e-06
5640 5.51977e-06
5660 4.62242e-06
5680 3.84512e-06
5700 3.1773e-06
5720 2.6081e-06
5740 2.12675e-06
5760 1.72283e-06
5780 1.38646e-06
5800 1.10842e-06
5820 8.80332e-07
5840 6.94591e-07
5860 5.44446e-07
5880 4.2395e-07
5900 3.27939e-07
5920 2.52e-07
5940 1.92368e-07
5960 1.45877e-07
5980 1.09886e-07
6000 8.2213e-08
6020 6.10987e-08
6040 4.5106e-08
6060 3.30773e-08
6080 2.40913e-08
6100 1.74178e-08
6120 1.25088e-08
6140 8.92722e-09
6160 6.3277e-09
6180 4.45269e-09
6200 3.10362e-09
6220 2.15065e-09
6240 1.48686e-09
6260 1.0187e-09
6280 6.90597e-10
6300 4.5971e-10
6320 3.06722e-10
6340 2.10756e-10
6360 1.39148e-10
6380 8.75731e-11
6400 5.35574e-11
6420 3.54107e-11
6440 2.95025e-11
6460 1.68938e-11
6480 5.19704e-12
6500 3.5042e-12
6520 4.77264e-12
6540 7.25027e-12
6560 9.73128e-13
6580 -5.03787e-12
6600 9.95913e-13
6620 3.95366e-12
6640 2.04193e-12
6660 -2.40437e-12
6680 -4.57898e-12
6700 3.41911e-12
6720 4.29459e-12
6740 -2.58991e-12
6760 -3.03257e-12
6780 -5.54058e-13
6800 4.16771e-12
6820 2.05147e-12
6840 -5.55462e-12
6860 -1.13773e-12
6880 3.98725e-12
6900 1.50347e-12
6920 -1.66759e-12
6940 -4.06798e-12
6960 1.89273e-12
6980 5.09513e-12
7000 -2.92791e-12
7020 -3.48491e-12
7040 1.41906e-12
7060 2.78925e-12
7080 1.18586e-12
7100 -4.52289e-12
7120 -1.3009e-12
7140 5.52217e-12
7160 -1.09987e-13
7180 -3.76117e-12
7200 -4.8847e-13
7220 2.15099e-12
7240 2.89787e-12
7260 -3.19717e-12
7280 -3.53145e-12
7300 4.67444e-12
7320 1.84793e-12
7340 -3.609e-12
7360 -1.19355e-12
7380 1.48273e-12
7400 3.0392e-12
7420 -1.57883e-12
7440 -4.47802e-12
7460 3.49545e-12
7480 3.278e-12
7500 -3.81103e-12
7520 -1.48545e-12
7540 1.88408e-12
7560 2.08551e-12
7580 -7.49133e-13
7600 -4.05601e-12
7620 2.23539e-12
7640 4.19806e-12
7660 -3.99792e-12
7680 -2.13003e-12
7700 3.41898e-12
7720 9.36547e-13
7740 -1.48979e-12
7760 -2.15485e-12
7780 1.39865e-12
7800 3.70913e-12
7820 -3.42475e-12
7840 -2.85854e-12
7860 4.83099e-12
7880 4.97371e-13
7900 -3.71841e-12
7920 4.76858e-13
7940 1.94979e-12
7960 8.35081e-13
7980 -2.11707e-12
8000 -1.87934e-12
8020 4.1336e-12
8040 5.91934e-13
8060 -5.11176e-12
8080 2.02225e-12
8100 3.64915e-12
8120 -3.09962e-12
8140 -1.41652e-12
8160 1.97875e-12
8180 1.03221e-12
8200 -7.84325e-13
8220 -2.3929e-12
8240 1.707e-12
8260 3.09798e-12
8280 -3.98002e-12
8300 -1.38968e-12
8320 5.09943e-12
8340 -1.42269e-12
8360 -3.70544e-12
8380 2.89776e-12
8400 1.45612e-12
8420 -2.10417e-12
8440 -5.835e-13
8460 9.33246e-13
8480 1.58092e-12
8500 -1.33989e-12
8520 -2.35919e-12
8540 3.38304e-12
8560 1.17072e-12
8580 -4.78499e-12
8600 1.76492e-12
8620 3.94193e-12
8640 -4.01187e-12
8660 -1.1765e-12
8680 4.09657e-12
8700 -1.12566e-12
8720 -2.32432e-12
8740 1.63771e-12
8760 9.37687e-13
8780 -6.91036e-13
8800 -1.01469e-12
8820 3.75554e-13
8840 2.10131e-12
8860 -1.55398e-12
8880 -2.12707e-12
8900 3.61888e-12
8920 2.99795e-13
8940 -4.3909e-12
8960 2.74434e-12
8980 2.92954e-12
9000 -4.69991e-12
9020 2.78264e-13
9040 4.39761e-12
9060 -3.00618e-12
9080 -1.98177e-12
9100 3.88413e-12
9120 -6.16753e-13
9140 -2.68062e-12
9160 1.99544e-12
9180 9.23748e-13
9200 -1.69463e-12
9220 1.21105e-13
9240 8.66481e-13
9260 3.33993e-14
9280 -5.93161e-13
9300 -4.55588e-13
9320 1.27594e-12
9340 1.48588e-13
9360 -2.03234e-12
9380 1.25538e-12
9400 1.78862e-12
9420 -2.85158e-12
9440 -3.88131e-14
9460 3.37895e-12
9480 -2.40139e-12
9500 -2.00055e-12
9520 4.09383e-12
9540 -7.98082e-13
9560 -3.76849e-12
9580 3.56577e-12
9600 1.36522e-12
9620 -4.676e-12
9640 1.94545e-12
9660 3.36545e-12
9680 -4.41067e-12
9700 -2.76547e-13
9720 4.60754e-12
9740 -3.05448e-12
9760 -2.4634e-12
9780 4.79039e-12
9800 -9.92485e-13
9820 -4.09999e-12
9840 3.89872e-12
9860 1.26632e-12
9880 -4.82112e-12
9900 2.17757e-12
9920 3.23828e-12
9940 -4.50518e-12
9960 0
