-10 0
0 6.75444e-15
10 8.198e-16
20 6.27078e-16
30 4.64929e-15
40 -9.1819e-15
50 -4.88152e-15
60 -7.56308e-15
70 -4.50241e-15
80 -7.27725e-15
90 -1.34542e-14
100 -1.78777e-14
110 -2.76143e-14
120 -1.7455e-14
130 -1.83553e-14
140 -1.53941e-14
150 -1.58544e-14
160 -7.43486e-15
170 -1.27927e-14
180 -1.11383e-14
190 -1.74676e-14
200 -1.52272e-14
210 -1.14509e-14
220 -1.14513e-14
230 1.39989e-15
240 -1.06488e-15
250 -9.43868e-15
260 -1.02428e-14
270 -1.83252e-14
280 -1.69735e-14
290 -1.4962e-14
300 -1.78168e-14
310 -1.22735e-14
320 -1.14353e-14
330 -1.30078e-14
340 -1.77271e-14
350 -1.65918e-14
360 -1.35948e-14
370 -7.94721e-15
380 -1.14445e-14
390 -3.8454e-15
400 -5.7326e-15
410 -1.52852e-14
420 -2.14278e-14
430 -3.55042e-14
440 -3.06394e-14
450 -1.54484e-14
460 -2.92961e-14
470 -1.59415e-14
480 -1.64912e-14
490 -2.06241e-14
500 -2.17085e-14
510 -2.1807e-14
520 -2.97716e-14
530 -2.6408e-14
540 -2.04965e-14
550 -2.69484e-14
560 -2.80882e-14
570 -2.88907e-14
580 -3.13291e-14
590 -3.16187e-14
600 -2.65008e-14
610 -3.55834e-14
620 -3.84843e-14
630 -3.20322e-14
640 -3.40331e-14
650 -3.66997e-14
660 -3.16125e-14
670 -2.09858e-14
680 -2.02204e-14
690 -2.51322e-14
700 -2.17711e-14
710 -2.04487e-14
720 -1.88326e-14
730 -2.61336e-14
740 -3.68847e-14
750 -3.27654e-14
760 -3.79101e-14
770 -3.34629e-14
780 -3.8955e-14
790 -3.83566e-14
800 -3.80315e-14
810 -3.30308e-14
820 -3.36314e-14
830 -3.21835e-14
840 -3.50897e-14
850 -3.25572e-14
860 -3.75562e-14
870 -4.99489e-14
880 -4.26921e-14
890 -4.85851e-14
900 -5.25972e-14
910 -4.66507e-14
920 -4.5115e-14
930 -4.31739e-14
940 -4.35838e-14
950 -3.79876e-14
960 -4.51738e-14
970 -3.95729e-14
980 -3.12394e-14
990 -3.53188e-14
1000 -3.31075e-14
1010 -4.08252e-14
1020 -4.05831e-14
1030 -5.09832e-14
1040 -6.04317e-14
1050 -5.54829e-14
1060 -5.44059e-14
1070 -6.16795e-14
1080 -6.11695e-14
1090 -5.25401e-14
1100 -5.21412e-14
1110 -4.83645e-14
1120 -5.72271e-14
1130 -5.88919e-14
1140 -6.05676e-14
1150 -6.54359e-14
1160 -7.47751e-14
1170 -7.92349e-14
1180 -7.07333e-14
1190 -8.23247e-14
1200 -7.14145e-14
1210 -6.66383e-14
1220 -6.70156e-14
1230 -6.81175e-14
1240 -5.96998e-14
1250 -5.92213e-14
1260 -6.29832e-14
1270 -5.67417e-14
1280 -5.41944e-14
1290 -4.94828e-14
1300 -3.97654e-14
1310 -4.42848e-14
1320 -5.81836e-14
1330 -6.12861e-14
1340 -6.81861e-14
1350 -6.81829e-14
1360 -7.78927e-14
1370 -8.08343e-14
1380 -8.93167e-14
1390 -8.47307e-14
1400 -8.76311e-14
1410 -8.06401e-14
1420 -7.5994e-14
1430 -8.09266e-14
1440 -7.79831e-14
1450 -7.19417e-14
1460 -7.53328e-14
1470 -7.91305e-14
1480 -7.6832e-14
1490 -8.11354e-14
1500 -8.33361e-14
1510 -7.60778e-14
1520 -7.6372e-14
1530 -8.28621e-14
1540 -8.4388e-14
1550 -8.39031e-14
1560 -9.55067e-14
1570 -8.87421e-14
1580 -8.33043e-14
1590 -9.13187e-14
1600 -9.16782e-14
1610 -8.28353e-14
1620 -8.37811e-14
1630 -8.94034e-14
1640 -9.2385e-14
1650 -9.15493e-14
1660 -8.55794e-14
1670 -9.13824e-14
1680 -9.50546e-14
1690 -9.57141e-14
1700 -1.01552e-13
1710 -1.02478e-13
1720 -1.00135e-13
1730 -9.00153e-14
1740 -9.27002e-14
1750 -9.10383e-14
1760 -1.02499e-13
1770 -9.23722e-14
1780 -1.01062e-13
1790 -1.18225e-13
1800 -1.10733e-13
1810 -1.07274e-13
1820 -1.02345e-13
1830 -1.11553e-13
1840 -1.07975e-13
1850 -1.07215e-13
1860 -1.02578e-13
1870 -1.07368e-13
1880 -9.76967e-14
1890 -9.49113e-14
1900 -1.0093e-13
1910 -9.82568e-14
1920 -9.64465e-14
1930 -1.03355e-13
1940 -9.37806e-14
1950 -9.72623e-14
1960 -9.91372e-14
1970 -1.01309e-13
1980 -1.04735e-13
1990 -1.20515e-13
2000 -1.18508e-13
2010 -1.18183e-13
2020 -1.17363e-13
2030 -1.14803e-13
2040 -1.12574e-13
2050 -1.06007e-13
2060 -1.10755e-13
2070 -1.16145e-13
2080 -1.1799e-13
2090 -1.24883e-13
2100 -1.28666e-13
2110 -1.29538e-13
2120 -1.41423e-13
2130 -1.31716e-13
2140 -1.32761e-13
2150 -1.36773e-13
2160 -1.32775e-13
2170 -1.38653e-13
2180 -1.33867e-13
2190 -1.21416e-13
2200 -1.26573e-13
2210 -1.2187e-13
2220 -1.2444e-13
2230 -1.13953e-13
2240 -1.18904e-13
2250 -1.08005e-13
2260 -1.19057e-13
2270 -1.1364e-13
2280 -1.11363e-13
2290 -1.04795e-13
2300 -1.12186e-13
2310 -1.16086e-13
2320 -1.19048e-13
2330 -1.35829e-13
2340 -1.3138e-13
2350 -1.30219e-13
2360 -1.32467e-13
2370 -1.33584e-13
2380 -1.35666e-13
2390 -1.38553e-13
2400 -1.47616e-13
2410 -1.36719e-13
2420 -1.20542e-13
2430 -1.23986e-13
2440 -1.23577e-13
2450 -1.17169e-13
2460 -1.12892e-13
2470 -1.12403e-13
2480 -1.14639e-13
2490 -1.08716e-13
2500 -1.147e-13
2510 -9.7539e-14
2520 -1.01151e-13
2530 -8.94847e-14
2540 -9.10078e-14
2550 -8.64574e-14
2560 -1.07363e-13
2570 -9.01592e-14
2580 -8.16777e-14
2590 -8.53609e-14
2600 -8.39476e-14
2610 -8.69651e-14
2620 -7.75049e-14
2630 -7.40825e-14
2640 -7.49648e-14
2650 -8.58502e-14
2660 -8.44402e-14
2670 -8.34655e-14
2680 -9.97976e-14
2690 -1.06774e-13
2700 -1.43755e-13
2710 -2.16199e-13
2720 -3.46259e-13
2730 -6.07618e-13
2740 -1.08102e-12
2750 -1.94782e-12
2760 -3.57419e-12
2770 -6.5472e-12
2780 -1.19307e-11
2790 -2.16376e-11
2800 -3.89799e-11
2810 -6.97246e-11
2820 -1.23803e-10
2830 -2.18214e-10
2840 -3.81711e-10
2850 -6.62756e-10
2860 -1.14216e-09
2870 -1.95374e-09
2880 -3.31729e-09
2890 -5.59094e-09
2900 -9.35383e-09
2910 -1.55349e-08
2920 -2.56127e-08
2930 -4.19223e-08
2940 -6.81224e-08
2950 -1.09902e-07
2960 -1.76037e-07
2970 -2.79964e-07
2980 -4.42093e-07
2990 -6.93187e-07
3000 -1.07927e-06
3010 -1.66863e-06
3020 -2.5619e-06
3030 -3.90614e-06
3040 -5.91466e-06
3050 -8.89454e-06
3060 -1.32844e-05
3070 -1.97061e-05
3080 -2.90343e-05
3090 -4.24903e-05
3100 -6.17659e-05
3110 -8.91872e-05
3120 -0.000127928
3130 -0.000182284
3140 -0.00025803
3150 -0.000362861
3160 -0.00050696
3170 -0.000703692
3180 -0.00097047
3190 -0.0013298
3200 -0.00181052
3210 -0.00244936
3220 -0.00329264
3230 -0.00439837
3240 -0.0058386
3250 -0.00770206
3260 -0.0100972
3270 -0.0131553
3280 -0.0170342
3290 -0.0219217
3300 -0.0280397
3310 -0.0356476
3320 -0.0450461
3330 -0.0565805
3340 -0.0706433
3350 -0.0876762
3360 -0.108171
3370 -0.13267
3380 -0.161762
3390 -0.19608
3400 -0.236297
3410 -0.283113
3420 -0.33725
3430 -0.399434
3440 -0.470381
3450 -0.550781
3460 -0.641273
3470 -0.742426
3480 -0.854713
3490 -0.978489
3500 -1.11396
3510 -1.26118
3520 -1.41998
3530 -1.59
3540 -1.77067
3550 -1.96114
3560 -2.16034
3570 -2.36695
3580 -2.57941
3590 -2.79592
3600 -3.01448
3610 -3.23292
3620 -3.44891
3630 -3.66
3640 -3.86371
3650 -4.05752
3660 -4.23897
3670 -4.40567
3680 -4.5554
3690 -4.6861
3700 -4.79598
3710 -4.88352
3720 -4.94753
3730 -4.98715
3740 -5.00188
3750 -4.99161
3760 -4.95659
3770 -4.89745
3780 -4.81516
3790 -4.71099
3800 -4.58653
3810 -4.4436
3820 -4.28424
3830 -4.11063
3840 -3.92507
3850 -3.72991
3860 -3.52753
3870 -3.32026
3880 -3.11036
3890 -2.89997
3900 -2.69111
3910 -2.48559
3920 -2.28505
3930 -2.09094
3940 -1.90445
3950 -1.7266
3960 -1.55816
3970 -1.39972
3980 -1.25165
3990 -1.11417
4000 -0.987293
4010 -0.870922
4020 -0.764816
4030 -0.668631
4040 -0.581936
4050 -0.504232
4060 -0.434969
4070 -0.373565
4080 -0.31942
4090 -0.271926
4100 -0.230484
4110 -0.194509
4120 -0.163438
4130 -0.136737
4140 -0.113906
4150 -0.0944808
4160 -0.0780335
4170 -0.064175
4180 -0.0525538
4190 -0.0428552
4200 -0.0347992
4210 -0.028139
4220 -0.0226583
4230 -0.018169
4240 -0.0145087
4250 -0.0115378
4260 -0.00913733
4270 -0.00720655
4280 -0.00566046
4290 -0.0044279
4300 -0.00344963
4310 -0.00267658
4320 -0.00206837
4330 -0.00159192
4340 -0.0012203
4350 -0.000931681
4360 -0.000708486
4370 -0.000536616
4380 -0.000404828
4390 -0.000304198
4400 -0.000227681
4410 -0.000169741
4420 -0.00012605
4430 -9.32399e-05
4440 -6.87015e-05
4450 -5.04247e-05
4460 -3.68669e-05
4470 -2.68505e-05
4480 -1.94803e-05
4490 -1.4079e-05
4500 -1.01365e-05
4510 -7.27018e-06
4520 -5.19459e-06
4530 -3.69751e-06
4540 -2.62197e-06
4550 -1.85228e-06
4560 -1.30363e-06
4570 -9.14066e-07
4580 -6.38523e-07
4590 -4.44384e-07
4600 -3.08126e-07
4610 -2.12858e-07
4620 -1.46504e-07
4630 -1.00464e-07
4640 -6.86401e-08
4650 -4.67257e-08
4660 -3.16921e-08
4670 -2.14173e-08
4680 -1.44213e-08
4690 -9.67554e-09
4700 -6.46815e-09
4710 -4.30848e-09
4720 -2.85966e-09
4730 -1.89126e-09
4740 -1.24638e-09
4750 -8.18473e-10
4760 -5.35601e-10
4770 -3.49263e-10
4780 -2.2698e-10
4790 -1.47003e-10
4800 -9.48911e-11
4810 -6.10582e-11
4820 -3.91704e-11
4830 -2.5059e-11
4840 -1.59963e-11
4850 -1.01933e-11
4860 -6.49238e-12
4870 -4.13951e-12
4880 -2.643e-12
4890 -1.70075e-12
4900 -1.11112e-12
4910 -7.35286e-13
4920 -5.11383e-13
4930 -3.64296e-13
4940 -2.80379e-13
4950 -2.29499e-13
4960 -1.95685e-13
4970 -1.68974e-13
4980 -1.5108e-13
4990 -1.45164e-13
5000 -1.43162e-13
5010 -1.31643e-13
5020 -1.23433e-13
5030 -1.1075e-13
5040 -9.19798e-14
5050 -6.46991e-14
5060 -2.71505e-14
5070 4.23565e-14
5080 1.63147e-13
5090 3.46555e-13
5100 6.31719e-13
5110 1.08975e-12
5120 1.79989e-12
5130 2.92709e-12
5140 4.67836e-12
5150 7.40764e-12
5160 1.16497e-11
5170 1.82075e-11
5180 2.83291e-11
5190 4.38577e-11
5200 6.76142e-11
5210 1.03824e-10
5220 1.58829e-10
5230 2.42074e-10
5240 3.67594e-10
5250 5.56172e-10
5260 8.38441e-10
5270 1.25941e-09
5280 1.88491e-09
5290 2.81088e-09
5300 4.17656e-09
5310 6.18325e-09
5320 9.12077e-09
5330 1.34048e-08
5340 1.96289e-08
5350 2.86377e-08
5360 4.16274e-08
5370 6.02861e-08
5380 8.69851e-08
5390 1.25043e-07
5400 1.79083e-07
5410 2.5552e-07
5420 3.63219e-07
5430 5.14373e-07
5440 7.25688e-07
5450 1.01995e-06
5460 1.4281e-06
5470 1.99198e-06
5480 2.76791e-06
5490 3.83139e-06
5500 5.28314e-06
5510 7.25695e-06
5520 9.92971e-06
5530 1.35343e-05
5540 1.83757e-05
5550 2.48517e-05
5560 3.34788e-05
5570 4.49238e-05
5580 6.00444e-05
5590 7.99377e-05
5600 0.000106001
5610 0.000140003
5620 0.000184176
5630 0.000241317
5640 0.000314919
5650 0.000409317
5660 0.000529864
5670 0.000683135
5680 0.000877163
5690 0.00112171
5700 0.00142857
5710 0.0018119
5720 0.00228864
5730 0.00287887
5740 0.00360631
5750 0.00449876
5760 0.00558865
5770 0.0069135
5780 0.00851648
5790 0.0104469
5800 0.0127606
5810 0.0155206
5820 0.0187971
5830 0.022668
5840 0.0272186
5850 0.032542
5860 0.0387385
5870 0.0459148
5880 0.0541836
5890 0.0636622
5900 0.074471
5910 0.0867317
5920 0.100565
5930 0.116087
5940 0.13341
5950 0.152632
5960 0.173842
5970 0.197108
5980 0.222479
5990 0.249977
6000 0.279596
6010 0.311297
6020 0.345004
6030 0.380601
6040 0.417931
6050 0.456796
6060 0.49695
6070 0.538109
6080 0.579943
6090 0.622087
6100 0.664139
6110 0.705668
6120 0.746223
6130 0.785333
6140 0.822525
6150 0.857324
6160 0.889269
6170 0.917923
6180 0.942876
6190 0.963762
6200 0.980264
6210 0.992125
6220 0.999149
6230 1.00121
6240 0.998261
6250 0.990321
6260 0.977491
6270 0.959942
6280 0.937915
6290 0.911715
6300 0.881702
6310 0.848287
6320 0.811917
6330 0.773072
6340 0.732246
6350 0.689944
6360 0.646666
6370 0.6029
6380 0.559114
6390 0.515745
6400 0.473194
6410 0.431819
6420 0.391935
6430 0.353805
6440 0.317644
6450 0.28362
6460 0.251848
6470 0.2224
6480 0.195307
6490 0.170559
6500 0.148113
6510 0.127899
6520 0.109819
6530 0.0937608
6540 0.0795944
6550 0.0671817
6560 0.0563786
6570 0.0470395
6580 0.0390196
6590 0.0321783
6600 0.0263811
6610 0.021501
6620 0.0174201
6630 0.0140299
6640 0.0112321
6650 0.0089383
6660 0.0070701
6670 0.00555852
6680 0.00434355
6690 0.00337341
6700 0.00260388
6710 0.00199749
6720 0.00152282
6730 0.00115373
6740 0.000868621
6750 0.000649861
6760 0.000483125
6770 0.000356889
6780 0.000261957
6790 0.000191046
6800 0.000138433
6810 9.96606e-05
6820 7.12815e-05
6830 5.06507e-05
6840 3.57549e-05
6850 2.50735e-05
6860 1.74666e-05
6870 1.20865e-05
6880 8.30768e-06
6890 5.67195e-06
6900 3.8463e-06
6910 2.59059e-06
6920 1.73295e-06
6930 1.1513e-06
6940 7.59617e-07
6950 4.97724e-07
6960 3.2386e-07
6970 2.09259e-07
6980 1.34264e-07
6990 8.55389e-08
7000 5.4111e-08
7010 3.39868e-08
7020 2.11945e-08
7030 1.31223e-08
7040 8.06596e-09
7050 4.92204e-09
7060 2.98169e-09
7070 1.79304e-09
7080 1.07031e-09
7090 6.34166e-10
7100 3.72927e-10
7110 2.17648e-10
7120 1.2604e-10
7130 7.24106e-11
7140 4.12477e-11
7150 2.32809e-11
7160 1.29999e-11
7170 7.1748e-12
7180 3.88912e-12
7190 2.04858e-12
7200 1.03183e-12
7210 4.72163e-13
7220 1.68356e-13
7230 1.74393e-15
7240 -8.32408e-14
7250 -1.27949e-13
7260 -1.59729e-13
7270 -1.60342e-13
7280 -1.69376e-13
7290 -1.70706e-13
7300 -1.72901e-13
7310 -1.73853e-13
7320 -1.7158e-13
7330 -1.74101e-13
7340 -1.73223e-13
7350 -1.74979e-13
7360 -1.71178e-13
7370 -1.67904e-13
7380 -1.64286e-13
7390 -1.62788e-13
7400 -1.63439e-13
7410 -1.63053e-13
7420 -1.62582e-13
7430 -1.60458e-13
7440 -1.62741e-13
7450 -1.58449e-13
7460 -1.64083e-13
7470 -1.61235e-13
7480 -1.57023e-13
7490 -1.61588e-13
7500 -1.58579e-13
7510 -1.64111e-13
7520 -1.66858e-13
7530 -1.6326e-13
7540 -1.59904e-13
7550 -1.56464e-13
7560 -1.61144e-13
7570 -1.53927e-13
7580 -1.57216e-13
7590 -1.57375e-13
7600 -1.58192e-13
7610 -1.57535e-13
7620 -1.54306e-13
7630 -1.50738e-13
7640 -1.46294e-13
7650 -1.50714e-13
7660 -1.53151e-13
7670 -1.63153e-13
7680 -1.63668e-13
7690 -1.64181e-13
7700 -1.66317e-13
7710 -1.68513e-13
7720 -1.67046e-13
7730 -1.7426e-13
7740 -1.76874e-13
7750 -1.75718e-13
7760 -1.76486e-13
7770 -1.80171e-13
7780 -1.72726e-13
7790 -1.80812e-13
7800 -1.72505e-13
7810 -1.74595e-13
7820 -1.77429e-13
7830 -1.67336e-13
7840 -1.71368e-13
7850 -1.6798e-13
7860 -1.67301e-13
7870 -1.7353e-13
7880 -1.74876e-13
7890 -1.75412e-13
7900 -1.81144e-13
7910 -1.78245e-13
7920 -1.76406e-13
7930 -1.69333e-13
7940 -1.78969e-13
7950 -1.77119e-13
7960 -1.77813e-13
7970 -1.82158e-13
7980 -1.77984e-13
7990 -1.81183e-13
8000 -1.86136e-13
8010 -1.88305e-13
8020 -1.88034e-13
8030 -1.93054e-13
8040 -1.8909e-13
8050 -1.81352e-13
8060 -1.78548e-13
8070 -1.78665e-13
8080 -1.7701e-13
8090 -1.75349e-13
8100 -1.78115e-13
8110 -1.74418e-13
8120 -1.73478e-13
8130 -1.74504e-13
8140 -1.7233e-13
8150 -1.74733e-13
8160 -1.74044e-13
8170 -1.73292e-13
8180 -1.74353e-13
8190 -1.69998e-13
8200 -1.78863e-13
8210 -1.72223e-13
8220 -1.67086e-13
8230 -1.7336e-13
8240 -1.66446e-13
8250 -1.68477e-13
8260 -1.66043e-13
8270 -1.67765e-13
8280 -1.71336e-13
8290 -1.77681e-13
8300 -1.70789e-13
8310 -1.69567e-13
8320 -1.73782e-13
8330 -1.72446e-13
8340 -1.73722e-13
8350 -1.76972e-13
8360 -1.76163e-13
8370 -1.79073e-13
8380 -1.76074e-13
8390 -1.70246e-13
8400 -1.77761e-13
8410 -1.80988e-13
8420 -1.78333e-13
8430 -1.74589e-13
8440 -1.76425e-13
8450 -1.65419e-13
8460 -1.63037e-13
8470 -1.62478e-13
8480 -1.56371e-13
8490 -1.50893e-13
8500 -1.55367e-13
8510 -1.53858e-13
8520 -1.54988e-13
8530 -1.51783e-13
8540 -1.51324e-13
8550 -1.54257e-13
8560 -1.51923e-13
8570 -1.55565e-13
8580 -1.54254e-13
8590 -1.53508e-13
8600 -1.51659e-13
8610 -1.43771e-13
8620 -1.42806e-13
8630 -1.46217e-13
8640 -1.45016e-13
8650 -1.37076e-13
8660 -1.39089e-13
8670 -1.45241e-13
8680 -1.4421e-13
8690 -1.43631e-13
8700 -1.47336e-13
8710 -1.47946e-13
8720 -1.37437e-13
8730 -1.42463e-13
8740 -1.37484e-13
8750 -1.35794e-13
8760 -1.40201e-13
8770 -1.34884e-13
8780 -1.45329e-13
8790 -1.47781e-13
8800 -1.47616e-13
8810 -1.54984e-13
8820 -1.56104e-13
8830 -1.5574e-13
8840 -1.60992e-13
8850 -1.60428e-13
8860 -1.63868e-13
8870 -1.64561e-13
8880 -1.66003e-13
8890 -1.71301e-13
8900 -1.67911e-13
8910 -1.68578e-13
8920 -1.71258e-13
8930 -1.64798e-13
8940 -1.66319e-13
8950 -1.62602e-13
8960 -1.63829e-13
8970 -1.66642e-13
8980 -1.60457e-13
8990 -1.6115e-13
9000 -1.60504e-13
9010 -1.63548e-13
9020 -1.64679e-13
9030 -1.60362e-13
9040 -1.73044e-13
9050 -1.66607e-13
9060 -1.6938e-13
9070 -1.66784e-13
9080 -1.63942e-13
9090 -1.5671e-13
9100 -1.5766e-13
9110 -1.54409e-13
9120 -1.5614e-13
9130 -1.53163e-13
9140 -1.4824e-13
9150 -1.48448e-13
9160 -1.3884e-13
9170 -1.48766e-13
9180 -1.48655e-13
9190 -1.54247e-13
9200 -1.57514e-13
9210 -1.61696e-13
9220 -1.58661e-13
9230 -1.65086e-13
9240 -1.60347e-13
9250 -1.60223e-13
9260 -1.60778e-13
9270 -1.52492e-13
9280 -1.68528e-13
9290 -1.59265e-13
9300 -1.5799e-13
9310 -1.63788e-13
9320 -1.60231e-13
9330 -1.61525e-13
9340 -1.51895e-13
9350 -1.50715e-13
9360 -1.521e-13
9370 -1.52843e-13
9380 -1.4304e-13
9390 -1.48286e-13
9400 -1.53637e-13
9410 -1.51909e-13
9420 -1.54663e-13
9430 -1.4765e-13
9440 -1.51775e-13
9450 -1.54343e-13
9460 -1.56734e-13
9470 -1.57543e-13
9480 -1.50756e-13
9490 -1.54413e-13
9500 -1.51879e-13
9510 -1.61634e-13
9520 -1.61513e-13
9530 -1.61589e-13
9540 -1.53338e-13
9550 -1.61428e-13
9560 -1.62093e-13
9570 -1.62672e-13
9580 -1.6741e-13
9590 -1.60669e-13
9600 -1.60799e-13
9610 -1.62684e-13
9620 -1.57198e-13
9630 -1.52417e-13
9640 -1.48961e-13
9650 -1.52657e-13
9660 -1.51345e-13
9670 -1.57014e-13
9680 -1.54233e-13
9690 -1.4816e-13
9700 -1.57445e-13
9710 -1.56169e-13
9720 -1.5482e-13
9730 -1.5555e-13
9740 -1.51419e-13
9750 -1.56116e-13
9760 -1.53697e-13
9770 -1.58916e-13
9780 -1.60251e-13
9790 -1.56722e-13
9800 -1.69607e-13
9810 -1.65117e-13
9820 -1.65573e-13
9830 -1.60676e-13
9840 -1.68935e-13
9850 -1.67552e-13
9860 -1.66288e-13
9870 -1.62061e-13
9880 -1.70054e-13
9890 -1.66708e-13
9900 -1.70693e-13
9910 -1.67643e-13
9920 -1.7043e-13
9930 -1.65926e-13
9940 -1.74349e-13
9950 -1.67383e-13
9960 -1.69429e-13
9970 -1.7093e-13
9980 -1.74564e-13
9990 -1.75212e-13
10000 -1.64815e-13
10010 -1.67749e-13
10020 -1.67242e-13
10030 -1.66083e-13
10040 -1.65301e-13
10050 -1.65698e-13
10060 -1.66786e-13
10070 -1.70093e-13
10080 -1.63584e-13
10090 -1.6356e-13
10100 -1.66883e-13
10110 -1.70476e-13
10120 -1.71136e-13
10130 -1.58921e-13
10140 -1.64355e-13
10150 -1.65675e-13
10160 -1.71941e-13
10170 -1.66256e-13
10180 -1.68017e-13
10190 -1.66493e-13
10200 -1.63519e-13
10210 -1.66548e-13
10220 -1.63472e-13
10230 -1.62035e-13
10240 -1.65253e-13
10250 -1.60645e-13
10260 -1.6358e-13
10270 -1.56199e-13
10280 -1.59152e-13
10290 -1.58212e-13
10300 -1.57029e-13
10310 -1.58681e-13
10320 -1.54745e-13
10330 -1.56858e-13
10340 -1.60754e-13
10350 -1.58057e-13
10360 -1.52109e-13
10370 -1.54042e-13
10380 -1.49362e-13
10390 -1.52357e-13
10400 -1.54545e-13
10410 -1.57098e-13
10420 -1.5253e-13
10430 -1.55011e-13
10440 -1.55957e-13
10450 -1.55601e-13
10460 -1.54628e-13
10470 -1.56757e-13
10480 -1.5782e-13
10490 -1.58445e-13
10500 -1.56099e-13
10510 -1.56877e-13
10520 -1.53873e-13
10530 -1.53009e-13
10540 -1.53275e-13
10550 -1.42629e-13
10560 -1.4987e-13
10570 -1.53591e-13
10580 -1.53399e-13
10590 -1.61062e-13
10600 -1.65863e-13
10610 -1.669e-13
10620 -1.5754e-13
10630 -1.57075e-13
10640 -1.54224e-13
10650 -1.57926e-13
10660 -1.50222e-13
10670 -1.53723e-13
10680 -1.51034e-13
10690 -1.56608e-13
10700 -1.6056e-13
10710 -1.60085e-13
10720 -1.61001e-13
10730 -1.61964e-13
10740 -1.52239e-13
10750 -1.52575e-13
10760 -1.57146e-13
10770 -1.56978e-13
10780 -1.61959e-13
10790 -1.62882e-13
10800 -1.71723e-13
10810 -1.68452e-13
10820 -1.6558e-13
10830 -1.61926e-13
10840 -1.64252e-13
10850 -1.67888e-13
10860 -1.74665e-13
10870 -1.74174e-13
10880 -1.70729e-13
10890 -1.7037e-13
10900 -1.67504e-13
10910 -1.66101e-13
10920 -1.59431e-13
10930 -1.55638e-13
10940 -1.54146e-13
10950 -1.5908e-13
10960 -1.62887e-13
10970 -1.54975e-13
10980 -1.59651e-13
10990 -1.55236e-13
11000 -1.59596e-13
11010 -1.65969e-13
11020 -1.59888e-13
11030 -1.62785e-13
11040 -1.62418e-13
11050 -1.64204e-13
11060 -1.60382e-13
11070 -1.64704e-13
11080 -1.60452e-13
11090 -1.62785e-13
11100 -1.65161e-13
11110 -1.58301e-13
11120 -1.57952e-13
11130 -1.54588e-13
11140 -1.55734e-13
11150 -1.53094e-13
11160 -1.49e-13
11170 -1.49133e-13
11180 -1.48803e-13
11190 -1.51007e-13
11200 -1.44195e-13
11210 -1.43292e-13
11220 -1.46499e-13
11230 -1.58854e-13
11240 -1.5725e-13
11250 -1.52509e-13
11260 -1.47723e-13
11270 -1.51886e-13
11280 -1.58211e-13
11290 -1.64728e-13
11300 -1.57823e-13
11310 -1.55955e-13
11320 -1.59475e-13
11330 -1.62117e-13
11340 -1.63141e-13
11350 -1.59866e-13
11360 -1.57001e-13
11370 -1.58914e-13
11380 -1.57884e-13
11390 -1.56116e-13
11400 -1.613e-13
11410 -1.58531e-13
11420 -1.56191e-13
11430 -1.54643e-13
11440 -1.53066e-13
11450 -1.54034e-13
11460 -1.55846e-13
11470 -1.56093e-13
11480 -1.52628e-13
11490 -1.56297e-13
11500 -1.55842e-13
11510 -1.56501e-13
11520 -1.55804e-13
11530 -1.5637e-13
11540 -1.49266e-13
11550 -1.49077e-13
11560 -1.46621e-13
11570 -1.45933e-13
11580 -1.487e-13
11590 -1.54764e-13
11600 -1.50366e-13
11610 -1.47488e-13
11620 -1.45134e-13
11630 -1.47364e-13
11640 -1.4669e-13
11650 -1.51348e-13
11660 -1.49939e-13
11670 -1.47735e-13
11680 -1.45454e-13
11690 -1.39871e-13
11700 -1.32046e-13
11710 -1.32743e-13
11720 -1.32353e-13
11730 -1.27421e-13
11740 -1.29631e-13
11750 -1.22333e-13
11760 -1.2191e-13
11770 -1.16827e-13
11780 -1.14402e-13
11790 -1.18473e-13
11800 -1.18565e-13
11810 -1.18176e-13
11820 -1.15148e-13
11830 -1.14176e-13
11840 -1.13613e-13
11850 -1.14671e-13
11860 -1.1332e-13
11870 -1.1439e-13
11880 -1.1616e-13
11890 -1.18214e-13
11900 -1.11625e-13
11910 -1.13508e-13
11920 -1.16923e-13
11930 -1.17022e-13
11940 -1.20231e-13
11950 -1.15866e-13
11960 -1.20962e-13
11970 -1.21313e-13
11980 -1.25069e-13
11990 -1.20534e-13
12000 -1.24281e-13
12010 -1.25734e-13
12020 -1.19055e-13
12030 -1.18711e-13
12040 -1.32296e-13
12050 -1.24316e-13
12060 -1.25359e-13
12070 -1.14788e-13
12080 -1.30807e-13
12090 -1.23508e-13
12100 -1.26072e-13
12110 -1.30502e-13
12120 -1.27039e-13
12130 -1.30693e-13
12140 -1.36785e-13
12150 -1.38197e-13
12160 -1.35809e-13
12170 -1.39439e-13
12180 -1.43377e-13
12190 -1.41706e-13
12200 -1.36081e-13
12210 -1.42736e-13
12220 -1.4863e-13
12230 -1.39393e-13
12240 -1.43643e-13
12250 -1.4475e-13
12260 -1.43091e-13
12270 -1.44117e-13
12280 -1.42288e-13
12290 -1.42316e-13
12300 -1.41937e-13
12310 -1.37654e-13
12320 -1.41728e-13
12330 -1.45564e-13
12340 -1.3759e-13
12350 -1.41923e-13
12360 -1.47081e-13
12370 -1.46911e-13
12380 -1.46155e-13
12390 -1.45541e-13
12400 -1.45916e-13
12410 -1.44292e-13
12420 -1.48259e-13
12430 -1.39264e-13
12440 -1.39423e-13
12450 -1.34268e-13
12460 -1.3896e-13
12470 -1.37339e-13
12480 -1.36151e-13
12490 -1.41782e-13
12500 -1.41823e-13
12510 -1.44938e-13
12520 -1.46091e-13
12530 -1.50233e-13
12540 -1.58187e-13
12550 -1.5547e-13
12560 -1.54743e-13
12570 -1.58007e-13
12580 -1.59626e-13
12590 -1.59025e-13
12600 -1.60419e-13
12610 -1.55636e-13
12620 -1.50887e-13
12630 -1.40369e-13
12640 -1.43824e-13
12650 -1.41609e-13
12660 -1.43706e-13
12670 -1.41419e-13
12680 -1.45249e-13
12690 -1.48429e-13
12700 -1.45975e-13
12710 -1.52425e-13
12720 -1.42983e-13
12730 -1.40286e-13
12740 -1.40899e-13
12750 -1.41864e-13
12760 -1.46514e-13
12770 -1.48038e-13
12780 -1.45484e-13
12790 -1.45966e-13
12800 -1.45401e-13
12810 -1.43035e-13
12820 -1.48664e-13
12830 -1.49871e-13
12840 -1.40959e-13
12850 -1.41741e-13
12860 -1.47268e-13
12870 -1.4218e-13
12880 -1.46693e-13
12890 -1.42879e-13
12900 -1.34354e-13
12910 -1.3307e-13
12920 -1.27652e-13
12930 -1.27529e-13
12940 -1.31743e-13
12950 -1.30812e-13
12960 -1.37868e-13
12970 -1.36717e-13
12980 -1.34036e-13
12990 -1.41967e-13
13000 -1.37657e-13
13010 -1.39708e-13
13020 -1.40355e-13
13030 -1.39283e-13
13040 -1.43223e-13
13050 -1.42733e-13
13060 -1.34899e-13
13070 -1.36951e-13
13080 -1.3835e-13
13090 -1.41338e-13
13100 -1.37875e-13
13110 -1.25967e-13
13120 -1.27117e-13
13130 -1.33947e-13
13140 -1.3818e-13
13150 -1.45589e-13
13160 -1.39653e-13
13170 -1.35885e-13
13180 -1.40614e-13
13190 -1.48099e-13
13200 -1.54455e-13
13210 -1.49588e-13
13220 -1.40229e-13
13230 -1.36105e-13
13240 -1.43368e-13
13250 -1.43602e-13
13260 -1.48966e-13
13270 -1.44332e-13
13280 -1.47448e-13
13290 -1.46792e-13
13300 -1.45629e-13
13310 -1.53479e-13
13320 -1.45215e-13
13330 -1.55973e-13
13340 -1.47085e-13
13350 -1.56821e-13
13360 -1.44906e-13
13370 -1.42175e-13
13380 -1.37556e-13
13390 -1.40622e-13
13400 -1.43538e-13
13410 -1.40434e-13
13420 -1.27574e-13
13430 -1.28314e-13
13440 -1.29099e-13
13450 -1.35425e-13
13460 -1.3777e-13
13470 -1.37519e-13
13480 -1.43895e-13
13490 -1.41571e-13
13500 -1.41474e-13
13510 -1.41901e-13
13520 -1.39607e-13
13530 -1.4986e-13
13540 -1.49418e-13
13550 -1.43598e-13
13560 -1.37717e-13
13570 -1.36562e-13
13580 -1.45475e-13
13590 -1.44021e-13
13600 -1.37092e-13
13610 -1.3175e-13
13620 -1.27208e-13
13630 -1.43767e-13
13640 -1.43545e-13
13650 -1.35925e-13
13660 -1.37331e-13
13670 -1.32221e-13
13680 -1.32984e-13
13690 -1.35368e-13
13700 -1.39087e-13
13710 -1.33985e-13
13720 -1.28969e-13
13730 -1.26831e-13
13740 -1.21636e-13
13750 -1.27431e-13
13760 -1.19495e-13
13770 -1.1971e-13
13780 -1.2973e-13
13790 -1.21841e-13
13800 -1.22426e-13
13810 -1.22457e-13
13820 -1.2631e-13
13830 -1.19702e-13
13840 -1.13715e-13
13850 -1.15157e-13
13860 -1.18082e-13
13870 -1.14669e-13
13880 -1.15679e-13
13890 -1.16614e-13
13900 -1.18329e-13
13910 -1.17398e-13
13920 -1.11766e-13
13930 -1.12627e-13
13940 -1.13096e-13
13950 -1.03761e-13
13960 -1.07928e-13
13970 -9.77202e-14
13980 -9.60081e-14
13990 -9.47453e-14
14000 -7.9376e-14
14010 -5.41861e-14
14020 -2.59322e-14
14030 2.54316e-14
14040 9.6556e-14
14050 2.03809e-13
14060 3.56218e-13
14070 5.84343e-13
14080 9.38672e-13
14090 1.44769e-12
14100 2.21521e-12
14110 3.34493e-12
14120 4.99635e-12
14130 7.43238e-12
14140 1.09922e-11
14150 1.61678e-11
14160 2.37177e-11
14170 3.46516e-11
14180 5.0457e-11
14190 7.32023e-11
14200 1.05872e-10
14210 1.52638e-10
14220 2.19396e-10
14230 3.14387e-10
14240 4.49137e-10
14250 6.39735e-10
14260 9.08491e-10
14270 1.28632e-09
14280 1.81586e-09
14290 2.55586e-09
14300 3.58682e-09
14310 5.0189e-09
14320 7.00217e-09
14330 9.7406e-09
14340 1.35105e-08
14350 1.86849e-08
14360 2.57661e-08
14370 3.5428e-08
14380 4.85723e-08
14390 6.64014e-08
14400 9.05138e-08
14410 1.23028e-07
14420 1.66743e-07
14430 2.25345e-07
14440 3.03675e-07
14450 4.08069e-07
14460 5.46792e-07
14470 7.30599e-07
14480 9.73436e-07
14490 1.29333e-06
14500 1.71351e-06
14510 2.26383e-06
14520 2.98251e-06
14530 3.91836e-06
14540 5.1335e-06
14550 6.70677e-06
14560 8.73786e-06
14570 1.13525e-05
14580 1.47088e-05
14590 1.90047e-05
14600 2.44877e-05
14610 3.1466e-05
14620 4.03222e-05
14630 5.15296e-05
14640 6.56724e-05
14650 8.3469e-05
14660 0.0001058
14670 0.000133742
14680 0.000168607
14690 0.000211987
14700 0.00026581
14710 0.000332403
14720 0.000414566
14730 0.000515655
14740 0.000639683
14750 0.000791428
14760 0.00097657
14770 0.00120183
14780 0.00147513
14790 0.00180581
14800 0.00220479
14810 0.00268484
14820 0.00326085
14830 0.00395008
14840 0.00477249
14850 0.00575111
14860 0.00691238
14870 0.0082866
14880 0.0099083
14890 0.0118168
14900 0.0140565
14910 0.0166778
14920 0.0197372
14930 0.023298
14940 0.0274309
14950 0.0322146
14960 0.0377363
14970 0.0440923
14980 0.0513884
14990 0.0597404
15000 0.0692748
15010 0.0801286
15020 0.0924502
15030 0.106399
15040 0.122147
15050 0.139876
15060 0.159778
15070 0.18206
15080 0.206934
15090 0.234625
15100 0.265364
15110 0.299392
15120 0.336953
15130 0.378295
15140 0.42367
15150 0.473329
15160 0.527519
15170 0.586483
15180 0.650455
15190 0.719656
15200 0.794296
15210 0.874561
15220 0.960618
15230 1.05261
15240 1.15064
15250 1.2548
15260 1.36511
15270 1.48159
15280 1.60417
15290 1.73278
15300 1.86727
15310 2.00743
15320 2.15303
15330 2.30375
15340 2.45923
15350 2.61905
15360 2.78272
15370 2.94972
15380 3.11945
15390 3.29128
15400 3.46451
15410 3.6384
15420 3.81219
15430 3.98506
15440 4.15617
15450 4.32467
15460 4.48967
15470 4.6503
15480 4.80566
15490 4.95489
15500 5.09712
15510 5.23152
15520 5.35728
15530 5.47365
15540 5.57992
15550 5.67542
15560 5.75956
15570 5.83183
15580 5.89176
15590 5.93898
15600 5.97322
15610 5.99426
15620 6.00198
15630 5.99637
15640 5.97749
15650 5.94548
15660 5.90058
15670 5.84311
15680 5.77347
15690 5.69213
15700 5.59963
15710 5.49658
15720 5.38365
15730 5.26153
15740 5.131
15750 4.99283
15760 4.84785
15770 4.69689
15780 4.5408
15790 4.38042
15800 4.21662
15810 4.05022
15820 3.88203
15830 3.71287
15840 3.54348
15850 3.37461
15860 3.20693
15870 3.04111
15880 2.87774
15890 2.71738
15900 2.56053
15910 2.40763
15920 2.2591
15930 2.11526
15940 1.97642
15950 1.84283
15960 1.71466
15970 1.59208
15980 1.47517
15990 1.36401
16000 1.25859
16010 1.15892
16020 1.06492
16030 0.976528
16040 0.893621
16050 0.816066
16060 0.743708
16070 0.676373
16080 0.613872
16090 0.556006
16100 0.502564
16110 0.453332
16120 0.408089
16130 0.366613
16140 0.328684
16150 0.294081
16160 0.262589
16170 0.233994
16180 0.208093
16190 0.184686
16200 0.163581
16210 0.144598
16220 0.127561
16230 0.112306
16240 0.0986774
16250 0.0865298
16260 0.0757264
16270 0.0661399
16280 0.0576522
16290 0.050154
16300 0.0435447
16310 0.0377315
16320 0.0326298
16330 0.0281623
16340 0.0242586
16350 0.0208549
16360 0.0178937
16370 0.0153228
16380 0.0130956
16390 0.0111702
16400 0.00950939
16410 0.00807971
16420 0.00685162
16430 0.00579891
16440 0.00489843
16450 0.00412976
16460 0.00347499
16470 0.00291838
16480 0.0024462
16490 0.00204647
16500 0.00170877
16510 0.00142406
16520 0.00118451
16530 0.00098337
16540 0.000814825
16550 0.00067388
16560 0.000556253
16570 0.000458284
16580 0.000376852
16590 0.000309302
16600 0.000253379
16610 0.000207174
16620 0.000169075
16630 0.000137722
16640 0.000111971
16650 9.08643e-05
16660 7.35975e-05
16670 5.95e-05
16680 4.80127e-05
16690 3.86707e-05
16700 3.10882e-05
16710 2.49459e-05
16720 1.99798e-05
16730 1.59725e-05
16740 1.27453e-05
16750 1.01512e-05
16760 8.07013e-06
16770 6.40381e-06
16780 5.07216e-06
16790 4.01001e-06
16800 3.16443e-06
16810 2.49256e-06
16820 1.95973e-06
16830 1.53798e-06
16840 1.20477e-06
16850 9.42029e-07
16860 7.35239e-07
16870 5.72794e-07
16880 4.45426e-07
16890 3.45748e-07
16900 2.67889e-07
16910 2.07185e-07
16920 1.59946e-07
16930 1.23254e-07
16940 9.48069e-08
16950 7.27938e-08
16960 5.57909e-08
16970 4.26824e-08
16980 3.2595e-08
16990 2.48468e-08
17000 1.89064e-08
17010 1.43605e-08
17020 1.0888e-08
17030 8.24044e-09
17040 6.22551e-09
17050 4.69487e-09
17060 3.53425e-09
17070 2.6558e-09
17080 1.99215e-09
17090 1.49168e-09
17100 1.11495e-09
17110 8.31893e-10
17120 6.19596e-10
17130 4.60661e-10
17140 3.4189e-10
17150 2.53294e-10
17160 1.87326e-10
17170 1.38295e-10
17180 1.01917e-10
17190 7.4977e-11
17200 5.50612e-11
17210 4.03648e-11
17220 2.95392e-11
17230 2.15792e-11
17240 1.57366e-11
17250 1.1456e-11
17260 8.32519e-12
17270 6.03949e-12
17280 4.37373e-12
17290 3.1619e-12
17300 2.28188e-12
17310 1.64393e-12
17320 1.18228e-12
17330 8.48808e-13
17340 6.08341e-13
17350 4.35247e-13
17360 3.10868e-13
17370 2.2165e-13
17380 1.57766e-13
17390 1.12102e-13
17400 7.95187e-14
17410 5.63092e-14
17420 3.98058e-14
17430 2.80913e-14
17440 1.97904e-14
17450 1.39186e-14
17460 9.7723e-15
17470 6.8495e-15
17480 4.79272e-15
17490 3.34787e-15
17500 2.33462e-15
17510 1.62528e-15
17520 1.12955e-15
17530 7.83697e-16
17540 5.42821e-16
17550 3.75346e-16
17560 2.59105e-16
17570 1.78561e-16
17580 1.22848e-16
17590 8.43759e-17
17600 5.78549e-17
17610 3.96035e-17
17620 2.70644e-17
17630 1.84645e-17
17640 1.25762e-17
17650 8.55137e-18
17660 5.80494e-18
17670 3.93401e-18
17680 2.66165e-18
17690 1.79781e-18
17700 1.21231e-18
17710 8.16136e-19
17720 5.48519e-19
17730 3.68045e-19
17740 2.46543e-19
17750 1.64879e-19
17760 1.10083e-19
17770 7.33766e-20
17780 4.88292e-20
17790 3.24404e-20
17800 2.15169e-20
17810 1.42481e-20
17820 9.41939e-21
17830 6.21692e-21
17840 4.09653e-21
17850 2.69492e-21
17860 1.76997e-21
17870 1.16058e-21
17880 7.59758e-22
17890 4.96555e-22
17900 3.24005e-22
17910 2.11071e-22
17920 1.37278e-22
17930 8.91385e-23
17940 5.77864e-23
17950 3.74008e-23
17960 2.41676e-23
17970 1.55913e-23
17980 1.00422e-23
17990 6.45764e-24
18000 4.14589e-24
18010 2.65743e-24
18020 1.70061e-24
18030 1.08655e-24
18040 6.93099e-25
18050 4.41411e-25
18060 2.80669e-25
18070 1.78176e-25
18080 1.12929e-25
18090 7.14611e-26
18100 4.5148e-26
18110 2.84782e-26
18120 1.79347e-26
18130 1.12767e-26
18140 7.07908e-27
18150 4.43691e-27
18160 2.77648e-27
18170 1.73467e-27
18180 1.08206e-27
18190 6.73897e-28
18200 4.19034e-28
18210 2.60145e-28
18220 1.61249e-28
18230 9.97905e-29
18240 6.1659e-29
18250 3.8038e-29
18260 2.3429e-29
18270 1.44081e-29
18280 8.84657e-30
18290 5.42325e-30
18300 3.31942e-30
18310 2.02854e-30
18320 1.23772e-30
18330 7.54014e-31
18340 4.58625e-31
18350 2.78519e-31
18360 1.68878e-31
18370 1.02238e-31
18380 6.17983e-32
18390 3.72959e-32
18400 2.24734e-32
18410 1.35207e-32
18420 8.12186e-33
18430 4.8712e-33
18440 2.91703e-33
18450 1.7441e-33
18460 1.04119e-33
18470 6.20605e-34
18480 3.69341e-34
18490 2.19466e-34
18500 1.30208e-34
18510 7.7132e-35
18520 4.56207e-35
18530 2.69414e-35
18540 1.58858e-35
18550 9.35251e-36
18560 5.49769e-36
18570 3.22674e-36
18580 1.89095e-36
18590 1.10645e-36
18600 6.4642e-37
18610 3.7708e-37
18620 2.19627e-37
18630 1.27725e-37
18640 7.41651e-38
18650 4.29992e-38
18660 2.48919e-38
18670 1.43878e-38
18680 8.30362e-39
18690 4.78497e-39
18700 2.75315e-39
18710 1.58168e-39
18720 9.07295e-40
18730 5.19658e-40
18740 2.97185e-40
18750 1.69698e-40
18760 9.67541e-41
18770 5.5081e-41
18780 3.13094e-41
18790 1.77701e-41
18800 1.00704e-41
18810 5.69827e-42
18820 3.21944e-42
18830 1.81618e-42
18840 1.023e-42
18850 5.7535e-43
18860 3.23092e-43
18870 1.81157e-43
18880 1.01419e-43
18890 5.6691e-44
18900 3.16402e-44
18910 1.76316e-44
18920 9.80993e-45
18930 5.44954e-45
18940 3.02251e-45
18950 1.67373e-45
18960 9.25352e-46
18970 5.1077e-46
18980 2.81471e-46
18990 1.54854e-46
19000 8.50523e-47
19010 4.6635e-47
19020 2.55264e-47
19030 1.39479e-47
19040 7.6078e-48
19050 4.14214e-48
19060 2.25109e-48
19070 1.22109e-48
19080 6.61111e-49
19090 3.57238e-49
19100 1.92655e-49
19110 1.03687e-49
19120 5.56891e-50
19130 2.9847e-50
19140 1.59624e-50
19150 8.51801e-51
19160 4.53529e-51
19170 2.40922e-51
19180 1.27683e-51
19190 6.75075e-52
19200 3.56053e-52
19210 1.87326e-52
19220 9.83071e-53
19230 5.14579e-53
19240 2.68645e-53
19250 1.39877e-53
19260 7.26329e-54
19270 3.76116e-54
19280 1.94219e-54
19290 1.00006e-54
19300 5.13454e-55
19310 2.62849e-55
19320 1.34159e-55
19330 6.82693e-56
19340 3.46345e-56
19350 1.75167e-56
19360 8.83167e-57
19370 4.43879e-57
19380 2.22384e-57
19390 1.11057e-57
19400 5.52816e-58
19410 2.7428e-58
19420 1.35636e-58
19430 6.68519e-59
19440 3.28396e-59
19450 1.60775e-59
19460 7.84446e-60
19470 3.8144e-60
19480 1.84841e-60
19490 8.92631e-61
19500 4.29574e-61
19510 2.06011e-61
19520 9.84513e-62
19530 4.68841e-62
19540 2.22483e-62
19550 1.05203e-62
19560 4.95699e-63
19570 2.32733e-63
19580 1.08879e-63
19590 5.07543e-64
19600 2.35744e-64
19610 1.09104e-64
19620 5.03124e-65
19630 2.31173e-65
19640 1.05834e-65
19650 4.82762e-66
19660 2.19413e-66
19670 9.93597e-67
19680 4.48305e-67
19690 2.01535e-67
19700 9.02695e-68
19710 4.02848e-68
19720 1.79123e-68
19730 7.93543e-69
19740 3.50264e-69
19750 1.54038e-69
19760 6.7494e-70
19770 2.94651e-70
19780 1.2816e-70
19790 5.55398e-71
19800 2.39805e-71
19810 1.03161e-71
19820 4.42154e-72
19830 1.88815e-72
19840 8.03344e-73
19850 3.40541e-73
19860 1.43827e-73
19870 6.05221e-74
19880 2.53741e-74
19890 1.05992e-74
19900 4.4112e-75
19910 1.82914e-75
19920 7.55683e-76
19930 3.11056e-76
19940 1.27568e-76
19950 5.2126e-77
19960 2.12213e-77
19970 8.60791e-78
19980 3.47881e-78
19990 1.40079e-78
20000 5.61985e-79
20010 2.2464e-79
20020 8.94663e-80
20030 3.55013e-80
20040 1.40359e-80
20050 5.52905e-81
20060 2.17007e-81
20070 8.48619e-82
20080 3.30649e-82
20090 1.28362e-82
20100 4.96507e-83
20110 1.91351e-83
20120 7.34777e-84
20130 2.81125e-84
20140 1.07168e-84
20150 4.07053e-85
20160 1.54049e-85
20170 5.80886e-86
20180 2.18246e-86
20190 8.1701e-87
20200 3.04743e-87
20210 1.13257e-87
20220 4.19397e-88
20230 1.54744e-88
20240 5.68893e-89
20250 2.0839e-89
20260 7.60596e-90
20270 2.76607e-90
20280 1.00231e-90
20290 3.61891e-91
20300 1.30192e-91
20310 4.6669e-92
20320 1.66689e-92
20330 5.93226e-93
20340 2.10364e-93
20350 7.43291e-94
20360 2.61689e-94
20370 9.1802e-95
20380 3.20891e-95
20390 1.11765e-95
20400 3.87875e-96
20410 1.34129e-96
20420 4.62161e-97
20430 1.58675e-97
20440 5.42836e-98
20450 1.85043e-98
20460 6.28524e-99
20470 2.12724e-99
20480 7.17395e-100
20490 2.41072e-100
20500 8.07204e-101
20510 2.69319e-101
20520 8.95367e-102
20530 2.96609e-102
20540 9.79075e-103
20550 3.22032e-103
20560 1.05544e-103
20570 3.44681e-104
20580 1.12164e-104
20590 3.63701e-105
20600 1.17513e-105
20610 3.7834e-106
20620 1.21376e-106
20630 3.88004e-107
20640 1.23593e-107
20650 3.9229e-108
20660 1.24073e-108
20670 3.91021e-109
20680 1.22795e-109
20690 3.84253e-110
20700 1.19815e-110
20710 3.72273e-111
20720 1.15258e-111
20730 3.55579e-112
20740 1.0931e-112
20750 3.34844e-113
20760 1.02208e-113
20770 3.10873e-114
20780 9.42196e-115
20790 2.8455e-115
20800 8.56321e-116
20810 2.56787e-116
20820 7.67309e-117
20830 2.28469e-117
20840 6.77867e-118
20850 2.00411e-118
20860 5.90418e-119
20870 1.73324e-119
20880 5.07011e-120
20890 1.47787e-120
20900 4.29258e-121
20910 1.24239e-121
20920 3.58313e-122
20930 1.02974e-122
20940 2.94884e-123
20950 8.41465e-124
20960 2.39267e-124
20970 6.77939e-125
20980 1.91408e-125
20990 5.38505e-126
21000 1.50966e-126
21010 4.21728e-127
21020 1.17394e-127
21030 3.25625e-128
21040 9.00019e-129
21050 2.47883e-129
21060 6.80301e-130
21070 1.86044e-130
21080 5.06981e-131
21090 1.37666e-131
21100 3.72496e-132
21110 1.00433e-132
21120 2.6983e-133
21130 7.22378e-134
21140 1.92707e-134
21150 5.12257e-135
21160 1.35687e-135
21170 3.58134e-136
21180 9.41914e-137
21190 2.46851e-137
21200 6.44638e-138
21210 1.67747e-138
21220 4.3496e-139
21230 1.12383e-139
21240 2.8934e-140
21250 7.42287e-141
21260 1.89754e-141
21270 4.83353e-142
21280 1.22685e-142
21290 3.10296e-143
21300 7.8201e-144
21310 1.96382e-144
21320 4.91411e-145
21330 1.22529e-145
21340 3.0443e-146
21350 7.5368e-147
21360 1.85925e-147
21370 4.57022e-148
21380 1.11941e-148
21390 2.73205e-149
21400 6.64413e-150
21410 1.61004e-150
21420 3.8876e-151
21430 9.3535e-152
21440 2.2424e-152
21450 5.35673e-153
21460 1.27506e-153
21470 3.02418e-154
21480 7.14708e-155
21490 1.68303e-155
21500 3.94912e-156
21510 9.23315e-157
21520 2.151e-157
21530 4.99314e-158
21540 1.1549e-158
21550 2.66169e-159
21560 6.11236e-160
21570 1.39861e-160
21580 3.18878e-161
21590 7.24414e-162
21600 1.63978e-162
21610 3.69844e-163
21620 8.31164e-164
21630 1.86118e-164
21640 4.15262e-165
21650 9.23182e-166
21660 2.04495e-166
21670 4.51347e-167
21680 9.9258e-168
21690 2.17495e-168
21700 4.74854e-169
21710 1.03299e-169
21720 2.23904e-170
21730 4.83558e-171
21740 1.04054e-171
21750 2.23097e-172
21760 4.76596e-173
21770 1.01444e-173
21780 2.15141e-174
21790 4.54609e-175
21800 9.5713e-176
21810 2.0078e-176
21820 4.19648e-177
21830 8.73907e-178
21840 1.81325e-178
21850 3.74856e-179
21860 7.72113e-180
21870 1.58456e-180
21880 3.24e-181
21890 6.60069e-182
21900 1.3398e-182
21910 2.70955e-183
21920 5.45957e-184
21930 1.09603e-184
21940 2.19225e-185
21950 4.36876e-186
21960 8.67413e-187
21970 1.7159e-187
21980 3.38186e-188
21990 6.64071e-189
22000 1.29918e-189
22010 2.5323e-190
22020 4.91763e-191
22030 9.5145e-192
22040 1.83403e-192
22050 3.5222e-193
22060 6.7392e-194
22070 1.28466e-194
22080 2.43979e-195
22090 4.61637e-196
22100 8.70219e-197
22110 1.63432e-197
22120 3.0579e-198
22130 5.70016e-199
22140 1.05859e-199
22150 1.95857e-200
22160 3.61015e-201
22170 6.62951e-202
22180 1.21285e-202
22190 2.21056e-203
22200 4.01387e-204
22210 7.26087e-205
22220 1.30851e-205
22230 2.34925e-206
22240 4.20185e-207
22250 7.48704e-208
22260 1.32904e-208
22270 2.35028e-209
22280 4.14052e-210
22290 7.26679e-211
22300 1.27052e-211
22310 2.21293e-212
22320 3.83974e-213
22330 6.63713e-214
22340 1.14289e-214
22350 1.9605e-215
22360 3.3502e-216
22370 5.70313e-217
22380 9.67146e-218
22390 1.63382e-218
22400 2.74948e-219
22410 4.60923e-220
22420 7.69722e-221
22430 1.28046e-221
22440 2.1219e-222
22450 3.50273e-223
22460 5.75983e-224
22470 9.4348e-225
22480 1.53948e-225
22490 2.50224e-226
22500 4.05133e-227
22510 6.53399e-228
22520 1.04971e-228
22530 1.67984e-229
22540 2.67776e-230
22550 4.25185e-231
22560 6.72491e-232
22570 1.05948e-232
22580 1.66264e-233
22590 2.59896e-234
22600 4.04661e-235
22610 6.27589e-236
22620 9.69499e-237
22630 1.49178e-237
22640 2.28638e-238
22650 3.49038e-239
22660 5.30734e-240
22670 8.03819e-241
22680 1.21259e-241
22690 1.82198e-242
22700 2.72674e-243
22710 4.06455e-244
22720 6.03457e-245
22730 8.92367e-246
22740 1.31432e-246
22750 1.92805e-247
22760 2.81703e-248
22770 4.09938e-249
22780 5.9415e-250
22790 8.57676e-251
22800 1.23309e-251
22810 1.76569e-252
22820 2.51809e-253
22830 3.57658e-254
22840 5.05943e-255
22850 7.128e-256
22860 1.00015e-256
22870 1.39762e-257
22880 1.9451e-258
22890 2.69597e-259
22900 3.72143e-260
22910 5.11589e-261
22920 7.00402e-262
22930 9.54961e-263
22940 1.29668e-263
22950 1.75342e-264
22960 2.36126e-265
22970 3.16667e-266
22980 4.2292e-267
22990 5.62483e-268
23000 7.44993e-269
23010 9.82617e-270
23020 1.29063e-270
23030 1.68812e-271
23040 2.1988e-272
23050 2.85197e-273
23060 3.68364e-274
23070 4.73785e-275
23080 6.0681e-276
23090 7.73908e-277
23100 9.82852e-278
23110 1.24293e-278
23120 1.56515e-279
23130 1.96255e-280
23140 2.45039e-281
23150 3.04645e-282
23160 3.77134e-283
23170 4.64875e-284
23180 5.70575e-285
23190 6.97302e-286
23200 8.48513e-287
23210 1.02807e-287
23220 1.24024e-288
23230 1.48974e-289
23240 1.78168e-290
23250 2.12159e-291
23260 2.51536e-292
23270 2.96924e-293
23280 3.48971e-294
23290 4.08349e-295
23300 4.75738e-296
23310 5.51815e-297
23320 6.37244e-298
23330 7.32657e-299
23340 8.38638e-300
23350 9.55704e-301
23360 1.08429e-301
23370 1.2247e-302
23380 1.37715e-303
23390 1.54168e-304
23400 1.71814e-305
23410 1.90624e-306
23420 2.10544e-307
23430 2.31501e-308
23440 2.53397e-309
23450 2.76113e-310
23460 2.99504e-311
23470 3.23405e-312
23480 3.47638e-313
23490 3.72078e-314
23500 3.97347e-315
23510 4.31617e-316
23520 5.58228e-317
23530 1.60754e-317
23540 1.18315e-317
23550 1.13207e-317
23560 1.11999e-317
23570 1.11185e-317
23580 1.10402e-317
23590 1.09622e-317
23600 1.08845e-317
23610 1.0807e-317
23620 1.07298e-317
23630 1.06529e-317
23640 1.05762e-317
23650 1.04999e-317
23660 1.04238e-317
23670 1.0348e-317
23680 1.02725e-317
23690 1.01972e-317
23700 1.01222e-317
23710 1.00475e-317
23720 9.97309e-318
23730 9.89894e-318
23740 9.82507e-318
23750 9.75147e-318
23760 9.67815e-318
23770 9.60511e-318
23780 9.53234e-318
23790 9.45986e-318
23800 9.38764e-318
23810 9.31571e-318
23820 9.24405e-318
23830 9.17266e-318
23840 9.10156e-318
23850 9.03073e-318
23860 8.96018e-318
23870 8.8899e-318
23880 8.8199e-318
23890 8.75018e-318
23900 8.68073e-318
23910 8.61156e-318
23920 8.54267e-318
23930 8.47406e-318
23940 8.40572e-318
23950 8.33765e-318
23960 8.26987e-318
23970 8.20236e-318
23980 8.13513e-318
23990 8.06817e-318
24000 8.00149e-318
24010 7.93509e-318
24020 7.86896e-318
24030 7.80311e-318
24040 7.73754e-318
24050 7.67225e-318
24060 7.60723e-318
24070 7.54249e-318
24080 7.47802e-318
24090 7.41383e-318
24100 7.34992e-318
24110 7.28628e-318
24120 7.22292e-318
24130 7.15984e-318
24140 7.09704e-318
24150 7.03451e-318
24160 6.97225e-318
24170 6.91028e-318
24180 6.84858e-318
24190 6.78716e-318
24200 6.72601e-318
24210 6.66514e-318
24220 6.60455e-318
24230 6.54424e-318
24240 6.4842e-318
24250 6.42443e-318
24260 6.36495e-318
24270 6.30574e-318
24280 6.24681e-318
24290 6.18815e-318
24300 6.12977e-318
24310 6.07167e-318
24320 6.01385e-318
24330 5.9563e-318
24340 5.89903e-318
24350 5.84203e-318
24360 5.78531e-318
24370 5.72887e-318
24380 5.6727e-318
24390 5.61681e-318
24400 5.5612e-318
24410 5.50587e-318
24420 5.45081e-318
24430 5.39603e-318
24440 5.34152e-318
24450 5.28729e-318
24460 5.23334e-318
24470 5.17967e-318
24480 5.12627e-318
24490 5.07315e-318
24500 5.0203e-318
24510 4.96773e-318
24520 4.91544e-318
24530 4.86342e-318
24540 4.81169e-318
24550 4.76022e-318
24560 4.70904e-318
24570 4.65813e-318
24580 4.6075e-318
24590 4.55714e-318
24600 4.50706e-318
24610 4.45726e-318
24620 4.40774e-318
24630 4.35849e-318
24640 4.30952e-318
24650 4.26082e-318
24660 4.2124e-318
24670 4.16426e-318
24680 4.1164e-318
24690 4.06881e-318
24700 4.0215e-318
24710 3.97446e-318
24720 3.9277e-318
24730 3.88122e-318
24740 3.83502e-318
24750 3.78909e-318
24760 3.74344e-318
24770 3.69806e-318
24780 3.65296e-318
24790 3.60814e-318
24800 3.5636e-318
24810 3.51933e-318
24820 3.47534e-318
24830 3.43162e-318
24840 3.38818e-318
24850 3.34502e-318
24860 3.30214e-318
24870 3.25953e-318
24880 3.2172e-318
24890 3.17514e-318
24900 3.13336e-318
24910 3.09186e-318
24920 3.05064e-318
24930 3.00969e-318
24940 2.96902e-318
24950 2.92862e-318
24960 2.88851e-318
24970 2.84866e-318
24980 2.8091e-318
24990 2.76981e-318
25000 2.7308e-318
25010 2.69206e-318
25020 2.65361e-318
25030 2.61543e-318
25040 2.57752e-318
25050 2.53989e-318
25060 2.50254e-318
25070 2.46547e-318
25080 2.42867e-318
25090 2.39215e-318
25100 2.3559e-318
25110 2.31993e-318
25120 2.28424e-318
25130 2.24883e-318
25140 2.21369e-318
25150 2.17883e-318
25160 2.14424e-318
25170 2.10994e-318
25180 2.07591e-318
25190 2.04215e-318
25200 2.00867e-318
25210 1.97547e-318
25220 1.94255e-318
25230 1.9099e-318
25240 1.87753e-318
25250 1.84543e-318
25260 1.81362e-318
25270 1.78208e-318
25280 1.75081e-318
25290 1.71982e-318
25300 1.68911e-318
25310 1.65868e-318
25320 1.62852e-318
25330 1.59864e-318
25340 1.56903e-318
25350 1.53971e-318
25360 1.51066e-318
25370 1.48188e-318
25380 1.45338e-318
25390 1.42516e-318
25400 1.39722e-318
25410 1.36955e-318
25420 1.34216e-318
25430 1.31504e-318
25440 1.28821e-318
25450 1.26165e-318
25460 1.23536e-318
25470 1.20935e-318
25480 1.18362e-318
25490 1.15817e-318
25500 1.13299e-318
25510 1.10809e-318
25520 1.08347e-318
25530 1.05912e-318
25540 1.03505e-318
25550 1.01125e-318
25560 9.87736e-319
25570 9.64495e-319
25580 9.41531e-319
25590 9.18844e-319
25600 8.96433e-319
25610 8.74299e-319
25620 8.52441e-319
25630 8.3086e-319
25640 8.09556e-319
25650 7.88529e-319
25660 7.67778e-319
25670 7.47304e-319
25680 7.27107e-319
25690 7.07186e-319
25700 6.87542e-319
25710 6.68174e-319
25720 6.49084e-319
25730 6.3027e-319
25740 6.11732e-319
25750 5.93472e-319
25760 5.75488e-319
25770 5.5778e-319
25780 5.4035e-319
25790 5.23196e-319
25800 5.06318e-319
25810 4.89718e-319
25820 4.73394e-319
25830 4.57347e-319
25840 4.41576e-319
25850 4.26082e-319
25860 4.10865e-319
25870 3.95924e-319
25880 3.81261e-319
25890 3.66873e-319
25900 3.52763e-319
25910 3.38929e-319
25920 3.25372e-319
25930 3.12091e-319
25940 2.99088e-319
25950 2.8636e-319
25960 2.7391e-319
25970 2.61736e-319
25980 2.49839e-319
25990 2.38219e-319
26000 2.26875e-319
26010 2.15808e-319
26020 2.05017e-319
26030 1.94504e-319
26040 1.84267e-319
26050 1.74306e-319
26060 1.64623e-319
26070 1.55216e-319
26080 1.46085e-319
26090 1.37232e-319
26100 1.28655e-319
26110 1.20354e-319
26120 1.12331e-319
26130 1.04584e-319
26140 9.71135e-320
26150 8.99199e-320
26160 8.3003e-320
26170 7.63628e-320
26180 6.99992e-320
26190 6.39123e-320
26200 5.81021e-320
26210 5.25686e-320
26220 4.73117e-320
26230 4.23315e-320
26240 3.7628e-320
26250 3.32012e-320
26260 2.90511e-320
26270 2.51776e-320
26280 2.15808e-320
26290 1.82607e-320
26300 1.52172e-320
26310 1.24505e-320
26320 9.96036e-321
26330 7.74695e-321
26340 5.81021e-321
26350 4.15015e-321
26360 2.76677e-321
26370 1.66006e-321
26380 8.3003e-322
26390 2.76677e-322
26400 0
26410 0
26420 0
26430 0
26440 0
26450 0
26460 0
26470 0
26480 0
26490 0
26500 0
26510 0
26520 0
26530 0
26540 0
26550 0
26560 0
26570 0
26580 0
26590 0
26600 0
26610 0
26620 0
26630 0
26640 0
26650 0
26660 0
26670 0
26680 0
26690 0
26700 0
26710 0
26720 0
26730 0
26740 0
26750 0
26760 0
26770 0
26780 0
26790 0
26800 0
26810 0
26820 0
26830 0
26840 0
26850 0
26860 0
26870 0
26880 0
26890 0
26900 0
26910 0
26920 0
26930 0
26940 0
26950 0
26960 0
26970 0
26980 0
26990 0
27000 0
27010 0
27020 0
27030 0
27040 0
27050 0
27060 0
27070 0
27080 0
27090 0
27100 0
27110 0
27120 0
27130 0
27140 0
27150 0
27160 0
27170 0
27180 0
27190 0
27200 0
27210 0
27220 0
27230 0
27240 0
27250 0
27260 0
27270 0
27280 0
27290 0
27300 0
27310 0
27320 0
27330 0
27340 0
27350 0
27360 0
27370 0
27380 0
27390 0
27400 0
27410 0
27420 0
27430 0
27440 0
27450 0
27460 0
27470 0
27480 0
27490 0
27500 0
27510 0
27520 0
27530 0
27540 0
27550 0
27560 0
27570 0
27580 0
27590 0
27600 0
27610 0
27620 0
27630 0
27640 0
27650 0
27660 0
27670 0
27680 0
27690 0
27700 0
27710 0
27720 0
27730 0
27740 0
27750 0
27760 0
27770 0
27780 0
27790 0
27800 0
27810 0
27820 0
27830 0
27840 0
27850 0
27860 0
27870 0
27880 0
27890 0
27900 0
27910 0
27920 0
27930 0
27940 0
27950 0
27960 0
27970 0
27980 0
27990 0
28000 0
28010 0
28020 0
28030 0
28040 0
28050 0
28060 0
28070 0
28080 0
28090 0
28100 0
28110 0
28120 0
28130 0
28140 0
28150 0
28160 0
28170 0
28180 0
28190 0
28200 0
28210 0
28220 0
28230 0
28240 0
28250 0
28260 0
28270 0
28280 0
28290 0
28300 0
28310 0
28320 0
28330 0
28340 0
28350 0
28360 0
28370 0
28380 0
28390 0
28400 0
28410 0
28420 0
28430 0
28440 0
28450 0
28460 0
28470 0
28480 0
28490 0
28500 0
28510 0
28520 0
28530 0
28540 0
28550 0
28560 0
28570 0
28580 0
28590 0
28600 0
28610 0
28620 0
28630 0
28640 0
28650 0
28660 0
28670 0
28680 0
28690 0
28700 0
28710 0
28720 0
28730 0
28740 0
28750 0
28760 0
28770 0
28780 0
28790 0
28800 0
28810 0
28820 0
28830 0
28840 0
28850 0
28860 0
28870 0
28880 0
28890 0
28900 0
28910 0
28920 0
28930 0
28940 0
28950 0
28960 0
28970 0
28980 0
28990 0
29000 0
29010 0
29020 0
29030 0
29040 0
29050 0
29060 0
29070 0
29080 0
29090 0
29100 0
29110 0
29120 0
29130 0
29140 0
29150 0
29160 0
29170 0
29180 0
29190 0
29200 0
29210 0
29220 0
29230 0
29240 0
29250 0
29260 0
29270 0
29280 0
29290 0
29300 0
29310 0
29320 0
29330 0
29340 0
29350 0
29360 0
29370 0
29380 0
29390 0
29400 0
29410 0
29420 0
29430 0
29440 0
29450 0
29460 0
29470 0
29480 0
29490 0
29500 0
29510 0
29520 0
29530 0
29540 0
29550 0
29560 0
29570 0
29580 0
29590 0
29600 0
29610 0
29620 0
29630 0
29640 0
29650 0
29660 0
29670 0
29680 0
29690 0
29700 0
29710 0
29720 0
29730 0
29740 0
29750 0
29760 0
29770 0
29780 0
29790 0
29800 0
29810 0
29820 0
29830 0
29840 0
29850 0
29860 0
29870 0
29880 0
29890 0
29900 0
29910 0
29920 0
29930 0
29940 0
29950 0
29960 0
29970 0
29980 0
