-10 0
0 3.65047e-16
10 -3.77307e-15
20 4.92932e-16
30 4.946e-15
40 4.85219e-15
50 -2.51081e-15
60 -8.3576e-16
70 2.97788e-15
80 1.42891e-14
90 1.71212e-14
100 2.23757e-14
110 1.55142e-14
120 1.08351e-14
130 6.86608e-15
140 -1.5483e-15
150 -1.00013e-14
160 -5.89069e-15
170 -1.77629e-14
180 -8.14277e-15
190 -6.65273e-15
200 -1.00972e-14
210 -1.0273e-15
220 -6.295e-15
230 -1.37838e-14
240 -1.42066e-14
250 -1.36053e-14
260 5.9403e-16
270 5.26739e-15
280 -7.8067e-15
290 -1.01621e-14
300 -8.04184e-15
310 -8.41759e-15
320 -1.15268e-14
330 -4.87584e-15
340 -4.07737e-15
350 -5.08125e-15
360 -7.56125e-15
370 1.16639e-16
380 6.79119e-16
390 -4.5844e-15
400 -1.83657e-15
410 -3.4178e-15
420 -2.10438e-15
430 -1.13642e-14
440 -1.43288e-14
450 -1.88272e-14
460 -1.71677e-14
470 -1.4675e-14
480 -1.47512e-14
490 -1.06744e-14
500 -1.07184e-14
510 -9.87116e-15
520 -1.84089e-14
530 -5.702e-15
540 -7.57108e-15
550 -6.69821e-16
560 2.16565e-15
570 3.42635e-15
580 8.94341e-15
590 -3.83052e-15
600 -3.51571e-15
610 -8.34664e-15
620 -5.4342e-15
630 5.77529e-15
640 3.89818e-15
650 -3.94868e-15
660 5.65406e-15
670 9.04998e-15
680 7.6301e-15
690 -2.83932e-15
700 7.88302e-15
710 3.01898e-15
720 -1.13785e-15
730 5.38261e-16
740 -6.60252e-15
750 9.98905e-16
760 3.04259e-15
770 6.92468e-15
780 7.97562e-15
790 6.66211e-15
800 -5.89446e-16
810 -5.96793e-15
820 3.12412e-15
830 -3.95739e-15
840 -6.40964e-15
850 -1.34123e-14
860 -1.19338e-14
870 -9.64118e-15
880 -1.34155e-14
890 -1.01816e-14
900 -1.42737e-14
910 -1.0579e-14
920 -1.76217e-14
930 -2.03957e-14
940 -1.78485e-14
950 -1.34883e-14
960 -5.35566e-15
970 -4.28155e-15
980 -8.73042e-15
990 -1.28705e-14
1000 -1.03743e-14
1010 -1.78658e-14
1020 -1.07192e-14
1030 -9.50876e-15
1040 -1.13636e-14
1050 -1.58647e-14
1060 -1.86269e-14
1070 -2.52647e-14
1080 -2.52229e-14
1090 -2.6057e-14
1100 -3.10872e-14
1110 -2.36765e-14
1120 -3.07189e-14
1130 -2.68064e-14
1140 -2.77311e-14
1150 -3.22923e-14
1160 -2.48518e-14
1170 -2.64668e-14
1180 -2.23016e-14
1190 -2.14364e-14
1200 -2.03859e-14
1210 -2.23644e-14
1220 -2.32538e-14
1230 -2.18132e-14
1240 -2.84481e-14
1250 -2.55627e-14
1260 -3.70126e-14
1270 -4.12799e-14
1280 -3.51079e-14
1290 -3.55047e-14
1300 -4.22761e-14
1310 -3.87164e-14
1320 -3.78726e-14
1330 -4.22689e-14
1340 -3.51421e-14
1350 -4.47064e-14
1360 -4.10423e-14
1370 -4.34434e-14
1380 -3.26104e-14
1390 -3.19477e-14
1400 -3.55838e-14
1410 -1.95644e-14
1420 -1.86487e-14
1430 -1.41142e-14
1440 -1.77064e-14
1450 -1.14324e-14
1460 -8.38275e-15
1470 -9.58414e-15
1480 -1.32138e-14
1490 -6.37563e-15
1500 -8.94035e-15
1510 -1.19686e-14
1520 -1.22812e-14
1530 -1.73221e-14
1540 -1.72845e-14
1550 -1.95347e-14
1560 -2.35712e-14
1570 -1.74807e-14
1580 -8.62519e-15
1590 -9.32815e-15
1600 -9.74478e-15
1610 -1.54045e-14
1620 -7.37473e-15
1630 -7.66308e-15
1640 -5.40472e-15
1650 -9.44583e-15
1660 -9.71888e-15
1670 -1.10252e-14
1680 -9.50366e-15
1690 -1.05496e-14
1700 -7.54399e-15
1710 -1.41232e-14
1720 -1.72314e-14
1730 -1.47231e-14
1740 -9.06786e-15
1750 -2.29152e-15
1760 -4.33498e-15
1770 7.17292e-15
1780 1.35592e-15
1790 4.90455e-15
1800 4.7581e-15
1810 5.09485e-16
1820 -5.2914e-16
1830 6.05012e-15
1840 1.43396e-14
1850 1.6324e-14
1860 1.65231e-14
1870 1.41622e-14
1880 9.98384e-15
1890 1.51964e-14
1900 5.19994e-15
1910 -3.31818e-16
1920 -6.67185e-15
1930 1.75789e-16
1940 -4.43235e-16
1950 6.65845e-15
1960 4.47807e-15
1970 1.39831e-14
1980 -1.3207e-15
1990 4.32763e-15
2000 5.78142e-15
2010 2.23348e-15
2020 -2.93035e-16
2030 -2.92167e-15
2040 -4.92292e-15
2050 -2.43731e-15
2060 -3.07169e-15
2070 1.96215e-15
2080 -2.84026e-15
2090 -4.13298e-15
2100 -5.12479e-15
2110 4.21941e-15
2120 7.01451e-15
2130 1.67154e-15
2140 3.65833e-15
2150 4.44714e-15
2160 1.6705e-15
2170 5.2303e-16
2180 1.36433e-15
2190 -5.68666e-15
2200 -1.9833e-14
2210 -9.55407e-15
2220 -1.3117e-14
2230 -1.26711e-14
2240 -9.41936e-15
2250 -3.72156e-15
2260 -9.31239e-15
2270 -2.57472e-15
2280 -1.05479e-14
2290 -1.29361e-14
2300 -6.87669e-15
2310 -8.19383e-15
2320 1.13764e-15
2330 -7.52116e-15
2340 -7.53689e-15
2350 -1.43002e-14
2360 -5.06527e-15
2370 -4.12211e-15
2380 1.11299e-14
2390 7.46623e-15
2400 8.65353e-16
2410 -2.65846e-15
2420 -7.55392e-15
2430 -2.82227e-15
2440 -7.41875e-16
2450 -1.36277e-14
2460 -5.58084e-15
2470 -9.06378e-15
2480 -1.5607e-14
2490 -8.91559e-15
2500 -4.61856e-15
2510 1.66383e-15
2520 6.60338e-15
2530 1.13687e-15
2540 -9.95641e-15
2550 -3.91812e-15
2560 -5.2853e-15
2570 -1.0917e-15
2580 -3.79008e-15
2590 -2.5878e-15
2600 -5.27067e-15
2610 -1.31438e-14
2620 -6.52226e-15
2630 -1.48028e-14
2640 -1.23004e-14
2650 -1.36136e-14
2660 -5.63963e-15
2670 7.08791e-16
2680 -7.33399e-15
2690 -1.43541e-14
2700 -1.88369e-14
2710 -2.02475e-14
2720 -1.72664e-14
2730 -1.84316e-14
2740 -2.01523e-14
2750 -2.24932e-14
2760 -1.28248e-14
2770 -5.15235e-15
2780 -2.67732e-15
2790 -3.0453e-15
2800 -3.52836e-15
2810 9.27921e-16
2820 2.74922e-15
2830 1.25712e-15
2840 -2.90267e-15
2850 9.65831e-16
2860 -6.2212e-15
2870 -2.07859e-14
2880 -1.37031e-14
2890 -1.28179e-14
2900 -4.47081e-15
2910 -6.95565e-15
2920 -8.4629e-15
2930 -7.59267e-15
2940 -6.14431e-15
2950 -4.88111e-15
2960 -1.09428e-14
2970 -7.38689e-15
2980 4.14505e-15
2990 7.35249e-15
3000 1.68537e-14
3010 1.87614e-14
3020 1.75952e-14
3030 1.2062e-14
3040 1.94655e-14
3050 1.71421e-14
3060 1.5233e-14
3070 1.45143e-14
3080 2.30225e-14
3090 3.11661e-14
3100 3.51598e-14
3110 2.50368e-14
3120 3.12228e-14
3130 2.16837e-14
3140 2.73848e-14
3150 2.81452e-14
3160 2.4535e-14
3170 2.4413e-14
3180 2.46926e-14
3190 1.20443e-14
3200 1.34393e-14
3210 -1.22599e-14
3220 -3.34775e-14
3230 -5.85214e-14
3240 -1.03095e-13
3250 -1.71728e-13
3260 -2.7985e-13
3270 -4.32855e-13
3280 -6.75573e-13
3290 -1.05253e-12
3300 -1.61606e-12
3310 -2.44156e-12
3320 -3.72418e-12
3330 -5.63495e-12
3340 -8.48709e-12
3350 -1.27282e-11
3360 -1.90329e-11
3370 -2.83883e-11
3380 -4.21945e-11
3390 -6.25446e-11
3400 -9.24442e-11
3410 -1.36234e-10
3420 -2.00199e-10
3430 -2.93365e-10
3440 -4.28688e-10
3450 -6.24676e-10
3460 -9.07658e-10
3470 -1.31511e-09
3480 -1.90005e-09
3490 -2.73733e-09
3500 -3.93227e-09
3510 -5.6326e-09
3520 -8.04492e-09
3530 -1.14571e-08
3540 -1.62692e-08
3550 -2.30351e-08
3560 -3.25194e-08
3570 -4.57739e-08
3580 -6.4241e-08
3590 -8.9892e-08
3600 -1.25412e-07
3610 -1.74446e-07
3620 -2.41925e-07
3630 -3.345e-07
3640 -4.61107e-07
3650 -6.3371e-07
3660 -8.68278e-07
3670 -1.18604e-06
3680 -1.61514e-06
3690 -2.19273e-06
3700 -2.96768e-06
3710 -4.00406e-06
3720 -5.38558e-06
3730 -7.22112e-06
3740 -9.65189e-06
3750 -1.28603e-05
3760 -1.7081e-05
3770 -2.26148e-05
3780 -2.9846e-05
3790 -3.92632e-05
3800 -5.14855e-05
3810 -6.72945e-05
3820 -8.76721e-05
3830 -0.000113848
3840 -0.000147355
3850 -0.000190096
3860 -0.000244424
3870 -0.000313234
3880 -0.000400078
3890 -0.000509287
3900 -0.000646124
3910 -0.000816954
3920 -0.00102944
3930 -0.00129276
3940 -0.00161787
3950 -0.00201775
3960 -0.00250775
3970 -0.00310588
3980 -0.00383321
3990 -0.00471423
4000 -0.00577723
4010 -0.00705476
4020 -0.008584
4030 -0.0104072
4040 -0.0125721
4050 -0.0151322
4060 -0.0181471
4070 -0.0216828
4080 -0.0258118
4090 -0.030613
4100 -0.0361717
4110 -0.0425793
4120 -0.0499328
4130 -0.0583339
4140 -0.0678881
4150 -0.0787035
4160 -0.0908892
4170 -0.104553
4180 -0.119801
4190 -0.136732
4200 -0.155438
4210 -0.175998
4220 -0.198477
4230 -0.222924
4240 -0.249364
4250 -0.277799
4260 -0.3082
4270 -0.34051
4280 -0.374635
4290 -0.410447
4300 -0.447778
4310 -0.486419
4320 -0.526125
4330 -0.566608
4340 -0.607545
4350 -0.648576
4360 -0.689314
4370 -0.729342
4380 -0.768223
4390 -0.805509
4400 -0.840746
4410 -0.873481
4420 -0.903275
4430 -0.929709
4440 -0.952396
4450 -0.970987
4460 -0.985181
4470 -0.994733
4480 -0.99946
4490 -0.999248
4500 -0.994054
4510 -0.983907
4520 -0.968912
4530 -0.949245
4540 -0.925154
4550 -0.896949
4560 -0.865
4570 -0.829724
4580 -0.791581
4590 -0.75106
4600 -0.708671
4610 -0.664933
4620 -0.620362
4630 -0.575462
4640 -0.530716
4650 -0.486574
4660 -0.44345
4670 -0.401712
4680 -0.36168
4690 -0.323621
4700 -0.287749
4710 -0.254222
4720 -0.22315
4730 -0.19459
4740 -0.168555
4750 -0.145013
4760 -0.123901
4770 -0.105121
4780 -0.0885513
4790 -0.0740525
4800 -0.0614699
4810 -0.0506408
4820 -0.0413988
4830 -0.033578
4840 -0.0270165
4850 -0.0215591
4860 -0.0170601
4870 -0.0133845
4880 -0.0104089
4890 -0.0080228
4900 -0.0061281
4910 -0.00463917
4920 -0.00348235
4930 -0.00259525
4940 -0.00192602
4950 -0.00143256
4960 -0.00108164
4970 -0.000848284
4980 -0.000715095
4990 -0.000671826
5000 -0.000715095
5010 -0.000848284
5020 -0.00108164
5030 -0.00143256
5040 -0.00192602
5050 -0.00259525
5060 -0.00348235
5070 -0.00463917
5080 -0.0061281
5090 -0.0080228
5100 -0.0104089
5110 -0.0133845
5120 -0.0170601
5130 -0.0215591
5140 -0.0270165
5150 -0.033578
5160 -0.0413988
5170 -0.0506408
5180 -0.0614699
5190 -0.0740525
5200 -0.0885513
5210 -0.105121
5220 -0.123901
5230 -0.145013
5240 -0.168555
5250 -0.19459
5260 -0.22315
5270 -0.254222
5280 -0.287749
5290 -0.323621
5300 -0.36168
5310 -0.401712
5320 -0.44345
5330 -0.486574
5340 -0.530716
5350 -0.575462
5360 -0.620362
5370 -0.664933
5380 -0.708671
5390 -0.75106
5400 -0.791581
5410 -0.829724
5420 -0.865
5430 -0.896949
5440 -0.925154
5450 -0.949245
5460 -0.968912
5470 -0.983907
5480 -0.994054
5490 -0.999248
5500 -0.99946
5510 -0.994733
5520 -0.985181
5530 -0.970987
5540 -0.952396
5550 -0.929709
5560 -0.903275
5570 -0.873481
5580 -0.840746
5590 -0.805509
5600 -0.768223
5610 -0.729342
5620 -0.689314
5630 -0.648576
5640 -0.607545
5650 -0.566608
5660 -0.526125
5670 -0.486419
5680 -0.447778
5690 -0.410447
5700 -0.374635
5710 -0.34051
5720 -0.3082
5730 -0.277799
5740 -0.249364
5750 -0.222924
5760 -0.198477
5770 -0.175998
5780 -0.155438
5790 -0.136732
5800 -0.119801
5810 -0.104553
5820 -0.0908892
5830 -0.0787035
5840 -0.0678881
5850 -0.0583339
5860 -0.0499328
5870 -0.0425793
5880 -0.0361717
5890 -0.030613
5900 -0.0258118
5910 -0.0216828
5920 -0.0181471
5930 -0.0151322
5940 -0.0125721
5950 -0.0104072
5960 -0.008584
5970 -0.00705476
5980 -0.00577723
5990 -0.00471423
6000 -0.00383321
6010 -0.00310588
6020 -0.00250775
6030 -0.00201775
6040 -0.00161787
6050 -0.00129276
6060 -0.00102944
6070 -0.000816954
6080 -0.000646124
6090 -0.000509287
6100 -0.000400078
6110 -0.000313234
6120 -0.000244424
6130 -0.000190096
6140 -0.000147355
6150 -0.000113848
6160 -8.76721e-05
6170 -6.72945e-05
6180 -5.14855e-05
6190 -3.92632e-05
6200 -2.9846e-05
6210 -2.26148e-05
6220 -1.7081e-05
6230 -1.28603e-05
6240 -9.65189e-06
6250 -7.22112e-06
6260 -5.38558e-06
6270 -4.00406e-06
6280 -2.96768e-06
6290 -2.19273e-06
6300 -1.61514e-06
6310 -1.18604e-06
6320 -8.68278e-07
6330 -6.3371e-07
6340 -4.61107e-07
6350 -3.345e-07
6360 -2.41925e-07
6370 -1.74446e-07
6380 -1.25412e-07
6390 -8.9892e-08
6400 -6.42411e-08
6410 -4.5774e-08
6420 -3.25195e-08
6430 -2.30352e-08
6440 -1.62693e-08
6450 -1.14572e-08
6460 -8.04496e-09
6470 -5.63263e-09
6480 -3.93229e-09
6490 -2.73736e-09
6500 -1.90007e-09
6510 -1.31512e-09
6520 -9.07663e-10
6530 -6.24673e-10
6540 -4.28685e-10
6550 -2.93366e-10
6560 -2.00189e-10
6570 -1.36222e-10
6580 -9.24299e-11
6590 -6.25468e-11
6600 -4.22085e-11
6610 -2.83939e-11
6620 -1.90429e-11
6630 -1.27165e-11
6640 -8.48192e-12
6650 -5.63161e-12
6660 -3.7165e-12
6670 -2.43328e-12
6680 -1.58668e-12
6690 -1.02804e-12
6700 -6.53949e-13
6710 -3.9981e-13
6720 -2.31728e-13
6730 -1.31024e-13
6740 -6.0125e-14
6750 -1.87456e-14
6760 2.0819e-14
6770 3.0834e-14
6780 5.21225e-14
6790 5.50848e-14
6800 6.2376e-14
6810 6.60111e-14
6820 6.69391e-14
6830 7.826e-14
6840 7.9844e-14
6850 7.19138e-14
6860 7.64369e-14
6870 7.45206e-14
6880 7.56718e-14
6890 7.83157e-14
6900 8.64815e-14
6910 8.78517e-14
6920 8.62938e-14
6930 9.4407e-14
6940 8.06632e-14
6950 8.95762e-14
6960 8.81874e-14
6970 8.29653e-14
6980 8.82888e-14
6990 8.82214e-14
7000 9.13856e-14
7010 7.95985e-14
7020 8.91544e-14
7030 8.03742e-14
7040 8.67571e-14
7050 7.66265e-14
7060 7.37727e-14
7070 7.05165e-14
7080 7.25585e-14
7090 7.20366e-14
7100 8.78979e-14
7110 8.54667e-14
7120 7.88537e-14
7130 8.66699e-14
7140 8.10908e-14
7150 8.16805e-14
7160 8.40163e-14
7170 7.17586e-14
7180 8.09476e-14
7190 7.76543e-14
7200 7.99269e-14
7210 9.00474e-14
7220 8.90997e-14
7230 8.49075e-14
7240 7.8159e-14
7250 7.79784e-14
7260 7.66011e-14
7270 7.57167e-14
7280 6.80415e-14
7290 5.84828e-14
7300 6.06713e-14
7310 6.98696e-14
7320 7.81588e-14
7330 7.84542e-14
7340 8.75642e-14
7350 8.86851e-14
7360 9.53391e-14
7370 9.09438e-14
7380 9.06029e-14
7390 8.85444e-14
7400 8.24824e-14
7410 8.18e-14
7420 8.36526e-14
7430 8.62168e-14
7440 8.69734e-14
7450 8.58923e-14
7460 7.39982e-14
7470 8.22461e-14
7480 8.27119e-14
7490 7.56503e-14
7500 8.05438e-14
7510 8.42252e-14
7520 8.9347e-14
7530 9.48175e-14
7540 1.03445e-13
7550 9.55962e-14
7560 8.74112e-14
7570 8.50414e-14
7580 8.00741e-14
7590 8.26547e-14
7600 7.95175e-14
7610 7.91017e-14
7620 7.67154e-14
7630 8.36885e-14
7640 8.36365e-14
7650 7.85573e-14
7660 8.17824e-14
7670 7.8006e-14
7680 7.48714e-14
7690 8.07995e-14
7700 8.59364e-14
7710 8.15626e-14
7720 9.24408e-14
7730 9.02386e-14
7740 9.51381e-14
7750 9.41974e-14
7760 9.5258e-14
7770 8.03887e-14
7780 8.64993e-14
7790 8.54522e-14
7800 8.12826e-14
7810 8.62215e-14
7820 8.80255e-14
7830 8.04967e-14
7840 8.57366e-14
7850 8.78802e-14
7860 8.97434e-14
7870 8.90094e-14
7880 8.60934e-14
7890 8.03031e-14
7900 8.21766e-14
7910 8.05167e-14
7920 7.60174e-14
7930 7.4418e-14
7940 7.34922e-14
7950 8.07598e-14
7960 7.6391e-14
7970 7.20153e-14
7980 8.33866e-14
7990 8.0839e-14
8000 8.35798e-14
8010 8.79318e-14
8020 7.61192e-14
8030 7.86807e-14
8040 6.91772e-14
8050 6.25226e-14
8060 5.60104e-14
8070 5.88406e-14
8080 6.2763e-14
8090 6.15137e-14
8100 5.67585e-14
8110 5.05798e-14
8120 4.75051e-14
8130 5.53413e-14
8140 5.31476e-14
8150 5.84961e-14
8160 5.34737e-14
8170 5.21091e-14
8180 5.50256e-14
8190 5.32202e-14
8200 5.25276e-14
8210 4.85917e-14
8220 4.20529e-14
8230 4.56052e-14
8240 3.74879e-14
8250 3.61374e-14
8260 4.08991e-14
8270 4.49236e-14
8280 3.72638e-14
8290 4.10953e-14
8300 3.45039e-14
8310 3.55594e-14
8320 3.29695e-14
8330 3.19312e-14
8340 2.70388e-14
8350 1.76554e-14
8360 1.86114e-14
8370 1.90128e-14
8380 1.54339e-14
8390 9.00421e-15
8400 9.45207e-15
8410 8.16031e-16
8420 3.64025e-15
8430 1.02184e-14
8440 -2.12385e-15
8450 -3.27065e-15
8460 -5.86641e-15
8470 -5.78311e-15
8480 -1.81785e-14
8490 -1.90209e-14
8500 -1.43378e-14
8510 -2.21314e-14
8520 -8.68022e-15
8530 -1.1255e-14
8540 -9.63551e-15
8550 -9.45708e-15
8560 -1.52581e-14
8570 -2.71949e-14
8580 -2.69384e-14
8590 -1.9989e-14
8600 -1.55425e-14
8610 -7.80899e-15
8620 -6.20324e-15
8630 -1.20085e-14
8640 -1.21374e-14
8650 -5.59634e-15
8660 -3.78833e-15
8670 -4.75185e-15
8680 -1.26568e-14
8690 -1.88653e-14
8700 -1.62297e-14
8710 -1.41122e-14
8720 -2.01116e-14
8730 -1.37758e-14
8740 -2.02638e-14
8750 -2.55074e-14
8760 -6.80966e-15
8770 -1.91705e-14
8780 -1.78778e-14
8790 -9.83942e-15
8800 -2.31486e-14
8810 -2.01249e-14
8820 -2.36619e-14
8830 -2.81382e-14
8840 -3.31484e-14
8850 -2.16347e-14
8860 -3.49371e-14
8870 -3.00406e-14
8880 -2.45358e-14
8890 -2.14853e-14
8900 -1.31134e-14
8910 -8.02718e-15
8920 -1.41973e-14
8930 -5.3725e-15
8940 3.21717e-15
8950 -4.76363e-15
8960 9.74795e-16
8970 -7.0425e-15
8980 -3.60131e-15
8990 -2.20373e-15
9000 5.3944e-15
9010 8.97663e-15
9020 1.17755e-14
9030 9.65895e-15
9040 6.51549e-15
9050 7.4512e-15
9060 6.72638e-15
9070 4.48053e-15
9080 1.21877e-14
9090 1.3226e-14
9100 9.91824e-15
9110 9.40788e-15
9120 -1.89406e-15
9130 1.06706e-14
9140 8.45745e-16
9150 1.64764e-15
9160 1.11342e-14
9170 7.47875e-15
9180 1.27955e-15
9190 1.00225e-15
9200 8.53057e-15
9210 7.76859e-15
9220 1.92462e-14
9230 2.62017e-14
9240 1.14846e-14
9250 2.0369e-14
9260 2.97044e-14
9270 2.20856e-14
9280 2.31193e-14
9290 3.13247e-14
9300 2.59202e-14
9310 2.57934e-14
9320 2.76936e-14
9330 3.04483e-14
9340 2.50377e-14
9350 2.12352e-14
9360 2.69435e-14
9370 2.38117e-14
9380 3.54304e-14
9390 3.05474e-14
9400 2.98008e-14
9410 1.95695e-14
9420 2.05113e-14
9430 1.63498e-14
9440 2.60143e-14
9450 2.6854e-14
9460 3.95926e-14
9470 3.5459e-14
9480 3.71874e-14
9490 4.17561e-14
9500 4.14305e-14
9510 5.30131e-14
9520 5.12251e-14
9530 6.13957e-14
9540 5.82402e-14
9550 5.39679e-14
9560 4.57539e-14
9570 4.3522e-14
9580 3.92351e-14
9590 3.66763e-14
9600 4.65422e-14
9610 3.90416e-14
9620 3.57208e-14
9630 4.11285e-14
9640 3.33919e-14
9650 4.07688e-14
9660 5.04283e-14
9670 5.62819e-14
9680 4.82683e-14
9690 4.7204e-14
9700 4.31744e-14
9710 3.77489e-14
9720 3.537e-14
9730 2.13159e-14
9740 2.20025e-14
9750 1.43495e-14
9760 1.6819e-14
9770 2.19311e-14
9780 2.32527e-14
9790 2.4445e-14
9800 2.35056e-14
9810 2.49994e-14
9820 1.97238e-14
9830 2.82877e-14
9840 3.3877e-14
9850 2.49949e-14
9860 3.14528e-14
9870 1.85176e-14
9880 1.8634e-14
9890 2.36439e-14
9900 2.9665e-14
9910 2.68114e-14
9920 2.03777e-14
9930 3.0366e-14
9940 3.44613e-14
9950 2.69424e-14
9960 2.68894e-14
9970 3.58974e-14
9980 4.08914e-14
9990 3.79057e-14
10000 3.32352e-14
10010 3.12558e-14
10020 2.94206e-14
10030 3.4054e-14
10040 2.92708e-14
10050 2.67449e-14
10060 2.33014e-14
10070 2.05046e-14
10080 1.59711e-14
10090 1.28849e-14
10100 1.60996e-14
10110 1.35619e-14
10120 9.8468e-15
10130 1.01822e-14
10140 1.44106e-14
10150 8.98566e-15
10160 1.3734e-14
10170 1.16322e-14
10180 1.05912e-14
10190 9.00586e-15
10200 1.10607e-14
10210 4.28989e-15
10220 -3.64425e-15
10230 -1.23754e-16
10240 3.16462e-15
10250 -4.64596e-15
10260 -6.8264e-15
10270 -8.6588e-15
10280 -1.71257e-14
10290 -1.13298e-14
10300 -7.45283e-15
10310 -8.89413e-15
10320 -8.74679e-15
10330 -7.7092e-15
10340 -6.00218e-15
10350 -1.13473e-14
10360 -7.98827e-15
10370 -5.86716e-15
10380 -1.22397e-14
10390 4.94804e-16
10400 -2.97246e-15
10410 -2.40842e-16
10420 -5.78281e-15
10430 4.18658e-15
10440 7.52067e-15
10450 6.50474e-15
10460 1.41899e-15
10470 5.57835e-15
10480 -6.02408e-15
10490 -8.09853e-15
10500 -1.55891e-14
10510 -1.54295e-14
10520 -1.54645e-14
10530 -2.10296e-14
10540 -2.09588e-14
10550 -2.66291e-14
10560 -2.4558e-14
10570 -2.42267e-14
10580 -2.697e-14
10590 -2.8286e-14
10600 -2.95504e-14
10610 -3.07835e-14
10620 -3.09356e-14
10630 -2.10754e-14
10640 -1.96464e-14
10650 -2.8971e-14
10660 -1.23464e-14
10670 -1.92413e-14
10680 -1.43296e-14
10690 -1.04051e-14
10700 -1.51116e-14
10710 -1.7492e-14
10720 -1.88597e-14
10730 -2.27399e-14
10740 -1.93361e-14
10750 -1.66755e-14
10760 -1.01467e-14
10770 -1.94923e-14
10780 -1.75084e-14
10790 -1.92465e-14
10800 -1.28703e-14
10810 -1.79211e-14
10820 -2.41718e-14
10830 -2.46668e-14
10840 -2.21512e-14
10850 -1.70238e-14
10860 -8.29576e-15
10870 -6.61244e-15
10880 -5.48749e-16
10890 9.49293e-15
10900 6.57972e-15
10910 1.2904e-14
10920 1.5715e-14
10930 1.80329e-14
10940 2.16032e-14
10950 1.48107e-14
10960 1.43761e-14
10970 6.5396e-15
10980 9.6329e-15
10990 1.38079e-14
11000 9.56067e-15
11010 1.7368e-14
11020 1.13425e-14
11030 1.42403e-14
11040 1.16069e-16
11050 6.62061e-15
11060 1.69972e-15
11070 9.92804e-17
11080 -1.22024e-14
11090 -2.35806e-14
11100 -1.37125e-14
11110 -1.20378e-14
11120 -6.54292e-15
11130 -7.14822e-15
11140 -8.6198e-15
11150 -4.83833e-15
11160 5.7375e-16
11170 -5.27799e-16
11180 -6.00064e-15
11190 -2.05319e-15
11200 -5.4535e-15
11210 -6.97428e-15
11220 -6.08583e-15
11230 -1.76031e-14
11240 -1.51315e-14
11250 -1.91784e-14
11260 -1.7486e-14
11270 -1.82665e-14
11280 -2.29656e-14
11290 -2.64912e-14
11300 -2.84168e-14
11310 -3.60348e-14
11320 -2.65891e-14
11330 -2.82585e-14
11340 -2.24102e-14
11350 -3.15114e-14
11360 -1.96954e-14
11370 -1.76546e-14
11380 -1.32543e-14
11390 -7.87586e-15
11400 -1.99917e-14
11410 -2.70359e-14
11420 -3.39765e-14
11430 -3.56282e-14
11440 -3.28288e-14
11450 -2.47248e-14
11460 -1.83487e-14
11470 -1.86565e-14
11480 -1.10756e-14
11490 -1.75946e-14
11500 -8.17959e-15
11510 1.20088e-15
11520 3.50495e-15
11530 -2.19697e-14
11540 -1.57879e-14
11550 -2.33973e-14
11560 -1.24852e-14
11570 -2.14008e-14
11580 -1.67006e-14
11590 -2.43682e-14
11600 -2.38992e-14
11610 -2.05808e-14
11620 -2.19391e-14
11630 -3.17409e-14
11640 -2.95093e-14
11650 -3.10643e-14
11660 -3.57045e-14
11670 -4.29885e-14
11680 -4.16103e-14
11690 -4.32763e-14
11700 -4.11862e-14
11710 -4.38601e-14
11720 -4.75189e-14
11730 -4.92223e-14
11740 -4.94617e-14
11750 -4.04888e-14
11760 -4.36389e-14
11770 -4.30433e-14
11780 -4.9329e-14
11790 -4.23399e-14
11800 -3.53142e-14
11810 -3.13147e-14
11820 -3.84412e-14
11830 -2.95024e-14
11840 -3.48554e-14
11850 -2.84919e-14
11860 -2.69202e-14
11870 -3.42631e-14
11880 -3.33469e-14
11890 -4.36572e-14
11900 -3.58983e-14
11910 -3.74571e-14
11920 -4.11449e-14
11930 -3.81462e-14
11940 -4.21974e-14
11950 -4.24678e-14
11960 -4.42571e-14
11970 -5.51884e-14
11980 -5.53453e-14
11990 -5.83442e-14
12000 -5.99878e-14
12010 -6.55733e-14
12020 -6.86148e-14
12030 -6.63077e-14
12040 -6.37999e-14
12050 -6.00508e-14
12060 -5.61891e-14
12070 -6.61111e-14
12080 -6.17363e-14
12090 -5.88688e-14
12100 -6.21073e-14
12110 -6.61872e-14
12120 -7.48498e-14
12130 -7.4982e-14
12140 -7.50041e-14
12150 -7.6239e-14
12160 -7.14431e-14
12170 -7.70346e-14
12180 -7.74113e-14
12190 -7.76787e-14
12200 -7.23719e-14
12210 -7.85159e-14
12220 -8.32623e-14
12230 -8.64169e-14
12240 -7.34075e-14
12250 -7.77772e-14
12260 -7.12861e-14
12270 -6.95017e-14
12280 -6.28704e-14
12290 -6.73479e-14
12300 -4.95379e-14
12310 -6.11541e-14
12320 -5.80752e-14
12330 -5.44717e-14
12340 -6.23456e-14
12350 -6.08319e-14
12360 -5.39573e-14
12370 -4.25725e-14
12380 -5.40931e-14
12390 -6.09878e-14
12400 -6.53483e-14
12410 -6.46446e-14
12420 -6.58148e-14
12430 -6.58772e-14
12440 -6.62193e-14
12450 -5.91925e-14
12460 -6.11917e-14
12470 -5.8318e-14
12480 -5.19308e-14
12490 -5.33255e-14
12500 -5.20539e-14
12510 -5.86416e-14
12520 -4.52451e-14
12530 -4.12831e-14
12540 -3.34817e-14
12550 -3.54584e-14
12560 -3.35683e-14
12570 -3.22982e-14
12580 -2.98439e-14
12590 -3.93846e-14
12600 -3.66464e-14
12610 -3.66603e-14
12620 -3.4166e-14
12630 -4.51014e-14
12640 -3.67181e-14
12650 -5.13361e-14
12660 -5.25273e-14
12670 -5.22122e-14
12680 -4.37933e-14
12690 -4.3614e-14
12700 -4.95213e-14
12710 -5.86272e-14
12720 -6.37421e-14
12730 -6.42636e-14
12740 -7.06634e-14
12750 -6.46342e-14
12760 -7.09142e-14
12770 -7.15671e-14
12780 -7.06306e-14
12790 -6.99178e-14
12800 -7.19252e-14
12810 -7.517e-14
12820 -7.53838e-14
12830 -7.38592e-14
12840 -6.78174e-14
12850 -6.76359e-14
12860 -6.58884e-14
12870 -6.81001e-14
12880 -7.082e-14
12890 -7.2643e-14
12900 -8.11927e-14
12910 -8.57269e-14
12920 -7.69022e-14
12930 -7.97187e-14
12940 -7.7463e-14
12950 -8.26755e-14
12960 -8.84314e-14
12970 -9.3703e-14
12980 -8.55357e-14
12990 -8.01412e-14
13000 -7.03102e-14
13010 -6.73079e-14
13020 -6.7405e-14
13030 -7.0797e-14
13040 -7.47543e-14
13050 -6.60085e-14
13060 -7.04405e-14
13070 -6.67449e-14
13080 -6.96017e-14
13090 -7.016e-14
13100 -6.56144e-14
13110 -7.08465e-14
13120 -5.7694e-14
13130 -6.04635e-14
13140 -5.55696e-14
13150 -6.37652e-14
13160 -6.40044e-14
13170 -5.95854e-14
13180 -5.89281e-14
13190 -5.32681e-14
13200 -6.07646e-14
13210 -5.70454e-14
13220 -5.49341e-14
13230 -5.34135e-14
13240 -6.49606e-14
13250 -6.97258e-14
13260 -7.03969e-14
13270 -6.21733e-14
13280 -6.18733e-14
13290 -6.60225e-14
13300 -6.65385e-14
13310 -7.34914e-14
13320 -6.74484e-14
13330 -6.40788e-14
13340 -5.56207e-14
13350 -5.74207e-14
13360 -5.99729e-14
13370 -5.29722e-14
13380 -5.81292e-14
13390 -5.82689e-14
13400 -5.82971e-14
13410 -6.24686e-14
13420 -6.12894e-14
13430 -5.66786e-14
13440 -5.83774e-14
13450 -6.79024e-14
13460 -6.4302e-14
13470 -5.31291e-14
13480 -4.44144e-14
13490 -3.66131e-14
13500 -4.09481e-14
13510 -4.12727e-14
13520 -3.84248e-14
13530 -3.19423e-14
13540 -2.60797e-14
13550 -3.55195e-14
13560 -3.06004e-14
13570 -2.36036e-14
13580 -1.60038e-14
13590 -1.7431e-14
13600 -2.72964e-14
13610 -3.61459e-14
13620 -2.61545e-14
13630 -1.48453e-14
13640 -1.31073e-14
13650 -1.98177e-14
13660 -1.52002e-14
13670 -1.69706e-14
13680 -1.74545e-14
13690 -1.83508e-14
13700 -1.92959e-14
13710 -2.0358e-14
13720 -2.6751e-14
13730 -1.42902e-14
13740 -1.72258e-14
13750 -1.28151e-14
13760 -3.31483e-15
13770 -6.23045e-15
13780 -2.78895e-15
13790 -4.66995e-15
13800 -2.33819e-15
13810 1.08268e-15
13820 2.73699e-15
13830 -6.36074e-15
13840 -1.03414e-14
13850 -8.09451e-15
13860 -1.56949e-14
13870 -2.05057e-14
13880 -2.13185e-14
13890 -1.67528e-14
13900 -1.70457e-14
13910 -1.1552e-14
13920 -1.21776e-14
13930 -1.13673e-14
13940 -4.74169e-15
13950 -5.73663e-15
13960 3.90071e-16
13970 -1.95901e-15
13980 -1.07656e-14
13990 -8.49916e-15
14000 -1.19208e-14
14010 -1.23562e-14
14020 -9.06552e-15
14030 -1.26826e-14
14040 -8.07149e-15
14050 -9.423e-15
14060 -1.12751e-15
14070 -1.42257e-14
14080 -1.06956e-14
14090 -4.97666e-15
14100 -4.25224e-15
14110 7.89105e-16
14120 -4.24873e-15
14130 -4.88288e-15
14140 2.94441e-15
14150 1.22293e-14
14160 3.92127e-15
14170 9.40519e-15
14180 4.98543e-15
14190 7.00673e-15
14200 6.41122e-15
14210 1.3778e-14
14220 5.39745e-15
14230 8.70394e-15
14240 9.82638e-15
14250 8.8365e-15
14260 1.33958e-14
14270 3.17378e-15
14280 -2.21078e-15
14290 -1.01466e-15
14300 -1.22285e-15
14310 6.86423e-15
14320 -3.5053e-16
14330 -4.63579e-16
14340 -6.8779e-15
14350 2.54979e-15
14360 -7.42689e-16
14370 -2.63817e-15
14380 2.50823e-16
14390 -4.78867e-15
14400 -7.03186e-15
14410 -6.59571e-15
14420 3.06594e-15
14430 1.24553e-15
14440 -9.11859e-16
14450 3.55773e-15
14460 3.57107e-15
14470 5.05662e-15
14480 2.15741e-14
14490 4.39925e-15
14500 1.02853e-14
14510 7.74258e-15
14520 1.26734e-14
14530 7.77993e-15
14540 7.7024e-16
14550 7.0208e-15
14560 2.84059e-15
14570 3.64158e-15
14580 1.21038e-14
14590 1.32851e-14
14600 2.62581e-15
14610 7.44432e-15
14620 1.12924e-14
14630 4.77034e-15
14640 7.97212e-15
14650 -1.92192e-15
14660 2.43958e-15
14670 3.60118e-15
14680 5.70583e-15
14690 5.29259e-15
14700 9.16267e-15
14710 -3.33217e-15
14720 5.55319e-15
14730 2.84958e-15
14740 -1.14074e-15
14750 6.2697e-15
14760 -6.38633e-15
14770 -5.90019e-16
14780 -3.07001e-15
14790 4.20734e-15
14800 -2.3558e-15
14810 -4.71274e-15
14820 -7.1916e-15
14830 -8.49635e-15
14840 3.15595e-15
14850 1.05523e-14
14860 1.44496e-14
14870 2.43165e-15
14880 7.59784e-15
14890 5.37967e-15
14900 4.75619e-15
14910 8.93516e-15
14920 8.54386e-15
14930 2.83166e-14
14940 2.09262e-14
14950 1.63854e-14
14960 1.3753e-14
14970 1.78541e-14
14980 2.15674e-14
14990 1.76841e-14
15000 1.23407e-14
15010 1.23492e-14
15020 3.32603e-15
15030 3.44759e-15
15040 1.37357e-14
15050 2.50834e-14
15060 1.8599e-14
15070 2.15757e-14
15080 1.55173e-14
15090 1.96388e-14
15100 2.82402e-14
15110 3.27921e-14
15120 3.46839e-14
15130 4.28587e-14
15140 2.65087e-14
15150 1.89926e-14
15160 1.54956e-14
15170 2.6918e-14
15180 3.53137e-14
15190 2.76951e-14
15200 3.48888e-14
15210 2.43894e-14
15220 2.52785e-14
15230 2.48184e-14
15240 2.13226e-14
15250 1.75984e-14
15260 1.56526e-14
15270 1.34438e-14
15280 2.44392e-14
15290 1.24989e-14
15300 1.53821e-14
15310 1.75546e-14
15320 7.85173e-15
15330 7.04794e-15
15340 1.11184e-14
15350 1.76162e-14
15360 1.41196e-14
15370 1.06412e-14
15380 7.01355e-15
15390 1.22019e-14
15400 4.13311e-15
15410 1.40396e-14
15420 1.21955e-14
15430 1.13333e-14
15440 1.21285e-14
15450 1.29106e-14
15460 7.54994e-15
15470 6.97898e-15
15480 2.58908e-15
15490 -6.9645e-15
15500 1.12231e-16
15510 3.64857e-15
15520 1.62662e-14
15530 9.01422e-15
15540 3.2284e-15
15550 1.17399e-15
15560 -6.01492e-15
15570 2.86891e-15
15580 9.2393e-15
15590 1.85982e-14
15600 2.21277e-14
15610 1.95843e-14
15620 7.37613e-15
15630 7.02375e-15
15640 8.753e-15
15650 7.25001e-15
15660 5.9795e-15
15670 1.60056e-14
15680 2.17055e-14
15690 2.34818e-14
15700 1.64284e-14
15710 1.45116e-14
15720 1.35139e-14
15730 1.51241e-14
15740 9.14989e-15
15750 2.32182e-14
15760 1.38565e-14
15770 1.89453e-14
15780 2.0337e-14
15790 1.83535e-14
15800 2.82654e-14
15810 1.62309e-14
15820 1.87606e-14
15830 1.40012e-14
15840 1.58662e-14
15850 2.86601e-14
15860 2.66488e-14
15870 2.25691e-14
15880 1.85894e-14
15890 7.07559e-15
15900 1.83564e-14
15910 2.44111e-14
15920 2.93177e-14
15930 3.59945e-14
15940 3.89251e-14
15950 4.38809e-14
15960 3.59276e-14
15970 4.54652e-14
15980 4.28645e-14
15990 2.59624e-14
16000 3.39607e-14
16010 2.69416e-14
16020 3.17061e-14
16030 3.06558e-14
16040 3.49845e-14
16050 4.21012e-14
16060 3.18965e-14
16070 3.16697e-14
16080 2.69681e-14
16090 2.05911e-14
16100 2.56939e-14
16110 2.77567e-14
16120 3.30927e-14
16130 3.17081e-14
16140 3.80172e-14
16150 3.16012e-14
16160 2.20766e-14
16170 2.93852e-14
16180 2.43909e-14
16190 2.57594e-14
16200 3.86297e-14
16210 3.40488e-14
16220 2.9202e-14
16230 3.23013e-14
16240 3.68995e-14
16250 4.93811e-14
16260 4.85654e-14
16270 4.88067e-14
16280 3.58925e-14
16290 3.48294e-14
16300 4.16368e-14
16310 4.79839e-14
16320 5.57524e-14
16330 5.26768e-14
16340 4.88409e-14
16350 4.38032e-14
16360 4.54808e-14
16370 4.4491e-14
16380 4.9405e-14
16390 4.891e-14
16400 5.07324e-14
16410 5.60015e-14
16420 4.89396e-14
16430 4.92236e-14
16440 5.32399e-14
16450 4.26351e-14
16460 4.40809e-14
16470 5.55991e-14
16480 4.56054e-14
16490 4.58438e-14
16500 4.42068e-14
16510 5.52149e-14
16520 5.30569e-14
16530 6.78194e-14
16540 6.98898e-14
16550 6.79618e-14
16560 6.80162e-14
16570 5.92555e-14
16580 5.02276e-14
16590 6.58035e-14
16600 7.57158e-14
16610 7.5822e-14
16620 7.58297e-14
16630 7.21316e-14
16640 7.85963e-14
16650 7.41327e-14
16660 7.40825e-14
16670 8.55623e-14
16680 8.61775e-14
16690 9.44579e-14
16700 9.1034e-14
16710 8.47462e-14
16720 6.98945e-14
16730 6.52711e-14
16740 7.13218e-14
16750 6.47459e-14
16760 7.35994e-14
16770 7.80488e-14
16780 9.63056e-14
16790 9.22432e-14
16800 7.72832e-14
16810 7.93601e-14
16820 6.87308e-14
16830 7.11802e-14
16840 6.01853e-14
16850 5.58547e-14
16860 5.06534e-14
16870 3.40469e-14
16880 2.91219e-14
16890 4.2524e-14
16900 9.22142e-14
16910 2.10094e-13
16920 4.5614e-13
16930 9.36931e-13
16940 1.75517e-12
16950 3.04693e-12
16960 4.97599e-12
16970 7.531e-12
16980 1.04535e-11
16990 1.28167e-11
17000 1.23129e-11
17010 4.09227e-12
17020 -2.13051e-11
17030 -8.1381e-11
17040 -2.07195e-10
17050 -4.52095e-10
17060 -9.05336e-10
17070 -1.71301e-09
17080 -3.1096e-09
17090 -5.46506e-09
17100 -9.35407e-09
17110 -1.56568e-08
17120 -2.57039e-08
17130 -4.14829e-08
17140 -6.5929e-08
17150 -1.03331e-07
17160 -1.59894e-07
17170 -2.44507e-07
17180 -3.69794e-07
17190 -5.53524e-07
17200 -8.205e-07
17210 -1.20507e-06
17220 -1.75442e-06
17230 -2.53291e-06
17240 -3.62769e-06
17250 -5.15589e-06
17260 -7.27396e-06
17270 -1.01894e-05
17280 -1.41755e-05
17290 -1.95905e-05
17300 -2.69002e-05
17310 -3.67072e-05
17320 -4.97865e-05
17330 -6.71286e-05
17340 -8.99927e-05
17350 -0.00011997
17360 -0.00015906
17370 -0.000209764
17380 -0.000275189
17390 -0.00035918
17400 -0.000466467
17410 -0.000602838
17420 -0.000775343
17430 -0.00099252
17440 -0.00126466
17450 -0.00160412
17460 -0.00202563
17470 -0.00254669
17480 -0.00318799
17490 -0.00397385
17500 -0.00493277
17510 -0.00609791
17520 -0.00750773
17530 -0.0092066
17540 -0.0112455
17550 -0.0136826
17560 -0.0165841
17570 -0.0200249
17580 -0.0240895
17590 -0.0288724
17600 -0.0344791
17610 -0.0410266
17620 -0.0486441
17630 -0.0574736
17640 -0.0676701
17650 -0.0794023
17660 -0.0928524
17670 -0.108216
17680 -0.125704
17690 -0.145537
17700 -0.167952
17710 -0.193194
17720 -0.221522
17730 -0.253201
17740 -0.288505
17750 -0.327713
17760 -0.371107
17770 -0.418968
17780 -0.471576
17790 -0.529203
17800 -0.592112
17810 -0.660554
17820 -0.734761
17830 -0.814943
17840 -0.901285
17850 -0.993942
17860 -1.09303
17870 -1.19864
17880 -1.31081
17890 -1.42952
17900 -1.55471
17910 -1.68629
17920 -1.82407
17930 -1.96783
17940 -2.11728
17950 -2.27208
17960 -2.43181
17970 -2.596
17980 -2.76411
17990 -2.93556
18000 -3.1097
18010 -3.28583
18020 -3.46319
18030 -3.64101
18040 -3.81844
18050 -3.99464
18060 -4.16871
18070 -4.33976
18080 -4.50687
18090 -4.66914
18100 -4.82567
18110 -4.97557
18120 -5.11798
18130 -5.25207
18140 -5.37706
18150 -5.49221
18160 -5.59683
18170 -5.69032
18180 -5.77213
18190 -5.84177
18200 -5.89886
18210 -5.94309
18220 -5.97422
18230 -5.99213
18240 -5.99675
18250 -5.98812
18260 -5.96638
18270 -5.93171
18280 -5.88443
18290 -5.82488
18300 -5.75352
18310 -5.67085
18320 -5.57744
18330 -5.47392
18340 -5.36096
18350 -5.23929
18360 -5.10966
18370 -4.97284
18380 -4.82965
18390 -4.68088
18400 -4.52736
18410 -4.36991
18420 -4.20934
18430 -4.04643
18440 -3.88196
18450 -3.71667
18460 -3.55129
18470 -3.3865
18480 -3.22293
18490 -3.06118
18500 -2.90182
18510 -2.74535
18520 -2.59224
18530 -2.4429
18540 -2.29769
18550 -2.15693
18560 -2.0209
18570 -1.88981
18580 -1.76385
18590 -1.64315
18600 -1.52781
18610 -1.41787
18620 -1.31337
18630 -1.21429
18640 -1.12059
18650 -1.03219
18660 -0.949
18670 -0.870901
18680 -0.797757
18690 -0.729414
18700 -0.665706
18710 -0.606454
18720 -0.551472
18730 -0.500566
18740 -0.45354
18750 -0.410192
18760 -0.370322
18770 -0.33373
18780 -0.300219
18790 -0.269592
18800 -0.241662
18810 -0.216244
18820 -0.193158
18830 -0.172235
18840 -0.15331
18850 -0.136227
18860 -0.120837
18870 -0.107001
18880 -0.0945851
18890 -0.0834662
18900 -0.0735281
18910 -0.0646626
18920 -0.0567691
18930 -0.0497544
18940 -0.0435327
18950 -0.0380246
18960 -0.0331575
18970 -0.0288649
18980 -0.0250859
18990 -0.0217652
19000 -0.0188527
19010 -0.0163027
19020 -0.0140744
19030 -0.0121305
19040 -0.010438
19050 -0.0089668
19060 -0.00769037
19070 -0.00658488
19080 -0.00562912
19090 -0.00480427
19100 -0.00409364
19110 -0.00348249
19120 -0.00295781
19130 -0.00250814
19140 -0.00212343
19150 -0.00179485
19160 -0.0015147
19170 -0.00127624
19180 -0.00107362
19190 -0.000901736
19200 -0.000756177
19210 -0.000633115
19220 -0.000529249
19230 -0.000441729
19240 -0.000368107
19250 -0.000306276
19260 -0.000254435
19270 -0.000211041
19280 -0.000174778
19290 -0.000144522
19300 -0.000119319
19310 -9.83604e-05
19320 -8.09589e-05
19330 -6.65341e-05
19340 -5.4596e-05
19350 -4.47318e-05
19360 -3.65941e-05
19370 -2.98916e-05
19380 -2.43798e-05
19390 -1.98543e-05
19400 -1.61446e-05
19410 -1.31083e-05
19420 -1.06271e-05
19430 -8.60265e-06
19440 -6.95349e-06
19450 -5.61213e-06
19460 -4.52279e-06
19470 -3.6395e-06
19480 -2.92439e-06
19490 -2.34632e-06
19500 -1.87975e-06
19510 -1.50375e-06
19520 -1.2012e-06
19530 -9.58112e-07
19540 -7.63105e-07
19550 -6.06904e-07
19560 -4.81975e-07
19570 -3.82207e-07
19580 -3.02652e-07
19590 -2.39311e-07
19600 -1.88953e-07
19610 -1.48977e-07
19620 -1.17291e-07
19630 -9.22111e-08
19640 -7.23907e-08
19650 -5.67495e-08
19660 -4.44245e-08
19670 -3.47269e-08
19680 -2.71077e-08
19690 -2.11302e-08
19700 -1.64475e-08
19710 -1.27846e-08
19720 -9.92337e-09
19730 -7.69169e-09
19740 -5.95353e-09
19750 -4.60171e-09
19760 -3.55188e-09
19770 -2.73772e-09
19780 -2.10724e-09
19790 -1.61971e-09
19800 -1.24324e-09
19810 -9.52938e-10
19820 -7.29411e-10
19830 -5.57544e-10
19840 -4.25579e-10
19850 -3.24403e-10
19860 -2.46933e-10
19870 -1.8771e-10
19880 -1.4249e-10
19890 -1.08005e-10
19900 -8.17541e-11
19910 -6.17971e-11
19920 -4.66386e-11
19930 -3.51496e-11
19940 -2.64489e-11
19950 -1.98679e-11
19960 -1.49048e-11
19970 -1.11616e-11
19980 -8.34222e-12
19990 -6.22331e-12
20000 -4.62754e-12
20010 -3.43623e-12
20020 -2.54073e-12
20030 -1.86774e-12
20040 -1.36923e-12
20050 -9.93888e-13
20060 -7.2179e-13
20070 -5.21542e-13
20080 -3.64305e-13
20090 -2.51899e-13
20100 -1.60513e-13
20110 -9.71077e-14
20120 -5.34698e-14
20130 -2.52623e-14
20140 2.5695e-15
20150 1.97878e-14
20160 3.56167e-14
20170 5.15362e-14
20180 5.67703e-14
20190 6.42308e-14
20200 7.29076e-14
20210 7.45106e-14
20220 8.12575e-14
20230 7.96641e-14
20240 7.61646e-14
20250 8.0405e-14
20260 8.24707e-14
20270 8.02207e-14
20280 8.04183e-14
20290 8.44934e-14
20300 9.0933e-14
20310 8.94434e-14
20320 8.29609e-14
20330 8.11899e-14
20340 7.71544e-14
20350 7.40857e-14
20360 7.53641e-14
20370 7.69016e-14
20380 7.72466e-14
20390 8.27867e-14
20400 8.38342e-14
20410 8.33075e-14
20420 7.86736e-14
20430 8.61273e-14
20440 8.39046e-14
20450 8.07912e-14
20460 7.75651e-14
20470 7.59631e-14
20480 7.39604e-14
20490 7.55083e-14
20500 7.72622e-14
20510 7.487e-14
20520 7.57592e-14
20530 7.5778e-14
20540 6.90338e-14
20550 7.00597e-14
20560 6.39378e-14
20570 6.91974e-14
20580 7.02959e-14
20590 7.16687e-14
20600 7.07423e-14
20610 7.35533e-14
20620 7.4673e-14
20630 7.98558e-14
20640 7.72786e-14
20650 8.26178e-14
20660 8.06439e-14
20670 7.895e-14
20680 7.7556e-14
20690 7.28541e-14
20700 7.26551e-14
20710 6.99663e-14
20720 7.02659e-14
20730 7.78475e-14
20740 7.81806e-14
20750 7.8942e-14
20760 7.46369e-14
20770 7.87168e-14
20780 7.43946e-14
20790 7.52436e-14
20800 8.03585e-14
20810 8.09399e-14
20820 9.07952e-14
20830 8.86733e-14
20840 8.85679e-14
20850 9.09204e-14
20860 9.07896e-14
20870 9.60639e-14
20880 9.03618e-14
20890 9.39359e-14
20900 9.46771e-14
20910 8.76518e-14
20920 9.65799e-14
20930 9.08265e-14
20940 9.28572e-14
20950 9.45314e-14
20960 9.83277e-14
20970 9.97188e-14
20980 9.26386e-14
20990 8.82073e-14
21000 8.73554e-14
21010 8.79129e-14
21020 9.56246e-14
21030 9.50868e-14
21040 9.51221e-14
21050 9.60902e-14
21060 9.65465e-14
21070 9.83383e-14
21080 9.33374e-14
21090 8.50871e-14
21100 8.38334e-14
21110 8.12433e-14
21120 8.12308e-14
21130 8.09766e-14
21140 7.89002e-14
21150 7.58164e-14
21160 7.66049e-14
21170 8.15031e-14
21180 8.44443e-14
21190 8.57445e-14
21200 8.31583e-14
21210 8.23514e-14
21220 8.71068e-14
21230 8.80706e-14
21240 9.45561e-14
21250 9.55927e-14
21260 9.16889e-14
21270 9.30074e-14
21280 9.05971e-14
21290 9.20485e-14
21300 8.6791e-14
21310 8.57041e-14
21320 8.54315e-14
21330 8.54072e-14
21340 8.86563e-14
21350 9.23113e-14
21360 8.87217e-14
21370 9.7982e-14
21380 9.69194e-14
21390 1.01073e-13
21400 9.54701e-14
21410 9.07306e-14
21420 9.61645e-14
21430 9.67586e-14
21440 9.46765e-14
21450 9.62051e-14
21460 9.14576e-14
21470 9.41947e-14
21480 9.60932e-14
21490 9.7303e-14
21500 9.14943e-14
21510 8.32298e-14
21520 9.30443e-14
21530 8.97397e-14
21540 9.06916e-14
21550 9.1496e-14
21560 8.79941e-14
21570 9.40107e-14
21580 8.40312e-14
21590 8.72519e-14
21600 8.75679e-14
21610 8.99967e-14
21620 8.89076e-14
21630 8.77745e-14
21640 9.07551e-14
21650 8.57774e-14
21660 8.79529e-14
21670 9.28749e-14
21680 8.90978e-14
21690 8.45292e-14
21700 9.38001e-14
21710 8.0701e-14
21720 8.09546e-14
21730 6.73718e-14
21740 6.86003e-14
21750 7.12204e-14
21760 7.14449e-14
21770 7.58769e-14
21780 7.49133e-14
21790 7.22053e-14
21800 7.95119e-14
21810 8.07317e-14
21820 7.74862e-14
21830 7.96066e-14
21840 8.11626e-14
21850 8.50039e-14
21860 8.09131e-14
21870 8.25294e-14
21880 8.06762e-14
21890 7.83391e-14
21900 7.99631e-14
21910 7.85588e-14
21920 7.42228e-14
21930 7.7892e-14
21940 6.82746e-14
21950 7.06544e-14
21960 7.04998e-14
21970 6.9782e-14
21980 7.57938e-14
21990 7.78922e-14
22000 7.48947e-14
22010 7.47198e-14
22020 7.88002e-14
22030 8.26626e-14
22040 7.79805e-14
22050 7.63173e-14
22060 8.60676e-14
22070 8.68459e-14
22080 9.15349e-14
22090 8.52349e-14
22100 8.41734e-14
22110 8.40991e-14
22120 8.25278e-14
22130 8.3139e-14
22140 8.41913e-14
22150 8.06192e-14
22160 6.98226e-14
22170 6.3141e-14
22180 6.27538e-14
22190 6.05412e-14
22200 6.15372e-14
22210 5.8898e-14
22220 6.41899e-14
22230 7.18475e-14
22240 6.81933e-14
22250 6.88941e-14
22260 6.52422e-14
22270 6.20026e-14
22280 6.71206e-14
22290 6.05583e-14
22300 6.50885e-14
22310 6.7378e-14
22320 7.43349e-14
22330 7.1522e-14
22340 6.73313e-14
22350 6.40865e-14
22360 6.2751e-14
22370 6.99523e-14
22380 7.15586e-14
22390 7.16805e-14
22400 6.98331e-14
22410 6.94812e-14
22420 6.45639e-14
22430 5.56121e-14
22440 6.18576e-14
22450 6.16573e-14
22460 6.23634e-14
22470 6.88211e-14
22480 6.49467e-14
22490 6.46285e-14
22500 6.1819e-14
22510 6.4838e-14
22520 6.38771e-14
22530 6.09273e-14
22540 6.20739e-14
22550 6.3437e-14
22560 5.59352e-14
22570 5.66141e-14
22580 5.06625e-14
22590 5.56262e-14
22600 6.55872e-14
22610 5.80692e-14
22620 6.49926e-14
22630 5.91303e-14
22640 6.60642e-14
22650 5.86515e-14
22660 5.7777e-14
22670 5.59906e-14
22680 5.21597e-14
22690 5.9293e-14
22700 5.72177e-14
22710 5.16406e-14
22720 5.86619e-14
22730 5.6052e-14
22740 6.25245e-14
22750 5.69042e-14
22760 6.0862e-14
22770 6.03413e-14
22780 6.42529e-14
22790 5.91528e-14
22800 5.53638e-14
22810 6.03457e-14
22820 5.70302e-14
22830 5.76432e-14
22840 5.83345e-14
22850 5.9964e-14
22860 5.98565e-14
22870 5.94664e-14
22880 6.49245e-14
22890 6.25907e-14
22900 6.68706e-14
22910 6.55184e-14
22920 6.81851e-14
22930 6.32745e-14
22940 5.83949e-14
22950 6.45062e-14
22960 6.61714e-14
22970 7.16887e-14
22980 6.69651e-14
22990 6.55457e-14
23000 6.40421e-14
23010 7.30144e-14
23020 6.53199e-14
23030 6.75913e-14
23040 6.04884e-14
23050 6.73298e-14
23060 6.13951e-14
23070 5.31316e-14
23080 6.6593e-14
23090 6.26753e-14
23100 6.72633e-14
23110 7.2401e-14
23120 6.94074e-14
23130 6.8383e-14
23140 7.67814e-14
23150 7.17784e-14
23160 7.53073e-14
23170 7.17054e-14
23180 7.18827e-14
23190 7.41984e-14
23200 7.41757e-14
23210 6.88233e-14
23220 7.36791e-14
23230 7.12636e-14
23240 7.28868e-14
23250 6.72355e-14
23260 6.26221e-14
23270 6.0652e-14
23280 5.29336e-14
23290 5.53151e-14
23300 5.82566e-14
23310 6.18967e-14
23320 5.71047e-14
23330 6.12552e-14
23340 5.81596e-14
23350 6.37715e-14
23360 6.67049e-14
23370 6.4721e-14
23380 7.00522e-14
23390 6.21824e-14
23400 6.45468e-14
23410 6.68167e-14
23420 6.20527e-14
23430 6.50323e-14
23440 6.8247e-14
23450 7.35245e-14
23460 7.03179e-14
23470 6.63373e-14
23480 7.5619e-14
23490 7.44998e-14
23500 7.82205e-14
23510 7.96332e-14
23520 7.03636e-14
23530 6.95663e-14
23540 7.21277e-14
23550 7.11582e-14
23560 7.5617e-14
23570 7.46039e-14
23580 7.66368e-14
23590 7.23739e-14
23600 6.25735e-14
23610 6.47146e-14
23620 5.96808e-14
23630 6.45904e-14
23640 5.7061e-14
23650 5.80631e-14
23660 5.3881e-14
23670 5.63685e-14
23680 6.05303e-14
23690 5.53629e-14
23700 5.98821e-14
23710 5.17945e-14
23720 6.2443e-14
23730 5.67205e-14
23740 5.69348e-14
23750 5.38325e-14
23760 5.90151e-14
23770 6.73103e-14
23780 6.8857e-14
23790 6.91181e-14
23800 7.46116e-14
23810 7.76418e-14
23820 8.37963e-14
23830 8.05876e-14
23840 8.42687e-14
23850 7.64495e-14
23860 8.21141e-14
23870 8.22966e-14
23880 8.13508e-14
23890 8.15063e-14
23900 8.26555e-14
23910 8.27406e-14
23920 9.34973e-14
23930 8.7595e-14
23940 8.21574e-14
23950 7.76434e-14
23960 7.8022e-14
23970 8.03274e-14
23980 8.22121e-14
23990 8.22594e-14
24000 9.06319e-14
24010 8.61389e-14
24020 9.01647e-14
24030 9.28753e-14
24040 9.32497e-14
24050 9.12571e-14
24060 8.93357e-14
24070 9.02866e-14
24080 9.20662e-14
24090 8.38533e-14
24100 8.17179e-14
24110 8.79044e-14
24120 8.61415e-14
24130 9.26694e-14
24140 8.73558e-14
24150 9.04862e-14
24160 8.60272e-14
24170 9.14127e-14
24180 8.43275e-14
24190 9.09727e-14
24200 8.65828e-14
24210 8.33299e-14
24220 8.56166e-14
24230 7.62818e-14
24240 8.29215e-14
24250 7.89286e-14
24260 8.14132e-14
24270 8.00756e-14
24280 7.88988e-14
24290 8.67934e-14
24300 8.78901e-14
24310 8.76542e-14
24320 9.22757e-14
24330 8.73892e-14
24340 9.32108e-14
24350 9.16373e-14
24360 9.99347e-14
24370 9.7575e-14
24380 9.67155e-14
24390 9.28859e-14
24400 9.06984e-14
24410 9.3075e-14
24420 9.16493e-14
24430 9.97889e-14
24440 9.70061e-14
24450 9.7313e-14
24460 1.04519e-13
24470 1.08052e-13
24480 1.0445e-13
24490 1.03633e-13
24500 1.14211e-13
24510 1.08774e-13
24520 1.09086e-13
24530 1.14362e-13
24540 1.06481e-13
24550 1.05667e-13
24560 1.05919e-13
24570 1.01369e-13
24580 1.04955e-13
24590 1.05975e-13
24600 1.059e-13
24610 1.03852e-13
24620 1.03417e-13
24630 1.08857e-13
24640 1.07814e-13
24650 1.07974e-13
24660 1.06846e-13
24670 1.0676e-13
24680 1.05882e-13
24690 1.1384e-13
24700 1.1684e-13
24710 1.11155e-13
24720 1.1259e-13
24730 1.15136e-13
24740 1.17933e-13
24750 1.21416e-13
24760 1.1925e-13
24770 1.18053e-13
24780 1.25364e-13
24790 1.19752e-13
24800 1.22143e-13
24810 1.12239e-13
24820 1.09181e-13
24830 1.04376e-13
24840 1.06089e-13
24850 9.81727e-14
24860 9.90001e-14
24870 8.42113e-14
24880 7.86621e-14
24890 5.4625e-14
24900 2.96573e-14
24910 3.19049e-15
24920 -3.71271e-14
24930 -9.14478e-14
24940 -1.76784e-13
24950 -2.84003e-13
24960 -4.46313e-13
24970 -6.55765e-13
24980 -9.49265e-13
24990 -1.3554e-12
25000 -1.9132e-12
25010 -2.67498e-12
25020 -3.70724e-12
25030 -5.1175e-12
25040 -7.02687e-12
25050 -9.61774e-12
25060 -1.31295e-11
25070 -1.78756e-11
25080 -2.4291e-11
25090 -3.29366e-11
25100 -4.45754e-11
25110 -6.02159e-11
25120 -8.11952e-11
25130 -1.09294e-10
25140 -1.46856e-10
25150 -1.96999e-10
25160 -2.63821e-10
25170 -3.52729e-10
25180 -4.70813e-10
25190 -6.27405e-10
25200 -8.34694e-10
25210 -1.10867e-09
25220 -1.47015e-09
25230 -1.94631e-09
25240 -2.57248e-09
25250 -3.39452e-09
25260 -4.47191e-09
25270 -5.88157e-09
25280 -7.72289e-09
25290 -1.0124e-08
25300 -1.32497e-08
25310 -1.73119e-08
25320 -2.25821e-08
25330 -2.94079e-08
25340 -3.82335e-08
25350 -4.96253e-08
25360 -6.43041e-08
25370 -8.31861e-08
25380 -1.07433e-07
25390 -1.38516e-07
25400 -1.78292e-07
25410 -2.29107e-07
25420 -2.93909e-07
25430 -3.76407e-07
25440 -4.81251e-07
25450 -6.14258e-07
25460 -7.82702e-07
25470 -9.9565e-07
25480 -1.26439e-06
25490 -1.60293e-06
25500 -2.02867e-06
25510 -2.5631e-06
25520 -3.23281e-06
25530 -4.07053e-06
25540 -5.11655e-06
25550 -6.42034e-06
25560 -8.04252e-06
25570 -1.00572e-05
25580 -1.2555e-05
25590 -1.56459e-05
25600 -1.94641e-05
25610 -2.41722e-05
25620 -2.9967e-05
25630 -3.70863e-05
25640 -4.5817e-05
25650 -5.65042e-05
25660 -6.95626e-05
25670 -8.54888e-05
25680 -0.000104877
25690 -0.000128436
25700 -0.00015701
25710 -0.000191603
25720 -0.000233405
25730 -0.000283823
25740 -0.000344519
25750 -0.000417452
25760 -0.000504925
25770 -0.000609637
25780 -0.00073475
25790 -0.000883954
25800 -0.00106155
25810 -0.00127253
25820 -0.00152271
25830 -0.00181877
25840 -0.00216848
25850 -0.00258075
25860 -0.00306583
25870 -0.00363546
25880 -0.00430308
25890 -0.00508402
25900 -0.00599569
25910 -0.0070579
25920 -0.00829305
25930 -0.00972642
25940 -0.0113865
25950 -0.0133054
25960 -0.0155188
25970 -0.0180669
25980 -0.0209944
25990 -0.0243507
26000 -0.028191
26010 -0.032576
26020 -0.0375725
26030 -0.0432541
26040 -0.0497012
26050 -0.0570016
26060 -0.065251
26070 -0.0745529
26080 -0.0850194
26090 -0.0967711
26100 -0.109937
26110 -0.124657
26120 -0.141077
26130 -0.159353
26140 -0.179652
26150 -0.202147
26160 -0.22702
26170 -0.25446
26180 -0.284665
26190 -0.317837
26200 -0.354184
26210 -0.393918
26220 -0.437254
26230 -0.484406
26240 -0.53559
26250 -0.591016
26260 -0.650893
26270 -0.715419
26280 -0.784784
26290 -0.859166
26300 -0.938725
26310 -1.02361
26320 -1.11393
26330 -1.2098
26340 -1.31127
26350 -1.4184
26360 -1.53118
26370 -1.64959
26380 -1.77355
26390 -1.90295
26400 -2.03763
26410 -2.17738
26420 -2.32196
26430 -2.47105
26440 -2.62431
26450 -2.78132
26460 -2.94163
26470 -3.10474
26480 -3.27007
26490 -3.43704
26500 -3.60499
26510 -3.77323
26520 -3.94102
26530 -4.10762
26540 -4.27223
26550 -4.43403
26560 -4.59221
26570 -4.74591
26580 -4.8943
26590 -5.03654
26600 -5.1718
26610 -5.29929
26620 -5.41822
26630 -5.52785
26640 -5.62748
26650 -5.71646
26660 -5.7942
26670 -5.86018
26680 -5.91392
26690 -5.95505
26700 -5.98327
26710 -5.99834
26720 -6.00013
26730 -5.98859
26740 -5.96377
26750 -5.92579
26760 -5.87486
26770 -5.81128
26780 -5.73545
26790 -5.64781
26800 -5.54892
26810 -5.43936
26820 -5.31982
26830 -5.19102
26840 -5.05372
26850 -4.90874
26860 -4.75692
26870 -4.59913
26880 -4.43626
26890 -4.2692
26900 -4.09884
26910 -3.92606
26920 -3.75173
26930 -3.57669
26940 -3.40176
26950 -3.22772
26960 -3.0553
26970 -2.88518
26980 -2.71802
26990 -2.55439
27000 -2.39483
27010 -2.23981
27020 -2.08974
27030 -1.94499
27040 -1.80584
27050 -1.67255
27060 -1.54528
27070 -1.42418
27080 -1.30932
27090 -1.20074
27100 -1.09842
27110 -1.00231
27120 -0.912318
27130 -0.828314
27140 -0.750146
27150 -0.677634
27160 -0.610574
27170 -0.548747
27180 -0.491918
27190 -0.43984
27200 -0.392262
27210 -0.348925
27220 -0.309569
27230 -0.273937
27240 -0.241771
27250 -0.212822
27260 -0.186845
27270 -0.163605
27280 -0.142875
27290 -0.124439
27300 -0.108092
27310 -0.0936401
27320 -0.0809016
27330 -0.0697069
27340 -0.0598979
27350 -0.0513288
27360 -0.0438652
27370 -0.0373837
27380 -0.031772
27390 -0.0269278
27400 -0.0227587
27410 -0.0191813
27420 -0.0161209
27430 -0.0135106
27440 -0.0112909
27450 -0.00940912
27460 -0.00781859
27470 -0.00647831
27480 -0.00535235
27490 -0.00440931
27500 -0.00362189
27510 -0.00296642
27520 -0.00242247
27530 -0.00197245
27540 -0.00160129
27550 -0.00129611
27560 -0.00104598
27570 -0.000841588
27580 -0.000675105
27590 -0.000539921
27600 -0.000430497
27610 -0.000342205
27620 -0.000271189
27630 -0.00021425
27640 -0.000168743
27650 -0.00013249
27660 -0.000103701
27670 -8.09137e-05
27680 -6.2935e-05
27690 -4.87964e-05
27700 -3.77139e-05
27710 -2.90554e-05
27720 -2.23129e-05
27730 -1.70799e-05
27740 -1.30318e-05
27750 -9.91075e-06
27760 -7.51254e-06
27770 -5.67592e-06
27780 -4.27414e-06
27790 -3.20786e-06
27800 -2.39956e-06
27810 -1.7889e-06
27820 -1.32915e-06
27830 -9.8421e-07
27840 -7.26304e-07
27850 -5.34143e-07
27860 -3.9147e-07
27870 -2.85913e-07
27880 -2.08091e-07
27890 -1.50921e-07
27900 -1.09072e-07
27910 -7.8549e-08
27920 -5.63661e-08
27930 -4.03031e-08
27940 -2.8714e-08
27950 -2.03833e-08
27960 -1.44169e-08
27970 -1.01596e-08
27980 -7.13311e-09
27990 -4.98967e-09
28000 -3.47731e-09
28010 -2.41427e-09
28020 -1.66989e-09
28030 -1.15064e-09
28040 -7.89852e-10
28050 -5.40105e-10
28060 -3.67895e-10
28070 -2.49619e-10
28080 -1.68717e-10
28090 -1.13571e-10
28100 -7.61675e-11
28110 -5.08764e-11
28120 -3.38428e-11
28130 -2.24279e-11
28140 -1.47969e-11
28150 -9.72874e-12
28160 -6.36928e-12
28170 -4.14908e-12
28180 -2.70282e-12
28190 -1.7498e-12
28200 -1.12262e-12
28210 -7.25261e-13
28220 -4.65138e-13
28230 -3.00819e-13
28240 -1.94829e-13
28250 -1.30055e-13
28260 -9.06419e-14
28270 -6.6891e-14
28280 -6.25482e-14
28290 -4.9898e-14
28300 -3.64803e-14
28310 -2.59958e-14
28320 -1.29978e-14
28330 -2.30273e-14
28340 -2.61391e-14
28350 -2.77779e-14
28360 -2.56251e-14
28370 -3.93941e-14
28380 -2.30928e-14
28390 -2.83311e-14
28400 -4.16034e-14
28410 -4.0697e-14
28420 -3.27073e-14
28430 -3.63318e-14
28440 -3.74418e-14
28450 -3.80187e-14
28460 -4.5905e-14
28470 -4.20518e-14
28480 -2.7369e-14
28490 -4.24362e-14
28500 -4.86325e-14
28510 -3.74042e-14
28520 -4.24957e-14
28530 -3.57979e-14
28540 -3.59463e-14
28550 -5.0793e-14
28560 -4.27841e-14
28570 -3.28055e-14
28580 -3.98687e-14
28590 -4.04759e-14
28600 -3.8516e-14
28610 -4.10602e-14
28620 -5.17101e-14
28630 -4.07275e-14
28640 -3.34528e-14
28650 -3.29031e-14
28660 -4.00145e-14
28670 -3.76882e-14
28680 -3.77e-14
28690 -4.2672e-14
28700 -4.40062e-14
28710 -3.10737e-14
28720 -3.08258e-14
28730 -3.46902e-14
28740 -2.94375e-14
28750 -2.91143e-14
28760 -3.63963e-14
28770 -2.31297e-14
28780 -2.71494e-14
28790 -2.28376e-14
28800 -1.68508e-14
28810 -2.14629e-14
28820 -2.67123e-14
28830 -2.66044e-14
28840 -2.49552e-14
28850 -4.67461e-15
28860 1.03279e-14
28870 3.9852e-15
28880 -1.08932e-14
28890 -1.39292e-14
28900 -2.24359e-14
28910 -2.09362e-14
28920 -1.51382e-14
28930 -1.48757e-14
28940 -1.07077e-14
28950 -1.49306e-14
28960 -2.44146e-14
28970 -4.5935e-15
28980 -5.59572e-15
28990 -2.86807e-15
29000 -2.83061e-16
29010 3.37434e-16
29020 7.59296e-15
29030 8.6528e-15
29040 -6.03932e-15
29050 4.33134e-16
29060 -9.27827e-16
29070 -9.34964e-15
29080 -4.21982e-15
29090 -1.22481e-15
29100 2.42724e-15
29110 -2.28724e-14
29120 -2.5886e-14
29130 -1.04322e-14
29140 -5.09644e-15
29150 -1.34189e-14
29160 -2.06939e-14
29170 -1.95087e-14
29180 -8.47421e-15
29190 7.35131e-15
29200 6.97122e-17
29210 -1.02477e-14
29220 -1.02027e-14
29230 -1.33273e-16
29240 -6.05514e-15
29250 -3.0101e-15
29260 -1.20733e-14
29270 -1.2622e-14
29280 5.11133e-15
29290 1.68025e-14
29300 1.42063e-14
29310 1.44814e-14
29320 5.99053e-15
29330 1.93723e-15
29340 9.79557e-15
29350 5.86519e-15
29360 1.98061e-14
29370 2.0023e-14
29380 1.38672e-14
29390 2.98675e-14
29400 1.8076e-14
29410 1.3125e-14
29420 1.25956e-14
29430 5.67842e-15
29440 1.2443e-14
29450 1.10231e-14
29460 2.79822e-14
29470 3.43171e-14
29480 2.16543e-14
29490 2.53017e-14
29500 2.60151e-14
29510 1.73932e-14
29520 1.9923e-14
29530 1.61393e-14
29540 9.50735e-15
29550 7.99035e-15
29560 -9.51508e-15
29570 1.41913e-14
29580 1.69442e-14
29590 1.24319e-14
29600 1.26372e-16
29610 1.16448e-15
29620 -2.24883e-15
29630 9.53489e-15
29640 2.67573e-14
29650 8.33817e-15
29660 6.99106e-15
29670 1.43462e-14
29680 1.57529e-14
29690 2.38414e-14
29700 1.73987e-14
29710 1.6436e-14
29720 3.00858e-15
29730 1.19423e-14
29740 1.09425e-14
29750 1.1171e-15
29760 5.76726e-15
29770 1.70974e-14
29780 1.48786e-14
29790 -2.08193e-15
29800 9.80181e-15
29810 3.88039e-15
29820 4.65774e-15
29830 7.84749e-15
29840 1.15801e-14
29850 2.21572e-14
29860 2.99319e-15
29870 3.9102e-15
29880 -4.84168e-15
29890 1.41831e-15
29900 -2.9637e-15
29910 -2.68987e-15
29920 -1.519e-14
29930 -2.33756e-14
29940 -1.88732e-14
29950 -1.5327e-15
29960 -5.75933e-16
29970 2.74496e-15
29980 0
