-20 0
0 5.38988e-05
20 0.000107767
40 0.00016157
60 0.000215263
80 0.000268788
100 0.000322067
120 0.000375003
140 0.000427474
160 0.000479334
180 0.000530408
200 0.000580498
220 0.000629379
240 0.000676803
260 0.000722503
280 0.000766196
300 0.00080759
320 0.000846384
340 0.000882283
360 0.000914993
380 0.000944241
400 0.00096977
420 0.000991351
440 0.00100879
460 0.00102193
480 0.00103066
500 0.00103492
520 0.00103468
540 0.00102999
560 0.00102094
580 0.00100766
600 0.000990353
620 0.000969259
640 0.000944662
660 0.000916888
680 0.000886302
700 0.000853296
720 0.000818293
740 0.000781735
760 0.000744083
780 0.000705814
800 0.000667413
820 0.000629378
840 0.000592215
860 0.000556441
880 0.000522587
900 0.000491198
920 0.000462845
940 0.000438126
960 0.000417676
980 0.000402176
1000 0.000392364
1020 0.000389045
1040 0.000393098
1060 0.000405493
1080 0.000427292
1100 0.000459665
1120 0.000503888
1140 0.000561351
1160 0.000633556
1180 0.000722113
1200 0.000828731
1220 0.000955204
1240 0.00110339
1260 0.00127519
1280 0.00147251
1300 0.00169723
1320 0.00195116
1340 0.00223599
1360 0.00255324
1380 0.00290418
1400 0.00328982
1420 0.00371081
1440 0.00416739
1460 0.00465934
1480 0.0051859
1500 0.00574579
1520 0.00633708
1540 0.00695726
1560 0.00760313
1580 0.00827088
1600 0.00895607
1620 0.00965363
1640 0.010358
1660 0.011063
1680 0.0117623
1700 0.0124489
1720 0.013116
1740 0.0137562
1760 0.0143627
1780 0.0149284
1800 0.0154468
1820 0.0159116
1840 0.0163172
1860 0.0166586
1880 0.0169315
1900 0.0171327
1920 0.0172596
1940 0.0173107
1960 0.0172856
1980 0.0171848
2000 0.0170098
2020 0.0167631
2040 0.0164479
2060 0.0160686
2080 0.0156299
2100 0.0151375
2120 0.0145973
2140 0.0140158
2160 0.0133997
2180 0.0127557
2200 0.0120909
2220 0.0114118
2240 0.010725
2260 0.0100368
2280 0.009353
2300 0.00867899
2320 0.00801965
2340 0.0073793
2360 0.0067617
2380 0.00617
2400 0.00560678
2420 0.00507407
2440 0.00457333
2460 0.00410555
2480 0.00367125
2500 0.00327056
2520 0.00290327
2540 0.00256891
2560 0.00226679
2580 0.00199608
2600 0.00175591
2620 0.0015454
2640 0.00136379
2660 0.00121047
2680 0.00108505
2700 0.000987522
2720 0.000918249
2740 0.000878117
2760 0.000868611
2780 0.000891915
2800 0.000951032
2820 0.0010499
2840 0.00119353
2860 0.00138814
2880 0.00164133
2900 0.00196226
2920 0.00236184
2940 0.00285292
2960 0.00345055
2980 0.00417221
3000 0.00503809
3020 0.00607134
3040 0.00729838
3060 0.00874922
3080 0.0104577
3100 0.0124619
3120 0.0148043
3140 0.0175322
3160 0.0206976
3180 0.024358
3200 0.0285759
3220 0.0334191
3240 0.0389608
3260 0.0452789
3280 0.0524563
3300 0.0605799
3320 0.0697398
3340 0.0800291
3360 0.0915419
3380 0.104372
3400 0.118613
3420 0.134354
3440 0.151677
3460 0.170659
3480 0.191365
3500 0.213846
3520 0.23814
3540 0.264263
3560 0.292213
3580 0.321961
3600 0.353453
3620 0.386607
3640 0.42131
3660 0.457416
3680 0.494749
3700 0.5331
3720 0.572229
3740 0.611863
3760 0.651705
3780 0.69143
3800 0.730694
3820 0.769137
3840 0.806384
3860 0.84206
3880 0.875788
3900 0.907198
3920 0.935936
3940 0.961668
3960 0.984089
3980 1.00293
4000 1.01795
4020 1.02896
4040 1.03583
4060 1.03846
4080 1.03682
4100 1.03092
4120 1.02084
4140 1.00669
4160 0.988662
4180 0.96696
4200 0.941849
4220 0.913623
4240 0.88261
4260 0.84916
4280 0.813639
4300 0.776424
4320 0.737898
4340 0.698439
4360 0.658415
4380 0.618182
4400 0.578075
4420 0.538406
4440 0.49946
4460 0.461491
4480 0.424724
4500 0.389349
4520 0.355524
4540 0.323374
4560 0.292992
4580 0.264444
4600 0.237763
4620 0.212961
4640 0.190023
4660 0.168916
4680 0.149589
4700 0.131976
4720 0.115998
4740 0.101568
4760 0.0885914
4780 0.0769698
4800 0.0666011
4820 0.0573826
4840 0.0492123
4860 0.0419898
4880 0.0356177
4900 0.0300021
4920 0.0250531
4940 0.0206853
4960 0.016818
4980 0.0133751
5000 0.0112253
5020 0.00930026
5040 0.00756797
5060 0.0059985
5080 0.004564
5100 0.00323858
5120 0.00199815
5140 0.00082033
5160 -0.000315704
5180 -0.0014293
5200 -0.00253845
5220 -0.00365982
5240 -0.0048089
5260 -0.00599995
5280 -0.0072461
5300 -0.00855932
5320 -0.00995044
5340 -0.0114291
5360 -0.0130037
5380 -0.0146814
5400 -0.0164679
5420 -0.0183678
5440 -0.0203838
5460 -0.0225174
5480 -0.0247682
5500 -0.0271342
5520 -0.0296115
5540 -0.0321946
5560 -0.034876
5580 -0.0376463
5600 -0.0404943
5620 -0.043407
5640 -0.0463697
5660 -0.0493657
5680 -0.0523773
5700 -0.0553851
5720 -0.0583685
5740 -0.0613061
5760 -0.0641757
5780 -0.0669546
5800 -0.0696201
5820 -0.0721493
5840 -0.0745203
5860 -0.0767115
5880 -0.0787026
5900 -0.0804747
5920 -0.0820108
5940 -0.0832955
5960 -0.084316
5980 -0.0850618
6000 -0.0855252
6020 -0.0857012
6040 -0.0855877
6060 -0.0851857
6080 -0.0844989
6100 -0.0835343
6120 -0.0823013
6140 -0.0808124
6160 -0.0790822
6180 -0.0771279
6200 -0.0749685
6220 -0.0726249
6240 -0.0701191
6260 -0.0674745
6280 -0.064715
6300 -0.061865
6320 -0.0589487
6340 -0.0559903
6360 -0.0530131
6380 -0.0500397
6400 -0.0470912
6420 -0.0441875
6440 -0.0413467
6460 -0.0385853
6480 -0.0359176
6500 -0.033356
6520 -0.0309109
6540 -0.0285904
6560 -0.0264006
6580 -0.0243459
6600 -0.0224282
6620 -0.0206482
6640 -0.0190046
6660 -0.0174947
6680 -0.0161144
6700 -0.0148585
6720 -0.0137209
6740 -0.0126946
6760 -0.0117721
6780 -0.0109455
6800 -0.0102067
6820 -0.00954724
6840 -0.00895906
6860 -0.00843409
6880 -0.00796464
6900 -0.00754335
6920 -0.00716336
6940 -0.00681834
6960 -0.0065025
6980 -0.00621068
7000 -0.00593829
7020 -0.00568137
7040 -0.00543655
7060 -0.00520101
7080 -0.00497248
7100 -0.0047492
7120 -0.00452984
7140 -0.0043135
7160 -0.00409961
7180 -0.00388794
7200 -0.00367849
7220 -0.00347149
7240 -0.00326731
7260 -0.00306647
7280 -0.00286954
7300 -0.00267715
7320 -0.00248995
7340 -0.00230857
7360 -0.00213361
7380 -0.00196561
7400 -0.00180505
7420 -0.00165234
7440 -0.00150781
7460 -0.0013717
7480 -0.00124416
7500 -0.00112528
7520 -0.00101505
7540 -0.000913398
7560 -0.000820194
7580 -0.000735243
7600 -0.000658304
7620 -0.000589096
7640 -0.000527305
7660 -0.000472596
7680 -0.000424614
7700 -0.000382997
7720 -0.00034738
7740 -0.000317398
7760 -0.000292693
7780 -0.000272919
7800 -0.000257741
7820 -0.000246838
7840 -0.000239908
7860 -0.000236661
7880 -0.000236829
7900 -0.000240155
7920 -0.000246399
7940 -0.000255333
7960 -0.000266743
7980 -0.000280422
8000 -0.000296171
8020 -0.000313798
8040 -0.000333113
8060 -0.000353928
8080 -0.000376056
8100 -0.000399307
8120 -0.00042349
8140 -0.00044841
8160 -0.000473868
8180 -0.00049966
8200 -0.00052558
8220 -0.000551415
8240 -0.000576954
8260 -0.000601982
8280 -0.000626284
8300 -0.000649648
8320 -0.000671864
8340 -0.000692732
8360 -0.000712057
8380 -0.000729654
8400 -0.000745355
8420 -0.000759003
8440 -0.000770461
8460 -0.00077961
8480 -0.000786354
8500 -0.000790618
8520 -0.000792351
8540 -0.000791528
8560 -0.000788147
8580 -0.000782233
8600 -0.000773835
8620 -0.000763027
8640 -0.000749904
8660 -0.000734585
8680 -0.000717208
8700 -0.000697926
8720 -0.000676912
8740 -0.000654348
8760 -0.000630428
8780 -0.000605352
8800 -0.000579324
8820 -0.000552552
8840 -0.000525241
8860 -0.000497593
8880 -0.000469803
8900 -0.000442057
8920 -0.000414533
8940 -0.000387395
8960 -0.000360795
8980 -0.000334867
9000 -0.000309733
9020 -0.000285498
9040 -0.000262249
9060 -0.000240058
9080 -0.000218983
9100 -0.000199064
9120 -0.000180325
9140 -0.000162782
9160 -0.000146431
9180 -0.000131263
9200 -0.000117254
9220 -0.000104374
9240 -9.25838e-05
9260 -8.18384e-05
9280 -7.20876e-05
9300 -6.32772e-05
9320 -5.53504e-05
9340 -4.82484e-05
9360 -4.19121e-05
9380 -3.6282e-05
9400 -3.12998e-05
9420 -2.69086e-05
9440 -2.30533e-05
9460 -1.96814e-05
9480 -1.67433e-05
9500 -1.41921e-05
9520 -1.19843e-05
9540 -1.00794e-05
9560 -8.44045e-06
9580 -7.03349e-06
9600 -5.82777e-06
9620 -4.79556e-06
9640 -3.91196e-06
9660 -3.15476e-06
9680 -2.50421e-06
9700 -1.94287e-06
9720 -1.45535e-06
9740 -1.02808e-06
9760 -6.49162e-07
9780 -3.0806e-07
9800 4.56969e-09
9820 2.9712e-07
9840 5.77268e-07
9860 8.52215e-07
9880 1.12894e-06
9900 1.41449e-06
9920 1.71626e-06
9940 2.04236e-06
9960 2.40195e-06
9980 2.80574e-06
10000 3.16677e-06
10020 3.58626e-06
10040 4.07663e-06
10060 4.65295e-06
10080 5.33341e-06
10100 6.13992e-06
10120 7.09869e-06
10140 8.24094e-06
10160 9.60373e-06
10180 1.12308e-05
10200 1.31734e-05
10220 1.54916e-05
10240 1.82551e-05
10260 2.15447e-05
10280 2.54533e-05
10300 3.00874e-05
10320 3.55683e-05
10340 4.20335e-05
10360 4.96385e-05
10380 5.85573e-05
10400 6.89847e-05
10420 8.11367e-05
10440 9.52522e-05
10460 0.000111593
10480 0.000130447
10500 0.000152124
10520 0.000176962
10540 0.00020532
10560 0.000237583
10580 0.00027416
10600 0.00031548
10620 0.000361989
10640 0.000414152
10660 0.000472446
10680 0.000537356
10700 0.00060937
10720 0.000688975
10740 0.00077665
10760 0.000872859
10780 0.000978043
10800 0.00109261
10820 0.00121694
10840 0.00135136
10860 0.00149612
10880 0.00165145
10900 0.00181745
10920 0.00199419
10940 0.00218161
10960 0.00237957
10980 0.00258781
11000 0.00280598
11020 0.00303358
11040 0.00327002
11060 0.00351457
11080 0.00376638
11100 0.00402449
11120 0.00428779
11140 0.0045551
11160 0.00482509
11180 0.00509636
11200 0.00536742
11220 0.00563669
11240 0.00590256
11260 0.00616334
11280 0.00641733
11300 0.00666283
11320 0.00689814
11340 0.00712159
11360 0.00733155
11380 0.00752648
11400 0.0077049
11420 0.00786546
11440 0.00800691
11460 0.00812815
11480 0.00822823
11500 0.00830636
11520 0.00836192
11540 0.00839447
11560 0.00840376
11580 0.00838972
11600 0.00835246
11620 0.0082923
11640 0.00820969
11660 0.00810529
11680 0.00797991
11700 0.00783451
11720 0.00767016
11740 0.00748808
11760 0.00728958
11780 0.00707606
11800 0.006849
11820 0.0066099
11840 0.00636035
11860 0.00610191
11880 0.00583619
11900 0.00556476
11920 0.0052892
11940 0.00501105
11960 0.00473182
11980 0.00445298
12000 0.00417598
12020 0.0039022
12040 0.00363303
12060 0.00336978
12080 0.0031138
12100 0.0028664
12120 0.0026289
12140 0.00240266
12160 0.00218909
12180 0.00198964
12200 0.00180587
12220 0.00163946
12240 0.0014922
12260 0.00136604
12280 0.00126313
12300 0.00118581
12320 0.00113663
12340 0.00111838
12360 0.00113412
12380 0.00118715
12400 0.00128103
12420 0.00141962
12440 0.00160701
12460 0.00184755
12480 0.00214584
12500 0.00250667
12520 0.00293505
12540 0.00343609
12560 0.00401505
12580 0.0046772
12600 0.00542785
12620 0.00627222
12640 0.00721542
12660 0.00826235
12680 0.00941764
12700 0.0106856
12720 0.01207
12740 0.0135743
12760 0.0152012
12780 0.0169529
12800 0.0188308
12820 0.0208355
12840 0.0229668
12860 0.0252235
12880 0.0276038
12900 0.0301047
12920 0.0327222
12940 0.0354514
12960 0.0382865
12980 0.0412206
13000 0.0442462
13020 0.0473544
13040 0.0505361
13060 0.0537809
13080 0.0570781
13100 0.0604161
13120 0.063783
13140 0.0671664
13160 0.0705535
13180 0.0739312
13200 0.0772864
13220 0.0806058
13240 0.0838763
13260 0.0870847
13280 0.0902181
13300 0.0932638
13320 0.0962095
13340 0.0990432
13360 0.101753
13380 0.104329
13400 0.106759
13420 0.109035
13440 0.111146
13460 0.113083
13480 0.114839
13500 0.116406
13520 0.117778
13540 0.118947
13560 0.119908
13580 0.120658
13600 0.12119
13620 0.121504
13640 0.121595
13660 0.121463
13680 0.121107
13700 0.120526
13720 0.119723
13740 0.118698
13760 0.117456
13780 0.116
13800 0.114335
13820 0.112468
13840 0.110406
13860 0.108156
13880 0.105729
13900 0.103134
13920 0.100383
13940 0.0974884
13960 0.094462
13980 0.0913181
14000 0.0880709
14020 0.0847351
14040 0.0813261
14060 0.0778594
14080 0.0743507
14100 0.0708158
14120 0.0672701
14140 0.0637292
14160 0.060208
14180 0.056721
14200 0.0532822
14220 0.0499044
14240 0.0466002
14260 0.0433808
14280 0.0402564
14300 0.0372364
14320 0.0343289
14340 0.0315407
14360 0.0288777
14380 0.0263445
14400 0.0239444
14420 0.0216797
14440 0.0195517
14460 0.0175604
14480 0.0157051
14500 0.0139839
14520 0.0123943
14540 0.0109328
14560 0.00959557
14580 0.00837785
14600 0.00727457
14620 0.00628019
14640 0.00538885
14660 0.00459444
14680 0.00389065
14700 0.00327106
14720 0.00272918
14740 0.00225852
14760 0.00185262
14780 0.00150509
14800 0.0012096
14820 0.000959976
14840 0.000750123
14860 0.000574084
14880 0.000426018
14900 0.000300187
14920 0.000190947
14940 9.27251e-05
14960 0
