-20 0
0 -2.8387e-08
20 -5.82462e-08
40 -9.10899e-08
60 -1.28512e-07
80 -1.72225e-07
100 -2.24101e-07
120 -2.862e-07
140 -3.60808e-07
160 -4.50456e-07
180 -5.57946e-07
200 -6.86354e-07
220 -8.39039e-07
240 -1.01962e-06
260 -1.23197e-06
280 -1.48013e-06
300 -1.76829e-06
320 -2.10066e-06
340 -2.48141e-06
360 -2.91446e-06
380 -3.40337e-06
400 -3.95115e-06
420 -4.56001e-06
440 -5.23115e-06
460 -5.96451e-06
480 -6.7585e-06
500 -7.60972e-06
520 -8.51275e-06
540 -9.45988e-06
560 -1.04409e-05
580 -1.14429e-05
600 -1.24504e-05
620 -1.34449e-05
640 -1.44055e-05
660 -1.53085e-05
680 -1.6128e-05
700 -1.68364e-05
720 -1.74046e-05
740 -1.78028e-05
760 -1.80014e-05
780 -1.79714e-05
800 -1.76857e-05
820 -1.71202e-05
840 -1.62542e-05
860 -1.50719e-05
880 -1.35634e-05
900 -1.17249e-05
920 -9.5604e-06
940 -7.08132e-06
960 -4.30745e-06
980 -1.26685e-06
1000 2.00423e-06
1020 5.46175e-06
1040 9.05462e-06
1060 1.27256e-05
1080 1.64124e-05
1100 2.00493e-05
1120 2.35687e-05
1140 2.69028e-05
1160 2.99853e-05
1180 3.27535e-05
1200 3.51499e-05
1220 3.7124e-05
1240 3.86336e-05
1260 3.96463e-05
1280 4.01402e-05
1300 4.01047e-05
1320 3.9541e-05
1340 3.84618e-05
1360 3.68908e-05
1380 3.48624e-05
1400 3.24202e-05
1420 2.96161e-05
1440 2.65082e-05
1460 2.31599e-05
1480 1.96373e-05
1500 1.60079e-05
1520 1.23388e-05
1540 8.6946e-06
1560 5.13627e-06
1580 1.71964e-06
1600 -1.50582e-06
1620 -4.49771e-06
1640 -7.22145e-06
1660 -9.65057e-06
1680 -1.17668e-05
1700 -1.35598e-05
1720 -1.50269e-05
1740 -1.61726e-05
1760 -1.70076e-05
1780 -1.7548e-05
1800 -1.78145e-05
1820 -1.78313e-05
1840 -1.76253e-05
1860 -1.72248e-05
1880 -1.66591e-05
1900 -1.59572e-05
1920 -1.51476e-05
1940 -1.42573e-05
1960 -1.33113e-05
1980 -1.23326e-05
2000 -1.13417e-05
2020 -1.03562e-05
2040 -9.39138e-06
2060 -8.45964e-06
2080 -7.57088e-06
2100 -6.7326e-06
2120 -5.95006e-06
2140 -5.22659e-06
2160 -4.56378e-06
2180 -3.9617e-06
2200 -3.41927e-06
2220 -2.93437e-06
2240 -2.50415e-06
2260 -2.1252e-06
2280 -1.79377e-06
2300 -1.50583e-06
2320 -1.25737e-06
2340 -1.04436e-06
2360 -8.62867e-07
2380 -7.0921e-07
2400 -5.79923e-07
2420 -4.71767e-07
2440 -3.81822e-07
2460 -3.07479e-07
2480 -2.46369e-07
2500 -1.96404e-07
2520 -1.55803e-07
2540 -1.22996e-07
2560 -9.66082e-08
2580 -7.5504e-08
2600 -5.87383e-08
2620 -4.5476e-08
2640 -3.50223e-08
2660 -2.6844e-08
2680 -2.04929e-08
2700 -1.55654e-08
2720 -1.17509e-08
2740 -8.83462e-09
2760 -6.62641e-09
2780 -4.94182e-09
2800 -3.65195e-09
2820 -2.68881e-09
2840 -1.98731e-09
2860 -1.46334e-09
2880 -1.05593e-09
2900 -7.51019e-10
2920 -5.45005e-10
2940 -4.07478e-10
2960 -2.96785e-10
2980 -1.97691e-10
3000 -1.24693e-10
3020 -9.00679e-11
3040 -8.1003e-11
3060 -7.07302e-11
3080 -4.46893e-11
3100 -1.11553e-11
3120 1.08245e-11
3140 9.91848e-12
3160 -9.59947e-12
3180 -3.33229e-11
3200 -4.71127e-11
3220 -4.36409e-11
3240 -2.24326e-11
3260 1.41224e-11
3280 6.51954e-11
3300 1.34469e-10
3320 2.31677e-10
3340 3.73805e-10
3360 5.87084e-10
3380 9.10629e-10
3400 1.40239e-09
3420 2.14816e-09
3440 3.27481e-09
3460 4.96941e-09
3480 7.50656e-09
3500 1.12876e-08
3520 1.68962e-08
3540 2.51769e-08
3560 3.7346e-08
3580 5.5146e-08
3600 8.10613e-08
3620 1.18616e-07
3640 1.72784e-07
3660 2.50551e-07
3680 3.61676e-07
3700 5.19728e-07
3720 7.43474e-07
3740 1.05874e-06
3760 1.50089e-06
3780 2.11808e-06
3800 2.97559e-06
3820 4.16141e-06
3840 5.79356e-06
3860 8.0295e-06
3880 1.10782e-05
3900 1.52157e-05
3920 2.08044e-05
3940 2.83177e-05
3960 3.83709e-05
3980 5.17594e-05
4000 6.95055e-05
4020 9.29166e-05
4040 0.000123655
4060 0.000163823
4080 0.000216065
4100 0.000283688
4120 0.000370803
4140 0.000482497
4160 0.00062502
4180 0.000806015
4200 0.00103477
4220 0.00132249
4240 0.00168265
4260 0.00213131
4280 0.00268752
4300 0.00337374
4320 0.00421623
4340 0.00524558
4360 0.00649706
4380 0.0080112
4400 0.0098341
4420 0.0120179
4440 0.0146212
4460 0.017709
4480 0.0213534
4500 0.0256329
4520 0.0306332
4540 0.0364458
4560 0.0431683
4580 0.0509032
4600 0.0597572
4620 0.0698392
4640 0.0812594
4660 0.0941269
4680 0.108548
4700 0.124622
4720 0.142442
4740 0.162087
4760 0.183624
4780 0.2071
4800 0.232541
4820 0.259952
4840 0.289306
4860 0.32055
4880 0.353595
4900 0.388322
4920 0.424573
4940 0.462156
4960 0.500841
4980 0.540368
5000 0.580438
5020 0.620727
5040 0.660883
5060 0.700533
5080 0.739286
5100 0.776743
5120 0.812502
5140 0.846162
5160 0.877335
5180 0.905653
5200 0.930769
5220 0.952374
5240 0.970195
5260 0.984004
5280 0.993624
5300 0.998929
5320 0.999853
5340 0.996383
5360 0.988569
5380 0.976512
5400 0.960373
5420 0.940359
5440 0.916727
5460 0.889774
5480 0.859831
5500 0.827259
5520 0.792437
5540 0.75576
5560 0.717628
5580 0.678441
5600 0.638591
5620 0.598456
5640 0.558394
5660 0.518739
5680 0.479797
5700 0.441843
5720 0.405116
5740 0.369823
5760 0.336133
5780 0.304181
5800 0.274068
5820 0.245861
5840 0.219597
5860 0.195285
5880 0.172909
5900 0.152432
5920 0.133796
5940 0.116928
5960 0.101742
5980 0.0881449
6000 0.0760332
6020 0.0653012
6040 0.0558407
6060 0.0475437
6080 0.0403041
6100 0.0340189
6120 0.0285894
6140 0.0239224
6160 0.0199307
6180 0.0165331
6200 0.0136554
6220 0.0112299
6240 0.00919521
6260 0.00749666
6280 0.00608547
6300 0.00491859
6320 0.0039583
6340 0.00317174
6360 0.00253052
6380 0.00201022
6400 0.00159002
6420 0.00125223
6440 0.000981958
6460 0.0007667
6480 0.000596052
6500 0.000461392
6520 0.000355617
6540 0.000272913
6560 0.000208542
6580 0.000158669
6600 0.000120204
6620 9.06729e-05
6640 6.81031e-05
6660 5.09317e-05
6680 3.79263e-05
6700 2.81207e-05
6720 2.07609e-05
6740 1.52616e-05
6760 1.11708e-05
6780 8.14158e-06
6800 5.90836e-06
6820 4.26935e-06
6840 3.07181e-06
6860 2.20071e-06
6880 1.56989e-06
6900 1.11511e-06
6920 7.8868e-07
6940 5.55426e-07
6960 3.89486e-07
6980 2.71956e-07
7000 1.8908e-07
7020 1.30899e-07
7040 9.02338e-08
7060 6.19363e-08
7080 4.23317e-08
7100 2.88091e-08
7120 1.95227e-08
7140 1.31733e-08
7160 8.85108e-09
7180 5.92167e-09
7200 3.94493e-09
7220 2.61687e-09
7240 1.72852e-09
7260 1.13688e-09
7280 7.4457e-10
7300 4.85563e-10
7320 3.15309e-10
7340 2.03882e-10
7360 1.31272e-10
7380 8.41626e-11
7400 5.37301e-11
7420 3.41563e-11
7440 2.16211e-11
7460 1.36282e-11
7480 8.55369e-12
7500 5.34595e-12
7520 3.327e-12
7540 2.06175e-12
7560 1.27227e-12
7580 7.81768e-13
7600 4.78338e-13
7620 2.91441e-13
7640 1.76818e-13
7660 1.06822e-13
7680 6.42625e-14
7700 3.84959e-14
7720 2.29632e-14
7740 1.36399e-14
7760 8.06779e-15
7780 4.75182e-15
7800 2.78695e-15
7820 1.62765e-15
7840 9.46582e-16
7860 5.48177e-16
7880 3.16117e-16
7900 1.81527e-16
7920 1.03801e-16
7940 5.91058e-17
7960 3.35139e-17
7980 1.89229e-17
8000 1.06395e-17
8020 5.95689e-18
8040 3.32116e-18
8060 1.84387e-18
8080 1.01939e-18
8100 5.61206e-19
8120 3.07663e-19
8140 1.67958e-19
8160 9.13056e-20
8180 4.94274e-20
8200 2.66447e-20
8220 1.43031e-20
8240 7.64577e-21
8260 4.06994e-21
8280 2.1574e-21
8300 1.1388e-21
8320 5.98608e-22
8340 3.13338e-22
8360 1.63328e-22
8380 8.47789e-23
8400 4.38219e-23
8420 2.25566e-23
8440 1.15621e-23
8460 5.90169e-24
8480 2.99984e-24
8500 1.51844e-24
8520 7.65387e-25
8540 3.84189e-25
8560 1.92039e-25
8580 9.55911e-26
8600 4.73835e-26
8620 2.33895e-26
8640 1.14973e-26
8660 5.62805e-27
8680 2.74349e-27
8700 1.33178e-27
8720 6.43795e-28
8740 3.09919e-28
8760 1.48571e-28
8780 7.09265e-29
8800 3.37186e-29
8820 1.59631e-29
8840 7.52579e-30
8860 3.53326e-30
8880 1.65192e-30
8900 7.69113e-31
8920 3.566e-31
8940 1.6465e-31
8960 7.57065e-32
8980 3.46653e-32
9000 1.58069e-32
9020 7.17782e-33
9040 3.24585e-33
9060 1.4617e-33
9080 6.55509e-34
9100 2.92748e-34
9120 1.30197e-34
9140 5.76638e-35
9160 2.54331e-35
9180 1.1171e-35
9200 4.88625e-36
9220 2.12842e-36
9240 9.23283e-37
9260 3.98849e-37
9280 1.71585e-37
9300 7.35098e-38
9320 3.13624e-38
9340 1.33251e-38
9360 5.63808e-39
9380 2.37569e-39
9400 9.9689e-40
9420 4.16585e-40
9440 1.73364e-40
9460 7.18482e-41
9480 2.96532e-41
9500 1.21879e-41
9520 4.9887e-42
9540 2.03351e-42
9560 8.25481e-43
9580 3.33711e-43
9600 1.34349e-43
9620 5.38646e-44
9640 2.15067e-44
9660 8.55164e-45
9680 3.38632e-45
9700 1.3354e-45
9720 5.24441e-46
9740 2.05111e-46
9760 7.98887e-47
9780 3.09875e-47
9800 1.197e-47
9820 4.60478e-48
9840 1.76411e-48
9860 6.73029e-49
9880 2.5564e-49
9900 9.65077e-50
9920 3.57598e-50
9940 1.17812e-50
9960 0
