-10 0
0 2.18985e-92
10 1.24557e-91
20 6.80821e-91
30 3.6833e-90
40 1.97412e-89
50 1.0482e-88
60 5.51367e-88
70 2.8731e-87
80 1.48308e-86
90 7.58347e-86
100 3.84107e-85
110 1.9271e-84
120 9.57665e-84
130 4.71375e-83
140 2.29801e-82
150 1.10957e-81
160 5.306e-81
170 2.51288e-80
180 1.17858e-79
190 5.47408e-79
200 2.51779e-78
210 1.14675e-77
220 5.17182e-77
230 2.30957e-76
240 1.02122e-75
250 4.47087e-75
260 1.93792e-74
270 8.31639e-74
280 3.53327e-73
290 1.48609e-72
300 6.18767e-72
310 2.55039e-71
320 1.04057e-70
330 4.20244e-70
340 1.67991e-69
350 6.6468e-69
360 2.60294e-68
370 1.00885e-67
380 3.86975e-67
390 1.46901e-66
400 5.51868e-66
410 2.05164e-65
420 7.54767e-65
430 2.74761e-64
440 9.89731e-64
450 3.52767e-63
460 1.24411e-62
470 4.34129e-62
480 1.49886e-61
490 5.12012e-61
500 1.73049e-60
510 5.7866e-60
520 1.91445e-59
530 6.26656e-59
540 2.02947e-58
550 6.50291e-58
560 2.06165e-57
570 6.46715e-57
580 2.00733e-56
590 6.16522e-56
600 1.87382e-55
610 5.63617e-55
620 1.67784e-54
630 4.94382e-54
640 1.44201e-53
650 4.16409e-53
660 1.19062e-52
670 3.37128e-52
680 9.45497e-52
690 2.62693e-51
700 7.2319e-51
710 1.97319e-50
720 5.33709e-50
730 1.43145e-49
740 3.80804e-49
750 1.00511e-48
760 2.63297e-48
770 6.84757e-48
780 1.76859e-47
790 4.53799e-47
800 1.15714e-46
810 2.93315e-46
820 7.39342e-46
830 1.85373e-45
840 4.62446e-45
850 1.14815e-44
860 2.83764e-44
870 6.98281e-44
880 1.71117e-43
890 4.17649e-43
900 1.01541e-42
910 2.45938e-42
920 5.93472e-42
930 1.4269e-41
940 3.4184e-41
950 8.16027e-41
960 1.9411e-40
970 4.60109e-40
980 1.08679e-39
990 2.558e-39
1000 5.99971e-39
1010 1.40227e-38
1020 3.2659e-38
1030 7.57951e-38
1040 1.75285e-37
1050 4.03933e-37
1060 9.27544e-37
1070 2.12234e-36
1080 4.83893e-36
1090 1.09934e-35
1100 2.48865e-35
1110 5.61357e-35
1120 1.2617e-34
1130 2.82558e-34
1140 6.30515e-34
1150 1.40189e-33
1160 3.10572e-33
1170 6.85544e-33
1180 1.50775e-32
1190 3.30403e-32
1200 7.21394e-32
1210 1.56933e-31
1220 3.40146e-31
1230 7.34551e-31
1240 1.58045e-30
1250 3.38798e-30
1260 7.23598e-30
1270 1.53974e-29
1280 3.26426e-29
1290 6.89463e-29
1300 1.45084e-28
1310 3.04165e-28
1320 6.35294e-28
1330 1.32195e-27
1340 2.74047e-27
1350 5.65981e-27
1360 1.16451e-26
1370 2.38695e-26
1380 4.87417e-26
1390 9.91545e-26
1400 2.00944e-25
1410 4.0568e-25
1420 8.15899e-25
1430 1.63467e-24
1440 3.26256e-24
1450 6.48668e-24
1460 1.28474e-23
1470 2.53475e-23
1480 4.98172e-23
1490 9.7531e-23
1500 1.90205e-22
1510 3.69501e-22
1520 7.1502e-22
1530 1.37825e-21
1540 2.6463e-21
1550 5.06115e-21
1560 9.64175e-21
1570 1.82959e-20
1580 3.45814e-20
1590 6.51053e-20
1600 1.22088e-19
1610 2.28037e-19
1620 4.24242e-19
1630 7.86128e-19
1640 1.45091e-18
1650 2.66719e-18
1660 4.88345e-18
1670 8.90547e-18
1680 1.61749e-17
1690 2.92601e-17
1700 5.27178e-17
1710 9.45978e-17
1720 1.69062e-16
1730 3.00916e-16
1740 5.3343e-16
1750 9.41756e-16
1760 1.65587e-15
1770 2.89957e-15
1780 5.05661e-15
1790 8.78215e-15
1800 1.51898e-14
1810 2.61645e-14
1820 4.48823e-14
1830 7.66722e-14
1840 1.30436e-13
1850 2.20979e-13
1860 3.72814e-13
1870 6.26354e-13
1880 1.04792e-12
1890 1.74589e-12
1900 2.89655e-12
1910 4.78536e-12
1920 7.87257e-12
1930 1.28968e-11
1940 2.10382e-11
1950 3.41736e-11
1960 5.52747e-11
1970 8.90248e-11
1980 1.42772e-10
1990 2.27989e-10
2000 3.62515e-10
2010 5.73947e-10
2020 9.04792e-10
2030 1.42021e-09
2040 2.21964e-09
2050 3.45407e-09
2060 5.35176e-09
2070 8.2561e-09
2080 1.26813e-08
2090 1.93935e-08
2100 2.95292e-08
2110 4.47657e-08
2120 6.7567e-08
2130 1.01535e-07
2140 1.51908e-07
2150 2.26273e-07
2160 3.35556e-07
2170 4.9542e-07
2180 7.28207e-07
2190 1.06563e-06
2200 1.55247e-06
2210 2.25165e-06
2220 3.25117e-06
2230 4.67339e-06
2240 6.6877e-06
2250 9.52729e-06
2260 1.35116e-05
2270 1.90758e-05
2280 2.68101e-05
2290 3.751e-05
2300 5.22427e-05
2310 7.2432e-05
2320 9.99675e-05
2330 0.000137343
2340 0.000187833
2350 0.00025571
2360 0.000346524
2370 0.000467439
2380 0.000627651
2390 0.0008389
2400 0.00111609
2410 0.00147801
2420 0.00194825
2430 0.00255621
2440 0.00333834
2450 0.00433953
2460 0.00561473
2470 0.00723082
2480 0.00926859
2490 0.0118251
2500 0.0150161
2510 0.0189788
2520 0.0238745
2530 0.0298917
2540 0.0372491
2550 0.0461983
2560 0.0570266
2570 0.0700597
2580 0.0856632
2590 0.104244
2600 0.126253
2610 0.152179
2620 0.182553
2630 0.217944
2640 0.258951
2650 0.306199
2660 0.36033
2670 0.421993
2680 0.491829
2690 0.570459
2700 0.658466
2710 0.756377
2720 0.864641
2730 0.983611
2740 1.11352
2750 1.25446
2760 1.40636
2770 1.56898
2780 1.74185
2790 1.92433
2800 2.11553
2810 2.31433
2820 2.5194
2830 2.72918
2840 2.94189
2850 3.15557
2860 3.3681
2870 3.57721
2880 3.78053
2890 3.97567
2900 4.16018
2910 4.33168
2920 4.48788
2930 4.62663
2940 4.74596
2950 4.84414
2960 4.91972
2970 4.97157
2980 4.99889
2990 5.00126
3000 4.9786
3010 4.93124
3020 4.85986
3030 4.7655
3040 4.64952
3050 4.51358
3060 4.35959
3070 4.18966
3080 4.00608
3090 3.81124
3100 3.60759
3110 3.39759
3120 3.18366
3130 2.96811
3140 2.75316
3150 2.54085
3160 2.33304
3170 2.13137
3180 1.93726
3190 1.75189
3200 1.57621
3210 1.41095
3220 1.25659
3230 1.11343
3240 0.981562
3250 0.860905
3260 0.751234
3270 0.652194
3280 0.563325
3290 0.484084
3300 0.413868
3310 0.352031
3320 0.297904
3330 0.250812
3340 0.210086
3350 0.175074
3360 0.145151
3370 0.119727
3380 0.0982509
3390 0.080215
3400 0.0651549
3410 0.0526515
3420 0.0423298
3430 0.0338574
3440 0.0269422
3450 0.0213296
3460 0.0167998
3470 0.0131643
3480 0.0102627
3490 0.00795967
3500 0.00614187
3510 0.00471495
3520 0.00360102
3530 0.00273619
3540 0.00206841
3550 0.00155561
3560 0.00116396
3570 0.000866454
3580 0.000641693
3590 0.000472806
3600 0.000346587
3610 0.000252765
3620 0.000183399
3630 0.000132389
3640 9.5079e-05
3650 6.79352e-05
3660 4.82928e-05
3670 3.41546e-05
3680 2.40324e-05
3690 1.68238e-05
3700 1.17175e-05
3710 8.11944e-06
3720 5.59761e-06
3730 3.8394e-06
3740 2.62006e-06
3750 1.77887e-06
3760 1.20162e-06
3770 8.07572e-07
3780 5.3999e-07
3790 3.59238e-07
3800 2.37778e-07
3810 1.56588e-07
3820 1.02598e-07
3830 6.68839e-08
3840 4.33813e-08
3850 2.79953e-08
3860 1.7975e-08
3870 1.14831e-08
3880 7.29891e-09
3890 4.61599e-09
3900 2.90456e-09
3910 1.81849e-09
3920 1.1328e-09
3930 7.02125e-10
3940 4.33008e-10
3950 2.65701e-10
3960 1.62225e-10
3970 9.85484e-11
3980 5.95711e-11
3990 3.58287e-11
4000 2.14372e-11
4010 1.27675e-11
4020 7.57361e-12
4030 4.46839e-12
4040 2.63768e-12
4050 1.54639e-12
4060 9.05093e-13
4070 5.34207e-13
4080 3.09293e-13
4090 1.82192e-13
4100 1.12139e-13
4110 7.61071e-14
4120 5.37611e-14
4130 4.27678e-14
4140 3.21218e-14
4150 2.76522e-14
4160 2.22078e-14
4170 1.88891e-14
4180 1.55667e-14
4190 1.76672e-14
4200 1.85772e-14
4210 2.18351e-14
4220 2.17108e-14
4230 2.13307e-14
4240 2.03365e-14
4250 1.9659e-14
4260 2.24321e-14
4270 1.81362e-14
4280 1.52097e-14
4290 1.6755e-14
4300 1.77182e-14
4310 1.867e-14
4320 2.44126e-14
4330 2.59349e-14
4340 2.90518e-14
4350 3.15646e-14
4360 3.20223e-14
4370 3.34646e-14
4380 3.00027e-14
4390 3.86321e-14
4400 4.27156e-14
4410 3.95606e-14
4420 3.70744e-14
4430 3.11408e-14
4440 3.77437e-14
4450 4.32509e-14
4460 3.77441e-14
4470 3.81882e-14
4480 3.94138e-14
4490 4.72491e-14
4500 3.69613e-14
4510 4.1274e-14
4520 3.94393e-14
4530 3.73681e-14
4540 3.59794e-14
4550 2.96814e-14
4560 3.01444e-14
4570 3.38659e-14
4580 3.08063e-14
4590 2.86901e-14
4600 2.64694e-14
4610 2.94996e-14
4620 3.1107e-14
4630 2.86777e-14
4640 2.70968e-14
4650 2.73269e-14
4660 2.63634e-14
4670 2.719e-14
4680 2.00287e-14
4690 2.02216e-14
4700 1.85952e-14
4710 2.14613e-14
4720 1.50326e-14
4730 1.80632e-14
4740 1.01197e-14
4750 1.34158e-14
4760 2.734e-15
4770 1.09573e-14
4780 9.73141e-15
4790 1.03828e-14
4800 1.01531e-14
4810 1.0982e-14
4820 8.54699e-15
4830 1.4316e-14
4840 8.0238e-15
4850 4.33668e-15
4860 5.80585e-16
4870 7.11572e-15
4880 5.76977e-15
4890 4.31788e-15
4900 5.83883e-15
4910 3.19727e-16
4920 -4.56083e-16
4930 4.78954e-15
4940 -2.90755e-15
4950 -1.95645e-15
4960 1.10057e-15
4970 8.06773e-17
4980 -8.03835e-15
4990 -1.24814e-14
5000 -8.61964e-15
5010 -7.41264e-15
5020 -3.76228e-15
5030 -7.69112e-15
5040 -6.5996e-15
5050 -3.04193e-15
5060 1.51564e-15
5070 4.3016e-15
5080 2.4462e-15
5090 1.55241e-15
5100 -1.94446e-15
5110 -7.78315e-15
5120 -1.56491e-14
5130 -1.32123e-14
5140 -1.2873e-14
5150 -3.24152e-15
5160 -6.16261e-15
5170 -3.83569e-15
5180 -5.57041e-15
5190 -2.08827e-15
5200 -7.90129e-15
5210 -9.63779e-15
5220 -1.31445e-14
5230 -1.79174e-14
5240 -1.7865e-14
5250 -1.21955e-14
5260 -7.78883e-15
5270 -2.06113e-15
5280 -8.17778e-15
5290 -5.15593e-15
5300 -1.68879e-14
5310 -1.61781e-14
5320 -1.56836e-14
5330 -9.39438e-15
5340 -5.04965e-15
5350 -9.65588e-15
5360 -1.89265e-15
5370 -3.61497e-15
5380 6.70401e-15
5390 -3.69245e-15
5400 -1.11405e-14
5410 -1.07611e-14
5420 -7.78792e-15
5430 -7.85347e-15
5440 -9.86353e-15
5450 -1.07527e-14
5460 -9.67216e-15
5470 -9.56275e-15
5480 -6.56409e-15
5490 -4.68369e-15
5500 -4.41572e-15
5510 -4.77984e-15
5520 -8.20774e-15
5530 -1.62451e-15
5540 -1.78392e-15
5550 -1.33549e-15
5560 6.83351e-15
5570 4.13348e-15
5580 3.73401e-15
5590 3.18623e-15
5600 6.18952e-15
5610 -1.81291e-15
5620 -8.30948e-16
5630 -5.82e-15
5640 -4.82256e-15
5650 -4.74092e-15
5660 -6.98965e-15
5670 -9.86226e-15
5680 -2.389e-15
5690 -3.46869e-15
5700 -7.40055e-15
5710 -7.40401e-15
5720 -8.41022e-15
5730 -4.61887e-15
5740 -8.25927e-15
5750 -4.78344e-15
5760 -1.25114e-14
5770 -1.09883e-14
5780 -9.06062e-15
5790 -1.06475e-14
5800 -7.70091e-16
5810 -5.13719e-15
5820 -5.25733e-15
5830 -6.02201e-15
5840 -3.42521e-16
5850 7.95109e-15
5860 2.1024e-14
5870 4.62738e-14
5880 9.02209e-14
5890 1.60471e-13
5900 2.78548e-13
5910 4.97903e-13
5920 8.77426e-13
5930 1.50732e-12
5940 2.59645e-12
5950 4.43716e-12
5960 7.53239e-12
5970 1.27342e-11
5980 2.14113e-11
5990 3.58011e-11
6000 5.95433e-11
6010 9.85258e-11
6020 1.62193e-10
6030 2.65655e-10
6040 4.32958e-10
6050 7.02079e-10
6060 1.13276e-09
6070 1.81844e-09
6080 2.90452e-09
6090 4.61594e-09
6100 7.29888e-09
6110 1.14831e-08
6120 1.7975e-08
6130 2.79952e-08
6140 4.33812e-08
6150 6.68838e-08
6160 1.02598e-07
6170 1.56588e-07
6180 2.37778e-07
6190 3.59238e-07
6200 5.3999e-07
6210 8.07572e-07
6220 1.20162e-06
6230 1.77887e-06
6240 2.62006e-06
6250 3.8394e-06
6260 5.59761e-06
6270 8.11944e-06
6280 1.17175e-05
6290 1.68238e-05
6300 2.40324e-05
6310 3.41546e-05
6320 4.82928e-05
6330 6.79352e-05
6340 9.5079e-05
6350 0.000132389
6360 0.000183399
6370 0.000252765
6380 0.000346587
6390 0.000472806
6400 0.000641693
6410 0.000866454
6420 0.00116396
6430 0.00155561
6440 0.00206841
6450 0.00273619
6460 0.00360102
6470 0.00471495
6480 0.00614187
6490 0.00795967
6500 0.0102627
6510 0.0131643
6520 0.0167998
6530 0.0213296
6540 0.0269422
6550 0.0338574
6560 0.0423298
6570 0.0526515
6580 0.0651549
6590 0.080215
6600 0.0982509
6610 0.119727
6620 0.145151
6630 0.175074
6640 0.210086
6650 0.250812
6660 0.297904
6670 0.352031
6680 0.413868
6690 0.484084
6700 0.563325
6710 0.652194
6720 0.751234
6730 0.860905
6740 0.981562
6750 1.11343
6760 1.25659
6770 1.41095
6780 1.57621
6790 1.75189
6800 1.93726
6810 2.13137
6820 2.33304
6830 2.54085
6840 2.75316
6850 2.96811
6860 3.18366
6870 3.39759
6880 3.60759
6890 3.81124
6900 4.00608
6910 4.18966
6920 4.35959
6930 4.51358
6940 4.64952
6950 4.7655
6960 4.85986
6970 4.93124
6980 4.9786
6990 5.00126
7000 4.99889
7010 4.97157
7020 4.91972
7030 4.84414
7040 4.74596
7050 4.62663
7060 4.48788
7070 4.33168
7080 4.16018
7090 3.97567
7100 3.78053
7110 3.57721
7120 3.3681
7130 3.15557
7140 2.94189
7150 2.72918
7160 2.5194
7170 2.31433
7180 2.11553
7190 1.92433
7200 1.74185
7210 1.56898
7220 1.40636
7230 1.25446
7240 1.11352
7250 0.983611
7260 0.864641
7270 0.756377
7280 0.658466
7290 0.570459
7300 0.491829
7310 0.421993
7320 0.36033
7330 0.306199
7340 0.258951
7350 0.217944
7360 0.182553
7370 0.152179
7380 0.126253
7390 0.104244
7400 0.0856632
7410 0.0700597
7420 0.0570266
7430 0.0461983
7440 0.0372491
7450 0.0298917
7460 0.0238745
7470 0.0189788
7480 0.0150161
7490 0.0118251
7500 0.00926859
7510 0.00723082
7520 0.00561473
7530 0.00433953
7540 0.00333834
7550 0.00255621
7560 0.00194825
7570 0.00147801
7580 0.00111609
7590 0.0008389
7600 0.000627651
7610 0.000467439
7620 0.000346524
7630 0.00025571
7640 0.000187833
7650 0.000137343
7660 9.99675e-05
7670 7.2432e-05
7680 5.22427e-05
7690 3.751e-05
7700 2.68101e-05
7710 1.90758e-05
7720 1.35116e-05
7730 9.52729e-06
7740 6.6877e-06
7750 4.67339e-06
7760 3.25117e-06
7770 2.25165e-06
7780 1.55247e-06
7790 1.06563e-06
7800 7.28207e-07
7810 4.9542e-07
7820 3.35556e-07
7830 2.26273e-07
7840 1.51908e-07
7850 1.01535e-07
7860 6.7567e-08
7870 4.47657e-08
7880 2.95292e-08
7890 1.93935e-08
7900 1.26813e-08
7910 8.2561e-09
7920 5.35176e-09
7930 3.45407e-09
7940 2.21964e-09
7950 1.42021e-09
7960 9.04792e-10
7970 5.73947e-10
7980 3.62515e-10
7990 2.27989e-10
8000 1.42772e-10
8010 8.90248e-11
8020 5.52747e-11
8030 3.41736e-11
8040 2.10382e-11
8050 1.28968e-11
8060 7.87257e-12
8070 4.78536e-12
8080 2.89655e-12
8090 1.74589e-12
8100 1.04792e-12
8110 6.26354e-13
8120 3.72814e-13
8130 2.20979e-13
8140 1.30436e-13
8150 7.66722e-14
8160 4.48823e-14
8170 2.61645e-14
8180 1.51898e-14
8190 8.78215e-15
8200 5.05661e-15
8210 2.89957e-15
8220 1.65587e-15
8230 9.41756e-16
8240 5.3343e-16
8250 3.00916e-16
8260 1.69062e-16
8270 9.45978e-17
8280 5.27178e-17
8290 2.92601e-17
8300 1.61749e-17
8310 8.90547e-18
8320 4.88345e-18
8330 2.66719e-18
8340 1.45091e-18
8350 7.86128e-19
8360 4.24242e-19
8370 2.28037e-19
8380 1.22088e-19
8390 6.51053e-20
8400 3.45814e-20
8410 1.82959e-20
8420 9.64175e-21
8430 5.06115e-21
8440 2.6463e-21
8450 1.37825e-21
8460 7.1502e-22
8470 3.69501e-22
8480 1.90205e-22
8490 9.7531e-23
8500 4.98172e-23
8510 2.53475e-23
8520 1.28474e-23
8530 6.48668e-24
8540 3.26256e-24
8550 1.63467e-24
8560 8.15899e-25
8570 4.0568e-25
8580 2.00944e-25
8590 9.91545e-26
8600 4.87417e-26
8610 2.38695e-26
8620 1.16451e-26
8630 5.65981e-27
8640 2.74047e-27
8650 1.32195e-27
8660 6.35294e-28
8670 3.04165e-28
8680 1.45084e-28
8690 6.89463e-29
8700 3.26426e-29
8710 1.53974e-29
8720 7.23598e-30
8730 3.38798e-30
8740 1.58045e-30
8750 7.34551e-31
8760 3.40146e-31
8770 1.56933e-31
8780 7.21394e-32
8790 3.30403e-32
8800 1.50775e-32
8810 6.85544e-33
8820 3.10572e-33
8830 1.40189e-33
8840 6.30515e-34
8850 2.82558e-34
8860 1.2617e-34
8870 5.61357e-35
8880 2.48865e-35
8890 1.09934e-35
8900 4.83893e-36
8910 2.12234e-36
8920 9.27544e-37
8930 4.03933e-37
8940 1.75285e-37
8950 7.57951e-38
8960 3.2659e-38
8970 1.40227e-38
8980 5.99971e-39
8990 2.558e-39
9000 1.08679e-39
9010 4.60109e-40
9020 1.9411e-40
9030 8.16027e-41
9040 3.4184e-41
9050 1.4269e-41
9060 5.93472e-42
9070 2.45938e-42
9080 1.01541e-42
9090 4.17649e-43
9100 1.71117e-43
9110 6.98281e-44
9120 2.83764e-44
9130 1.14815e-44
9140 4.62446e-45
9150 1.85373e-45
9160 7.39342e-46
9170 2.93315e-46
9180 1.15714e-46
9190 4.53799e-47
9200 1.76859e-47
9210 6.84757e-48
9220 2.63297e-48
9230 1.00511e-48
9240 3.80804e-49
9250 1.43145e-49
9260 5.33709e-50
9270 1.97319e-50
9280 7.2319e-51
9290 2.62693e-51
9300 9.45497e-52
9310 3.37128e-52
9320 1.19062e-52
9330 4.16409e-53
9340 1.44201e-53
9350 4.94382e-54
9360 1.67784e-54
9370 5.63617e-55
9380 1.87382e-55
9390 6.16522e-56
9400 2.00733e-56
9410 6.46715e-57
9420 2.06165e-57
9430 6.50291e-58
9440 2.02947e-58
9450 6.26656e-59
9460 1.91445e-59
9470 5.7866e-60
9480 1.73049e-60
9490 5.12012e-61
9500 1.49886e-61
9510 4.34129e-62
9520 1.24411e-62
9530 3.52767e-63
9540 9.89731e-64
9550 2.74761e-64
9560 7.54767e-65
9570 2.05164e-65
9580 5.51868e-66
9590 1.46901e-66
9600 3.86975e-67
9610 1.00885e-67
9620 2.60294e-68
9630 6.6468e-69
9640 1.67991e-69
9650 4.20244e-70
9660 1.04057e-70
9670 2.55039e-71
9680 6.18767e-72
9690 1.48609e-72
9700 3.53327e-73
9710 8.31639e-74
9720 1.93792e-74
9730 4.47087e-75
9740 1.02122e-75
9750 2.30957e-76
9760 5.17182e-77
9770 1.14675e-77
9780 2.51779e-78
9790 5.47408e-79
9800 1.17858e-79
9810 2.51288e-80
9820 5.306e-81
9830 1.10957e-81
9840 2.29801e-82
9850 4.71375e-83
9860 9.57665e-84
9870 1.9271e-84
9880 3.84107e-85
9890 7.58347e-86
9900 1.48308e-86
9910 2.8731e-87
9920 5.51367e-88
9930 1.0482e-88
9940 1.97412e-89
9950 3.6833e-90
9960 6.80859e-91
9970 1.24774e-91
9980 2.31255e-92
9990 6.87694e-93
10000 2.03356e-93
10010 5.97958e-94
10020 1.74838e-94
10030 5.08336e-95
10040 1.46964e-95
10050 4.22488e-96
10060 1.20769e-96
10070 3.4327e-97
10080 9.70175e-98
10090 2.72643e-98
10100 7.61845e-99
10110 2.11672e-99
10120 5.84766e-100
10130 1.60627e-100
10140 4.38703e-101
10150 1.19133e-101
10160 3.21665e-102
10170 8.63534e-103
10180 2.30492e-103
10190 6.11688e-104
10200 1.61398e-104
10210 4.23404e-105
10220 1.10433e-105
10230 2.86369e-106
10240 7.38295e-107
10250 1.89239e-107
10260 4.82236e-108
10270 1.22173e-108
10280 3.0772e-109
10290 7.70535e-110
10300 1.91815e-110
10310 4.74706e-111
10320 1.16791e-111
10330 2.85653e-112
10340 6.94547e-113
10350 1.67879e-113
10360 4.03385e-114
10370 9.6353e-115
10380 2.28786e-115
10390 5.40014e-116
10400 1.26704e-116
10410 2.95514e-117
10420 6.85115e-118
10430 1.57886e-118
10440 3.61669e-119
10450 8.23496e-120
10460 1.86376e-120
10470 4.19267e-121
10480 9.37472e-122
10490 2.08347e-122
10500 4.60228e-123
10510 1.01044e-123
10520 2.2049e-124
10530 4.782e-125
10540 1.03077e-125
10550 2.20822e-126
10560 4.70159e-127
10570 9.94861e-128
10580 2.09213e-128
10590 4.3724e-129
10600 9.08127e-130
10610 1.87441e-130
10620 3.84474e-131
10630 7.83695e-132
10640 1.58744e-132
10650 3.19532e-133
10660 6.39129e-134
10670 1.27032e-134
10680 2.50891e-135
10690 4.9237e-136
10700 9.6013e-137
10710 1.86034e-137
10720 3.58153e-138
10730 6.85103e-139
10740 1.3021e-139
10750 2.45882e-140
10760 4.61314e-141
10770 8.59894e-142
10780 1.59245e-142
10790 2.92987e-143
10800 5.35535e-144
10810 9.72469e-145
10820 1.7543e-145
10830 3.14385e-146
10840 5.59686e-147
10850 9.89788e-148
10860 1.73879e-148
10870 3.03424e-149
10880 5.25947e-150
10890 9.05556e-151
10900 1.54868e-151
10910 2.63069e-152
10920 4.43846e-153
10930 7.43772e-154
10940 1.23789e-154
10950 2.04623e-155
10960 3.35924e-156
10970 5.47691e-157
10980 8.86805e-158
10990 1.42596e-158
11000 2.27702e-159
11010 3.61073e-160
11020 5.68565e-161
11030 8.89023e-162
11040 1.38033e-162
11050 2.12805e-163
11060 3.25758e-164
11070 4.95125e-165
11080 7.47188e-166
11090 1.11951e-166
11100 1.66533e-167
11110 2.45942e-168
11120 3.60592e-169
11130 5.24852e-170
11140 7.58378e-171
11150 1.0878e-171
11160 1.54888e-172
11170 2.18915e-173
11180 3.07123e-174
11190 4.27678e-175
11200 5.91119e-176
11210 8.10913e-177
11220 1.10409e-177
11230 1.49192e-178
11240 2.00075e-179
11250 2.66274e-180
11260 3.51673e-181
11270 4.60906e-182
11280 5.99424e-183
11290 7.73553e-184
11300 9.90526e-185
11310 1.25848e-185
11320 1.58643e-186
11330 1.98413e-187
11340 2.46196e-188
11350 3.03066e-189
11360 3.70106e-190
11370 4.48364e-191
11380 5.38809e-192
11390 6.42278e-193
11400 7.59416e-194
11410 8.90611e-195
11420 1.03593e-195
11430 1.19507e-196
11440 1.36727e-197
11450 1.55133e-198
11460 1.74549e-199
11470 1.94751e-200
11480 2.15463e-201
11490 2.36363e-202
11500 2.57088e-203
11510 2.77242e-204
11520 2.9641e-205
11530 3.14169e-206
11540 3.30106e-207
11550 3.43827e-208
11560 3.54982e-209
11570 3.6327e-210
11580 3.6846e-211
11590 3.70397e-212
11600 3.69011e-213
11610 3.64321e-214
11620 3.56436e-215
11630 3.45547e-216
11640 3.31924e-217
11650 3.15904e-218
11660 2.97874e-219
11670 2.78257e-220
11680 2.57497e-221
11690 2.3604e-222
11700 2.14321e-223
11710 1.92744e-224
11720 1.71677e-225
11730 1.51435e-226
11740 1.32283e-227
11750 1.14424e-228
11760 9.80017e-230
11770 8.31056e-231
11780 6.97714e-232
11790 5.79891e-233
11800 4.77099e-234
11810 3.88538e-235
11820 3.13178e-236
11830 2.49835e-237
11840 1.97235e-238
11850 1.54083e-239
11860 1.19106e-240
11870 9.10934e-242
11880 6.89255e-243
11890 5.15917e-244
11900 3.8199e-245
11910 2.79744e-246
11920 2.02614e-247
11930 1.45125e-248
11940 1.02788e-249
11950 7.19826e-251
11960 4.98383e-252
11970 3.41122e-253
11980 2.30794e-254
11990 1.54336e-255
12000 1.01999e-256
12010 6.66143e-258
12020 4.29871e-259
12030 2.74071e-260
12040 1.72622e-261
12050 1.07397e-262
12060 6.59937e-264
12070 4.00478e-265
12080 2.39978e-266
12090 1.4198e-267
12100 8.29274e-269
12110 4.78111e-270
12120 2.7206e-271
12130 1.52775e-272
12140 8.46508e-274
12150 4.62749e-275
12160 2.49538e-276
12170 1.32721e-277
12180 6.9614e-279
12190 3.60032e-280
12200 1.83572e-281
12210 9.22629e-283
12220 4.57018e-284
12230 2.23076e-285
12240 1.07279e-286
12250 5.08212e-288
12260 2.37118e-289
12270 1.08942e-290
12280 4.92784e-292
12290 2.19415e-293
12300 9.6147e-295
12310 4.14552e-296
12320 1.75835e-297
12330 7.33533e-299
12340 3.00904e-300
12350 1.21347e-301
12360 4.80974e-303
12370 1.87327e-304
12380 7.16728e-306
12390 2.69323e-307
12400 9.93667e-309
12410 3.59862e-310
12420 1.27889e-311
12430 4.45869e-313
12440 1.52451e-314
12450 5.11299e-316
12460 1.70568e-317
12470 7.98944e-319
12480 2.65402e-319
12490 2.38219e-319
12500 2.26875e-319
12510 2.15808e-319
12520 2.05017e-319
12530 1.94504e-319
12540 1.84267e-319
12550 1.74306e-319
12560 1.64623e-319
12570 1.55216e-319
12580 1.46085e-319
12590 1.37232e-319
12600 1.28655e-319
12610 1.20354e-319
12620 1.12331e-319
12630 1.04584e-319
12640 9.71135e-320
12650 8.99199e-320
12660 8.3003e-320
12670 7.63628e-320
12680 6.99992e-320
12690 6.39123e-320
12700 5.81021e-320
12710 5.25686e-320
12720 4.73117e-320
12730 4.23315e-320
12740 3.7628e-320
12750 3.32012e-320
12760 2.90511e-320
12770 2.51776e-320
12780 2.15808e-320
12790 1.82607e-320
12800 1.52172e-320
12810 1.24505e-320
12820 9.96036e-321
12830 7.74695e-321
12840 5.81021e-321
12850 4.15015e-321
12860 2.76677e-321
12870 1.66006e-321
12880 8.3003e-322
12890 2.76677e-322
12900 0
12910 0
12920 0
12930 0
12940 0
12950 0
12960 0
12970 0
12980 0
12990 0
13000 0
13010 0
13020 0
13030 0
13040 0
13050 0
13060 0
13070 0
13080 0
13090 0
13100 0
13110 0
13120 0
13130 0
13140 0
13150 0
13160 0
13170 0
13180 0
13190 0
13200 0
13210 0
13220 0
13230 0
13240 0
13250 0
13260 0
13270 0
13280 0
13290 0
13300 0
13310 0
13320 0
13330 0
13340 0
13350 0
13360 0
13370 0
13380 0
13390 0
13400 0
13410 0
13420 0
13430 0
13440 0
13450 0
13460 0
13470 0
13480 0
13490 0
13500 0
13510 0
13520 0
13530 0
13540 0
13550 0
13560 0
13570 0
13580 0
13590 0
13600 0
13610 0
13620 0
13630 0
13640 0
13650 0
13660 0
13670 0
13680 0
13690 0
13700 0
13710 0
13720 0
13730 0
13740 0
13750 0
13760 0
13770 0
13780 0
13790 0
13800 0
13810 0
13820 0
13830 0
13840 0
13850 0
13860 0
13870 0
13880 0
13890 0
13900 0
13910 0
13920 0
13930 0
13940 0
13950 0
13960 0
13970 0
13980 0
13990 0
14000 0
14010 0
14020 0
14030 0
14040 0
14050 0
14060 0
14070 0
14080 0
14090 0
14100 0
14110 0
14120 0
14130 0
14140 0
14150 0
14160 0
14170 0
14180 0
14190 0
14200 0
14210 0
14220 0
14230 0
14240 0
14250 0
14260 0
14270 0
14280 0
14290 0
14300 0
14310 0
14320 0
14330 0
14340 0
14350 0
14360 0
14370 0
14380 0
14390 0
14400 0
14410 0
14420 0
14430 0
14440 0
14450 0
14460 0
14470 0
14480 0
14490 0
14500 0
14510 0
14520 0
14530 0
14540 0
14550 0
14560 0
14570 0
14580 0
14590 0
14600 0
14610 0
14620 0
14630 0
14640 0
14650 0
14660 0
14670 0
14680 0
14690 0
14700 0
14710 0
14720 0
14730 0
14740 0
14750 0
14760 0
14770 0
14780 0
14790 0
14800 0
14810 0
14820 0
14830 0
14840 0
14850 0
14860 0
14870 0
14880 0
14890 0
14900 0
14910 0
14920 0
14930 0
14940 0
14950 0
14960 0
14970 0
14980 0
14990 0
15000 0
15010 0
15020 0
15030 0
15040 0
15050 0
15060 0
15070 0
15080 0
15090 0
15100 0
15110 0
15120 0
15130 0
15140 0
15150 0
15160 0
15170 0
15180 0
15190 0
15200 0
15210 0
15220 0
15230 0
15240 0
15250 0
15260 0
15270 0
15280 0
15290 0
15300 0
15310 0
15320 0
15330 0
15340 0
15350 0
15360 0
15370 0
15380 0
15390 0
15400 0
15410 0
15420 0
15430 0
15440 0
15450 0
15460 0
15470 0
15480 0
15490 0
15500 0
15510 0
15520 0
15530 0
15540 0
15550 0
15560 0
15570 0
15580 0
15590 0
15600 0
15610 0
15620 0
15630 0
15640 0
15650 0
15660 0
15670 0
15680 0
15690 0
15700 0
15710 0
15720 0
15730 0
15740 0
15750 0
15760 0
15770 0
15780 0
15790 0
15800 0
15810 0
15820 0
15830 0
15840 0
15850 0
15860 0
15870 0
15880 0
15890 0
15900 0
15910 0
15920 0
15930 0
15940 0
15950 0
15960 0
15970 0
15980 0
15990 0
16000 0
16010 0
16020 0
16030 0
16040 0
16050 0
16060 0
16070 0
16080 0
16090 0
16100 0
16110 0
16120 0
16130 0
16140 0
16150 0
16160 0
16170 0
16180 0
16190 0
16200 0
16210 0
16220 0
16230 0
16240 0
16250 0
16260 0
16270 0
16280 0
16290 0
16300 0
16310 0
16320 0
16330 0
16340 0
16350 0
16360 0
16370 0
16380 0
16390 0
16400 0
16410 0
16420 0
16430 0
16440 0
16450 0
16460 0
16470 0
16480 0
16490 0
16500 0
16510 0
16520 0
16530 0
16540 0
16550 0
16560 0
16570 0
16580 0
16590 0
16600 0
16610 0
16620 0
16630 0
16640 0
16650 0
16660 0
16670 0
16680 0
16690 0
16700 0
16710 0
16720 0
16730 0
16740 0
16750 0
16760 0
16770 0
16780 0
16790 0
16800 0
16810 0
16820 0
16830 0
16840 0
16850 0
16860 0
16870 0
16880 0
16890 0
16900 0
16910 0
16920 0
16930 0
16940 0
16950 0
16960 0
16970 0
16980 0
16990 0
17000 0
17010 0
17020 0
17030 0
17040 0
17050 0
17060 0
17070 0
17080 0
17090 0
17100 0
17110 0
17120 0
17130 0
17140 0
17150 0
17160 0
17170 0
17180 0
17190 0
17200 0
17210 0
17220 0
17230 0
17240 0
17250 0
17260 0
17270 0
17280 0
17290 0
17300 0
17310 0
17320 0
17330 0
17340 0
17350 0
17360 0
17370 0
17380 0
17390 0
17400 0
17410 0
17420 0
17430 0
17440 0
17450 0
17460 0
17470 0
17480 0
17490 0
17500 0
17510 0
17520 0
17530 0
17540 0
17550 0
17560 0
17570 0
17580 0
17590 0
17600 0
17610 0
17620 0
17630 0
17640 0
17650 0
17660 0
17670 0
17680 0
17690 0
17700 0
17710 0
17720 0
17730 0
17740 0
17750 0
17760 0
17770 0
17780 0
17790 0
17800 0
17810 0
17820 0
17830 0
17840 0
17850 0
17860 0
17870 0
17880 0
17890 0
17900 0
17910 0
17920 0
17930 0
17940 0
17950 0
17960 0
17970 0
17980 0
17990 0
18000 0
18010 0
18020 0
18030 0
18040 0
18050 0
18060 0
18070 0
18080 0
18090 0
18100 0
18110 0
18120 0
18130 0
18140 0
18150 0
18160 0
18170 0
18180 0
18190 0
18200 0
18210 0
18220 0
18230 0
18240 0
18250 0
18260 0
18270 0
18280 0
18290 0
18300 0
18310 0
18320 0
18330 0
18340 0
18350 0
18360 0
18370 0
18380 0
18390 0
18400 0
18410 0
18420 0
18430 0
18440 0
18450 0
18460 0
18470 0
18480 0
18490 0
18500 0
18510 0
18520 0
18530 0
18540 0
18550 0
18560 0
18570 0
18580 0
18590 0
18600 0
18610 0
18620 0
18630 0
18640 0
18650 0
18660 0
18670 0
18680 0
18690 0
18700 0
18710 0
18720 0
18730 0
18740 0
18750 0
18760 0
18770 0
18780 0
18790 0
18800 0
18810 0
18820 0
18830 0
18840 0
18850 0
18860 0
18870 0
18880 0
18890 0
18900 0
18910 0
18920 0
18930 0
18940 0
18950 0
18960 0
18970 0
18980 0
18990 0
19000 0
19010 0
19020 0
19030 0
19040 0
19050 0
19060 0
19070 0
19080 0
19090 0
19100 0
19110 0
19120 0
19130 0
19140 0
19150 0
19160 0
19170 0
19180 0
19190 0
19200 0
19210 0
19220 0
19230 0
19240 0
19250 0
19260 0
19270 0
19280 0
19290 0
19300 0
19310 0
19320 0
19330 0
19340 0
19350 0
19360 0
19370 0
19380 0
19390 0
19400 0
19410 0
19420 0
19430 0
19440 0
19450 0
19460 0
19470 0
19480 0
19490 0
19500 0
19510 0
19520 0
19530 0
19540 0
19550 0
19560 0
19570 0
19580 0
19590 0
19600 0
19610 0
19620 0
19630 0
19640 0
19650 0
19660 0
19670 0
19680 0
19690 0
19700 0
19710 0
19720 0
19730 0
19740 0
19750 0
19760 0
19770 0
19780 0
19790 0
19800 0
19810 0
19820 0
19830 0
19840 0
19850 0
19860 0
19870 0
19880 0
19890 0
19900 0
19910 0
19920 0
19930 0
19940 0
19950 0
19960 0
19970 0
19980 0
19990 0
20000 0
20010 0
20020 0
20030 0
20040 0
20050 0
20060 0
20070 0
20080 0
20090 0
20100 0
20110 0
20120 0
20130 0
20140 0
20150 0
20160 0
20170 0
20180 0
20190 0
20200 0
20210 0
20220 0
20230 0
20240 0
20250 0
20260 0
20270 0
20280 0
20290 0
20300 0
20310 0
20320 0
20330 0
20340 0
20350 0
20360 0
20370 0
20380 0
20390 0
20400 0
20410 0
20420 0
20430 0
20440 0
20450 0
20460 0
20470 0
20480 0
20490 0
20500 0
20510 0
20520 0
20530 0
20540 0
20550 0
20560 0
20570 0
20580 0
20590 0
20600 0
20610 0
20620 0
20630 0
20640 0
20650 0
20660 0
20670 0
20680 0
20690 0
20700 0
20710 0
20720 0
20730 0
20740 0
20750 0
20760 0
20770 0
20780 0
20790 0
20800 0
20810 0
20820 0
20830 0
20840 0
20850 0
20860 0
20870 0
20880 0
20890 0
20900 0
20910 0
20920 0
20930 0
20940 0
20950 0
20960 0
20970 0
20980 0
20990 0
21000 0
21010 0
21020 0
21030 0
21040 0
21050 0
21060 0
21070 0
21080 0
21090 0
21100 0
21110 0
21120 0
21130 0
21140 0
21150 0
21160 0
21170 0
21180 0
21190 0
21200 0
21210 0
21220 0
21230 0
21240 0
21250 0
21260 0
21270 0
21280 0
21290 0
21300 0
21310 0
21320 0
21330 0
21340 0
21350 0
21360 0
21370 0
21380 0
21390 0
21400 0
21410 0
21420 0
21430 0
21440 0
21450 0
21460 0
21470 0
21480 0
21490 0
21500 0
21510 0
21520 0
21530 0
21540 0
21550 0
21560 0
21570 0
21580 0
21590 0
21600 0
21610 0
21620 0
21630 0
21640 0
21650 0
21660 0
21670 0
21680 0
21690 0
21700 0
21710 0
21720 0
21730 0
21740 0
21750 0
21760 0
21770 0
21780 0
21790 0
21800 0
21810 0
21820 0
21830 0
21840 0
21850 0
21860 0
21870 0
21880 0
21890 0
21900 0
21910 0
21920 0
21930 0
21940 0
21950 0
21960 0
21970 0
21980 0
21990 0
22000 0
22010 0
22020 0
22030 0
22040 0
22050 0
22060 0
22070 0
22080 0
22090 0
22100 0
22110 0
22120 0
22130 0
22140 0
22150 0
22160 0
22170 0
22180 0
22190 0
22200 0
22210 0
22220 0
22230 0
22240 0
22250 0
22260 0
22270 0
22280 0
22290 0
22300 0
22310 0
22320 0
22330 0
22340 0
22350 0
22360 0
22370 0
22380 0
22390 0
22400 0
22410 0
22420 0
22430 0
22440 0
22450 0
22460 0
22470 0
22480 0
22490 0
22500 0
22510 0
22520 0
22530 0
22540 0
22550 0
22560 0
22570 0
22580 0
22590 0
22600 0
22610 0
22620 0
22630 0
22640 0
22650 0
22660 0
22670 0
22680 0
22690 0
22700 0
22710 0
22720 0
22730 0
22740 0
22750 0
22760 0
22770 0
22780 0
22790 0
22800 0
22810 0
22820 0
22830 0
22840 0
22850 0
22860 0
22870 0
22880 0
22890 0
22900 0
22910 0
22920 0
22930 0
22940 0
22950 0
22960 0
22970 0
22980 0
22990 0
23000 0
23010 0
23020 0
23030 0
23040 0
23050 0
23060 0
23070 0
23080 0
23090 0
23100 0
23110 0
23120 0
23130 0
23140 0
23150 0
23160 0
23170 0
23180 0
23190 0
23200 0
23210 0
23220 0
23230 0
23240 0
23250 0
23260 0
23270 0
23280 0
23290 0
23300 0
23310 0
23320 0
23330 0
23340 0
23350 0
23360 0
23370 0
23380 0
23390 0
23400 0
23410 0
23420 0
23430 0
23440 0
23450 0
23460 0
23470 0
23480 0
23490 0
23500 0
23510 0
23520 0
23530 0
23540 0
23550 0
23560 0
23570 0
23580 0
23590 0
23600 0
23610 0
23620 0
23630 0
23640 0
23650 0
23660 0
23670 0
23680 0
23690 0
23700 0
23710 0
23720 0
23730 0
23740 0
23750 0
23760 0
23770 0
23780 0
23790 0
23800 0
23810 0
23820 0
23830 0
23840 0
23850 0
23860 0
23870 0
23880 0
23890 0
23900 0
23910 0
23920 0
23930 0
23940 0
23950 0
23960 0
23970 0
23980 0
23990 0
24000 0
24010 0
24020 0
24030 0
24040 0
24050 0
24060 0
24070 0
24080 0
24090 0
24100 0
24110 0
24120 0
24130 0
24140 0
24150 0
24160 0
24170 0
24180 0
24190 0
24200 0
24210 0
24220 0
24230 0
24240 0
24250 0
24260 0
24270 0
24280 0
24290 0
24300 0
24310 0
24320 0
24330 0
24340 0
24350 0
24360 0
24370 0
24380 0
24390 0
24400 0
24410 0
24420 0
24430 0
24440 0
24450 0
24460 0
24470 0
24480 0
24490 0
24500 0
24510 0
24520 0
24530 0
24540 0
24550 0
24560 0
24570 0
24580 0
24590 0
24600 0
24610 0
24620 0
24630 0
24640 0
24650 0
24660 0
24670 0
24680 0
24690 0
24700 0
24710 0
24720 0
24730 0
24740 0
24750 0
24760 0
24770 0
24780 0
24790 0
24800 0
24810 0
24820 0
24830 0
24840 0
24850 0
24860 0
24870 0
24880 0
24890 0
24900 0
24910 0
24920 0
24930 0
24940 0
24950 0
24960 0
24970 0
24980 0
24990 0
25000 0
25010 0
25020 0
25030 0
25040 0
25050 0
25060 0
25070 0
25080 0
25090 0
25100 0
25110 0
25120 0
25130 0
25140 0
25150 0
25160 0
25170 0
25180 0
25190 0
25200 0
25210 0
25220 0
25230 0
25240 0
25250 0
25260 0
25270 0
25280 0
25290 0
25300 0
25310 0
25320 0
25330 0
25340 0
25350 0
25360 0
25370 0
25380 0
25390 0
25400 0
25410 0
25420 0
25430 0
25440 0
25450 0
25460 0
25470 0
25480 0
25490 0
25500 0
25510 0
25520 0
25530 0
25540 0
25550 0
25560 0
25570 0
25580 0
25590 0
25600 0
25610 0
25620 0
25630 0
25640 0
25650 0
25660 0
25670 0
25680 0
25690 0
25700 0
25710 0
25720 0
25730 0
25740 0
25750 0
25760 0
25770 0
25780 0
25790 0
25800 0
25810 0
25820 0
25830 0
25840 0
25850 0
25860 0
25870 0
25880 0
25890 0
25900 0
25910 0
25920 0
25930 0
25940 0
25950 0
25960 0
25970 0
25980 0
25990 0
26000 0
26010 0
26020 0
26030 0
26040 0
26050 0
26060 0
26070 0
26080 0
26090 0
26100 0
26110 0
26120 0
26130 0
26140 0
26150 0
26160 0
26170 0
26180 0
26190 0
26200 0
26210 0
26220 0
26230 0
26240 0
26250 0
26260 0
26270 0
26280 0
26290 0
26300 0
26310 0
26320 0
26330 0
26340 0
26350 0
26360 0
26370 0
26380 0
26390 0
26400 0
26410 0
26420 0
26430 0
26440 0
26450 0
26460 0
26470 0
26480 0
26490 0
26500 0
26510 0
26520 0
26530 0
26540 0
26550 0
26560 0
26570 0
26580 0
26590 0
26600 0
26610 0
26620 0
26630 0
26640 0
26650 0
26660 0
26670 0
26680 0
26690 0
26700 0
26710 0
26720 0
26730 0
26740 0
26750 0
26760 0
26770 0
26780 0
26790 0
26800 0
26810 0
26820 0
26830 0
26840 0
26850 0
26860 0
26870 0
26880 0
26890 0
26900 0
26910 0
26920 0
26930 0
26940 0
26950 0
26960 0
26970 0
26980 0
26990 0
27000 0
27010 0
27020 0
27030 0
27040 0
27050 0
27060 0
27070 0
27080 0
27090 0
27100 0
27110 0
27120 0
27130 0
27140 0
27150 0
27160 0
27170 0
27180 0
27190 0
27200 0
27210 0
27220 0
27230 0
27240 0
27250 0
27260 0
27270 0
27280 0
27290 0
27300 0
27310 0
27320 0
27330 0
27340 0
27350 0
27360 0
27370 0
27380 0
27390 0
27400 0
27410 0
27420 0
27430 0
27440 0
27450 0
27460 0
27470 0
27480 0
27490 0
27500 0
27510 0
27520 0
27530 0
27540 0
27550 0
27560 0
27570 0
27580 0
27590 0
27600 0
27610 0
27620 0
27630 0
27640 0
27650 0
27660 0
27670 0
27680 0
27690 0
27700 0
27710 0
27720 0
27730 0
27740 0
27750 0
27760 0
27770 0
27780 0
27790 0
27800 0
27810 0
27820 0
27830 0
27840 0
27850 0
27860 0
27870 0
27880 0
27890 0
27900 0
27910 0
27920 0
27930 0
27940 0
27950 0
27960 0
27970 0
27980 0
27990 0
28000 0
28010 0
28020 0
28030 0
28040 0
28050 0
28060 0
28070 0
28080 0
28090 0
28100 0
28110 0
28120 0
28130 0
28140 0
28150 0
28160 0
28170 0
28180 0
28190 0
28200 0
28210 0
28220 0
28230 0
28240 0
28250 0
28260 0
28270 0
28280 0
28290 0
28300 0
28310 0
28320 0
28330 0
28340 0
28350 0
28360 0
28370 0
28380 0
28390 0
28400 0
28410 0
28420 0
28430 0
28440 0
28450 0
28460 0
28470 0
28480 0
28490 0
28500 0
28510 0
28520 0
28530 0
28540 0
28550 0
28560 0
28570 0
28580 0
28590 0
28600 0
28610 0
28620 0
28630 0
28640 0
28650 0
28660 0
28670 0
28680 0
28690 0
28700 0
28710 0
28720 0
28730 0
28740 0
28750 0
28760 0
28770 0
28780 0
28790 0
28800 0
28810 0
28820 0
28830 0
28840 0
28850 0
28860 0
28870 0
28880 0
28890 0
28900 0
28910 0
28920 0
28930 0
28940 0
28950 0
28960 0
28970 0
28980 0
28990 0
29000 0
29010 0
29020 0
29030 0
29040 0
29050 0
29060 0
29070 0
29080 0
29090 0
29100 0
29110 0
29120 0
29130 0
29140 0
29150 0
29160 0
29170 0
29180 0
29190 0
29200 0
29210 0
29220 0
29230 0
29240 0
29250 0
29260 0
29270 0
29280 0
29290 0
29300 0
29310 0
29320 0
29330 0
29340 0
29350 0
29360 0
29370 0
29380 0
29390 0
29400 0
29410 0
29420 0
29430 0
29440 0
29450 0
29460 0
29470 0
29480 0
29490 0
29500 0
29510 0
29520 0
29530 0
29540 0
29550 0
29560 0
29570 0
29580 0
29590 0
29600 0
29610 0
29620 0
29630 0
29640 0
29650 0
29660 0
29670 0
29680 0
29690 0
29700 0
29710 0
29720 0
29730 0
29740 0
29750 0
29760 0
29770 0
29780 0
29790 0
29800 0
29810 0
29820 0
29830 0
29840 0
29850 0
29860 0
29870 0
29880 0
29890 0
29900 0
29910 0
29920 0
29930 0
29940 0
29950 0
29960 0
29970 0
29980 0
