-20 0
0 3.80577e-06
20 7.55748e-06
40 1.12009e-05
60 1.46814e-05
80 1.79441e-05
100 2.09334e-05
120 2.35939e-05
140 2.58704e-05
160 2.77082e-05
180 2.90548e-05
200 2.98599e-05
220 3.00774e-05
240 2.96662e-05
260 2.85921e-05
280 2.6829e-05
300 2.43606e-05
320 2.1182e-05
340 1.7301e-05
360 1.2739e-05
380 7.53231e-06
400 1.73261e-06
420 -4.5931e-06
440 -1.13626e-05
460 -1.84795e-05
480 -2.58339e-05
500 -3.33052e-05
520 -4.07634e-05
540 -4.80723e-05
560 -5.50925e-05
580 -6.16849e-05
600 -6.77138e-05
620 -7.30512e-05
640 -7.75799e-05
660 -8.11969e-05
680 -8.38169e-05
700 -8.53745e-05
720 -8.58266e-05
740 -8.51539e-05
760 -8.33616e-05
780 -8.04795e-05
800 -7.65617e-05
820 -7.16845e-05
840 -6.5945e-05
860 -5.9458e-05
880 -5.23527e-05
900 -4.47695e-05
920 -3.68556e-05
940 -2.87613e-05
960 -2.06356e-05
980 -1.26227e-05
1000 -4.85827e-06
1020 2.53408e-06
1040 9.44505e-06
1060 1.5782e-05
1080 2.14706e-05
1100 2.64553e-05
1120 3.07002e-05
1140 3.4188e-05
1160 3.69195e-05
1180 3.89121e-05
1200 4.01981e-05
1220 4.08222e-05
1240 4.08396e-05
1260 4.03134e-05
1280 3.93119e-05
1300 3.79068e-05
1320 3.61705e-05
1340 3.41741e-05
1360 3.19859e-05
1380 2.96698e-05
1400 2.72842e-05
1420 2.48812e-05
1440 2.2506e-05
1460 2.01965e-05
1480 1.79837e-05
1500 1.58918e-05
1520 1.39384e-05
1540 1.21352e-05
1560 1.04888e-05
1580 9.00124e-06
1600 7.67099e-06
1620 6.49358e-06
1640 5.4625e-06
1660 4.57009e-06
1680 3.80837e-06
1700 3.17004e-06
1720 2.64953e-06
1740 2.24433e-06
1760 1.95655e-06
1780 1.79508e-06
1800 1.77838e-06
1820 1.93827e-06
1840 2.32511e-06
1860 3.01473e-06
1880 4.11782e-06
1900 5.79252e-06
1920 8.26113e-06
1940 1.18321e-05
1960 1.69286e-05
1980 2.41255e-05
2000 3.41972e-05
2020 4.81771e-05
2040 6.74335e-05
2060 9.37633e-05
2080 0.000129507
2100 0.000177692
2120 0.000242198
2140 0.000327963
2160 0.000441224
2180 0.000589792
2200 0.000783379
2220 0.00103396
2240 0.0013562
2260 0.00176788
2280 0.00229045
2300 0.0029495
2320 0.00377539
2340 0.00480376
2360 0.0060762
2380 0.00764072
2400 0.00955235
2420 0.0118735
2440 0.0146746
2460 0.0180337
2480 0.0220373
2500 0.0267796
2520 0.0323624
2540 0.0388944
2560 0.0464901
2580 0.0552686
2600 0.0653518
2620 0.0768625
2640 0.0899219
2660 0.104647
2680 0.121147
2700 0.139521
2720 0.159854
2740 0.182213
2760 0.206641
2780 0.23316
2800 0.261761
2820 0.292403
2840 0.325012
2860 0.359475
2880 0.395643
2900 0.433329
2920 0.472304
2940 0.512306
2960 0.553034
2980 0.594156
3000 0.635314
3020 0.676122
3040 0.716182
3060 0.755081
3080 0.792405
3100 0.827739
3120 0.860685
3140 0.89086
3160 0.917909
3180 0.941508
3200 0.961375
3220 0.977274
3240 0.989017
3260 0.99647
3280 0.999558
3300 0.998259
3320 0.992612
3340 0.98271
3360 0.968702
3380 0.950786
3400 0.929204
3420 0.90424
3440 0.876211
3460 0.845464
3480 0.812364
3500 0.77729
3520 0.740629
3540 0.702767
3560 0.664083
3580 0.624945
3600 0.585702
3620 0.546682
3640 0.508186
3660 0.470489
3680 0.433831
3700 0.398422
3720 0.364439
3740 0.332026
3760 0.301296
3780 0.272328
3800 0.245176
3820 0.219865
3840 0.196397
3860 0.17475
3880 0.154886
3900 0.136749
3920 0.120272
3940 0.105374
3960 0.0919681
3980 0.0799622
4000 0.0692599
4020 0.0597631
4040 0.0513742
4060 0.043997
4080 0.0375382
4100 0.0319081
4120 0.0270216
4140 0.0227988
4160 0.0191648
4180 0.0160509
4200 0.0133936
4220 0.0111354
4240 0.00922426
4260 0.00761337
4280 0.00626108
4300 0.00513041
4320 0.00418881
4340 0.00340778
4360 0.00276247
4380 0.00223139
4400 0.00179602
4420 0.00144047
4440 0.00115124
4460 0.000916846
4480 0.000727616
4500 0.000575424
4520 0.00045348
4540 0.000356138
4560 0.000278722
4580 0.000217381
4600 0.000168957
4620 0.000130869
4640 0.00010102
4660 7.77131e-05
4680 5.95801e-05
4700 4.55232e-05
4720 3.46651e-05
4740 2.63078e-05
4760 1.98982e-05
4780 1.49998e-05
4800 1.12694e-05
4820 8.43848e-06
4840 6.29769e-06
4860 4.68442e-06
4880 3.4729e-06
4900 2.56621e-06
4920 1.89e-06
4940 1.38741e-06
4960 1.01514e-06
4980 7.40327e-07
5000 5.3815e-07
5020 3.8992e-07
5040 2.81608e-07
5060 2.02721e-07
5080 1.45462e-07
5100 1.04042e-07
5120 7.41827e-08
5140 5.27183e-08
5160 3.73429e-08
5180 2.63731e-08
5200 1.85668e-08
5220 1.30269e-08
5240 9.10831e-09
5260 6.35464e-09
5280 4.41936e-09
5300 3.05842e-09
5320 2.11179e-09
5340 1.45656e-09
5360 1.00219e-09
5380 6.81262e-10
5400 4.64563e-10
5420 3.20123e-10
5440 2.15928e-10
5460 1.43397e-10
5480 9.64344e-11
5500 6.92467e-11
5520 4.42342e-11
5540 2.61958e-11
5560 2.06864e-11
5580 1.51089e-11
5600 8.24329e-12
5620 2.63981e-12
5640 5.63606e-12
5660 4.84942e-12
5680 -1.27541e-12
5700 3.52353e-13
5720 2.59555e-12
5740 1.71716e-12
5760 -2.67018e-12
5780 -7.75213e-14
5800 3.61121e-12
5820 -1.59324e-12
5840 -1.74607e-12
5860 1.21523e-12
5880 2.0968e-12
5900 -1.81976e-12
5920 -2.02129e-12
5940 3.51065e-12
5960 -2.5006e-13
5980 -2.42076e-12
6000 6.21752e-13
6020 2.07046e-12
6040 -5.70752e-13
6060 -2.91325e-12
6080 2.73425e-12
6100 1.1503e-12
6120 -2.88593e-12
6140 3.64742e-13
6160 1.84722e-12
6180 1.04384e-13
6200 -2.82555e-12
6220 1.55722e-12
6240 2.3368e-12
6260 -3.14836e-12
6280 4.48933e-14
6300 2.05381e-12
6320 -1.33172e-13
6340 -2.11035e-12
6360 5.43661e-13
6380 2.84079e-12
6400 -2.87253e-12
6420 -7.03521e-13
6440 2.81714e-12
6460 -8.89084e-13
6480 -1.56002e-12
6500 4.81204e-13
6520 2.26004e-12
6540 -2.00954e-12
6560 -1.51396e-12
6580 3.44868e-12
6600 -1.25262e-12
6620 -1.87855e-12
6640 1.58229e-12
6660 9.3673e-13
6680 -1.37708e-12
6700 -1.32864e-12
6720 2.98193e-12
6740 -8.09971e-13
6760 -2.67304e-12
6780 2.83438e-12
6800 8.74926e-14
6820 -1.94469e-12
6840 3.51521e-13
6860 1.58211e-12
6880 -5.60974e-13
6900 -2.34303e-12
6920 2.73084e-12
6940 2.80666e-13
6960 -3.09883e-12
6980 2.17755e-12
7000 7.67037e-13
7020 -1.78071e-12
7040 -1.36422e-13
7060 1.52076e-12
7080 3.33928e-14
7100 -2.56454e-12
7120 2.23912e-12
7140 9.77552e-13
7160 -3.27983e-12
7180 1.909e-12
7200 1.10502e-12
7220 -1.99204e-12
7240 1.25671e-13
7260 1.26339e-12
7280 6.59818e-15
7300 -2.1394e-12
7320 1.75033e-12
7340 1.24233e-12
7360 -3.31956e-12
7380 1.8953e-12
7400 1.37131e-12
7420 -2.66461e-12
7440 9.28692e-13
7460 1.13455e-12
7480 -8.318e-13
7500 -9.91347e-13
7520 1.29861e-12
7540 8.22703e-13
7560 -2.77252e-12
7580 1.76283e-12
7600 1.41958e-12
7620 -3.29011e-12
7640 1.7757e-12
7660 1.19786e-12
7680 -2.31041e-12
7700 7.64434e-13
7720 9.6675e-13
7740 -6.32324e-13
7760 -1.02344e-12
7780 1.28146e-12
7800 6.68484e-13
7820 -2.64129e-12
7840 1.93619e-12
7860 1.03483e-12
7880 -3.23e-12
7900 2.20688e-12
7920 7.5796e-13
7940 -2.57691e-12
7960 1.56623e-12
7980 5.57732e-13
8000 -1.27944e-12
8020 7.62772e-14
8040 9.3713e-13
8060 -1.83626e-13
8080 -1.57999e-12
8100 1.82755e-12
8120 1.96335e-13
8140 -2.63193e-12
8160 2.6646e-12
8180 -6.95077e-14
8200 -2.71401e-12
8220 2.85331e-12
8240 -4.4657e-13
8260 -2.02432e-12
8280 2.17016e-12
8300 -3.82279e-13
8320 -1.1501e-12
8340 8.80113e-13
8360 3.37932e-13
8380 -6.59864e-13
8400 -4.3927e-13
8420 1.48626e-12
8440 -8.06418e-13
8460 -1.26022e-12
8480 2.56777e-12
8500 -1.4244e-12
8520 -1.36088e-12
8540 3.13627e-12
8560 -2.07992e-12
8580 -8.86767e-13
8600 2.9954e-12
8620 -2.34998e-12
8640 -2.46387e-13
8660 2.28694e-12
8680 -2.0381e-12
8700 1.45801e-13
8720 1.37833e-12
8740 -1.2209e-12
8760 2.96693e-14
8780 6.59935e-13
8800 -2.07805e-13
8820 -5.75133e-13
8840 4.18913e-13
8860 6.63622e-13
8880 -1.43909e-12
8900 7.04463e-13
8920 1.11133e-12
8940 -2.26222e-12
8960 1.36729e-12
8980 1.02996e-12
9000 -2.77751e-12
9020 2.13631e-12
9040 5.02935e-13
9060 -2.83879e-12
9080 2.74639e-12
9100 -2.68259e-13
9120 -2.45608e-12
9140 3.02924e-12
9160 -1.02145e-12
9180 -1.76517e-12
9200 2.91488e-12
9220 -1.57421e-12
9240 -9.60545e-13
9260 2.47891e-12
9280 -1.8078e-12
9300 -2.45482e-13
9320 1.8465e-12
9340 -1.72542e-12
9360 2.60108e-13
9380 1.18576e-12
9400 -1.39777e-12
9420 4.85379e-13
9440 6.36389e-13
9460 -9.44225e-13
9480 4.4853e-13
9500 2.75546e-13
9520 -5.01943e-13
9540 2.19841e-13
9560 1.41841e-13
9580 -1.67414e-13
9600 -8.37619e-14
9620 2.16111e-13
9640 1.11645e-14
9660 -3.62303e-13
9680 4.22697e-13
9700 6.37833e-16
9720 -5.53438e-13
9740 6.76405e-13
9760 -1.57924e-13
9780 -6.00254e-13
9800 8.98226e-13
9820 -4.06402e-13
9840 -4.99005e-13
9860 1.02967e-12
9880 -6.77377e-13
9900 -2.80284e-13
9920 1.0356e-12
9940 -9.08657e-13
9960 0
