-20 0
0 -7.50885e-07
20 -1.57682e-06
40 -2.55923e-06
60 -3.79268e-06
80 -5.39252e-06
100 -7.50383e-06
120 -1.03122e-05
140 -1.40569e-05
160 -1.90471e-05
180 -2.56825e-05
200 -3.44775e-05
220 -4.60927e-05
240 -6.13723e-05
260 -8.13904e-05
280 -0.000107507
300 -0.000141435
320 -0.000185323
340 -0.00024185
360 -0.000314339
380 -0.000406895
400 -0.000524554
420 -0.000673468
440 -0.00086111
460 -0.00109651
480 -0.0013905
500 -0.00175604
520 -0.0022085
540 -0.00276605
560 -0.00344999
580 -0.00428519
600 -0.00530045
620 -0.00652897
640 -0.00800873
660 -0.0097829
680 -0.0119002
700 -0.0144153
720 -0.0173888
740 -0.0208879
760 -0.0249858
780 -0.0297623
800 -0.035303
820 -0.041699
840 -0.0490465
860 -0.0574455
880 -0.0669989
900 -0.0778111
920 -0.0899861
940 -0.103626
960 -0.118827
980 -0.13568
1000 -0.154267
1020 -0.174653
1040 -0.196892
1060 -0.221018
1080 -0.247042
1100 -0.274952
1120 -0.304708
1140 -0.336238
1160 -0.369443
1180 -0.404187
1200 -0.4403
1220 -0.477579
1240 -0.515787
1260 -0.554652
1280 -0.593875
1300 -0.633128
1320 -0.672058
1340 -0.710298
1360 -0.747462
1380 -0.783162
1400 -0.817005
1420 -0.848608
1440 -0.8776
1460 -0.903629
1480 -0.926375
1500 -0.945548
1520 -0.960901
1540 -0.972232
1560 -0.979387
1580 -0.982269
1600 -0.980835
1620 -0.975098
1640 -0.965128
1660 -0.951051
1680 -0.933046
1700 -0.911338
1720 -0.886198
1740 -0.857936
1760 -0.826893
1780 -0.793434
1800 -0.757945
1820 -0.72082
1840 -0.682456
1860 -0.64325
1880 -0.603585
1900 -0.56383
1920 -0.52433
1940 -0.485406
1960 -0.447349
1980 -0.410416
2000 -0.37483
2020 -0.340779
2040 -0.308415
2060 -0.277853
2080 -0.249178
2100 -0.222438
2120 -0.197656
2140 -0.174825
2160 -0.153914
2180 -0.134875
2200 -0.117637
2220 -0.10212
2240 -0.0882298
2260 -0.0758648
2280 -0.0649184
2300 -0.0552811
2320 -0.0468427
2340 -0.0394944
2360 -0.0331301
2380 -0.0276481
2400 -0.0229519
2420 -0.0189508
2440 -0.0155607
2460 -0.0127044
2480 -0.0103113
2500 -0.00831797
2520 -0.00666733
2540 -0.00530881
2560 -0.00419783
2580 -0.0032954
2600 -0.0025677
2620 -0.00198559
2640 -0.0015242
2660 -0.00116243
2680 -0.000882557
2700 -0.000669805
2720 -0.000511992
2740 -0.000399182
2760 -0.000323371
2780 -0.000278222
2800 -0.000258819
2820 -0.000261455
2840 -0.000283449
2860 -0.000322991
2880 -0.000379001
2900 -0.000451013
2920 -0.000539078
2940 -0.000643673
2960 -0.000765626
2980 -0.000906049
3000 -0.00106627
3020 -0.00124779
3040 -0.0014522
3060 -0.00168116
3080 -0.00193632
3100 -0.00221926
3120 -0.00253147
3140 -0.00287427
3160 -0.00324872
3180 -0.00365564
3200 -0.00409547
3220 -0.00456828
3240 -0.00507369
3260 -0.0056108
3280 -0.0061782
3300 -0.00677392
3320 -0.00739536
3340 -0.00803935
3360 -0.00870211
3380 -0.00937925
3400 -0.0100659
3420 -0.0107565
3440 -0.0114452
3460 -0.0121257
3480 -0.0127914
3500 -0.0134355
3520 -0.0140511
3540 -0.0146313
3560 -0.0151695
3580 -0.0156593
3600 -0.0160944
3620 -0.0164696
3640 -0.0167798
3660 -0.0170209
3680 -0.0171896
3700 -0.0172834
3720 -0.0173009
3740 -0.0172415
3760 -0.0171057
3780 -0.0168948
3800 -0.0166113
3820 -0.0162583
3840 -0.0158399
3860 -0.0153607
3880 -0.0148261
3900 -0.0142419
3920 -0.0136141
3940 -0.0129491
3960 -0.0122533
3980 -0.0115329
4000 -0.0107942
4020 -0.010043
4040 -0.00928466
4060 -0.00852427
4080 -0.00776621
4100 -0.00701429
4120 -0.00627171
4140 -0.00554102
4160 -0.00482412
4180 -0.00412235
4200 -0.00343644
4220 -0.00276665
4240 -0.00211279
4260 -0.00147435
4280 -0.000850512
4300 -0.000240324
4320 0.000357262
4340 0.000943276
4360 0.00151865
4380 0.00208412
4400 0.0026402
4420 0.00318706
4440 0.00372454
4460 0.00425207
4480 0.0047687
4500 0.00527303
4520 0.00576332
4540 0.00623741
4560 0.00669287
4580 0.00712696
4600 0.00753676
4620 0.00791924
4640 0.00827129
4660 0.00858987
4680 0.00887205
4700 0.00911513
4720 0.0093167
4740 0.0094747
4760 0.00958753
4780 0.00965407
4800 0.00967374
4820 0.00964652
4840 0.00957299
4860 0.00945429
4880 0.00929216
4900 0.00908886
4920 0.0088472
4940 0.00857042
4960 0.00826218
4980 0.00792651
5000 0.00767462
5020 0.00740803
5040 0.00712914
5060 0.00684043
5080 0.0065444
5100 0.00624356
5120 0.00594044
5140 0.00563754
5160 0.00533734
5180 0.00504227
5200 0.00475474
5220 0.0044771
5240 0.00421168
5260 0.00396077
5280 0.00372666
5300 0.00351163
5320 0.00331798
5340 0.00314807
5360 0.00300431
5380 0.00288919
5400 0.00280535
5420 0.00275554
5440 0.00274268
5460 0.00276988
5480 0.00284046
5500 0.00295794
5520 0.00312608
5540 0.00334885
5560 0.00363046
5580 0.00397529
5600 0.00438795
5620 0.00487316
5640 0.00543576
5660 0.00608065
5680 0.00681271
5700 0.00763673
5720 0.00855733
5740 0.00957887
5760 0.0107053
5780 0.0119403
5800 0.0132865
5820 0.0147464
5840 0.0163212
5860 0.0180114
5880 0.0198163
5900 0.0217343
5920 0.0237621
5940 0.0258955
5960 0.0281286
5980 0.0304541
6000 0.0328633
6020 0.0353458
6040 0.0378901
6060 0.0404829
6080 0.0431096
6100 0.0457547
6120 0.0484011
6140 0.0510311
6160 0.0536261
6180 0.0561669
6200 0.0586342
6220 0.0610082
6240 0.0632696
6260 0.0653995
6280 0.0673795
6300 0.0691923
6320 0.0708216
6340 0.0722529
6360 0.0734731
6380 0.0744709
6400 0.0752373
6420 0.0757651
6440 0.0760498
6460 0.0760889
6480 0.0758824
6500 0.0754327
6520 0.0747445
6540 0.0738248
6560 0.0726826
6580 0.071329
6600 0.0697768
6620 0.0680404
6640 0.0661359
6660 0.06408
6680 0.0618907
6700 0.0595865
6720 0.0571863
6740 0.0547091
6760 0.0521738
6780 0.0495989
6800 0.0470026
6820 0.044402
6840 0.0418135
6860 0.0392523
6880 0.0367326
6900 0.034267
6920 0.031867
6940 0.0295426
6960 0.0273024
6980 0.0251535
7000 0.0231018
7020 0.0211515
7040 0.0193059
7060 0.0175668
7080 0.0159349
7100 0.0144101
7120 0.012991
7140 0.0116756
7160 0.0104612
7180 0.0093444
7200 0.00832128
7220 0.00738755
7240 0.0065386
7260 0.00576962
7280 0.00507563
7300 0.00445159
7320 0.00389246
7340 0.00339326
7360 0.00294913
7380 0.00255532
7400 0.00220729
7420 0.00190069
7440 0.00163139
7460 0.00139549
7480 0.00118932
7500 0.00100944
7520 0.00085266
7540 0.00071598
7560 0.000596613
7580 0.000491955
7600 0.000399568
7620 0.00031715
7640 0.000242519
7660 0.000173579
7680 0.000108299
7700 4.4674e-05
7720 -1.92953e-05
7740 -8.56393e-05
7760 -0.000156449
7780 -0.000233905
7800 -0.000320313
7820 -0.00041813
7840 -0.000529994
7860 -0.000658755
7880 -0.000807498
7900 -0.000979565
7920 -0.00117858
7940 -0.00140847
7960 -0.00167345
7980 -0.00197807
8000 -0.00232719
8020 -0.00272598
8040 -0.00317989
8060 -0.00369465
8080 -0.00427624
8100 -0.00493081
8120 -0.00566466
8140 -0.00648418
8160 -0.00739573
8180 -0.00840561
8200 -0.00951992
8220 -0.0107445
8240 -0.0120846
8260 -0.0135453
8280 -0.0151306
8300 -0.0168439
8320 -0.0186877
8340 -0.0206634
8360 -0.0227709
8380 -0.0250092
8400 -0.0273755
8420 -0.0298656
8440 -0.0324736
8460 -0.0351919
8480 -0.0380111
8500 -0.04092
8520 -0.0439058
8540 -0.0469537
8560 -0.0500476
8580 -0.0531694
8600 -0.0563001
8620 -0.0594192
8640 -0.062505
8660 -0.0655354
8680 -0.0684874
8700 -0.071338
8720 -0.074064
8740 -0.0766426
8760 -0.0790518
8780 -0.0812702
8800 -0.0832779
8820 -0.0850563
8840 -0.086589
8860 -0.0878611
8880 -0.0888602
8900 -0.0895765
8920 -0.0900024
8940 -0.0901332
8960 -0.0899668
8980 -0.0895038
9000 -0.0887475
9020 -0.0877038
9040 -0.0863809
9060 -0.0847895
9080 -0.0829421
9100 -0.0808531
9120 -0.0785387
9140 -0.0760159
9160 -0.0733031
9180 -0.070419
9200 -0.0673829
9220 -0.0642139
9240 -0.0609309
9260 -0.0575524
9280 -0.0540958
9300 -0.0505776
9320 -0.0470133
9340 -0.0434165
9360 -0.0397997
9380 -0.0361736
9400 -0.0325473
9420 -0.0289283
9440 -0.0253224
9460 -0.0217339
9480 -0.0181657
9500 -0.0146194
9520 -0.0110954
9540 -0.00759332
9560 -0.00411195
9580 -0.000649633
9600 0.00279557
9620 0.0062256
9640 0.00964222
9660 0.0130467
9680 0.0164398
9700 0.0198212
9720 0.0231899
9740 0.0265435
9760 0.0298784
9780 0.0331897
9800 0.0364711
9820 0.039715
9840 0.0429123
9860 0.0460526
9880 0.0491244
9900 0.0521153
9920 0.0550116
9940 0.0577993
9960 0.0604639
9980 0.0629906
10000 0.0648181
10020 0.0665066
10040 0.0680471
10060 0.069431
10080 0.0706504
10100 0.0716983
10120 0.0725685
10140 0.0732561
10160 0.0737572
10180 0.0740691
10200 0.0741906
10220 0.0741218
10240 0.0738642
10260 0.0734207
10280 0.0727957
10300 0.071995
10320 0.0710255
10340 0.0698956
10360 0.0686147
10380 0.0671932
10400 0.0656427
10420 0.0639752
10440 0.0622035
10460 0.0603411
10480 0.0584014
10500 0.0563984
10520 0.0543458
10540 0.0522572
10560 0.050146
10580 0.0480251
10600 0.045907
10620 0.0438032
10640 0.0417247
10660 0.0396815
10680 0.0376827
10700 0.0357364
10720 0.0338498
10740 0.0320287
10760 0.0302782
10780 0.0286022
10800 0.0270037
10820 0.0254845
10840 0.0240456
10860 0.0226872
10880 0.0214086
10900 0.0202083
10920 0.0190844
10940 0.0180341
10960 0.0170544
10980 0.0161419
11000 0.0152926
11020 0.0145027
11040 0.0137679
11060 0.013084
11080 0.0124467
11100 0.0118519
11120 0.0112956
11140 0.0107737
11160 0.0102825
11180 0.00981865
11200 0.00937885
11220 0.00896014
11240 0.00855984
11260 0.00817556
11280 0.00780521
11300 0.00744694
11320 0.00709918
11340 0.00676062
11360 0.00643015
11380 0.00610689
11400 0.0057901
11420 0.00547922
11440 0.00517379
11460 0.00487344
11480 0.00457788
11500 0.00428681
11520 0.00399997
11540 0.00371705
11560 0.00343769
11580 0.00316143
11600 0.00288774
11620 0.00261593
11640 0.00234517
11660 0.00207446
11680 0.00180261
11700 0.00152823
11720 0.00124972
11740 0.000965249
11760 0.00067274
11780 0.000369886
11800 5.41256e-05
11820 -0.00027735
11840 -0.000627597
11860 -0.000999918
11880 -0.00139785
11900 -0.00182517
11920 -0.00228584
11940 -0.00278405
11960 -0.00332413
11980 -0.00391058
12000 -0.00454801
12020 -0.00524108
12040 -0.00599453
12060 -0.00681304
12080 -0.00770126
12100 -0.0086637
12120 -0.0097047
12140 -0.0108283
12160 -0.0120383
12180 -0.0133381
12200 -0.0147306
12220 -0.016218
12240 -0.0178021
12260 -0.019484
12280 -0.0212638
12300 -0.023141
12320 -0.0251139
12340 -0.02718
12360 -0.0293359
12380 -0.0315768
12400 -0.0338969
12420 -0.0362895
12440 -0.0387463
12460 -0.0412584
12480 -0.0438154
12500 -0.046406
12520 -0.0490179
12540 -0.0516379
12560 -0.0542518
12580 -0.0568449
12600 -0.0594018
12620 -0.0619067
12640 -0.0643434
12660 -0.0666958
12680 -0.0689475
12700 -0.0710828
12720 -0.0730859
12740 -0.074942
12760 -0.076637
12780 -0.0781575
12800 -0.0794917
12820 -0.0806286
12840 -0.081559
12860 -0.0822752
12880 -0.082771
12900 -0.083042
12920 -0.0830859
12940 -0.0829019
12960 -0.0824912
12980 -0.081857
13000 -0.081004
13020 -0.0799391
13040 -0.0786705
13060 -0.0772081
13080 -0.0755632
13100 -0.0737485
13120 -0.0717776
13140 -0.0696653
13160 -0.0674271
13180 -0.065079
13200 -0.0626374
13220 -0.060119
13240 -0.0575404
13260 -0.0549181
13280 -0.0522683
13300 -0.0496065
13320 -0.0469478
13340 -0.0443064
13360 -0.0416957
13380 -0.0391278
13400 -0.0366142
13420 -0.0341649
13440 -0.031789
13460 -0.0294942
13480 -0.0272871
13500 -0.0251732
13520 -0.0231567
13540 -0.0212408
13560 -0.0194276
13580 -0.0177181
13600 -0.0161127
13620 -0.0146105
13640 -0.0132101
13660 -0.0119095
13680 -0.0107058
13700 -0.00959592
13720 -0.0085761
13740 -0.00764237
13760 -0.00679045
13780 -0.00601588
13800 -0.00531407
13820 -0.00468037
13840 -0.00411014
13860 -0.00359876
13880 -0.00314172
13900 -0.00273461
13920 -0.00237322
13940 -0.00205348
13960 -0.00177154
13980 -0.00152376
14000 -0.00130673
14020 -0.00111727
14040 -0.000952436
14060 -0.000809497
14080 -0.000685961
14100 -0.000579554
14120 -0.000488208
14140 -0.000410056
14160 -0.00034342
14180 -0.000286796
14200 -0.000238846
14220 -0.000198382
14240 -0.000164357
14260 -0.000135846
14280 -0.000112044
14300 -9.22451e-05
14320 -7.5838e-05
14340 -6.22935e-05
14360 -5.11555e-05
14380 -4.20325e-05
14400 -3.45897e-05
14420 -2.85421e-05
14440 -2.36474e-05
14460 -1.97012e-05
14480 -1.65309e-05
14500 -1.39919e-05
14520 -1.19633e-05
14540 -1.03442e-05
14560 -9.05112e-06
14580 -8.01502e-06
14600 -7.17914e-06
14620 -6.49707e-06
14640 -5.93107e-06
14660 -5.45064e-06
14680 -5.03137e-06
14700 -4.65386e-06
14720 -4.30295e-06
14740 -3.96694e-06
14760 -3.63701e-06
14780 -3.30676e-06
14800 -2.97173e-06
14820 -2.62908e-06
14840 -2.2773e-06
14860 -1.91593e-06
14880 -1.54539e-06
14900 -1.16676e-06
14920 -7.81638e-07
14940 -3.9198e-07
14960 0
