-10 0
0 -2.36168e-15
10 -1.07335e-14
20 1.7424e-15
30 2.27798e-15
40 -1.63104e-14
50 -1.96215e-14
60 -2.06894e-14
70 -2.43094e-14
80 -2.27986e-14
90 -2.7315e-14
100 -3.07812e-14
110 -4.161e-14
120 -3.86577e-14
130 -3.84142e-14
140 -4.10763e-14
150 -5.03801e-14
160 -3.20624e-14
170 -2.593e-14
180 -3.77686e-14
190 -3.38916e-14
200 -3.9441e-14
210 -3.60734e-14
220 -3.81508e-14
230 -5.1008e-14
240 -5.19603e-14
250 -5.46242e-14
260 -5.28594e-14
270 -4.59036e-14
280 -5.23944e-14
290 -5.43979e-14
300 -4.54265e-14
310 -4.86442e-14
320 -4.87659e-14
330 -5.05736e-14
340 -5.86602e-14
350 -5.50801e-14
360 -6.64187e-14
370 -6.3141e-14
380 -5.98545e-14
390 -5.85665e-14
400 -6.98861e-14
410 -6.96968e-14
420 -7.4538e-14
430 -6.76578e-14
440 -7.47237e-14
450 -8.77207e-14
460 -8.48483e-14
470 -8.60654e-14
480 -7.833e-14
490 -8.43462e-14
500 -8.65724e-14
510 -9.08163e-14
520 -9.65371e-14
530 -1.03596e-13
540 -1.12577e-13
550 -1.15944e-13
560 -1.19042e-13
570 -1.13028e-13
580 -1.11083e-13
590 -9.94728e-14
600 -9.16019e-14
610 -9.19724e-14
620 -9.99014e-14
630 -9.42659e-14
640 -9.58827e-14
650 -1.05038e-13
660 -1.00368e-13
670 -9.71138e-14
680 -8.78623e-14
690 -9.50202e-14
700 -8.78534e-14
710 -9.57089e-14
720 -9.69138e-14
730 -9.34672e-14
740 -1.00738e-13
750 -9.71303e-14
760 -1.1116e-13
770 -1.08795e-13
780 -1.13321e-13
790 -1.14721e-13
800 -1.21051e-13
810 -1.1458e-13
820 -1.10948e-13
830 -1.12116e-13
840 -1.23941e-13
850 -1.15587e-13
860 -1.13348e-13
870 -1.31505e-13
880 -1.24773e-13
890 -1.21756e-13
900 -1.26407e-13
910 -1.23367e-13
920 -1.19797e-13
930 -1.21887e-13
940 -1.29342e-13
950 -1.20171e-13
960 -1.22946e-13
970 -1.19257e-13
980 -1.19578e-13
990 -1.20594e-13
1000 -1.14142e-13
1010 -1.1019e-13
1020 -1.06423e-13
1030 -1.09016e-13
1040 -1.16458e-13
1050 -1.11543e-13
1060 -1.06829e-13
1070 -1.06946e-13
1080 -9.92113e-14
1090 -9.47584e-14
1100 -9.83228e-14
1110 -9.9012e-14
1120 -9.85477e-14
1130 -1.01554e-13
1140 -8.81446e-14
1150 -8.11809e-14
1160 -7.80658e-14
1170 -7.46184e-14
1180 -7.1155e-14
1190 -6.8786e-14
1200 -7.40063e-14
1210 -7.61767e-14
1220 -7.93314e-14
1230 -7.72494e-14
1240 -7.73598e-14
1250 -6.90314e-14
1260 -6.37463e-14
1270 -6.02706e-14
1280 -4.17117e-14
1290 -1.30815e-14
1300 3.77223e-14
1310 9.71799e-14
1320 1.93238e-13
1330 3.32236e-13
1340 5.58556e-13
1350 9.10014e-13
1360 1.44665e-12
1370 2.27808e-12
1380 3.54704e-12
1390 5.49402e-12
1400 8.465e-12
1410 1.29773e-11
1420 1.98119e-11
1430 3.01215e-11
1440 4.56336e-11
1450 6.88665e-11
1460 1.03581e-10
1470 1.55277e-10
1480 2.31992e-10
1490 3.45452e-10
1500 5.12667e-10
1510 7.58309e-10
1520 1.11792e-09
1530 1.64259e-09
1540 2.40544e-09
1550 3.51079e-09
1560 5.10689e-09
1570 7.40362e-09
1580 1.06971e-08
1590 1.54033e-08
1600 2.21047e-08
1610 3.16137e-08
1620 4.50588e-08
1630 6.40018e-08
1640 9.0596e-08
1650 1.27798e-07
1660 1.79652e-07
1670 2.51669e-07
1680 3.51327e-07
1690 4.88731e-07
1700 6.77489e-07
1710 9.3584e-07
1720 1.28814e-06
1730 1.76678e-06
1740 2.41464e-06
1750 3.28828e-06
1760 4.46196e-06
1770 6.03277e-06
1780 8.12713e-06
1790 1.09089e-05
1800 1.45896e-05
1810 1.94409e-05
1820 2.58105e-05
1830 3.41411e-05
1840 4.49937e-05
1850 5.90764e-05
1860 7.72785e-05
1870 0.000100711
1880 0.000130758
1890 0.000169131
1900 0.000217938
1910 0.000279766
1920 0.000357768
1930 0.000455769
1940 0.000578389
1950 0.000731173
1960 0.000920741
1970 0.00115496
1980 0.00144311
1990 0.0017961
2000 0.00222664
2010 0.00274951
2020 0.0033817
2030 0.00414271
2040 0.00505469
2050 0.00614271
2060 0.00743485
2070 0.00896239
2080 0.0107599
2090 0.0128651
2100 0.0153193
2110 0.0181665
2120 0.0214537
2130 0.0252306
2140 0.0295486
2150 0.0344606
2160 0.0400199
2170 0.0462795
2180 0.0532909
2190 0.0611025
2200 0.0697587
2210 0.0792981
2220 0.0897519
2230 0.101142
2240 0.113479
2250 0.126762
2260 0.140975
2270 0.156086
2280 0.172047
2290 0.188791
2300 0.206232
2310 0.224264
2320 0.242765
2330 0.26159
2340 0.280581
2350 0.29956
2360 0.318338
2370 0.336715
2380 0.354481
2390 0.371425
2400 0.387332
2410 0.401995
2420 0.415212
2430 0.426795
2440 0.436575
2450 0.444402
2460 0.45015
2470 0.453724
2480 0.455057
2490 0.454118
2500 0.450905
2510 0.445455
2520 0.437836
2530 0.428148
2540 0.416522
2550 0.403116
2560 0.38811
2570 0.371706
2580 0.354119
2590 0.335575
2600 0.316305
2610 0.296539
2620 0.276504
2630 0.25642
2640 0.236491
2650 0.216907
2660 0.197841
2670 0.17944
2680 0.161835
2690 0.145129
2700 0.129404
2710 0.114719
2720 0.101111
2730 0.0885969
2740 0.0771753
2750 0.0668279
2760 0.0575224
2770 0.0492148
2780 0.0418518
2790 0.035373
2800 0.0297131
2810 0.0248039
2820 0.0205763
2830 0.0169616
2840 0.013893
2850 0.0113066
2860 0.00914219
2870 0.00734391
2880 0.00586055
2890 0.00464578
2900 0.00365815
2910 0.00286103
2920 0.00222235
2930 0.00171438
2940 0.00131333
2950 0.000999055
2960 0.000754608
2970 0.000565901
2980 0.000421324
2990 0.000311399
3000 0.00022846
3010 0.000166366
3020 0.000120239
3030 8.62425e-05
3040 6.13836e-05
3050 4.33516e-05
3060 3.03767e-05
3070 2.11166e-05
3080 1.45617e-05
3090 9.96024e-06
3100 6.75697e-06
3110 4.54589e-06
3120 3.03267e-06
3130 2.00599e-06
3140 1.31547e-06
3150 8.55139e-07
3160 5.50995e-07
3170 3.51854e-07
3180 2.22655e-07
3190 1.39605e-07
3200 8.67197e-08
3210 5.3361e-08
3220 3.25209e-08
3230 1.96278e-08
3240 1.17299e-08
3250 6.93999e-09
3260 4.06447e-09
3270 2.35589e-09
3280 1.35126e-09
3290 7.668e-10
3300 4.30393e-10
3310 2.38884e-10
3320 1.31062e-10
3330 7.10624e-11
3340 3.8031e-11
3350 2.00647e-11
3360 1.04245e-11
3370 5.28841e-12
3380 2.60318e-12
3390 1.21025e-12
3400 4.94118e-13
3410 1.25834e-13
3420 -5.81828e-14
3430 -1.43201e-13
3440 -1.91291e-13
3450 -2.13248e-13
3460 -2.25499e-13
3470 -2.23487e-13
3480 -2.40239e-13
3490 -2.34348e-13
3500 -2.38531e-13
3510 -2.37253e-13
3520 -2.23964e-13
3530 -2.35349e-13
3540 -2.22124e-13
3550 -2.25499e-13
3560 -2.1912e-13
3570 -2.2526e-13
3580 -2.22463e-13
3590 -2.20547e-13
3600 -2.1517e-13
3610 -2.18169e-13
3620 -2.26439e-13
3630 -2.37676e-13
3640 -2.3518e-13
3650 -2.33313e-13
3660 -2.41825e-13
3670 -2.38335e-13
3680 -2.37109e-13
3690 -2.42955e-13
3700 -2.44268e-13
3710 -2.42845e-13
3720 -2.4256e-13
3730 -2.36757e-13
3740 -2.35129e-13
3750 -2.30284e-13
3760 -2.36773e-13
3770 -2.39496e-13
3780 -2.31452e-13
3790 -2.42953e-13
3800 -2.37615e-13
3810 -2.434e-13
3820 -2.40097e-13
3830 -2.29315e-13
3840 -2.42635e-13
3850 -2.33093e-13
3860 -2.35454e-13
3870 -2.3421e-13
3880 -2.37524e-13
3890 -2.24793e-13
3900 -2.24758e-13
3910 -2.23841e-13
3920 -2.31115e-13
3930 -2.34198e-13
3940 -2.29223e-13
3950 -2.2517e-13
3960 -2.33605e-13
3970 -2.32362e-13
3980 -2.26653e-13
3990 -2.33399e-13
4000 -2.38074e-13
4010 -2.35284e-13
4020 -2.2493e-13
4030 -2.1906e-13
4040 -2.22689e-13
4050 -2.16551e-13
4060 -2.10519e-13
4070 -2.0843e-13
4080 -2.00803e-13
4090 -2.0061e-13
4100 -1.96442e-13
4110 -2.10743e-13
4120 -2.01464e-13
4130 -2.11733e-13
4140 -2.10998e-13
4150 -2.13073e-13
4160 -2.11086e-13
4170 -2.07554e-13
4180 -2.05294e-13
4190 -2.05961e-13
4200 -2.04016e-13
4210 -2.19089e-13
4220 -2.16693e-13
4230 -2.17037e-13
4240 -2.22467e-13
4250 -2.22899e-13
4260 -2.32676e-13
4270 -2.32395e-13
4280 -2.34449e-13
4290 -2.28027e-13
4300 -2.27343e-13
4310 -2.3648e-13
4320 -2.29823e-13
4330 -2.25788e-13
4340 -2.21886e-13
4350 -2.16436e-13
4360 -2.19028e-13
4370 -2.24371e-13
4380 -2.1599e-13
4390 -2.09701e-13
4400 -2.19509e-13
4410 -2.15166e-13
4420 -2.06967e-13
4430 -2.12572e-13
4440 -2.20808e-13
4450 -2.15885e-13
4460 -2.24147e-13
4470 -2.19562e-13
4480 -2.40625e-13
4490 -2.28957e-13
4500 -2.26797e-13
4510 -2.13865e-13
4520 -2.23859e-13
4530 -2.15585e-13
4540 -2.15142e-13
4550 -2.22696e-13
4560 -2.22883e-13
4570 -2.19868e-13
4580 -2.11571e-13
4590 -2.21009e-13
4600 -2.2386e-13
4610 -2.15601e-13
4620 -2.14505e-13
4630 -2.20536e-13
4640 -2.28633e-13
4650 -2.24251e-13
4660 -2.20246e-13
4670 -2.10153e-13
4680 -2.20162e-13
4690 -2.22866e-13
4700 -2.11923e-13
4710 -2.16567e-13
4720 -2.35089e-13
4730 -2.19181e-13
4740 -2.35465e-13
4750 -2.39783e-13
4760 -2.36943e-13
4770 -2.32293e-13
4780 -2.22778e-13
4790 -2.23393e-13
4800 -2.21173e-13
4810 -2.29194e-13
4820 -2.18597e-13
4830 -2.3092e-13
4840 -2.30752e-13
4850 -2.41226e-13
4860 -2.5456e-13
4870 -2.46457e-13
4880 -2.61654e-13
4890 -2.5128e-13
4900 -2.55408e-13
4910 -2.48877e-13
4920 -2.51378e-13
4930 -2.53381e-13
4940 -2.54339e-13
4950 -2.56157e-13
4960 -2.58447e-13
4970 -2.56532e-13
4980 -2.50786e-13
4990 -2.41847e-13
5000 -2.48385e-13
5010 -2.39796e-13
5020 -2.46437e-13
5030 -2.47377e-13
5040 -2.51464e-13
5050 -2.48016e-13
5060 -2.66729e-13
5070 -2.58114e-13
5080 -2.57738e-13
5090 -2.70049e-13
5100 -2.65117e-13
5110 -2.77698e-13
5120 -2.67799e-13
5130 -2.64452e-13
5140 -2.75067e-13
5150 -2.68391e-13
5160 -2.70464e-13
5170 -2.70302e-13
5180 -2.83305e-13
5190 -2.82173e-13
5200 -2.68954e-13
5210 -2.74755e-13
5220 -2.8003e-13
5230 -2.77969e-13
5240 -2.79189e-13
5250 -2.75362e-13
5260 -2.76611e-13
5270 -2.77669e-13
5280 -2.89878e-13
5290 -2.97729e-13
5300 -2.93659e-13
5310 -2.92201e-13
5320 -3.02512e-13
5330 -3.05148e-13
5340 -2.93029e-13
5350 -3.03349e-13
5360 -3.05083e-13
5370 -3.02517e-13
5380 -3.10313e-13
5390 -3.03206e-13
5400 -3.11123e-13
5410 -3.13596e-13
5420 -3.08037e-13
5430 -2.98548e-13
5440 -3.03604e-13
5450 -3.05774e-13
5460 -3.07331e-13
5470 -2.97971e-13
5480 -3.02341e-13
5490 -2.9823e-13
5500 -3.06535e-13
5510 -3.05042e-13
5520 -3.1273e-13
5530 -3.26607e-13
5540 -3.19776e-13
5550 -3.20244e-13
5560 -3.24868e-13
5570 -3.2823e-13
5580 -3.25213e-13
5590 -3.28094e-13
5600 -3.32541e-13
5610 -3.25494e-13
5620 -3.40802e-13
5630 -3.26515e-13
5640 -3.29632e-13
5650 -3.17637e-13
5660 -3.18199e-13
5670 -3.14528e-13
5680 -3.14542e-13
5690 -3.19815e-13
5700 -3.33885e-13
5710 -3.26635e-13
5720 -3.28359e-13
5730 -3.25628e-13
5740 -3.20785e-13
5750 -3.28418e-13
5760 -3.22209e-13
5770 -3.21225e-13
5780 -3.10019e-13
5790 -3.16999e-13
5800 -3.15011e-13
5810 -3.19217e-13
5820 -3.13822e-13
5830 -3.21923e-13
5840 -3.16989e-13
5850 -3.12667e-13
5860 -3.10031e-13
5870 -3.24171e-13
5880 -3.19175e-13
5890 -3.23522e-13
5900 -3.22348e-13
5910 -3.26909e-13
5920 -3.21451e-13
5930 -3.33619e-13
5940 -3.27412e-13
5950 -3.26262e-13
5960 -3.14681e-13
5970 -3.27219e-13
5980 -3.29629e-13
5990 -3.31638e-13
6000 -3.27114e-13
6010 -3.27268e-13
6020 -3.30377e-13
6030 -3.2495e-13
6040 -3.45289e-13
6050 -3.36477e-13
6060 -3.4482e-13
6070 -3.44655e-13
6080 -3.42352e-13
6090 -3.50907e-13
6100 -3.55547e-13
6110 -3.43091e-13
6120 -3.33634e-13
6130 -3.39617e-13
6140 -3.22732e-13
6150 -3.41958e-13
6160 -3.31579e-13
6170 -3.36256e-13
6180 -3.28509e-13
6190 -3.28981e-13
6200 -3.3143e-13
6210 -3.26406e-13
6220 -3.1053e-13
6230 -3.15085e-13
6240 -3.1429e-13
6250 -3.16029e-13
6260 -3.28444e-13
6270 -3.27758e-13
6280 -3.19432e-13
6290 -3.18138e-13
6300 -3.28699e-13
6310 -3.19293e-13
6320 -3.19721e-13
6330 -3.13345e-13
6340 -3.11212e-13
6350 -3.18953e-13
6360 -3.19238e-13
6370 -3.19325e-13
6380 -3.07982e-13
6390 -3.08306e-13
6400 -3.0804e-13
6410 -3.1744e-13
6420 -3.05613e-13
6430 -2.95497e-13
6440 -2.79258e-13
6450 -3.03898e-13
6460 -3.09765e-13
6470 -3.01207e-13
6480 -3.16914e-13
6490 -3.24919e-13
6500 -3.42456e-13
6510 -3.98539e-13
6520 -5.29602e-13
6530 -7.77672e-13
6540 -1.30329e-12
6550 -2.37104e-12
6560 -4.55079e-12
6570 -8.90576e-12
6580 -1.74987e-11
6590 -3.42205e-11
6600 -6.64191e-11
6610 -1.27605e-10
6620 -2.42462e-10
6630 -4.55521e-10
6640 -8.46126e-10
6650 -1.55395e-09
6660 -2.8221e-09
6670 -5.06879e-09
6680 -9.00548e-09
6690 -1.58289e-08
6700 -2.75299e-08
6710 -4.73848e-08
6720 -8.07277e-08
6730 -1.36151e-07
6740 -2.27351e-07
6750 -3.75938e-07
6760 -6.15652e-07
6770 -9.98654e-07
6780 -1.60477e-06
6790 -2.55494e-06
6800 -4.03064e-06
6810 -6.30152e-06
6820 -9.76437e-06
6830 -1.49976e-05
6840 -2.28361e-05
6850 -3.44741e-05
6860 -5.16037e-05
6870 -7.66e-05
6880 -0.000112766
6890 -0.000164655
6900 -0.000238481
6910 -0.000342656
6920 -0.000488455
6930 -0.000690862
6940 -0.000969606
6950 -0.00135043
6960 -0.00186662
6970 -0.00256083
6980 -0.00348722
6990 -0.00471396
7000 -0.00632603
7010 -0.00842841
7020 -0.0111496
7030 -0.0146455
7040 -0.0191032
7050 -0.0247454
7060 -0.0318344
7070 -0.0406762
7080 -0.0516241
7090 -0.0650815
7100 -0.0815047
7110 -0.101403
7120 -0.12534
7130 -0.153928
7140 -0.187829
7150 -0.227744
7160 -0.274405
7170 -0.328565
7180 -0.39098
7190 -0.462396
7200 -0.543528
7210 -0.635033
7220 -0.737494
7230 -0.85139
7240 -0.97707
7250 -1.11473
7260 -1.26437
7270 -1.42582
7280 -1.59866
7290 -1.78224
7300 -1.97566
7310 -2.17777
7320 -2.38717
7330 -2.60219
7340 -2.82097
7350 -3.04143
7360 -3.26131
7370 -3.47821
7380 -3.68966
7390 -3.89312
7400 -4.08606
7410 -4.26601
7420 -4.43061
7430 -4.57766
7440 -4.70519
7450 -4.81145
7460 -4.89504
7470 -4.95483
7480 -4.99008
7490 -5.00042
7500 -4.98583
7510 -4.94667
7520 -4.88366
7530 -4.79785
7540 -4.69062
7550 -4.56359
7560 -4.41863
7570 -4.2578
7580 -4.0833
7590 -3.89741
7600 -3.70247
7610 -3.5008
7620 -3.2947
7630 -3.08636
7640 -2.87787
7650 -2.67116
7660 -2.46798
7670 -2.26991
7680 -2.0783
7690 -1.89432
7700 -1.7189
7710 -1.55279
7720 -1.39652
7730 -1.25044
7740 -1.11473
7750 -0.989416
7760 -0.874375
7770 -0.76937
7780 -0.674063
7790 -0.588033
7800 -0.510797
7810 -0.441824
7820 -0.38055
7830 -0.326396
7840 -0.278777
7850 -0.237113
7860 -0.20084
7870 -0.169413
7880 -0.142316
7890 -0.119064
7900 -0.0992049
7910 -0.0823228
7920 -0.0680376
7930 -0.056005
7940 -0.0459157
7950 -0.0374939
7960 -0.0304951
7970 -0.0247046
7980 -0.0199348
7990 -0.0160228
8000 -0.0128281
8010 -0.0102305
8020 -0.00812719
8030 -0.0064314
8040 -0.00506988
8050 -0.00398128
8060 -0.00311449
8070 -0.00242716
8080 -0.00188435
8090 -0.00145742
8100 -0.00112298
8110 -0.00086205
8120 -0.00065928
8130 -0.000502332
8140 -0.000381331
8150 -0.000288409
8160 -0.000217329
8170 -0.000163168
8180 -0.000122058
8190 -9.09736e-05
8200 -6.75601e-05
8210 -4.99915e-05
8220 -3.68586e-05
8230 -2.70784e-05
8240 -1.98223e-05
8250 -1.4459e-05
8260 -1.05095e-05
8270 -7.61184e-06
8280 -5.49371e-06
8290 -3.95109e-06
8300 -2.8317e-06
8310 -2.02238e-06
8320 -1.43935e-06
8330 -1.02086e-06
8340 -7.21552e-07
8350 -5.08245e-07
8360 -3.56771e-07
8370 -2.49586e-07
8380 -1.74009e-07
8390 -1.20906e-07
8400 -8.37245e-08
8410 -5.7782e-08
8420 -3.97441e-08
8430 -2.72456e-08
8440 -1.86152e-08
8450 -1.26764e-08
8460 -8.60358e-09
8470 -5.82006e-09
8480 -3.92415e-09
8490 -2.63717e-09
8500 -1.76648e-09
8510 -1.17943e-09
8520 -7.84919e-10
8530 -5.20706e-10
8540 -3.44335e-10
8550 -2.26987e-10
8560 -1.49168e-10
8570 -9.77449e-11
8580 -6.38623e-11
8590 -4.16157e-11
8600 -2.70521e-11
8610 -1.75454e-11
8620 -1.1376e-11
8630 -7.36939e-12
8640 -4.78993e-12
8650 -3.11624e-12
8660 -2.05346e-12
8670 -1.36745e-12
8680 -9.27499e-13
8690 -6.53384e-13
8700 -4.75949e-13
8710 -3.67263e-13
8720 -2.97123e-13
8730 -2.4441e-13
8740 -2.23699e-13
8750 -1.98275e-13
8760 -1.92688e-13
8770 -1.86626e-13
8780 -1.82274e-13
8790 -1.77467e-13
8800 -1.79526e-13
8810 -1.76107e-13
8820 -1.72287e-13
8830 -1.77331e-13
8840 -1.71971e-13
8850 -1.78194e-13
8860 -1.74323e-13
8870 -1.77904e-13
8880 -1.80499e-13
8890 -1.81582e-13
8900 -1.73573e-13
8910 -1.7423e-13
8920 -1.78264e-13
8930 -1.75233e-13
8940 -1.71e-13
8950 -1.75873e-13
8960 -1.76331e-13
8970 -1.75993e-13
8980 -1.7246e-13
8990 -1.75166e-13
9000 -1.75453e-13
9010 -1.73204e-13
9020 -1.79264e-13
9030 -1.8718e-13
9040 -1.80795e-13
9050 -1.85854e-13
9060 -1.79749e-13
9070 -1.72872e-13
9080 -1.73367e-13
9090 -1.61995e-13
9100 -1.70114e-13
9110 -1.68108e-13
9120 -1.65189e-13
9130 -1.60936e-13
9140 -1.57848e-13
9150 -1.60431e-13
9160 -1.62993e-13
9170 -1.58985e-13
9180 -1.58918e-13
9190 -1.5344e-13
9200 -1.52339e-13
9210 -1.49186e-13
9220 -1.48012e-13
9230 -1.41874e-13
9240 -1.46969e-13
9250 -1.47302e-13
9260 -1.43721e-13
9270 -1.4182e-13
9280 -1.38869e-13
9290 -1.42009e-13
9300 -1.37039e-13
9310 -1.36585e-13
9320 -1.33929e-13
9330 -1.36154e-13
9340 -1.30739e-13
9350 -1.29248e-13
9360 -1.28085e-13
9370 -1.32611e-13
9380 -1.33057e-13
9390 -1.37249e-13
9400 -1.35765e-13
9410 -1.45512e-13
9420 -1.34853e-13
9430 -1.31342e-13
9440 -1.34299e-13
9450 -1.37342e-13
9460 -1.42959e-13
9470 -1.38561e-13
9480 -1.40011e-13
9490 -1.35405e-13
9500 -1.30523e-13
9510 -1.30312e-13
9520 -1.30092e-13
9530 -1.29067e-13
9540 -1.31171e-13
9550 -1.32023e-13
9560 -1.35001e-13
9570 -1.33604e-13
9580 -1.35647e-13
9590 -1.35056e-13
9600 -1.36225e-13
9610 -1.40676e-13
9620 -1.344e-13
9630 -1.35172e-13
9640 -1.33922e-13
9650 -1.35271e-13
9660 -1.39091e-13
9670 -1.37618e-13
9680 -1.3824e-13
9690 -1.37834e-13
9700 -1.4318e-13
9710 -1.44687e-13
9720 -1.38232e-13
9730 -1.46928e-13
9740 -1.42907e-13
9750 -1.43231e-13
9760 -1.40186e-13
9770 -1.42548e-13
9780 -1.40287e-13
9790 -1.38429e-13
9800 -1.38492e-13
9810 -1.35657e-13
9820 -1.40341e-13
9830 -1.38787e-13
9840 -1.37262e-13
9850 -1.36054e-13
9860 -1.35053e-13
9870 -1.37002e-13
9880 -1.4082e-13
9890 -1.35997e-13
9900 -1.32157e-13
9910 -1.36924e-13
9920 -1.33049e-13
9930 -1.35537e-13
9940 -1.3851e-13
9950 -1.35869e-13
9960 -1.42432e-13
9970 -1.44408e-13
9980 -1.42402e-13
9990 -1.41281e-13
10000 -1.38371e-13
10010 -1.35462e-13
10020 -1.38978e-13
10030 -1.3936e-13
10040 -1.34154e-13
10050 -1.34303e-13
10060 -1.3074e-13
10070 -1.34487e-13
10080 -1.36566e-13
10090 -1.49499e-13
10100 -1.44699e-13
10110 -1.46048e-13
10120 -1.44205e-13
10130 -1.49492e-13
10140 -1.47964e-13
10150 -1.46119e-13
10160 -1.44777e-13
10170 -1.596e-13
10180 -1.54797e-13
10190 -1.55621e-13
10200 -1.59856e-13
10210 -1.61601e-13
10220 -1.68097e-13
10230 -1.69992e-13
10240 -1.66941e-13
10250 -1.591e-13
10260 -1.59429e-13
10270 -1.59068e-13
10280 -1.55428e-13
10290 -1.54552e-13
10300 -1.5909e-13
10310 -1.53066e-13
10320 -1.55802e-13
10330 -1.57733e-13
10340 -1.56122e-13
10350 -1.54905e-13
10360 -1.57265e-13
10370 -1.56542e-13
10380 -1.51017e-13
10390 -1.573e-13
10400 -1.54493e-13
10410 -1.54038e-13
10420 -1.51031e-13
10430 -1.49893e-13
10440 -1.59063e-13
10450 -1.60479e-13
10460 -1.60656e-13
10470 -1.64503e-13
10480 -1.62662e-13
10490 -1.68674e-13
10500 -1.73473e-13
10510 -1.67158e-13
10520 -1.64298e-13
10530 -1.5882e-13
10540 -1.60462e-13
10550 -1.66213e-13
10560 -1.61923e-13
10570 -1.66004e-13
10580 -1.59919e-13
10590 -1.55347e-13
10600 -1.49854e-13
10610 -1.59422e-13
10620 -1.56728e-13
10630 -1.54584e-13
10640 -1.53632e-13
10650 -1.53159e-13
10660 -1.55778e-13
10670 -1.55869e-13
10680 -1.58436e-13
10690 -1.6412e-13
10700 -1.66548e-13
10710 -1.61304e-13
10720 -1.58552e-13
10730 -1.62169e-13
10740 -1.59574e-13
10750 -1.61116e-13
10760 -1.67179e-13
10770 -1.58133e-13
10780 -1.59597e-13
10790 -1.64402e-13
10800 -1.62129e-13
10810 -1.66958e-13
10820 -1.61771e-13
10830 -1.62886e-13
10840 -1.56286e-13
10850 -1.63374e-13
10860 -1.66595e-13
10870 -1.69071e-13
10880 -1.74497e-13
10890 -1.76939e-13
10900 -1.70806e-13
10910 -1.68796e-13
10920 -1.65124e-13
10930 -1.62811e-13
10940 -1.65435e-13
10950 -1.60574e-13
10960 -1.64645e-13
10970 -1.64331e-13
10980 -1.6909e-13
10990 -1.65271e-13
11000 -1.62059e-13
11010 -1.679e-13
11020 -1.69654e-13
11030 -1.70766e-13
11040 -1.71926e-13
11050 -1.7642e-13
11060 -1.73169e-13
11070 -1.72533e-13
11080 -1.68413e-13
11090 -1.74993e-13
11100 -1.68112e-13
11110 -1.67269e-13
11120 -1.69308e-13
11130 -1.65211e-13
11140 -1.68421e-13
11150 -1.69434e-13
11160 -1.63916e-13
11170 -1.59648e-13
11180 -1.67306e-13
11190 -1.56294e-13
11200 -1.51826e-13
11210 -1.46153e-13
11220 -1.44597e-13
11230 -1.3549e-13
11240 -1.38069e-13
11250 -1.45124e-13
11260 -1.40191e-13
11270 -1.33476e-13
11280 -1.34519e-13
11290 -1.34587e-13
11300 -1.30602e-13
11310 -1.32354e-13
11320 -1.27618e-13
11330 -1.33351e-13
11340 -1.32813e-13
11350 -1.37489e-13
11360 -1.37609e-13
11370 -1.42283e-13
11380 -1.41316e-13
11390 -1.41756e-13
11400 -1.31837e-13
11410 -1.37205e-13
11420 -1.31267e-13
11430 -1.30485e-13
11440 -1.29365e-13
11450 -1.31974e-13
11460 -1.38011e-13
11470 -1.30747e-13
11480 -1.3155e-13
11490 -1.29626e-13
11500 -1.36147e-13
11510 -1.31207e-13
11520 -1.34065e-13
11530 -1.39174e-13
11540 -1.34394e-13
11550 -1.3749e-13
11560 -1.3419e-13
11570 -1.32657e-13
11580 -1.31949e-13
11590 -1.31992e-13
11600 -1.34649e-13
11610 -1.3392e-13
11620 -1.31816e-13
11630 -1.39065e-13
11640 -1.33068e-13
11650 -1.3501e-13
11660 -1.32614e-13
11670 -1.34746e-13
11680 -1.36357e-13
11690 -1.3467e-13
11700 -1.38254e-13
11710 -1.40585e-13
11720 -1.41794e-13
11730 -1.35066e-13
11740 -1.39353e-13
11750 -1.40211e-13
11760 -1.39649e-13
11770 -1.44045e-13
11780 -1.55538e-13
11790 -1.51674e-13
11800 -1.5376e-13
11810 -1.55813e-13
11820 -1.50279e-13
11830 -1.52746e-13
11840 -1.44949e-13
11850 -1.45653e-13
11860 -1.46295e-13
11870 -1.44113e-13
11880 -1.3745e-13
11890 -1.36139e-13
11900 -1.34277e-13
11910 -1.27741e-13
11920 -1.33382e-13
11930 -1.30764e-13
11940 -1.26558e-13
11950 -1.33841e-13
11960 -1.34868e-13
11970 -1.25813e-13
11980 -1.2943e-13
11990 -1.29218e-13
12000 -1.33717e-13
12010 -1.28242e-13
12020 -1.27614e-13
12030 -1.38652e-13
12040 -1.36345e-13
12050 -1.32966e-13
12060 -1.37111e-13
12070 -1.33048e-13
12080 -1.36773e-13
12090 -1.36861e-13
12100 -1.44951e-13
12110 -1.44717e-13
12120 -1.4148e-13
12130 -1.40068e-13
12140 -1.34198e-13
12150 -1.43196e-13
12160 -1.37302e-13
12170 -1.43808e-13
12180 -1.44323e-13
12190 -1.46859e-13
12200 -1.45291e-13
12210 -1.47971e-13
12220 -1.45348e-13
12230 -1.40799e-13
12240 -1.40161e-13
12250 -1.40044e-13
12260 -1.41791e-13
12270 -1.3734e-13
12280 -1.36523e-13
12290 -1.33552e-13
12300 -1.31097e-13
12310 -1.27878e-13
12320 -1.22972e-13
12330 -1.22744e-13
12340 -1.21554e-13
12350 -1.16724e-13
12360 -1.21311e-13
12370 -1.19626e-13
12380 -1.16573e-13
12390 -1.1164e-13
12400 -1.1528e-13
12410 -1.15612e-13
12420 -1.14111e-13
12430 -1.17543e-13
12440 -1.16267e-13
12450 -1.21844e-13
12460 -1.26821e-13
12470 -1.25673e-13
12480 -1.22828e-13
12490 -1.2445e-13
12500 -1.20179e-13
12510 -1.23264e-13
12520 -1.23724e-13
12530 -1.23384e-13
12540 -1.25414e-13
12550 -1.25409e-13
12560 -1.24332e-13
12570 -1.2542e-13
12580 -1.25722e-13
12590 -1.25716e-13
12600 -1.21013e-13
12610 -1.19088e-13
12620 -1.21966e-13
12630 -1.14034e-13
12640 -1.08163e-13
12650 -1.08599e-13
12660 -9.89857e-14
12670 -1.0287e-13
12680 -1.00027e-13
12690 -1.05648e-13
12700 -1.08182e-13
12710 -1.0441e-13
12720 -1.03045e-13
12730 -1.08904e-13
12740 -1.01354e-13
12750 -1.03713e-13
12760 -1.06508e-13
12770 -9.80597e-14
12780 -9.79474e-14
12790 -9.41812e-14
12800 -9.52633e-14
12810 -8.95501e-14
12820 -8.9168e-14
12830 -8.78331e-14
12840 -9.00294e-14
12850 -8.78709e-14
12860 -9.34213e-14
12870 -8.92209e-14
12880 -9.11219e-14
12890 -8.85076e-14
12900 -8.99883e-14
12910 -8.76414e-14
12920 -8.2164e-14
12930 -8.03885e-14
12940 -8.23052e-14
12950 -8.27756e-14
12960 -8.02694e-14
12970 -8.02302e-14
12980 -7.9396e-14
12990 -8.77947e-14
13000 -8.73156e-14
13010 -9.21767e-14
13020 -9.015e-14
13030 -8.83433e-14
13040 -9.62493e-14
13050 -1.0303e-13
13060 -1.0029e-13
13070 -9.90697e-14
13080 -9.95025e-14
13090 -1.0257e-13
13100 -1.09064e-13
13110 -1.10823e-13
13120 -1.11239e-13
13130 -1.08673e-13
13140 -1.10565e-13
13150 -1.14503e-13
13160 -1.12656e-13
13170 -1.20566e-13
13180 -1.19304e-13
13190 -1.25431e-13
13200 -1.24517e-13
13210 -1.24085e-13
13220 -1.21848e-13
13230 -1.09562e-13
13240 -1.06808e-13
13250 -1.1233e-13
13260 -1.0641e-13
13270 -1.10822e-13
13280 -1.17068e-13
13290 -1.1927e-13
13300 -1.15269e-13
13310 -1.16597e-13
13320 -1.25123e-13
13330 -1.26411e-13
13340 -1.32611e-13
13350 -1.28647e-13
13360 -1.31676e-13
13370 -1.28273e-13
13380 -1.32383e-13
13390 -1.39348e-13
13400 -1.32015e-13
13410 -1.26008e-13
13420 -1.32152e-13
13430 -1.28775e-13
13440 -1.18284e-13
13450 -1.18376e-13
13460 -1.17464e-13
13470 -1.13525e-13
13480 -1.1757e-13
13490 -1.1973e-13
13500 -1.17399e-13
13510 -1.21951e-13
13520 -1.24598e-13
13530 -1.30547e-13
13540 -1.28367e-13
13550 -1.28628e-13
13560 -1.25384e-13
13570 -1.24341e-13
13580 -1.2739e-13
13590 -1.25509e-13
13600 -1.30751e-13
13610 -1.34015e-13
13620 -1.30581e-13
13630 -1.30589e-13
13640 -1.30583e-13
13650 -1.33618e-13
13660 -1.3631e-13
13670 -1.3446e-13
13680 -1.36601e-13
13690 -1.31063e-13
13700 -1.39336e-13
13710 -1.40065e-13
13720 -1.3131e-13
13730 -1.31512e-13
13740 -1.28853e-13
13750 -1.31775e-13
13760 -1.31637e-13
13770 -1.34626e-13
13780 -1.34661e-13
13790 -1.28671e-13
13800 -1.26186e-13
13810 -1.31186e-13
13820 -1.41843e-13
13830 -1.3011e-13
13840 -1.41222e-13
13850 -1.32594e-13
13860 -1.33853e-13
13870 -1.30412e-13
13880 -1.39278e-13
13890 -1.35486e-13
13900 -1.20525e-13
13910 -1.23902e-13
13920 -1.32807e-13
13930 -1.38364e-13
13940 -1.32456e-13
13950 -1.31486e-13
13960 -1.28306e-13
13970 -1.26419e-13
13980 -1.31095e-13
13990 -1.38343e-13
14000 -1.27442e-13
14010 -1.2057e-13
14020 -1.25306e-13
14030 -1.26634e-13
14040 -1.21229e-13
14050 -1.20396e-13
14060 -1.2121e-13
14070 -1.21643e-13
14080 -1.26019e-13
14090 -1.32198e-13
14100 -1.28442e-13
14110 -1.32007e-13
14120 -1.3014e-13
14130 -1.27544e-13
14140 -1.24783e-13
14150 -1.19266e-13
14160 -1.23904e-13
14170 -1.24373e-13
14180 -1.17699e-13
14190 -1.19964e-13
14200 -1.25973e-13
14210 -1.25418e-13
14220 -1.26158e-13
14230 -1.19461e-13
14240 -1.18386e-13
14250 -1.19552e-13
14260 -1.24025e-13
14270 -1.22949e-13
14280 -1.22684e-13
14290 -1.26723e-13
14300 -1.14538e-13
14310 -1.17962e-13
14320 -1.2385e-13
14330 -1.17416e-13
14340 -1.17837e-13
14350 -1.18366e-13
14360 -1.24312e-13
14370 -1.21151e-13
14380 -1.18455e-13
14390 -1.26832e-13
14400 -1.32582e-13
14410 -1.37917e-13
14420 -1.40449e-13
14430 -1.38195e-13
14440 -1.38415e-13
14450 -1.46543e-13
14460 -1.38685e-13
14470 -1.40314e-13
14480 -1.42212e-13
14490 -1.38519e-13
14500 -1.38111e-13
14510 -1.39468e-13
14520 -1.38731e-13
14530 -1.37874e-13
14540 -1.32356e-13
14550 -1.37139e-13
14560 -1.38409e-13
14570 -1.45057e-13
14580 -1.41399e-13
14590 -1.42221e-13
14600 -1.50431e-13
14610 -1.4867e-13
14620 -1.52862e-13
14630 -1.54311e-13
14640 -1.50926e-13
14650 -1.47792e-13
14660 -1.48877e-13
14670 -1.50641e-13
14680 -1.43822e-13
14690 -1.41922e-13
14700 -1.51209e-13
14710 -1.39785e-13
14720 -1.4364e-13
14730 -1.42913e-13
14740 -1.47588e-13
14750 -1.4381e-13
14760 -1.3503e-13
14770 -1.31586e-13
14780 -1.25801e-13
14790 -1.35383e-13
14800 -1.34935e-13
14810 -1.3865e-13
14820 -1.31995e-13
14830 -1.27639e-13
14840 -1.28104e-13
14850 -1.35468e-13
14860 -1.28778e-13
14870 -1.34529e-13
14880 -1.34235e-13
14890 -1.33597e-13
14900 -1.34258e-13
14910 -1.33125e-13
14920 -1.31985e-13
14930 -1.33066e-13
14940 -1.29933e-13
14950 -1.31977e-13
14960 -1.31731e-13
14970 -1.27615e-13
14980 -1.31753e-13
14990 -1.27098e-13
15000 -1.22391e-13
15010 -1.22447e-13
15020 -1.21706e-13
15030 -1.26559e-13
15040 -1.18121e-13
15050 -1.18604e-13
15060 -1.14475e-13
15070 -1.14662e-13
15080 -1.09076e-13
15090 -1.1189e-13
15100 -1.12925e-13
15110 -1.16311e-13
15120 -1.17346e-13
15130 -1.2409e-13
15140 -1.21151e-13
15150 -1.30672e-13
15160 -1.30787e-13
15170 -1.26578e-13
15180 -1.28961e-13
15190 -1.31069e-13
15200 -1.28724e-13
15210 -1.23067e-13
15220 -1.23105e-13
15230 -1.28878e-13
15240 -1.30088e-13
15250 -1.35702e-13
15260 -1.2926e-13
15270 -1.2799e-13
15280 -1.32777e-13
15290 -1.3041e-13
15300 -1.31822e-13
15310 -1.2578e-13
15320 -1.2245e-13
15330 -1.24273e-13
15340 -1.23322e-13
15350 -1.2178e-13
15360 -1.30331e-13
15370 -1.26888e-13
15380 -1.24262e-13
15390 -1.13175e-13
15400 -1.20014e-13
15410 -1.2077e-13
15420 -1.20212e-13
15430 -1.18925e-13
15440 -1.24549e-13
15450 -1.17566e-13
15460 -1.11196e-13
15470 -1.17571e-13
15480 -1.142e-13
15490 -1.16923e-13
15500 -1.16882e-13
15510 -1.1735e-13
15520 -1.22606e-13
15530 -1.2509e-13
15540 -1.29209e-13
15550 -1.31657e-13
15560 -1.17996e-13
15570 -1.15677e-13
15580 -1.32217e-13
15590 -1.25529e-13
15600 -1.20494e-13
15610 -1.23008e-13
15620 -1.32862e-13
15630 -1.31834e-13
15640 -1.29604e-13
15650 -1.30067e-13
15660 -1.38234e-13
15670 -1.44363e-13
15680 -1.37555e-13
15690 -1.37201e-13
15700 -1.46625e-13
15710 -1.45455e-13
15720 -1.43055e-13
15730 -1.51705e-13
15740 -1.48844e-13
15750 -1.43994e-13
15760 -1.47079e-13
15770 -1.46984e-13
15780 -1.43675e-13
15790 -1.43459e-13
15800 -1.39536e-13
15810 -1.48794e-13
15820 -1.49165e-13
15830 -1.40798e-13
15840 -1.37158e-13
15850 -1.34596e-13
15860 -1.33514e-13
15870 -1.3124e-13
15880 -1.29099e-13
15890 -1.33819e-13
15900 -1.28979e-13
15910 -1.29951e-13
15920 -1.33931e-13
15930 -1.386e-13
15940 -1.30107e-13
15950 -1.40632e-13
15960 -1.49841e-13
15970 -1.43627e-13
15980 -1.39411e-13
15990 -1.47838e-13
16000 -1.54867e-13
16010 -1.52091e-13
16020 -1.46292e-13
16030 -1.61637e-13
16040 -1.68344e-13
16050 -1.70245e-13
16060 -1.64076e-13
16070 -1.54613e-13
16080 -1.63145e-13
16090 -1.71362e-13
16100 -1.63125e-13
16110 -1.64731e-13
16120 -1.67591e-13
16130 -1.62431e-13
16140 -1.70616e-13
16150 -1.77485e-13
16160 -1.73595e-13
16170 -1.73306e-13
16180 -1.79902e-13
16190 -1.81949e-13
16200 -1.83545e-13
16210 -1.78558e-13
16220 -1.8064e-13
16230 -1.72847e-13
16240 -1.79461e-13
16250 -1.90644e-13
16260 -1.83414e-13
16270 -1.85017e-13
16280 -1.88891e-13
16290 -1.79484e-13
16300 -1.87553e-13
16310 -1.89855e-13
16320 -1.89253e-13
16330 -1.87065e-13
16340 -1.80298e-13
16350 -1.9426e-13
16360 -1.86994e-13
16370 -1.84511e-13
16380 -1.93507e-13
16390 -2.0039e-13
16400 -1.90791e-13
16410 -1.86304e-13
16420 -1.78601e-13
16430 -1.86638e-13
16440 -1.85411e-13
16450 -1.91668e-13
16460 -1.84778e-13
16470 -1.89768e-13
16480 -1.95012e-13
16490 -1.99477e-13
16500 -1.90151e-13
16510 -1.90894e-13
16520 -1.95551e-13
16530 -1.85788e-13
16540 -1.84552e-13
16550 -1.95537e-13
16560 -1.85098e-13
16570 -1.80776e-13
16580 -1.82921e-13
16590 -1.87903e-13
16600 -1.94855e-13
16610 -1.91087e-13
16620 -1.8817e-13
16630 -1.92149e-13
16640 -1.90506e-13
16650 -1.85719e-13
16660 -1.87678e-13
16670 -1.83814e-13
16680 -1.9038e-13
16690 -1.85887e-13
16700 -1.87638e-13
16710 -1.87035e-13
16720 -1.89853e-13
16730 -1.89254e-13
16740 -1.86372e-13
16750 -1.88132e-13
16760 -1.905e-13
16770 -1.91963e-13
16780 -1.87812e-13
16790 -1.91976e-13
16800 -1.89492e-13
16810 -1.93228e-13
16820 -1.81105e-13
16830 -1.70618e-13
16840 -1.80507e-13
16850 -1.90189e-13
16860 -1.77682e-13
16870 -1.82581e-13
16880 -1.86447e-13
16890 -1.85128e-13
16900 -1.86787e-13
16910 -1.88989e-13
16920 -1.88732e-13
16930 -1.87101e-13
16940 -1.89906e-13
16950 -1.87561e-13
16960 -1.83521e-13
16970 -1.7929e-13
16980 -1.89496e-13
16990 -1.89198e-13
17000 -1.80271e-13
17010 -1.85649e-13
17020 -1.81675e-13
17030 -1.92582e-13
17040 -1.89065e-13
17050 -1.87524e-13
17060 -1.90566e-13
17070 -1.93306e-13
17080 -1.91371e-13
17090 -1.91331e-13
17100 -1.90446e-13
17110 -1.9511e-13
17120 -2.05635e-13
17130 -1.94121e-13
17140 -2.02493e-13
17150 -2.04472e-13
17160 -1.99865e-13
17170 -1.90857e-13
17180 -1.89982e-13
17190 -1.95354e-13
17200 -2.03735e-13
17210 -1.8884e-13
17220 -1.88091e-13
17230 -1.7725e-13
17240 -1.8866e-13
17250 -1.99203e-13
17260 -2.00536e-13
17270 -2.01941e-13
17280 -1.91527e-13
17290 -1.94131e-13
17300 -2.00237e-13
17310 -2.04167e-13
17320 -2.02437e-13
17330 -1.99355e-13
17340 -2.01663e-13
17350 -1.95211e-13
17360 -2.05478e-13
17370 -2.09468e-13
17380 -2.04852e-13
17390 -1.98454e-13
17400 -2.0124e-13
17410 -2.00987e-13
17420 -2.03092e-13
17430 -2.07601e-13
17440 -2.04569e-13
17450 -2.05024e-13
17460 -2.03462e-13
17470 -2.03647e-13
17480 -2.09927e-13
17490 -2.19619e-13
17500 -2.08079e-13
17510 -2.03348e-13
17520 -2.00965e-13
17530 -2.0521e-13
17540 -1.98517e-13
17550 -1.83044e-13
17560 -1.88202e-13
17570 -1.95064e-13
17580 -1.90048e-13
17590 -1.92238e-13
17600 -1.82996e-13
17610 -1.91168e-13
17620 -1.93935e-13
17630 -1.96484e-13
17640 -1.9085e-13
17650 -1.96249e-13
17660 -1.91053e-13
17670 -1.82479e-13
17680 -1.77066e-13
17690 -1.90088e-13
17700 -1.96583e-13
17710 -1.89587e-13
17720 -1.79649e-13
17730 -1.75177e-13
17740 -1.7042e-13
17750 -1.58605e-13
17760 -1.24108e-13
17770 -6.22699e-14
17780 4.89073e-14
17790 2.19604e-13
17800 5.2832e-13
17810 1.06397e-12
17820 1.98972e-12
17830 3.56424e-12
17840 6.20405e-12
17850 1.06176e-11
17860 1.79966e-11
17870 3.02214e-11
17880 5.03573e-11
17890 8.33229e-11
17900 1.36945e-10
17910 2.2364e-10
17920 3.62944e-10
17930 5.85445e-10
17940 9.38696e-10
17950 1.49617e-09
17960 2.37072e-09
17970 3.7346e-09
17980 5.84915e-09
17990 9.10843e-09
18000 1.4103e-08
18010 2.17129e-08
18020 3.32411e-08
18030 5.06057e-08
18040 7.66139e-08
18050 1.15349e-07
18060 1.72717e-07
18070 2.57208e-07
18080 3.80957e-07
18090 5.61212e-07
18100 8.22336e-07
18110 1.19856e-06
18120 1.73768e-06
18130 2.50608e-06
18140 3.5954e-06
18150 5.13149e-06
18160 7.28609e-06
18170 1.02923e-05
18180 1.44649e-05
18190 2.02261e-05
18200 2.81396e-05
18210 3.89532e-05
18220 5.3654e-05
18230 7.35371e-05
18240 0.000100292
18250 0.000136113
18260 0.000183829
18270 0.000247072
18280 0.000330474
18290 0.000439914
18300 0.000582812
18310 0.000768472
18320 0.00100851
18330 0.00131733
18340 0.0017127
18350 0.00221642
18360 0.00285509
18370 0.00366093
18380 0.00467283
18390 0.00593738
18400 0.00751012
18410 0.00945683
18420 0.011855
18430 0.0147953
18440 0.0183833
18450 0.0227409
18460 0.0280085
18470 0.0343461
18480 0.0419353
18490 0.0509807
18500 0.0617114
18510 0.074382
18520 0.0892733
18530 0.106693
18540 0.126975
18550 0.150481
18560 0.177594
18570 0.208724
18580 0.244297
18590 0.284759
18600 0.330565
18610 0.382176
18620 0.440055
18630 0.504656
18640 0.576416
18650 0.655748
18660 0.74303
18670 0.838592
18680 0.942712
18690 1.0556
18700 1.17738
18710 1.30809
18720 1.44769
18730 1.59599
18740 1.75273
18750 1.91749
18760 2.08975
18770 2.26883
18780 2.45395
18790 2.64419
18800 2.8385
18810 3.0357
18820 3.23454
18830 3.43364
18840 3.63156
18850 3.82677
18860 4.01772
18870 4.20283
18880 4.38052
18890 4.5492
18900 4.70737
18910 4.85357
18920 4.98642
18930 5.10467
18940 5.20719
18950 5.29301
18960 5.3613
18970 5.41144
18980 5.44296
18990 5.45561
19000 5.44934
19010 5.42426
19020 5.38072
19030 5.31922
19040 5.24045
19050 5.14527
19060 5.03468
19070 4.90982
19080 4.77192
19090 4.62232
19100 4.46244
19110 4.29373
19120 4.11767
19130 3.93576
19140 3.74948
19150 3.56026
19160 3.36952
19170 3.17859
19180 2.98872
19190 2.80107
19200 2.61672
19210 2.43662
19220 2.26164
19230 2.0925
19240 1.92983
19250 1.77415
19260 1.62585
19270 1.48525
19280 1.35253
19290 1.2278
19300 1.11109
19310 1.00234
19320 0.901414
19330 0.808141
19340 0.722279
19350 0.643551
19360 0.571644
19370 0.506216
19380 0.446908
19390 0.393348
19400 0.345156
19410 0.301952
19420 0.26336
19430 0.229009
19440 0.198542
19450 0.171613
19460 0.147895
19470 0.127076
19480 0.108864
19490 0.0929863
19500 0.0791906
19510 0.0672435
19520 0.0569315
19530 0.0480601
19540 0.040453
19550 0.033951
19560 0.0284115
19570 0.0237072
19580 0.0197249
19590 0.0163643
19600 0.0135375
19610 0.0111669
19620 0.00918523
19630 0.00753376
19640 0.00616171
19650 0.00502529
19660 0.00408692
19670 0.00331443
19680 0.00268041
19690 0.00216162
19700 0.00173838
19710 0.00139412
19720 0.00111493
19730 0.000889189
19740 0.000707196
19750 0.000560905
19760 0.000443654
19770 0.000349952
19780 0.000275287
19790 0.000215962
19800 0.000168961
19810 0.000131831
19820 0.000102583
19830 7.96087e-05
19840 6.16136e-05
19850 4.75586e-05
19860 3.6612e-05
19870 2.81104e-05
19880 2.15264e-05
19890 1.64419e-05
19900 1.25269e-05
19910 9.5213e-06
19920 7.22109e-06
19930 5.46673e-06
19940 4.13394e-06
19950 3.12633e-06
19960 2.36953e-06
19970 1.80654e-06
19980 1.39415e-06
19990 1.10002e-06
20000 8.66492e-07
20010 6.81403e-07
20020 5.34958e-07
20030 4.19288e-07
20040 3.28084e-07
20050 2.56293e-07
20060 1.9988e-07
20070 1.55627e-07
20080 1.20972e-07
20090 9.38786e-08
20100 7.27337e-08
20110 5.6259e-08
20120 4.34446e-08
20130 3.34942e-08
20140 2.57806e-08
20150 1.98111e-08
20160 1.51991e-08
20170 1.16418e-08
20180 8.9026e-09
20190 6.79688e-09
20200 5.18084e-09
20210 3.94266e-09
20220 2.99555e-09
20230 2.2723e-09
20240 1.7209e-09
20250 1.30121e-09
20260 9.82301e-10
20270 7.40365e-10
20280 5.57126e-10
20290 4.18569e-10
20300 3.13971e-10
20310 2.35137e-10
20320 1.75817e-10
20330 1.31254e-10
20340 9.78312e-11
20350 7.2804e-11
20360 5.40937e-11
20370 4.01285e-11
20380 2.97219e-11
20390 2.19794e-11
20400 1.62284e-11
20410 1.19633e-11
20420 8.8054e-12
20430 6.47095e-12
20440 4.74798e-12
20450 3.47835e-12
20460 2.54425e-12
20470 1.85812e-12
20480 1.35492e-12
20490 9.86457e-13
20500 7.17087e-13
20510 5.20469e-13
20520 3.77178e-13
20530 2.72916e-13
20540 1.97172e-13
20550 1.4223e-13
20560 1.02441e-13
20570 7.36693e-14
20580 5.28977e-14
20590 3.79248e-14
20600 2.71486e-14
20610 1.94047e-14
20620 1.38487e-14
20630 9.86844e-15
20640 7.02148e-15
20650 4.98828e-15
20660 3.53847e-15
20670 2.50624e-15
20680 1.77246e-15
20690 1.25162e-15
20700 8.82501e-16
20710 6.21304e-16
20720 4.36759e-16
20730 3.06568e-16
20740 2.14863e-16
20750 1.50365e-16
20760 1.05071e-16
20770 7.3311e-17
20780 5.1075e-17
20790 3.55306e-17
20800 2.46802e-17
20810 1.71179e-17
20820 1.18552e-17
20830 8.19832e-18
20840 5.66105e-18
20850 3.90326e-18
20860 2.6873e-18
20870 1.84742e-18
20880 1.26817e-18
20890 8.69254e-19
20900 5.9495e-19
20910 4.06609e-19
20920 2.77483e-19
20930 1.89087e-19
20940 1.28662e-19
20950 8.7419e-20
20960 5.931e-20
20970 4.01807e-20
20980 2.71817e-20
20990 1.83613e-20
21000 1.23851e-20
21010 8.34194e-21
21020 5.61055e-21
21030 3.76804e-21
21040 2.52696e-21
21050 1.69221e-21
21060 1.13158e-21
21070 7.55598e-22
21080 5.03816e-22
21090 3.35451e-22
21100 2.2303e-22
21110 1.48073e-22
21120 9.8167e-23
21130 6.49882e-23
21140 4.29619e-23
21150 2.83605e-23
21160 1.8695e-23
21170 1.2306e-23
21180 8.08895e-24
21190 5.30946e-24
21200 3.48011e-24
21210 2.27782e-24
21220 1.48879e-24
21230 9.71695e-25
21240 6.33308e-25
21250 4.1218e-25
21260 2.67884e-25
21270 1.73858e-25
21280 1.12676e-25
21290 7.29223e-26
21300 4.71279e-26
21310 3.0415e-26
21320 1.96015e-26
21330 1.26149e-26
21340 8.10717e-27
21350 5.20295e-27
21360 3.33445e-27
21370 2.134e-27
21380 1.36383e-27
21390 8.70405e-28
21400 5.54728e-28
21410 3.5305e-28
21420 2.24383e-28
21430 1.42411e-28
21440 9.02601e-29
21450 5.71279e-29
21460 3.61078e-29
21470 2.27905e-29
21480 1.43652e-29
21490 9.04208e-30
21500 5.68368e-30
21510 3.56775e-30
21520 2.23647e-30
21530 1.40003e-30
21540 8.75216e-31
21550 5.46387e-31
21560 3.40637e-31
21570 2.12075e-31
21580 1.31855e-31
21590 8.18672e-32
21600 5.07613e-32
21610 3.14315e-32
21620 1.9436e-32
21630 1.20022e-32
21640 7.40157e-33
21650 4.55826e-33
21660 2.80341e-33
21670 1.72182e-33
21680 1.05609e-33
21690 6.46887e-34
21700 3.95704e-34
21710 2.41728e-34
21720 1.47468e-34
21730 8.98437e-35
21740 5.46628e-35
21750 3.32135e-35
21760 2.01537e-35
21770 1.22127e-35
21780 7.39074e-36
21790 4.46667e-36
21800 2.69587e-36
21810 1.62493e-36
21820 9.78118e-37
21830 5.87989e-37
21840 3.52995e-37
21850 2.11637e-37
21860 1.26717e-37
21870 7.57712e-38
21880 4.52477e-38
21890 2.69844e-38
21900 1.60714e-38
21910 9.55919e-39
21920 5.67824e-39
21930 3.36847e-39
21940 1.99563e-39
21950 1.18074e-39
21960 6.97677e-40
21970 4.11703e-40
21980 2.42629e-40
21990 1.42801e-40
22000 8.39361e-41
22010 4.92716e-41
22020 2.88852e-41
22030 1.69116e-41
22040 9.88843e-42
22050 5.77432e-42
22060 3.3675e-42
22070 1.96131e-42
22080 1.14082e-42
22090 6.62712e-43
22100 3.84473e-43
22110 2.22762e-43
22120 1.28899e-43
22130 7.44895e-44
22140 4.29908e-44
22150 2.47795e-44
22160 1.42641e-44
22170 8.20036e-45
22180 4.70823e-45
22190 2.69972e-45
22200 1.54603e-45
22210 8.84202e-46
22220 5.05036e-46
22230 2.88091e-46
22240 1.64125e-46
22250 9.33802e-47
22260 5.30604e-47
22270 3.01108e-47
22280 1.70651e-47
22290 9.65892e-48
22300 5.45987e-48
22310 3.08226e-48
22320 1.73775e-48
22330 9.78444e-49
22340 5.50191e-49
22350 3.08972e-49
22360 1.73281e-49
22370 9.70526e-50
22380 5.42857e-50
22390 3.03238e-50
22400 1.69161e-50
22410 9.42391e-51
22420 5.24294e-51
22430 2.91291e-51
22440 1.61617e-51
22450 8.95464e-52
22460 4.95459e-52
22470 2.73756e-52
22480 1.51046e-52
22490 8.32224e-53
22500 4.57882e-53
22510 2.51561e-53
22520 1.38008e-53
22530 7.56015e-54
22540 4.1354e-54
22550 2.2587e-54
22560 1.23182e-54
22570 6.7078e-55
22580 3.6471e-55
22590 1.9799e-55
22600 1.07315e-55
22610 5.80758e-56
22620 3.13788e-56
22630 1.69269e-56
22640 9.1162e-57
22650 4.90157e-57
22660 2.63108e-57
22670 1.40995e-57
22680 7.54288e-58
22690 4.02833e-58
22700 2.14763e-58
22710 1.14297e-58
22720 6.07211e-59
22730 3.2201e-59
22740 1.70457e-59
22750 9.00674e-60
22760 4.7503e-60
22770 2.50074e-60
22780 1.31401e-60
22790 6.89141e-61
22800 3.60734e-61
22810 1.88464e-61
22820 9.82711e-62
22830 5.11412e-62
22840 2.65619e-62
22850 1.37683e-62
22860 7.12246e-63
22870 3.67707e-63
22880 1.89447e-63
22890 9.74053e-64
22900 4.99781e-64
22910 2.55902e-64
22920 1.30755e-64
22930 6.66699e-65
22940 3.39219e-65
22950 1.72228e-65
22960 8.72567e-66
22970 4.41121e-66
22980 2.22523e-66
22990 1.12008e-66
23000 5.62565e-67
23010 2.81931e-67
23020 1.40979e-67
23030 7.03402e-68
23040 3.50177e-68
23050 1.73941e-68
23060 8.62071e-69
23070 4.26292e-69
23080 2.10326e-69
23090 1.03537e-69
23100 5.08522e-70
23110 2.49193e-70
23120 1.21835e-70
23130 5.9431e-71
23140 2.89239e-71
23150 1.40444e-71
23160 6.80371e-72
23170 3.28841e-72
23180 1.5857e-72
23190 7.62864e-73
23200 3.66155e-73
23210 1.75336e-73
23220 8.37655e-74
23230 3.9925e-74
23240 1.89849e-74
23250 9.00648e-75
23260 4.26268e-75
23270 2.01276e-75
23280 9.48155e-76
23290 4.456e-76
23300 2.08924e-76
23310 9.77254e-77
23320 4.56039e-77
23330 2.1231e-77
23340 9.86086e-78
23350 4.5691e-78
23360 2.11213e-78
23370 9.7405e-79
23380 4.4814e-79
23390 2.05692e-79
23400 9.41872e-80
23410 4.30266e-80
23420 1.96088e-80
23430 8.9153e-81
23440 4.0438e-81
23450 1.82984e-81
23460 8.26049e-82
23470 3.72021e-82
23480 1.67147e-82
23490 7.49201e-83
23500 3.35017e-83
23510 1.49453e-83
23520 6.65137e-84
23530 2.95316e-84
23540 1.30807e-84
23550 5.78024e-85
23560 2.54818e-85
23570 1.12068e-85
23580 4.91706e-86
23590 2.15228e-86
23600 9.39858e-87
23610 4.09446e-87
23620 1.77951e-87
23630 7.71572e-88
23640 3.33752e-88
23650 1.44027e-88
23660 6.20059e-89
23670 2.66316e-89
23680 1.14112e-89
23690 4.878e-90
23700 2.08029e-90
23710 8.85076e-91
23720 3.75674e-91
23730 1.5908e-91
23740 6.72043e-92
23750 2.83239e-92
23760 1.19093e-92
23770 4.99567e-93
23780 2.09064e-93
23790 8.72855e-94
23800 3.63566e-94
23810 1.51078e-94
23820 6.26325e-95
23830 2.59046e-95
23840 1.06889e-95
23850 4.40018e-96
23860 1.80713e-96
23870 7.40437e-97
23880 3.0267e-97
23890 1.23433e-97
23900 5.02201e-98
23910 2.03848e-98
23920 8.25506e-99
23930 3.33517e-99
23940 1.34431e-99
23950 5.40589e-100
23960 2.16881e-100
23970 8.68081e-101
23980 3.46647e-101
23990 1.38102e-101
24000 5.48913e-102
24010 2.17668e-102
24020 8.61139e-103
24030 3.39893e-103
24040 1.33845e-103
24050 5.25837e-104
24060 2.06107e-104
24070 8.0598e-105
24080 3.14448e-105
24090 1.22395e-105
24100 4.75308e-106
24110 1.84153e-106
24120 7.1183e-107
24130 2.74517e-107
24140 1.05622e-107
24150 4.05452e-108
24160 1.55281e-108
24170 5.93328e-109
24180 2.26187e-109
24190 8.60277e-110
24200 3.26443e-110
24210 1.23587e-110
24220 4.6681e-111
24230 1.75916e-111
24240 6.61412e-112
24250 2.48107e-112
24260 9.28551e-113
24270 3.46717e-113
24280 1.29165e-113
24290 4.80085e-114
24300 1.7803e-114
24310 6.58678e-115
24320 2.4314e-115
24330 8.95453e-116
24340 3.29029e-116
24350 1.20623e-116
24360 4.41198e-117
24370 1.61006e-117
24380 5.86213e-118
24390 2.1295e-118
24400 7.718e-119
24410 2.79088e-119
24420 1.0069e-119
24430 3.62441e-120
24440 1.30166e-120
24450 4.66411e-121
24460 1.66744e-121
24470 5.94757e-122
24480 2.1166e-122
24490 7.51538e-123
24500 2.6624e-123
24510 9.4104e-124
24520 3.31859e-124
24530 1.16765e-124
24540 4.09905e-125
24550 1.43571e-125
24560 5.01724e-126
24570 1.74935e-126
24580 6.08558e-127
24590 2.11223e-127
24600 7.3147e-128
24610 2.52735e-128
24620 8.71267e-129
24630 2.99676e-129
24640 1.02842e-129
24650 3.5213e-130
24660 1.20297e-130
24670 4.10035e-131
24680 1.39446e-131
24690 4.73161e-132
24700 1.60188e-132
24710 5.41088e-133
24720 1.82358e-133
24730 6.13199e-134
24740 2.0573e-134
24750 6.88671e-135
24760 2.3001e-135
24770 7.66479e-136
24780 2.54844e-136
24790 8.45416e-137
24800 2.79825e-137
24810 9.24109e-138
24820 3.04496e-138
24830 1.00106e-138
24840 3.28369e-139
24850 1.0747e-139
24860 3.50939e-140
24870 1.1434e-140
24880 3.71698e-141
24890 1.2056e-141
24900 3.90158e-142
24910 1.2598e-142
24920 4.05868e-143
24930 1.30464e-143
24940 4.18431e-144
24950 1.339e-144
24960 4.27522e-145
24970 1.36196e-145
24980 4.32904e-146
24990 1.37292e-146
25000 4.34435e-147
25010 1.37161e-147
25020 4.32075e-148
25030 1.35804e-148
25040 4.25887e-149
25050 1.3326e-149
25060 4.16039e-150
25070 1.29596e-150
25080 4.0279e-151
25090 1.24908e-151
25100 3.86481e-152
25110 1.19315e-152
25120 3.67524e-153
25130 1.12955e-153
25140 3.46378e-154
25150 1.0598e-154
25160 3.23537e-155
25170 9.85489e-156
25180 2.99507e-156
25190 9.08219e-157
25200 2.7479e-157
25210 8.29546e-158
25220 2.49866e-158
25230 7.50934e-159
25240 2.25177e-159
25250 6.73713e-160
25260 2.0112e-160
25270 5.99048e-161
25280 1.78032e-161
25290 5.27912e-162
25300 1.5619e-162
25310 4.61079e-163
25320 1.35808e-163
25330 3.99121e-164
25340 1.17034e-164
25350 3.42411e-165
25360 9.99567e-166
25370 2.91142e-166
25380 8.46111e-167
25390 2.45346e-167
25400 7.09837e-168
25410 2.04912e-168
25420 5.90208e-169
25430 1.69618e-169
25440 4.86371e-170
25450 1.39153e-170
25460 3.97233e-171
25470 1.13143e-171
25480 3.21543e-172
25490 9.11756e-173
25500 2.57957e-173
25510 7.2819e-174
25520 2.05103e-174
25530 5.76404e-175
25540 1.61626e-175
25550 4.52193e-176
25560 1.26231e-176
25570 3.51589e-177
25580 9.77087e-178
25590 2.70932e-178
25600 7.49577e-179
25610 2.06919e-179
25620 5.69918e-180
25630 1.56622e-180
25640 4.2946e-181
25650 1.17495e-181
25660 3.20734e-182
25670 8.7357e-183
25680 2.37399e-183
25690 6.43706e-184
25700 1.7415e-184
25710 4.70098e-185
25720 1.26614e-185
25730 3.40251e-186
25740 9.12319e-187
25750 2.44074e-187
25760 6.51511e-188
25770 1.7352e-188
25780 4.6111e-189
25790 1.22261e-189
25800 3.23441e-190
25810 8.53749e-191
25820 2.24849e-191
25830 5.90853e-192
25840 1.54915e-192
25850 4.05259e-193
25860 1.05779e-193
25870 2.7548e-194
25880 7.15824e-195
25890 1.85587e-195
25900 4.80082e-196
25910 1.23911e-196
25920 3.19099e-197
25930 8.19913e-198
25940 2.10201e-198
25950 5.37682e-199
25960 1.37227e-199
25970 3.49445e-200
25980 8.87856e-201
25990 2.25076e-201
26000 5.69297e-202
26010 1.43672e-202
26020 3.61767e-203
26030 9.08882e-204
26040 2.27829e-204
26050 5.69814e-205
26060 1.42194e-205
26070 3.54037e-206
26080 8.79505e-207
26090 2.17997e-207
26100 5.39116e-208
26110 1.33026e-208
26120 3.275e-209
26130 8.04464e-210
26140 1.97162e-210
26150 4.82124e-211
26160 1.17629e-211
26170 2.86345e-212
26180 6.95479e-213
26190 1.68538e-213
26200 4.07503e-214
26210 9.83063e-215
26220 2.3662e-215
26230 5.68249e-216
26240 1.36158e-216
26250 3.25512e-217
26260 7.76437e-218
26270 1.84783e-218
26280 4.3877e-219
26290 1.0395e-219
26300 2.45715e-220
26310 5.795e-221
26320 1.36361e-221
26330 3.20142e-222
26340 7.4991e-223
26350 1.75263e-223
26360 4.08682e-224
26370 9.50813e-225
26380 2.20708e-225
26390 5.11157e-226
26400 1.18114e-226
26410 2.72311e-227
26420 6.2638e-228
26430 1.43755e-228
26440 3.2917e-229
26450 7.5202e-230
26460 1.71415e-230
26470 3.89832e-231
26480 8.8454e-232
26490 2.00247e-232
26500 4.52299e-233
26510 1.01928e-233
26520 2.29176e-234
26530 5.14109e-235
26540 1.15066e-235
26550 2.56949e-236
26560 5.72473e-237
26570 1.27253e-237
26580 2.82221e-238
26590 6.24476e-239
26600 1.37863e-239
26610 3.03658e-240
26620 6.67309e-241
26630 1.4631e-241
26640 3.20054e-242
26650 6.98518e-243
26660 1.52102e-243
26670 3.30441e-244
26680 7.16235e-245
26690 1.54889e-245
26700 3.34183e-246
26710 7.19367e-247
26720 1.54496e-247
26730 3.31042e-248
26740 7.07701e-249
26750 1.50944e-249
26760 3.21203e-250
26770 6.81934e-251
26780 1.44445e-251
26790 3.05253e-252
26800 6.43598e-253
26810 1.35384e-253
26820 2.84127e-254
26830 5.94916e-255
26840 1.24278e-255
26850 2.59015e-256
26860 5.38581e-257
26870 1.1173e-257
26880 2.31251e-258
26890 4.77516e-259
26900 9.83752e-260
26910 2.02197e-260
26920 4.14624e-261
26930 8.48251e-262
26940 1.73135e-262
26950 3.52561e-263
26960 7.16264e-264
26970 1.45178e-264
26980 2.93573e-265
26990 5.92268e-266
27000 1.19209e-266
27010 2.39377e-267
27020 4.79562e-268
27030 9.58498e-269
27040 1.91127e-269
27050 3.80222e-270
27060 7.54634e-271
27070 1.49423e-271
27080 2.95177e-272
27090 5.8174e-273
27100 1.14382e-273
27110 2.2437e-274
27120 4.39089e-275
27130 8.57276e-276
27140 1.66981e-276
27150 3.24484e-277
27160 6.29065e-278
27170 1.21668e-278
27180 2.34765e-279
27190 4.51924e-280
27200 8.67907e-281
27210 1.66286e-281
27220 3.17843e-282
27230 6.06099e-283
27240 1.15305e-283
27250 2.18838e-284
27260 4.14352e-285
27270 7.82686e-286
27280 1.47495e-286
27290 2.7729e-287
27300 5.2007e-288
27310 9.731e-289
27320 1.81644e-289
27330 3.38261e-290
27340 6.28418e-291
27350 1.16469e-291
27360 2.15347e-292
27370 3.97221e-293
27380 7.3095e-294
27390 1.34186e-294
27400 2.45747e-295
27410 4.48985e-296
27420 8.18345e-297
27430 1.48799e-297
27440 2.69914e-298
27450 4.88437e-299
27460 8.8176e-300
27470 1.588e-300
27480 2.85302e-301
27490 5.11348e-302
27500 9.1429e-303
27510 1.63082e-303
27520 2.90189e-304
27530 5.15122e-305
27540 9.12203e-306
27550 1.61148e-306
27560 2.83993e-307
27570 4.99278e-308
27580 8.7564e-309
27590 1.532e-309
27600 2.67385e-310
27610 4.65548e-311
27620 8.08608e-312
27630 1.40107e-312
27640 2.42177e-313
27650 4.17633e-314
27660 7.18895e-315
27670 1.23881e-315
27680 2.17267e-316
27690 4.22817e-317
27700 1.23484e-317
27710 7.20644e-318
27720 6.29124e-318
27730 6.09335e-318
27740 6.01552e-318
27750 5.9563e-318
27760 5.89903e-318
27770 5.84203e-318
27780 5.78531e-318
27790 5.72887e-318
27800 5.6727e-318
27810 5.61681e-318
27820 5.5612e-318
27830 5.50587e-318
27840 5.45081e-318
27850 5.39603e-318
27860 5.34152e-318
27870 5.28729e-318
27880 5.23334e-318
27890 5.17967e-318
27900 5.12627e-318
27910 5.07315e-318
27920 5.0203e-318
27930 4.96773e-318
27940 4.91544e-318
27950 4.86342e-318
27960 4.81169e-318
27970 4.76022e-318
27980 4.70904e-318
27990 4.65813e-318
28000 4.6075e-318
28010 4.55714e-318
28020 4.50706e-318
28030 4.45726e-318
28040 4.40774e-318
28050 4.35849e-318
28060 4.30952e-318
28070 4.26082e-318
28080 4.2124e-318
28090 4.16426e-318
28100 4.1164e-318
28110 4.06881e-318
28120 4.0215e-318
28130 3.97446e-318
28140 3.9277e-318
28150 3.88122e-318
28160 3.83502e-318
28170 3.78909e-318
28180 3.74344e-318
28190 3.69806e-318
28200 3.65296e-318
28210 3.60814e-318
28220 3.5636e-318
28230 3.51933e-318
28240 3.47534e-318
28250 3.43162e-318
28260 3.38818e-318
28270 3.34502e-318
28280 3.30214e-318
28290 3.25953e-318
28300 3.2172e-318
28310 3.17514e-318
28320 3.13336e-318
28330 3.09186e-318
28340 3.05064e-318
28350 3.00969e-318
28360 2.96902e-318
28370 2.92862e-318
28380 2.88851e-318
28390 2.84866e-318
28400 2.8091e-318
28410 2.76981e-318
28420 2.7308e-318
28430 2.69206e-318
28440 2.65361e-318
28450 2.61543e-318
28460 2.57752e-318
28470 2.53989e-318
28480 2.50254e-318
28490 2.46547e-318
28500 2.42867e-318
28510 2.39215e-318
28520 2.3559e-318
28530 2.31993e-318
28540 2.28424e-318
28550 2.24883e-318
28560 2.21369e-318
28570 2.17883e-318
28580 2.14424e-318
28590 2.10994e-318
28600 2.07591e-318
28610 2.04215e-318
28620 2.00867e-318
28630 1.97547e-318
28640 1.94255e-318
28650 1.9099e-318
28660 1.87753e-318
28670 1.84543e-318
28680 1.81362e-318
28690 1.78208e-318
28700 1.75081e-318
28710 1.71982e-318
28720 1.68911e-318
28730 1.65868e-318
28740 1.62852e-318
28750 1.59864e-318
28760 1.56903e-318
28770 1.53971e-318
28780 1.51066e-318
28790 1.48188e-318
28800 1.45338e-318
28810 1.42516e-318
28820 1.39722e-318
28830 1.36955e-318
28840 1.34216e-318
28850 1.31504e-318
28860 1.28821e-318
28870 1.26165e-318
28880 1.23536e-318
28890 1.20935e-318
28900 1.18362e-318
28910 1.15817e-318
28920 1.13299e-318
28930 1.10809e-318
28940 1.08347e-318
28950 1.05912e-318
28960 1.03505e-318
28970 1.01125e-318
28980 9.87736e-319
28990 9.64495e-319
29000 9.41531e-319
29010 9.18844e-319
29020 8.96433e-319
29030 8.74299e-319
29040 8.52441e-319
29050 8.3086e-319
29060 8.09556e-319
29070 7.88529e-319
29080 7.67778e-319
29090 7.47304e-319
29100 7.27107e-319
29110 7.07186e-319
29120 6.87542e-319
29130 6.68174e-319
29140 6.49084e-319
29150 6.3027e-319
29160 6.11732e-319
29170 5.93472e-319
29180 5.75488e-319
29190 5.5778e-319
29200 5.4035e-319
29210 5.23196e-319
29220 5.06318e-319
29230 4.89718e-319
29240 4.73394e-319
29250 4.57347e-319
29260 4.41576e-319
29270 4.26082e-319
29280 4.10865e-319
29290 3.95924e-319
29300 3.81261e-319
29310 3.66873e-319
29320 3.52763e-319
29330 3.38929e-319
29340 3.25372e-319
29350 3.12091e-319
29360 2.99088e-319
29370 2.8636e-319
29380 2.7391e-319
29390 2.61736e-319
29400 2.49839e-319
29410 2.38219e-319
29420 2.26875e-319
29430 2.15808e-319
29440 2.05017e-319
29450 1.94504e-319
29460 1.84267e-319
29470 1.74306e-319
29480 1.64623e-319
29490 1.55216e-319
29500 1.46085e-319
29510 1.37232e-319
29520 1.28655e-319
29530 1.20354e-319
29540 1.12331e-319
29550 1.04584e-319
29560 9.71135e-320
29570 8.99199e-320
29580 8.3003e-320
29590 7.63628e-320
29600 6.99992e-320
29610 6.39123e-320
29620 5.81021e-320
29630 5.25686e-320
29640 4.73117e-320
29650 4.23315e-320
29660 3.7628e-320
29670 3.32012e-320
29680 2.90511e-320
29690 2.51776e-320
29700 2.15808e-320
29710 1.82607e-320
29720 1.52172e-320
29730 1.24505e-320
29740 9.96036e-321
29750 7.74695e-321
29760 5.81021e-321
29770 4.15015e-321
29780 2.76677e-321
29790 1.66006e-321
29800 8.3003e-322
29810 2.76677e-322
29820 0
29830 0
29840 0
29850 0
29860 0
29870 0
29880 0
29890 0
29900 0
29910 0
29920 0
29930 0
29940 0
29950 0
29960 0
29970 0
29980 0
29990 0
30000 0
30010 0
30020 0
30030 0
30040 0
30050 0
30060 0
30070 0
30080 0
30090 0
30100 0
30110 0
30120 0
30130 0
30140 0
30150 0
30160 0
30170 0
30180 0
30190 0
30200 0
30210 0
30220 0
30230 0
30240 0
30250 0
30260 0
30270 0
30280 0
30290 0
30300 0
30310 0
30320 0
30330 0
30340 0
30350 0
30360 0
30370 0
30380 0
30390 0
30400 0
30410 0
30420 0
30430 0
30440 0
30450 0
30460 0
30470 0
30480 0
30490 0
30500 0
30510 0
30520 0
30530 0
30540 0
30550 0
30560 0
30570 0
30580 0
30590 0
30600 0
30610 0
30620 0
30630 0
30640 0
30650 0
30660 0
30670 0
30680 0
30690 0
30700 0
30710 0
30720 0
30730 0
30740 0
30750 0
30760 0
30770 0
30780 0
30790 0
30800 0
30810 0
30820 0
30830 0
30840 0
30850 0
30860 0
30870 0
30880 0
30890 0
30900 0
30910 0
30920 0
30930 0
30940 0
30950 0
30960 0
30970 0
30980 0
30990 0
31000 0
31010 0
31020 0
31030 0
31040 0
31050 0
31060 0
31070 0
31080 0
31090 0
31100 0
31110 0
31120 0
31130 0
31140 0
31150 0
31160 0
31170 0
31180 0
31190 0
31200 0
31210 0
31220 0
31230 0
31240 0
31250 0
31260 0
31270 0
31280 0
31290 0
31300 0
31310 0
31320 0
31330 0
31340 0
31350 0
31360 0
31370 0
31380 0
31390 0
31400 0
31410 0
31420 0
31430 0
31440 0
31450 0
31460 0
31470 0
31480 0
31490 0
31500 0
31510 0
31520 0
31530 0
31540 0
31550 0
31560 0
31570 0
31580 0
31590 0
31600 0
31610 0
31620 0
31630 0
31640 0
31650 0
31660 0
31670 0
31680 0
31690 0
31700 0
31710 0
31720 0
31730 0
31740 0
31750 0
31760 0
31770 0
31780 0
31790 0
31800 0
31810 0
31820 0
31830 0
31840 0
31850 0
31860 0
31870 0
31880 0
31890 0
31900 0
31910 0
31920 0
31930 0
31940 0
31950 0
31960 0
31970 0
31980 0
31990 0
32000 0
32010 0
32020 0
32030 0
32040 0
32050 0
32060 0
32070 0
32080 0
32090 0
32100 0
32110 0
32120 0
32130 0
32140 0
32150 0
32160 0
32170 0
32180 0
32190 0
32200 0
32210 0
32220 0
32230 0
32240 0
32250 0
32260 0
32270 0
32280 0
32290 0
32300 0
32310 0
32320 0
32330 0
32340 0
32350 0
32360 0
32370 0
32380 0
32390 0
32400 0
32410 0
32420 0
32430 0
32440 0
32450 0
32460 0
32470 0
32480 0
32490 0
32500 0
32510 0
32520 0
32530 0
32540 0
32550 0
32560 0
32570 0
32580 0
32590 0
32600 0
32610 0
32620 0
32630 0
32640 0
32650 0
32660 0
32670 0
32680 0
32690 0
32700 0
32710 0
32720 0
32730 0
32740 0
32750 0
32760 0
32770 0
32780 0
32790 0
32800 0
32810 0
32820 0
32830 0
32840 0
32850 0
32860 0
32870 0
32880 0
32890 0
32900 0
32910 0
32920 0
32930 0
32940 0
32950 0
32960 0
32970 0
32980 0
32990 0
33000 0
33010 0
33020 0
33030 0
33040 0
33050 0
33060 0
33070 0
33080 0
33090 0
33100 0
33110 0
33120 0
33130 0
33140 0
33150 0
33160 0
33170 0
33180 0
33190 0
33200 0
33210 0
33220 0
33230 0
33240 0
33250 0
33260 0
33270 0
33280 0
33290 0
33300 0
33310 0
33320 0
33330 0
33340 0
33350 0
33360 0
33370 0
33380 0
33390 0
33400 0
33410 0
33420 0
33430 0
33440 0
33450 0
33460 0
33470 0
33480 0
33490 0
33500 0
33510 0
33520 0
33530 0
33540 0
33550 0
33560 0
33570 0
33580 0
33590 0
33600 0
33610 0
33620 0
33630 0
33640 0
33650 0
33660 0
33670 0
33680 0
33690 0
33700 0
33710 0
33720 0
33730 0
33740 0
33750 0
33760 0
33770 0
33780 0
33790 0
33800 0
33810 0
33820 0
33830 0
33840 0
33850 0
33860 0
33870 0
33880 0
33890 0
33900 0
33910 0
33920 0
33930 0
33940 0
33950 0
33960 0
33970 0
33980 0
33990 0
34000 0
34010 0
34020 0
34030 0
34040 0
34050 0
34060 0
34070 0
34080 0
34090 0
34100 0
34110 0
34120 0
34130 0
34140 0
34150 0
34160 0
34170 0
34180 0
34190 0
34200 0
34210 0
34220 0
34230 0
34240 0
34250 0
34260 0
34270 0
34280 0
34290 0
34300 0
34310 0
34320 0
34330 0
34340 0
34350 0
34360 0
34370 0
34380 0
34390 0
34400 0
34410 0
34420 0
34430 0
34440 0
34450 0
34460 0
34470 0
34480 0
34490 0
34500 0
34510 0
34520 0
34530 0
34540 0
34550 0
34560 0
34570 0
34580 0
34590 0
34600 0
34610 0
34620 0
34630 0
34640 0
34650 0
34660 0
34670 0
34680 0
34690 0
34700 0
34710 0
34720 0
34730 0
34740 0
34750 0
34760 0
34770 0
34780 0
34790 0
34800 0
34810 0
34820 0
34830 0
34840 0
34850 0
34860 0
34870 0
34880 0
34890 0
34900 0
34910 0
34920 0
34930 0
34940 0
34950 0
34960 0
34970 0
34980 0
34990 0
35000 0
35010 0
35020 0
35030 0
35040 0
35050 0
35060 0
35070 0
35080 0
35090 0
35100 0
35110 0
35120 0
35130 0
35140 0
35150 0
35160 0
35170 0
35180 0
35190 0
35200 0
35210 0
35220 0
35230 0
35240 0
35250 0
35260 0
35270 0
35280 0
35290 0
35300 0
35310 0
35320 0
35330 0
35340 0
35350 0
35360 0
35370 0
35380 0
35390 0
35400 0
35410 0
35420 0
35430 0
35440 0
35450 0
35460 0
35470 0
35480 0
35490 0
35500 0
35510 0
35520 0
35530 0
35540 0
35550 0
35560 0
35570 0
35580 0
35590 0
35600 0
35610 0
35620 0
35630 0
35640 0
35650 0
35660 0
35670 0
35680 0
35690 0
35700 0
35710 0
35720 0
35730 0
35740 0
35750 0
35760 0
35770 0
35780 0
35790 0
35800 0
35810 0
35820 0
35830 0
35840 0
35850 0
35860 0
35870 0
35880 0
35890 0
35900 0
35910 0
35920 0
35930 0
35940 0
35950 0
35960 0
35970 0
35980 0
35990 0
36000 0
36010 0
36020 0
36030 0
36040 0
36050 0
36060 0
36070 0
36080 0
36090 0
36100 0
36110 0
36120 0
36130 0
36140 0
36150 0
36160 0
36170 0
36180 0
36190 0
36200 0
36210 0
36220 0
36230 0
36240 0
36250 0
36260 0
36270 0
36280 0
36290 0
36300 0
36310 0
36320 0
36330 0
36340 0
36350 0
36360 0
36370 0
36380 0
36390 0
36400 0
36410 0
36420 0
36430 0
36440 0
36450 0
36460 0
36470 0
36480 0
36490 0
36500 0
36510 0
36520 0
36530 0
36540 0
36550 0
36560 0
36570 0
36580 0
36590 0
36600 0
36610 0
36620 0
36630 0
36640 0
36650 0
36660 0
36670 0
36680 0
36690 0
36700 0
36710 0
36720 0
36730 0
36740 0
36750 0
36760 0
36770 0
36780 0
36790 0
36800 0
36810 0
36820 0
36830 0
36840 0
36850 0
36860 0
36870 0
36880 0
36890 0
36900 0
36910 0
36920 0
36930 0
36940 0
36950 0
36960 0
36970 0
36980 0
36990 0
37000 0
37010 0
37020 0
37030 0
37040 0
37050 0
37060 0
37070 0
37080 0
37090 0
37100 0
37110 0
37120 0
37130 0
37140 0
37150 0
37160 0
37170 0
37180 0
37190 0
37200 0
37210 0
37220 0
37230 0
37240 0
37250 0
37260 0
37270 0
37280 0
37290 0
37300 0
37310 0
37320 0
37330 0
37340 0
37350 0
37360 0
37370 0
37380 0
37390 0
37400 0
37410 0
37420 0
37430 0
37440 0
37450 0
37460 0
37470 0
37480 0
37490 0
37500 0
37510 0
37520 0
37530 0
37540 0
37550 0
37560 0
37570 0
37580 0
37590 0
37600 0
37610 0
37620 0
37630 0
37640 0
37650 0
37660 0
37670 0
37680 0
37690 0
37700 0
37710 0
37720 0
37730 0
37740 0
37750 0
37760 0
37770 0
37780 0
37790 0
37800 0
37810 0
37820 0
37830 0
37840 0
37850 0
37860 0
37870 0
37880 0
37890 0
37900 0
37910 0
37920 0
37930 0
37940 0
37950 0
37960 0
37970 0
37980 0
37990 0
38000 0
38010 0
38020 0
38030 0
38040 0
38050 0
38060 0
38070 0
38080 0
38090 0
38100 0
38110 0
38120 0
38130 0
38140 0
38150 0
38160 0
38170 0
38180 0
38190 0
38200 0
38210 0
38220 0
38230 0
38240 0
38250 0
38260 0
38270 0
38280 0
38290 0
38300 0
38310 0
38320 0
38330 0
38340 0
38350 0
38360 0
38370 0
38380 0
38390 0
38400 0
38410 0
38420 0
38430 0
38440 0
38450 0
38460 0
38470 0
38480 0
38490 0
38500 0
38510 0
38520 0
38530 0
38540 0
38550 0
38560 0
38570 0
38580 0
38590 0
38600 0
38610 0
38620 0
38630 0
38640 0
38650 0
38660 0
38670 0
38680 0
38690 0
38700 0
38710 0
38720 0
38730 0
38740 0
38750 0
38760 0
38770 0
38780 0
38790 0
38800 0
38810 0
38820 0
38830 0
38840 0
38850 0
38860 0
38870 0
38880 0
38890 0
38900 0
38910 0
38920 0
38930 0
38940 0
38950 0
38960 0
38970 0
38980 0
38990 0
39000 0
39010 0
39020 0
39030 0
39040 0
39050 0
39060 0
39070 0
39080 0
39090 0
39100 0
39110 0
39120 0
39130 0
39140 0
39150 0
39160 0
39170 0
39180 0
39190 0
39200 0
39210 0
39220 0
39230 0
39240 0
39250 0
39260 0
39270 0
39280 0
39290 0
39300 0
39310 0
39320 0
39330 0
39340 0
39350 0
39360 0
39370 0
39380 0
39390 0
39400 0
39410 0
39420 0
39430 0
39440 0
39450 0
39460 0
39470 0
39480 0
39490 0
39500 0
39510 0
39520 0
39530 0
39540 0
39550 0
39560 0
39570 0
39580 0
39590 0
39600 0
39610 0
39620 0
39630 0
39640 0
39650 0
39660 0
39670 0
39680 0
39690 0
39700 0
39710 0
39720 0
39730 0
39740 0
39750 0
39760 0
39770 0
39780 0
39790 0
39800 0
39810 0
39820 0
39830 0
39840 0
39850 0
39860 0
39870 0
39880 0
39890 0
39900 0
39910 0
39920 0
39930 0
39940 0
39950 0
39960 0
39970 0
39980 0
