-10 0
0 2.75583e-10
10 8.23279e-12
20 -6.88129e-10
30 1.0579e-09
40 -7.28804e-10
50 1.01109e-10
60 1.34398e-10
70 1.58261e-10
80 -4.19392e-10
90 1.17891e-10
100 5.64421e-10
110 -9.45934e-10
120 6.70187e-10
130 -1.3174e-10
140 -3.77354e-11
150 -2.68149e-10
160 5.09538e-10
170 -2.33438e-10
180 -3.9606e-10
190 7.29641e-10
200 -5.2907e-10
210 7.51107e-11
220 -1.99787e-11
230 2.45849e-10
240 -5.46344e-10
250 1.93589e-10
260 1.05373e-10
270 -6.21197e-10
280 7.89329e-11
290 -3.15289e-10
300 -4.71953e-10
310 -7.87356e-10
320 -5.33008e-10
330 -1.35129e-09
340 -1.70195e-09
350 -2.0239e-09
360 -3.0735e-09
370 -4.14407e-09
380 -5.3672e-09
390 -7.35059e-09
400 -9.66577e-09
410 -1.29087e-08
420 -1.67882e-08
430 -2.19562e-08
440 -2.86467e-08
450 -3.67424e-08
460 -4.73745e-08
470 -5.98871e-08
480 -7.68777e-08
490 -9.5679e-08
500 -1.20614e-07
510 -1.50151e-07
520 -1.85603e-07
530 -2.28616e-07
540 -2.79852e-07
550 -3.41477e-07
560 -4.11753e-07
570 -4.98408e-07
580 -5.96062e-07
590 -7.11601e-07
600 -8.45376e-07
610 -1.00028e-06
620 -1.17797e-06
630 -1.38194e-06
640 -1.61887e-06
650 -1.88473e-06
660 -2.19384e-06
670 -2.54401e-06
680 -2.94501e-06
690 -3.4011e-06
700 -3.9236e-06
710 -4.51888e-06
720 -5.19518e-06
730 -5.97186e-06
740 -6.85172e-06
750 -7.8579e-06
760 -9.00136e-06
770 -1.03053e-05
780 -1.17846e-05
790 -1.34667e-05
800 -1.5377e-05
810 -1.75386e-05
820 -1.99912e-05
830 -2.27626e-05
840 -2.58985e-05
850 -2.94372e-05
860 -3.34339e-05
870 -3.79392e-05
880 -4.30161e-05
890 -4.87343e-05
900 -5.51667e-05
910 -6.24019e-05
920 -7.05282e-05
930 -7.96534e-05
940 -8.98885e-05
950 -0.00010136
960 -0.000114207
970 -0.000128582
980 -0.000144653
990 -0.000162604
1000 -0.000182641
1010 -0.000204987
1020 -0.000229887
1030 -0.000257614
1040 -0.000288463
1050 -0.000322755
1060 -0.000360847
1070 -0.000403125
1080 -0.000450009
1090 -0.000501957
1100 -0.000559474
1110 -0.000623096
1120 -0.000693419
1130 -0.000771082
1140 -0.000856781
1150 -0.000951271
1160 -0.00105537
1170 -0.00116995
1180 -0.00129598
1190 -0.00143447
1200 -0.00158654
1210 -0.00175338
1220 -0.00193626
1230 -0.00213657
1240 -0.00235578
1250 -0.00259547
1260 -0.00285734
1270 -0.0031432
1280 -0.00345499
1290 -0.00379477
1300 -0.00416474
1310 -0.00456724
1320 -0.00500477
1330 -0.00547997
1340 -0.00599564
1350 -0.00655475
1360 -0.00716044
1370 -0.00781605
1380 -0.00852507
1390 -0.0092912
1400 -0.0101183
1410 -0.0110105
1420 -0.0119721
1430 -0.0130076
1440 -0.0141216
1450 -0.0153191
1460 -0.0166053
1470 -0.0179855
1480 -0.0194652
1490 -0.0210503
1500 -0.0227467
1510 -0.0245608
1520 -0.0264989
1530 -0.0285676
1540 -0.0307739
1550 -0.0331248
1560 -0.0356274
1570 -0.0382892
1580 -0.0411179
1590 -0.044121
1600 -0.0473066
1610 -0.0506825
1620 -0.054257
1630 -0.0580383
1640 -0.0620345
1650 -0.0662541
1660 -0.0707054
1670 -0.0753968
1680 -0.0803366
1690 -0.0855331
1700 -0.0909944
1710 -0.0967286
1720 -0.102744
1730 -0.109047
1740 -0.115647
1750 -0.12255
1760 -0.129764
1770 -0.137294
1780 -0.145147
1790 -0.153329
1800 -0.161845
1810 -0.1707
1820 -0.179898
1830 -0.189443
1840 -0.199337
1850 -0.209583
1860 -0.220183
1870 -0.231137
1880 -0.242445
1890 -0.254106
1900 -0.266118
1910 -0.278479
1920 -0.291184
1930 -0.30423
1940 -0.317609
1950 -0.331315
1960 -0.34534
1970 -0.359675
1980 -0.374309
1990 -0.389232
2000 -0.40443
2010 -0.419889
2020 -0.435595
2030 -0.451532
2040 -0.467682
2050 -0.484026
2060 -0.500545
2070 -0.517219
2080 -0.534026
2090 -0.550942
2100 -0.567944
2110 -0.585007
2120 -0.602106
2130 -0.619213
2140 -0.636302
2150 -0.653344
2160 -0.67031
2170 -0.687171
2180 -0.703898
2190 -0.72046
2200 -0.736825
2210 -0.752965
2220 -0.768846
2230 -0.784439
2240 -0.799712
2250 -0.814634
2260 -0.829175
2270 -0.843304
2280 -0.856991
2290 -0.870207
2300 -0.882924
2310 -0.895113
2320 -0.906748
2330 -0.917802
2340 -0.928251
2350 -0.93807
2360 -0.947237
2370 -0.955731
2380 -0.963531
2390 -0.97062
2400 -0.976981
2410 -0.982598
2420 -0.987458
2430 -0.991549
2440 -0.994861
2450 -0.997387
2460 -0.99912
2470 -1.00005
2480 -1.00019
2490 -0.999525
2500 -0.998061
2510 -0.995801
2520 -0.99275
2530 -0.988916
2540 -0.984307
2550 -0.978934
2560 -0.972811
2570 -0.96595
2580 -0.958368
2590 -0.950083
2600 -0.941114
2610 -0.931481
2620 -0.921206
2630 -0.910312
2640 -0.898825
2650 -0.88677
2660 -0.874172
2670 -0.861061
2680 -0.847465
2690 -0.833412
2700 -0.818932
2710 -0.804057
2720 -0.788816
2730 -0.77324
2740 -0.757362
2750 -0.741212
2760 -0.724821
2770 -0.708222
2780 -0.691445
2790 -0.674521
2800 -0.65748
2810 -0.640352
2820 -0.623167
2830 -0.605954
2840 -0.58874
2850 -0.571553
2860 -0.554419
2870 -0.537365
2880 -0.520414
2890 -0.50359
2900 -0.486915
2910 -0.470412
2920 -0.454101
2930 -0.438
2940 -0.422128
2950 -0.406501
2960 -0.391136
2970 -0.376047
2980 -0.361247
2990 -0.346748
3000 -0.332561
3010 -0.318695
3020 -0.30516
3030 -0.291963
3040 -0.27911
3050 -0.266606
3060 -0.254455
3070 -0.24266
3080 -0.231225
3090 -0.220149
3100 -0.209433
3110 -0.199077
3120 -0.189079
3130 -0.179437
3140 -0.170148
3150 -0.161209
3160 -0.152615
3170 -0.144361
3180 -0.136443
3190 -0.128854
3200 -0.121587
3210 -0.114637
3220 -0.107997
3230 -0.101657
3240 -0.0956123
3250 -0.0898533
3260 -0.0843722
3270 -0.0791608
3280 -0.0742107
3290 -0.0695132
3300 -0.0650599
3310 -0.0608422
3320 -0.0568514
3330 -0.0530789
3340 -0.0495162
3350 -0.0461548
3360 -0.0429865
3370 -0.0400028
3380 -0.0371958
3390 -0.0345575
3400 -0.03208
3410 -0.0297557
3420 -0.0275772
3430 -0.0255372
3440 -0.0236288
3450 -0.0218451
3460 -0.0201794
3470 -0.0186255
3480 -0.0171771
3490 -0.0158283
3500 -0.0145735
3510 -0.0134072
3520 -0.012324
3530 -0.0113191
3540 -0.0103875
3550 -0.00952482
3560 -0.00872658
3570 -0.00798866
3580 -0.00730713
3590 -0.00667823
3600 -0.00609845
3610 -0.00556442
3620 -0.00507297
3630 -0.00462111
3640 -0.00420604
3650 -0.00382509
3660 -0.00347578
3670 -0.00315577
3680 -0.00286285
3690 -0.00259499
3700 -0.00235024
3710 -0.00212682
3720 -0.00192305
3730 -0.00173737
3740 -0.00156832
3750 -0.00141455
3760 -0.0012748
3770 -0.00114791
3780 -0.00103279
3790 -0.000928451
3800 -0.000833962
3810 -0.000748466
3820 -0.00067118
3830 -0.000601375
3840 -0.000538383
3850 -0.000481589
3860 -0.000430429
3870 -0.000384382
3880 -0.00034298
3890 -0.000305778
3900 -0.000272387
3910 -0.000242437
3920 -0.000215602
3930 -0.000191578
3940 -0.000170087
3950 -0.000150879
3960 -0.00013373
3970 -0.000118428
3980 -0.000104792
3990 -9.26443e-05
4000 -8.18362e-05
4010 -7.22276e-05
4020 -6.36925e-05
4030 -5.61182e-05
4040 -4.94018e-05
4050 -4.34513e-05
4060 -3.81842e-05
4070 -3.35249e-05
4080 -2.94097e-05
4090 -2.57761e-05
4100 -2.2571e-05
4110 -1.97452e-05
4120 -1.72563e-05
4130 -1.50699e-05
4140 -1.31459e-05
4150 -1.14566e-05
4160 -9.97279e-06
4170 -8.67243e-06
4180 -7.53568e-06
4190 -6.5393e-06
4200 -5.6664e-06
4210 -4.90613e-06
4220 -4.23957e-06
4230 -3.66278e-06
4240 -3.15629e-06
4250 -2.71621e-06
4260 -2.33416e-06
4270 -2.00106e-06
4280 -1.71235e-06
4290 -1.46316e-06
4300 -1.2437e-06
4310 -1.05821e-06
4320 -8.92691e-07
4330 -7.53114e-07
4340 -6.32102e-07
4350 -5.26789e-07
4360 -4.3604e-07
4370 -3.57864e-07
4380 -2.89506e-07
4390 -2.35208e-07
4400 -1.8287e-07
4410 -1.41043e-07
4420 -1.03255e-07
4430 -7.28635e-08
4440 -4.72063e-08
4450 -2.34508e-08
4460 -1.93069e-09
4470 1.29176e-08
4480 2.81942e-08
4490 3.81816e-08
4500 5.10777e-08
4510 5.99182e-08
4520 6.67123e-08
4530 7.23865e-08
4540 7.83759e-08
4550 8.31687e-08
4560 8.8403e-08
4570 8.93069e-08
4580 9.32666e-08
4590 9.51545e-08
4600 9.82191e-08
4610 9.94325e-08
4620 1.00341e-07
4630 1.01453e-07
4640 1.03389e-07
4650 1.03496e-07
4660 1.05023e-07
4670 1.04314e-07
4680 1.05876e-07
4690 1.05872e-07
4700 1.06416e-07
4710 1.06688e-07
4720 1.06852e-07
4730 1.06866e-07
4740 1.07522e-07
4750 1.06945e-07
4760 1.08175e-07
4770 1.07259e-07
4780 1.0766e-07
4790 1.07682e-07
4800 1.07818e-07
4810 1.08256e-07
4820 1.07869e-07
4830 1.073e-07
4840 1.08416e-07
4850 1.07838e-07
4860 1.08539e-07
4870 1.07654e-07
4880 1.07511e-07
4890 1.08516e-07
4900 1.08305e-07
4910 1.0796e-07
4920 1.07972e-07
4930 1.07377e-07
4940 1.08947e-07
4950 1.08182e-07
4960 1.07722e-07
4970 1.07921e-07
4980 1.07874e-07
4990 1.08674e-07
5000 1.08387e-07
5010 1.07164e-07
5020 1.08328e-07
5030 1.08043e-07
5040 1.0855e-07
5050 1.08102e-07
5060 1.07299e-07
5070 1.08231e-07
5080 1.08574e-07
5090 1.07853e-07
5100 1.0822e-07
5110 1.07268e-07
5120 1.08406e-07
5130 1.08413e-07
5140 1.07705e-07
5150 1.07776e-07
5160 1.07869e-07
5170 1.07789e-07
5180 1.085e-07
5190 1.07145e-07
5200 1.0778e-07
5210 1.07606e-07
5220 1.07555e-07
5230 1.07508e-07
5240 1.07303e-07
5250 1.06642e-07
5260 1.07384e-07
5270 1.06136e-07
5280 1.06703e-07
5290 1.05982e-07
5300 1.0545e-07
5310 1.04818e-07
5320 1.04705e-07
5330 1.0348e-07
5340 1.03702e-07
5350 1.0103e-07
5360 1.00647e-07
5370 9.93866e-08
5380 9.80138e-08
5390 9.54726e-08
5400 9.30153e-08
5410 8.93739e-08
5420 8.85205e-08
5430 8.29673e-08
5440 7.85343e-08
5450 7.2346e-08
5460 6.66495e-08
5470 6.00063e-08
5480 5.10416e-08
5490 3.81474e-08
5500 2.82475e-08
5510 1.29228e-08
5520 -2.03137e-09
5530 -2.32988e-08
5540 -4.73016e-08
5550 -7.29256e-08
5560 -1.03021e-07
5570 -1.41344e-07
5580 -1.82681e-07
5590 -2.35138e-07
5600 -2.89848e-07
5610 -3.57402e-07
5620 -4.36366e-07
5630 -5.26811e-07
5640 -6.31693e-07
5650 -7.53726e-07
5660 -8.922e-07
5670 -1.05829e-06
5680 -1.24411e-06
5690 -1.46244e-06
5700 -1.71301e-06
5710 -2.00084e-06
5720 -2.3338e-06
5730 -2.717e-06
5740 -3.1555e-06
5750 -3.66315e-06
5760 -4.23983e-06
5770 -4.90536e-06
5780 -5.66728e-06
5790 -6.53879e-06
5800 -7.53556e-06
5810 -8.67312e-06
5820 -9.97191e-06
5830 -1.14572e-05
5840 -1.31458e-05
5850 -1.50694e-05
5860 -1.72571e-05
5870 -1.97446e-05
5880 -2.25711e-05
5890 -2.57765e-05
5900 -2.94091e-05
5910 -3.35254e-05
5920 -3.8184e-05
5930 -4.3451e-05
5940 -4.94022e-05
5950 -5.61178e-05
5960 -6.36926e-05
5970 -7.22278e-05
5980 -8.1836e-05
5990 -9.26444e-05
6000 -0.000104792
6010 -0.000118428
6020 -0.00013373
6030 -0.000150879
6040 -0.000170087
6050 -0.000191578
6060 -0.000215602
6070 -0.000242437
6080 -0.000272387
6090 -0.000305778
6100 -0.00034298
6110 -0.000384382
6120 -0.000430428
6130 -0.00048159
6140 -0.000538383
6150 -0.000601375
6160 -0.000671181
6170 -0.000748465
6180 -0.000833962
6190 -0.000928451
6200 -0.00103279
6210 -0.00114791
6220 -0.0012748
6230 -0.00141455
6240 -0.00156832
6250 -0.00173737
6260 -0.00192305
6270 -0.00212682
6280 -0.00235024
6290 -0.00259499
6300 -0.00286285
6310 -0.00315577
6320 -0.00347578
6330 -0.00382509
6340 -0.00420604
6350 -0.00462111
6360 -0.00507297
6370 -0.00556442
6380 -0.00609845
6390 -0.00667823
6400 -0.00730713
6410 -0.00798866
6420 -0.00872658
6430 -0.00952482
6440 -0.0103875
6450 -0.0113191
6460 -0.012324
6470 -0.0134072
6480 -0.0145735
6490 -0.0158283
6500 -0.0171771
6510 -0.0186255
6520 -0.0201794
6530 -0.0218451
6540 -0.0236288
6550 -0.0255372
6560 -0.0275772
6570 -0.0297557
6580 -0.03208
6590 -0.0345575
6600 -0.0371958
6610 -0.0400028
6620 -0.0429865
6630 -0.0461548
6640 -0.0495162
6650 -0.0530789
6660 -0.0568514
6670 -0.0608422
6680 -0.0650599
6690 -0.0695132
6700 -0.0742107
6710 -0.0791608
6720 -0.0843722
6730 -0.0898533
6740 -0.0956123
6750 -0.101657
6760 -0.107997
6770 -0.114637
6780 -0.121587
6790 -0.128854
6800 -0.136443
6810 -0.144361
6820 -0.152615
6830 -0.161209
6840 -0.170148
6850 -0.179437
6860 -0.189079
6870 -0.199077
6880 -0.209433
6890 -0.220149
6900 -0.231225
6910 -0.24266
6920 -0.254455
6930 -0.266606
6940 -0.27911
6950 -0.291963
6960 -0.30516
6970 -0.318695
6980 -0.332561
6990 -0.346748
7000 -0.361247
7010 -0.376047
7020 -0.391136
7030 -0.406501
7040 -0.422128
7050 -0.438
7060 -0.454101
7070 -0.470412
7080 -0.486915
7090 -0.50359
7100 -0.520414
7110 -0.537365
7120 -0.554419
7130 -0.571553
7140 -0.58874
7150 -0.605954
7160 -0.623167
7170 -0.640352
7180 -0.65748
7190 -0.674521
7200 -0.691445
7210 -0.708222
7220 -0.724821
7230 -0.741212
7240 -0.757362
7250 -0.77324
7260 -0.788816
7270 -0.804057
7280 -0.818932
7290 -0.833412
7300 -0.847465
7310 -0.861061
7320 -0.874172
7330 -0.88677
7340 -0.898825
7350 -0.910312
7360 -0.921206
7370 -0.931481
7380 -0.941114
7390 -0.950083
7400 -0.958368
7410 -0.96595
7420 -0.972811
7430 -0.978934
7440 -0.984307
7450 -0.988916
7460 -0.99275
7470 -0.995801
7480 -0.998061
7490 -0.999525
7500 -1.00019
7510 -1.00005
7520 -0.99912
7530 -0.997387
7540 -0.994861
7550 -0.991549
7560 -0.987458
7570 -0.982598
7580 -0.976981
7590 -0.97062
7600 -0.963531
7610 -0.955731
7620 -0.947237
7630 -0.93807
7640 -0.928251
7650 -0.917802
7660 -0.906748
7670 -0.895113
7680 -0.882924
7690 -0.870207
7700 -0.856991
7710 -0.843304
7720 -0.829175
7730 -0.814634
7740 -0.799712
7750 -0.784439
7760 -0.768846
7770 -0.752965
7780 -0.736825
7790 -0.72046
7800 -0.703898
7810 -0.687171
7820 -0.67031
7830 -0.653344
7840 -0.636302
7850 -0.619213
7860 -0.602106
7870 -0.585007
7880 -0.567944
7890 -0.550942
7900 -0.534026
7910 -0.517219
7920 -0.500545
7930 -0.484026
7940 -0.467682
7950 -0.451532
7960 -0.435595
7970 -0.419889
7980 -0.40443
7990 -0.389232
8000 -0.374309
8010 -0.359675
8020 -0.34534
8030 -0.331315
8040 -0.317609
8050 -0.30423
8060 -0.291184
8070 -0.278479
8080 -0.266118
8090 -0.254106
8100 -0.242445
8110 -0.231137
8120 -0.220183
8130 -0.209583
8140 -0.199337
8150 -0.189443
8160 -0.179898
8170 -0.1707
8180 -0.161845
8190 -0.153329
8200 -0.145147
8210 -0.137294
8220 -0.129764
8230 -0.12255
8240 -0.115647
8250 -0.109047
8260 -0.102744
8270 -0.0967286
8280 -0.0909944
8290 -0.0855331
8300 -0.0803366
8310 -0.0753968
8320 -0.0707054
8330 -0.0662541
8340 -0.0620345
8350 -0.0580383
8360 -0.054257
8370 -0.0506825
8380 -0.0473066
8390 -0.044121
8400 -0.0411179
8410 -0.0382892
8420 -0.0356274
8430 -0.0331248
8440 -0.0307739
8450 -0.0285676
8460 -0.0264989
8470 -0.0245608
8480 -0.0227467
8490 -0.0210503
8500 -0.0194652
8510 -0.0179855
8520 -0.0166053
8530 -0.0153191
8540 -0.0141216
8550 -0.0130076
8560 -0.0119721
8570 -0.0110105
8580 -0.0101183
8590 -0.0092912
8600 -0.00852507
8610 -0.00781605
8620 -0.00716044
8630 -0.00655475
8640 -0.00599564
8650 -0.00547997
8660 -0.00500477
8670 -0.00456724
8680 -0.00416474
8690 -0.00379477
8700 -0.00345499
8710 -0.0031432
8720 -0.00285734
8730 -0.00259547
8740 -0.00235578
8750 -0.00213657
8760 -0.00193626
8770 -0.00175338
8780 -0.00158654
8790 -0.00143447
8800 -0.00129598
8810 -0.00116995
8820 -0.00105537
8830 -0.000951271
8840 -0.000856781
8850 -0.000771082
8860 -0.000693419
8870 -0.000623096
8880 -0.000559474
8890 -0.000501958
8900 -0.000450009
8910 -0.000403125
8920 -0.000360848
8930 -0.000322754
8940 -0.000288463
8950 -0.000257615
8960 -0.000229887
8970 -0.000204987
8980 -0.000182642
8990 -0.000162603
9000 -0.000144653
9010 -0.000128583
9020 -0.000114206
9030 -0.000101361
9040 -8.98889e-05
9050 -7.96531e-05
9060 -7.05278e-05
9070 -6.24026e-05
9080 -5.51664e-05
9090 -4.87338e-05
9100 -4.3017e-05
9110 -3.79386e-05
9120 -3.34337e-05
9130 -2.94378e-05
9140 -2.58983e-05
9150 -2.27622e-05
9160 -1.99917e-05
9170 -1.75387e-05
9180 -1.53762e-05
9190 -1.34676e-05
9200 -1.17844e-05
9210 -1.03047e-05
9220 -9.00196e-06
9230 -7.8579e-06
9240 -6.85122e-06
9250 -5.97212e-06
9260 -5.19568e-06
9270 -4.51794e-06
9280 -3.92414e-06
9290 -3.40142e-06
9300 -2.94423e-06
9310 -2.54442e-06
9320 -2.19412e-06
9330 -1.88428e-06
9340 -1.61875e-06
9350 -1.38274e-06
9360 -1.1772e-06
9370 -1.00028e-06
9380 -8.46127e-07
9390 -7.10885e-07
9400 -5.96085e-07
9410 -4.98889e-07
9420 -4.11556e-07
9430 -3.40931e-07
9440 -2.80702e-07
9450 -2.28324e-07
9460 -1.85015e-07
9470 -1.51027e-07
9480 -1.20291e-07
9490 -9.52961e-08
9500 -7.72822e-08
9510 -6.01576e-08
9520 -4.65563e-08
9530 -3.72676e-08
9540 -2.90097e-08
9550 -2.10416e-08
9560 -1.7355e-08
9570 -1.31286e-08
9580 -9.15792e-09
9590 -7.31904e-09
9600 -6.08955e-09
9610 -3.45999e-09
9620 -2.93918e-09
9630 -2.89051e-09
9640 -9.65557e-10
9650 -1.3033e-09
9660 -1.06487e-09
9670 -6.37557e-10
9680 1.3999e-10
9690 -1.09682e-09
9700 1.48937e-10
9710 1.54655e-10
9720 -7.28281e-10
9730 2.93768e-10
9740 -3.09467e-11
9750 -2.33077e-11
9760 -5.36508e-10
9770 9.19436e-10
9780 -7.64581e-10
9790 5.87315e-11
9800 4.79129e-10
9810 -4.34323e-10
9820 2.11527e-11
9830 7.24489e-11
9840 4.18904e-10
9850 -1.02276e-09
9860 1.03402e-09
9870 -3.70367e-10
9880 -3.07895e-10
9890 3.63793e-10
9900 6.00058e-11
9910 -2.1824e-10
9920 -3.01065e-10
9930 1.03845e-09
9940 -1.18173e-09
9950 5.57846e-10
9960 1.49552e-10
9970 -2.17976e-10
9980 -2.27578e-10
9990 3.92859e-10
10000 6.42148e-10
10010 1.3494e-10
10020 -6.39699e-10
10030 -6.89584e-10
10040 1.91784e-10
10050 9.22798e-10
10060 4.61933e-10
10070 -6.65858e-10
10080 -9.44823e-10
10090 4.36879e-11
10100 9.7683e-10
10110 6.04389e-10
10120 -5.35149e-10
10130 -9.16965e-10
10140 -1.21021e-10
10150 7.35516e-10
10160 6.13159e-10
10170 -1.91834e-10
10180 -6.62982e-10
10190 -3.63327e-10
10200 2.69271e-10
10210 5.81848e-10
10220 2.99011e-10
10230 -3.24113e-10
10240 -6.59627e-10
10250 -2.45726e-10
10260 5.6043e-10
10270 7.65557e-10
10280 -3.06362e-11
10290 -8.90147e-10
10300 -6.25338e-10
10310 5.12604e-10
10320 1.01814e-09
10330 1.71831e-10
10340 -9.05363e-10
10350 -7.74343e-10
10360 3.49567e-10
10370 9.55686e-10
10380 3.24307e-10
10390 -6.2781e-10
10400 -7.19942e-10
10410 1.54775e-11
10420 6.21052e-10
10430 4.89454e-10
10440 -1.1831e-10
10450 -5.64944e-10
10460 -4.39623e-10
10470 1.68608e-10
10480 6.72069e-10
10490 4.40883e-10
10500 -4.0011e-10
10510 -8.57195e-10
10520 -2.296e-10
10530 7.89513e-10
10540 8.39277e-10
10550 -2.42018e-10
10560 -1.04791e-09
10570 -4.76186e-10
10580 7.18641e-10
10590 9.47936e-10
10600 -4.08799e-11
10610 -9.01646e-10
10620 -5.78464e-10
10630 3.89842e-10
10640 7.76933e-10
10650 2.50316e-10
10660 -4.58322e-10
10670 -6.03343e-10
10680 -1.38966e-10
10690 4.47742e-10
10700 6.01156e-10
10710 1.07912e-10
10720 -5.97995e-10
10730 -6.84982e-10
10740 1.05589e-10
10750 8.8507e-10
10760 5.81244e-10
10770 -5.4039e-10
10780 -1.02618e-09
10790 -1.6456e-10
10800 9.397e-10
10810 8.14612e-10
10820 -3.59243e-10
10830 -1.01897e-09
10840 -3.6219e-10
10850 6.70884e-10
10860 7.89053e-10
10870 -9.26064e-12
10880 -6.7493e-10
10890 -5.26604e-10
10900 1.30794e-10
10910 5.90979e-10
10920 4.55645e-10
10930 -1.49824e-10
10940 -6.65247e-10
10950 -4.86287e-10
10960 3.3334e-10
10970 8.72922e-10
10980 3.46041e-10
10990 -7.16793e-10
11000 -9.34501e-10
11010 8.14794e-11
11020 1.04346e-09
11030 6.56012e-10
11040 -5.8365e-10
11050 -1.04085e-09
11060 -1.64167e-10
11070 8.45938e-10
11080 7.37697e-10
11090 -2.15161e-10
11100 -7.88783e-10
11110 -4.22831e-10
11120 3.21093e-10
11130 6.4599e-10
11140 3.19607e-10
11150 -3.13202e-10
11160 -6.68705e-10
11170 -3.3173e-10
11180 4.63546e-10
11190 8.29425e-10
11200 1.8376e-10
11210 -8.06087e-10
11220 -8.4856e-10
11230 2.36869e-10
11240 1.08385e-09
11250 5.38646e-10
11260 -7.14147e-10
11270 -1.03157e-09
11280 -3.44023e-11
11290 9.37988e-10
11300 6.89211e-10
11310 -3.37289e-10
11320 -8.39947e-10
11330 -3.52282e-10
11340 4.23186e-10
11350 6.63894e-10
11360 2.41921e-10
11370 -3.92638e-10
11380 -6.63379e-10
11390 -2.54865e-10
11400 5.22457e-10
11410 8.07571e-10
11420 1.11282e-10
11430 -8.4565e-10
11440 -8.14161e-10
11450 3.00932e-10
11460 1.10396e-09
11470 4.973e-10
11480 -7.64128e-10
11490 -1.0346e-09
11500 5.27837e-12
11510 9.70665e-10
11520 6.82854e-10
11530 -3.66718e-10
11540 -8.58109e-10
11550 -3.46934e-10
11560 4.39111e-10
11570 6.75921e-10
11580 2.45609e-10
11590 -3.98501e-10
11600 -6.78838e-10
11610 -2.69937e-10
11620 5.25573e-10
11630 8.32801e-10
11640 1.34981e-10
11650 -8.53289e-10
11660 -8.5148e-10
11670 2.73199e-10
11680 1.12125e-09
11690 5.46495e-10
11700 -7.36965e-10
11710 -1.0653e-09
11720 -5.50034e-11
11730 9.48708e-10
11740 7.30749e-10
11750 -2.96902e-10
11760 -8.47245e-10
11770 -4.15685e-10
11780 3.6365e-10
11790 6.84188e-10
11800 3.3763e-10
11810 -3.24589e-10
11820 -7.14606e-10
11830 -3.83362e-10
11840 4.64443e-10
11850 9.0301e-10
11860 2.63154e-10
11870 -8.17181e-10
11880 -9.57878e-10
11890 1.42128e-10
11900 1.12097e-09
11910 6.85396e-10
11920 -6.16125e-10
11930 -1.10662e-09
11940 -2.17885e-10
11950 8.50049e-10
11960 8.15214e-10
11970 -1.19404e-10
11980 -7.79692e-10
11990 -5.425e-10
12000 1.80518e-10
12010 6.55815e-10
12020 5.05875e-10
12030 -1.45808e-10
12040 -7.34902e-10
12050 -5.9052e-10
12060 3.04097e-10
12070 9.81698e-10
12080 5.00824e-10
12090 -6.93513e-10
12100 -1.0999e-09
12110 -1.09622e-10
12120 1.0517e-09
12130 8.8666e-10
12140 -3.71143e-10
12150 -1.10241e-09
12160 -4.65903e-10
12170 6.306e-10
12180 8.78526e-10
12190 1.61194e-10
12200 -5.98275e-10
12210 -6.71565e-10
12220 -1.20882e-10
12230 5.22608e-10
12240 7.0107e-10
12250 1.66048e-10
12260 -6.6251e-10
12270 -8.52354e-10
12280 -1.87938e-12
12290 9.8668e-10
12300 8.23812e-10
12310 -4.1753e-10
12320 -1.19462e-09
12330 -4.76081e-10
12340 8.32096e-10
12350 1.07175e-09
12360 1.31336e-11
12370 -9.57264e-10
12380 -7.29753e-10
12390 2.52666e-10
12400 8.14752e-10
12410 4.89531e-10
12420 -2.42217e-10
12430 -6.90867e-10
12440 -5.03791e-10
12450 2.006e-10
12460 8.09568e-10
12470 5.96673e-10
12480 -3.91958e-10
12490 -1.05948e-09
12500 -4.65341e-10
12510 7.9346e-10
12520 1.13288e-09
12530 5.12556e-11
12540 -1.10249e-09
12550 -8.74098e-10
12560 3.91976e-10
12570 1.0913e-09
12580 4.75152e-10
12590 -5.71486e-10
12600 -8.55872e-10
12610 -2.48705e-10
12620 4.96034e-10
12630 7.1371e-10
12640 2.84069e-10
12650 -4.46562e-10
12660 -8.24448e-10
12670 -3.4004e-10
12680 6.54872e-10
12690 1.01728e-09
12700 1.43639e-10
12710 -1.01753e-09
12720 -9.79807e-10
12730 2.96537e-10
12740 1.22182e-09
12750 6.35414e-10
12760 -6.79882e-10
12770 -1.09305e-09
12780 -2.26569e-10
12790 7.65036e-10
12800 8.07247e-10
12810 5.29573e-11
12820 -6.30473e-10
12830 -6.76716e-10
12840 -1.20156e-10
12850 5.90407e-10
12860 8.02725e-10
12870 1.51881e-10
12880 -8.15291e-10
12890 -9.49142e-10
12900 9.599e-11
12910 1.14306e-09
12920 8.30687e-10
12930 -5.34343e-10
12940 -1.25181e-09
12950 -4.35385e-10
12960 8.48877e-10
12970 1.04256e-09
12980 5.65052e-11
12990 -8.44866e-10
13000 -7.42151e-10
13010 5.20019e-11
13020 6.79902e-10
13030 6.56035e-10
13040 4.98935e-11
13050 -6.66181e-10
13060 -8.0568e-10
13070 -4.99689e-11
13080 9.20772e-10
13090 9.19448e-10
13100 -2.38121e-10
13110 -1.2155e-09
13120 -7.36269e-10
13130 6.67445e-10
13140 1.25151e-09
13150 3.23763e-10
13160 -9.09208e-10
13170 -9.90902e-10
13180 7.22727e-12
13190 8.39924e-10
13200 7.14522e-10
13210 -4.28029e-11
13220 -6.6814e-10
13230 -6.88102e-10
13240 -7.93208e-11
13250 7.05211e-10
13260 8.715e-10
13270 4.51917e-11
13280 -9.92403e-10
13290 -9.54002e-10
13300 2.83455e-10
13310 1.26512e-09
13320 7.27846e-10
13330 -6.92592e-10
13340 -1.24286e-09
13350 -3.17105e-10
13360 8.71666e-10
13370 9.65771e-10
13380 5.30961e-11
13390 -7.53599e-10
13400 -7.35919e-10
13410 -8.34182e-11
13420 6.04139e-10
13430 7.86315e-10
13440 2.19845e-10
13450 -7.01104e-10
13460 -1.00054e-09
13470 -1.42793e-10
13480 1.02843e-09
13490 1.06222e-09
13500 -2.14542e-10
13510 -1.27899e-09
13520 -8.05709e-10
13530 6.00639e-10
13540 1.22053e-09
13550 4.23269e-10
13560 -7.16641e-10
13570 -9.47768e-10
13580 -2.33185e-10
13590 5.71444e-10
13600 7.89734e-10
13610 3.32422e-10
13620 -4.55396e-10
13630 -9.18807e-10
13640 -4.7258e-10
13650 6.21789e-10
13660 1.16925e-09
13670 3.61385e-10
13680 -9.80236e-10
13690 -1.21249e-09
13700 1.56819e-11
13710 1.21416e-09
13720 9.49728e-10
13730 -3.60901e-10
13740 -1.12705e-09
13750 -6.11887e-10
13760 4.1783e-10
13770 8.82501e-10
13780 5.12761e-10
13790 -2.47911e-10
13800 -8.02878e-10
13810 -6.76946e-10
13820 1.74507e-10
13830 1.01639e-09
13840 8.2807e-10
13850 -3.9726e-10
13860 -1.29548e-09
13870 -6.90264e-10
13880 7.78363e-10
13890 1.33249e-09
13900 3.20622e-10
13910 -9.82733e-10
13920 -1.07584e-09
13930 -3.01898e-11
13940 8.75713e-10
13950 8.06296e-10
13960 4.66857e-11
13970 -6.60785e-10
13980 -8.02212e-10
13990 -2.39831e-10
14000 6.63767e-10
14010 1.03888e-09
14020 2.86237e-10
14030 -9.45648e-10
14040 -1.20148e-09
14050 -2.30656e-11
14060 1.2484e-09
14070 1.06019e-09
14080 -3.49567e-10
14090 -1.27301e-09
14100 -7.17513e-10
14110 5.10926e-10
14120 1.03613e-09
14130 5.08932e-10
14140 -3.6839e-10
14150 -8.3638e-10
14160 -6.06549e-10
14170 1.78609e-10
14180 9.31182e-10
14190 8.39567e-10
14200 -2.39888e-10
14210 -1.22856e-09
14220 -8.73071e-10
14230 5.68618e-10
14240 1.40756e-09
14250 6.05225e-10
14260 -8.63965e-10
14270 -1.26749e-09
14280 -2.68329e-10
14290 8.65178e-10
14300 9.72742e-10
14310 1.81934e-10
14320 -6.3201e-10
14330 -8.51437e-10
14340 -3.74738e-10
14350 4.9339e-10
14360 1.0396e-09
14370 5.6784e-10
14380 -6.58706e-10
14390 -1.31114e-09
14400 -4.75346e-10
14410 9.96003e-10
14420 1.35017e-09
14430 1.44901e-10
14440 -1.16551e-09
14450 -1.094e-09
14460 1.11095e-10
14470 1.02037e-09
14480 8.20713e-10
14490 -5.33787e-11
14500 -7.58303e-10
14510 -8.19787e-10
14520 -1.97766e-10
14530 7.13745e-10
14540 1.07991e-09
14550 3.13657e-10
14560 -9.64294e-10
14570 -1.28633e-09
14580 -1.1371e-10
14590 1.25811e-09
14600 1.19252e-09
14610 -2.14187e-10
14620 -1.28295e-09
14630 -8.83934e-10
14640 3.41245e-10
14650 1.0353e-09
14660 6.98085e-10
14670 -1.53376e-10
14680 -8.09248e-10
14690 -8.27784e-10
14700 -1.03556e-10
14710 8.80859e-10
14720 1.11931e-09
14730 1.16992e-10
14740 -1.18026e-09
14750 -1.22953e-09
14760 1.55491e-10
14770 1.38643e-09
14780 1.02944e-09
14790 -4.21541e-10
14800 -1.27287e-09
14810 -7.34007e-10
14820 3.99651e-10
14830 9.79928e-10
14840 6.76812e-10
14850 -1.20308e-10
14860 -8.40759e-10
14870 -9.17693e-10
14880 -9.1446e-11
14890 1.02257e-09
14900 1.19146e-09
14910 -1.59152e-12
14920 -1.32146e-09
14930 -1.18953e-09
14940 2.97982e-10
14950 1.40796e-09
14960 9.2417e-10
14970 -4.54472e-10
14980 -1.18107e-09
14990 -6.98494e-10
15000 2.88682e-10
15010 8.99034e-10
15020 7.82617e-10
15030 3.22868e-11
15040 -8.72478e-10
15050 -1.09286e-09
15060 -1.62416e-10
15070 1.13185e-09
15080 1.30195e-09
15090 -1.7665e-11
15100 -1.37573e-09
15110 -1.1895e-09
15120 2.8282e-10
15130 1.32539e-09
15140 9.06287e-10
15150 -2.98873e-10
15160 -1.02086e-09
15170 -7.88601e-10
15180 1.43927e-11
15190 7.93068e-10
15200 9.97853e-10
15210 2.98214e-10
15220 -8.75601e-10
15230 -1.32154e-09
15240 -3.30397e-10
15250 1.15955e-09
15260 1.4281e-09
15270 1.00884e-10
15280 -1.297e-09
15290 -1.22016e-09
15300 8.2371e-11
15310 1.10772e-09
15320 9.61364e-10
15330 5.08295e-11
15340 -7.63265e-10
15350 -9.63401e-10
15360 -4.12614e-10
15370 6.12648e-10
15380 1.2543e-09
15390 6.72224e-10
15400 -7.73952e-10
15410 -1.52804e-09
15420 -6.07478e-10
15430 1.01931e-09
15440 1.50353e-09
15450 3.71251e-10
15460 -1.01045e-09
15470 -1.21974e-09
15480 -3.0231e-10
15490 6.9462e-10
15500 1.01038e-09
15510 5.65359e-10
15520 -3.44997e-10
15530 -1.11199e-09
15540 -9.47228e-10
15550 2.74823e-10
15560 1.41765e-09
15570 1.11234e-09
15580 -4.68764e-10
15590 -1.57569e-09
15600 -9.5707e-10
15610 6.18314e-10
15620 1.39937e-09
15630 7.43392e-10
15640 -4.46509e-10
15650 -1.05552e-09
15660 -7.87687e-10
15670 3.55485e-11
15680 8.96828e-10
15690 1.12549e-09
15700 2.82305e-10
15710 -1.0499e-09
15720 -1.45153e-09
15730 -2.7516e-10
15740 1.29145e-09
15750 1.47574e-09
15760 8.74274e-11
15770 -1.27688e-09
15780 -1.22573e-09
15790 -6.01286e-11
15800 9.41285e-10
15810 1.0335e-09
15820 3.69499e-10
15830 -5.52905e-10
15840 -1.14616e-09
15850 -8.10296e-10
15860 4.34363e-10
15870 1.46839e-09
15880 1.04035e-09
15890 -5.8538e-10
15900 -1.64661e-09
15910 -9.38776e-10
15920 7.02243e-10
15930 1.47837e-09
15940 7.57357e-10
15950 -4.95754e-10
15960 -1.11631e-09
15970 -8.19891e-10
15980 3.24149e-11
15990 9.17095e-10
16000 1.17961e-09
16010 3.56104e-10
16020 -1.02627e-09
16030 -1.53753e-09
16040 -4.18806e-10
16050 1.23476e-09
16060 1.58878e-09
16070 2.79723e-10
16080 -1.19044e-09
16090 -1.33789e-09
16100 -2.79143e-10
16110 8.06675e-10
16120 1.11007e-09
16130 6.12741e-10
16140 -3.40406e-10
16150 -1.17013e-09
16160 -1.09183e-09
16170 1.29159e-10
16180 1.44595e-09
16190 1.36575e-09
16200 -2.01488e-10
16210 -1.58641e-09
16220 -1.285e-09
16230 2.67011e-10
16240 1.36597e-09
16250 1.08064e-09
16260 -2.13581e-11
16270 -9.13961e-10
16280 -1.08572e-09
16290 -4.94002e-10
16300 5.91747e-10
16310 1.38244e-09
16320 9.50747e-10
16330 -5.76328e-10
16340 -1.68698e-09
16350 -1.0691e-09
16360 6.86946e-10
16370 1.67722e-09
16380 9.3894e-10
16390 -5.67472e-10
16400 -1.32457e-09
16410 -8.94409e-10
16420 1.02677e-10
16430 9.43364e-10
16440 1.15856e-09
16450 4.67631e-10
16460 -8.25429e-10
16470 -1.57111e-09
16480 -7.8511e-10
16490 9.39144e-10
16500 1.77618e-09
16510 7.76883e-10
16520 -9.47193e-10
16530 -1.58786e-09
16540 -7.07432e-10
16550 6.0011e-10
16560 1.20881e-09
16570 8.97604e-10
16580 2.32192e-12
16590 -9.85904e-10
16600 -1.34276e-09
16610 -4.92116e-10
16620 1.04812e-09
16630 1.72661e-09
16640 6.4558e-10
16650 -1.14608e-09
16660 -1.7381e-09
16670 -5.96799e-10
16680 9.48446e-10
16690 1.42411e-09
16700 6.98227e-10
16710 -3.91199e-10
16720 -1.11247e-09
16730 -1.10115e-09
16740 -2.22317e-10
16750 1.06983e-09
16760 1.59588e-09
16770 5.60711e-10
16780 -1.18926e-09
16790 -1.80704e-09
16800 -5.91961e-10
16810 1.12993e-09
16820 1.61252e-09
16830 6.23015e-10
16840 -6.75265e-10
16850 -1.24713e-09
16860 -9.26329e-10
16870 1.54271e-12
16880 1.06197e-09
16890 1.4455e-09
16900 5.20592e-10
16910 -1.11808e-09
16920 -1.81757e-09
16930 -6.9073e-10
16940 1.14396e-09
16950 1.77476e-09
16960 6.98629e-10
16970 -8.17184e-10
16980 -1.4027e-09
16990 -8.73944e-10
17000 1.5075e-10
17010 1.06176e-09
17020 1.32661e-09
17030 5.23943e-10
17040 -9.71494e-10
17050 -1.7839e-09
17060 -8.73361e-10
17070 9.96785e-10
17080 1.88924e-09
17090 9.1969e-10
17100 -7.84666e-10
17110 -1.55546e-09
17120 -9.69734e-10
17130 1.85044e-10
17140 1.07166e-09
17150 1.27361e-09
17160 5.80439e-10
17170 -7.71694e-10
17180 -1.71088e-09
17190 -1.11307e-09
17200 6.95414e-10
17210 1.91485e-09
17220 1.25056e-09
17230 -5.50006e-10
17240 -1.64635e-09
17250 -1.20207e-09
17260 5.78894e-11
17270 1.05164e-09
17280 1.29083e-09
17290 7.07101e-10
17300 -5.17352e-10
17310 -1.58969e-09
17320 -1.37981e-09
17330 2.4425e-10
17340 1.79134e-09
17350 1.61964e-09
17360 -1.05703e-10
17370 -1.5921e-09
17380 -1.51489e-09
17390 -2.68765e-10
17400 9.17796e-10
17410 1.32968e-09
17420 9.03197e-10
17430 -1.9447e-10
17440 -1.39831e-09
17450 -1.64104e-09
17460 -3.58993e-10
17470 1.43008e-09
17480 1.89569e-09
17490 4.94017e-10
17500 -1.32557e-09
17510 -1.82312e-09
17520 -8.19979e-10
17530 5.32104e-10
17540 1.23942e-09
17550 1.07507e-09
17560 1.53301e-10
17570 -1.15406e-09
17580 -1.90539e-09
17590 -1.17128e-09
17600 6.49812e-10
17610 1.7906e-09
17620 9.94901e-10
17630 -9.54344e-10
17640 -2.15315e-09
17650 -1.72029e-09
17660 -4.21019e-10
17670 5.81846e-10
17680 7.77919e-10
17690 1.2453e-10
17700 -1.22194e-09
17710 -2.5321e-09
17720 -2.62919e-09
17730 -1.19106e-09
17740 4.11574e-10
17750 3.83821e-10
17760 -1.42187e-09
17770 -3.35685e-09
17780 -3.92354e-09
17790 -3.2097e-09
17800 -2.26975e-09
17810 -1.87502e-09
17820 -2.32367e-09
17830 -3.75569e-09
17840 -5.80096e-09
17850 -7.25072e-09
17860 -7.06811e-09
17870 -5.86183e-09
17880 -5.57421e-09
17890 -7.35898e-09
17900 -1.03248e-08
17910 -1.27321e-08
17920 -1.38882e-08
17930 -1.43892e-08
17940 -1.50512e-08
17950 -1.64071e-08
17960 -1.89618e-08
17970 -2.29075e-08
17980 -2.73694e-08
17990 -3.08254e-08
18000 -3.28616e-08
18010 -3.4995e-08
18020 -3.91394e-08
18030 -4.55625e-08
18040 -5.2919e-08
18050 -6.00055e-08
18060 -6.67689e-08
18070 -7.37563e-08
18080 -8.15332e-08
18090 -9.09043e-08
18100 -1.02793e-07
18110 -1.17173e-07
18120 -1.32635e-07
18130 -1.47856e-07
18140 -1.634e-07
18150 -1.81372e-07
18160 -2.03283e-07
18170 -2.28908e-07
18180 -2.57277e-07
18190 -2.8799e-07
18200 -3.21262e-07
18210 -3.57489e-07
18220 -3.97575e-07
18230 -4.43199e-07
18240 -4.95756e-07
18250 -5.55008e-07
18260 -6.19601e-07
18270 -6.89221e-07
18280 -7.65657e-07
18290 -8.51464e-07
18300 -9.48172e-07
18310 -1.05623e-06
18320 -1.17603e-06
18330 -1.30829e-06
18340 -1.45371e-06
18350 -1.61346e-06
18360 -1.79009e-06
18370 -1.98707e-06
18380 -2.20694e-06
18390 -2.45042e-06
18400 -2.71795e-06
18410 -3.01173e-06
18420 -3.33569e-06
18430 -3.69408e-06
18440 -4.09056e-06
18450 -4.5288e-06
18460 -5.01264e-06
18470 -5.54564e-06
18480 -6.13136e-06
18490 -6.77483e-06
18500 -7.48334e-06
18510 -8.265e-06
18520 -9.12677e-06
18530 -1.00746e-05
18540 -1.11151e-05
18550 -1.22573e-05
18560 -1.35115e-05
18570 -1.48886e-05
18580 -1.64009e-05
18590 -1.80615e-05
18600 -1.98841e-05
18610 -2.1882e-05
18620 -2.40696e-05
18630 -2.64645e-05
18640 -2.90874e-05
18650 -3.19605e-05
18660 -3.51058e-05
18670 -3.85466e-05
18680 -4.23082e-05
18690 -4.64189e-05
18700 -5.09092e-05
18710 -5.58127e-05
18720 -6.11667e-05
18730 -6.70116e-05
18740 -7.33897e-05
18750 -8.03446e-05
18760 -8.7924e-05
18770 -9.61817e-05
18780 -0.000105176
18790 -0.000114971
18800 -0.000125633
18810 -0.000137235
18820 -0.000149852
18830 -0.000163569
18840 -0.000178474
18850 -0.000194664
18860 -0.000212246
18870 -0.000231333
18880 -0.000252046
18890 -0.000274512
18900 -0.000298869
18910 -0.000325267
18920 -0.000353866
18930 -0.000384839
18940 -0.00041837
18950 -0.000454658
18960 -0.000493913
18970 -0.00053636
18980 -0.000582239
18990 -0.00063181
19000 -0.00068535
19010 -0.000743156
19020 -0.000805545
19030 -0.000872851
19040 -0.000945435
19050 -0.00102368
19060 -0.00110799
19070 -0.00119881
19080 -0.00129659
19090 -0.00140184
19100 -0.00151508
19110 -0.00163687
19120 -0.0017678
19130 -0.00190851
19140 -0.00205966
19150 -0.00222196
19160 -0.00239619
19170 -0.00258313
19180 -0.00278363
19190 -0.00299861
19200 -0.003229
19210 -0.00347583
19220 -0.00374015
19230 -0.00402311
19240 -0.00432589
19250 -0.00464977
19260 -0.00499606
19270 -0.00536619
19280 -0.00576163
19290 -0.00618396
19300 -0.00663481
19310 -0.00711595
19320 -0.00762919
19330 -0.00817646
19340 -0.0087598
19350 -0.00938132
19360 -0.0100433
19370 -0.010748
19380 -0.011498
19390 -0.0122959
19400 -0.0131444
19410 -0.0140462
19420 -0.0150045
19430 -0.0160223
19440 -0.0171029
19450 -0.0182498
19460 -0.0194664
19470 -0.0207566
19480 -0.0221243
19490 -0.0235735
19500 -0.0251085
19510 -0.0267336
19520 -0.0284537
19530 -0.0302733
19540 -0.0321977
19550 -0.0342319
19560 -0.0363814
19570 -0.0386517
19580 -0.0410489
19590 -0.0435788
19600 -0.0462479
19610 -0.0490626
19620 -0.0520296
19630 -0.0551561
19640 -0.0584492
19650 -0.0619164
19660 -0.0655655
19670 -0.0694044
19680 -0.0734413
19690 -0.0776849
19700 -0.0821439
19710 -0.0868273
19720 -0.0917443
19730 -0.0969047
19740 -0.102318
19750 -0.107995
19760 -0.113945
19770 -0.12018
19780 -0.126709
19790 -0.133545
19800 -0.140699
19810 -0.148182
19820 -0.156007
19830 -0.164185
19840 -0.17273
19850 -0.181653
19860 -0.190968
19870 -0.200688
19880 -0.210827
19890 -0.221397
19900 -0.232413
19910 -0.243889
19920 -0.255839
19930 -0.268277
19940 -0.281218
19950 -0.294677
19960 -0.308669
19970 -0.323207
19980 -0.338308
19990 -0.353986
20000 -0.370258
20010 -0.387137
20020 -0.404639
20030 -0.422779
20040 -0.441573
20050 -0.461036
20060 -0.481183
20070 -0.502029
20080 -0.523588
20090 -0.545877
20100 -0.568908
20110 -0.592697
20120 -0.617258
20130 -0.642605
20140 -0.668751
20150 -0.69571
20160 -0.723495
20170 -0.752117
20180 -0.78159
20190 -0.811925
20200 -0.843133
20210 -0.875225
20220 -0.908211
20230 -0.9421
20240 -0.976901
20250 -1.01262
20260 -1.04927
20270 -1.08686
20280 -1.12538
20290 -1.16485
20300 -1.20528
20310 -1.24665
20320 -1.28898
20330 -1.33227
20340 -1.37652
20350 -1.42172
20360 -1.46788
20370 -1.515
20380 -1.56306
20390 -1.61207
20400 -1.66201
20410 -1.71289
20420 -1.76469
20430 -1.8174
20440 -1.87102
20450 -1.92552
20460 -1.9809
20470 -2.03714
20480 -2.09423
20490 -2.15214
20500 -2.21086
20510 -2.27036
20520 -2.33063
20530 -2.39164
20540 -2.45336
20550 -2.51578
20560 -2.57885
20570 -2.64256
20580 -2.70688
20590 -2.77176
20600 -2.83718
20610 -2.9031
20620 -2.96949
20630 -3.0363
20640 -3.10351
20650 -3.17107
20660 -3.23893
20670 -3.30707
20680 -3.37542
20690 -3.44396
20700 -3.51263
20710 -3.58138
20720 -3.65017
20730 -3.71895
20740 -3.78767
20750 -3.85628
20760 -3.92473
20770 -3.99296
20780 -4.06093
20790 -4.12857
20800 -4.19584
20810 -4.26268
20820 -4.32903
20830 -4.39485
20840 -4.46007
20850 -4.52464
20860 -4.58851
20870 -4.65161
20880 -4.7139
20890 -4.77531
20900 -4.8358
20910 -4.8953
20920 -4.95376
20930 -5.01113
20940 -5.06736
20950 -5.12239
20960 -5.17616
20970 -5.22864
20980 -5.27976
20990 -5.32948
21000 -5.37775
21010 -5.42452
21020 -5.46974
21030 -5.51338
21040 -5.55538
21050 -5.5957
21060 -5.63431
21070 -5.67116
21080 -5.70622
21090 -5.73945
21100 -5.77082
21110 -5.80029
21120 -5.82784
21130 -5.85343
21140 -5.87704
21150 -5.89865
21160 -5.91822
21170 -5.93575
21180 -5.95122
21190 -5.9646
21200 -5.97588
21210 -5.98505
21220 -5.99211
21230 -5.99705
21240 -5.99985
21250 -6.00052
21260 -5.99906
21270 -5.99547
21280 -5.98975
21290 -5.98191
21300 -5.97196
21310 -5.95991
21320 -5.94577
21330 -5.92957
21340 -5.9113
21350 -5.89101
21360 -5.8687
21370 -5.8444
21380 -5.81814
21390 -5.78995
21400 -5.75985
21410 -5.72787
21420 -5.69406
21430 -5.65845
21440 -5.62106
21450 -5.58195
21460 -5.54115
21470 -5.49871
21480 -5.45466
21490 -5.40905
21500 -5.36194
21510 -5.31335
21520 -5.26335
21530 -5.21198
21540 -5.1593
21550 -5.10535
21560 -5.05019
21570 -4.99387
21580 -4.93644
21590 -4.87796
21600 -4.81848
21610 -4.75806
21620 -4.69675
21630 -4.63461
21640 -4.5717
21650 -4.50807
21660 -4.44378
21670 -4.37888
21680 -4.31343
21690 -4.24749
21700 -4.18112
21710 -4.11436
21720 -4.04727
21730 -3.97991
21740 -3.91233
21750 -3.84459
21760 -3.77673
21770 -3.70882
21780 -3.6409
21790 -3.57302
21800 -3.50524
21810 -3.43759
21820 -3.37014
21830 -3.30292
21840 -3.23599
21850 -3.16939
21860 -3.10316
21870 -3.03734
21880 -2.97198
21890 -2.90712
21900 -2.8428
21910 -2.77906
21920 -2.71593
21930 -2.65345
21940 -2.59165
21950 -2.53057
21960 -2.47025
21970 -2.4107
21980 -2.35197
21990 -2.29408
22000 -2.23706
22010 -2.18093
22020 -2.12572
22030 -2.07146
22040 -2.01816
22050 -1.96585
22060 -1.91455
22070 -1.86429
22080 -1.81506
22090 -1.76691
22100 -1.71983
22110 -1.67385
22120 -1.62899
22130 -1.58525
22140 -1.54264
22150 -1.50119
22160 -1.4609
22170 -1.42177
22180 -1.38383
22190 -1.34708
22200 -1.31152
22210 -1.27717
22220 -1.24403
22230 -1.2121
22240 -1.1814
22250 -1.15193
22260 -1.12368
22270 -1.09668
22280 -1.07091
22290 -1.04639
22300 -1.02311
22310 -1.00108
22320 -0.980301
22330 -0.960774
22340 -0.942501
22350 -0.925484
22360 -0.909724
22370 -0.895221
22380 -0.881977
22390 -0.869993
22400 -0.859269
22410 -0.849805
22420 -0.841603
22430 -0.834662
22440 -0.828983
22450 -0.824566
22460 -0.821411
22470 -0.819518
22480 -0.818888
22490 -0.819521
22500 -0.821416
22510 -0.824574
22520 -0.828994
22530 -0.834678
22540 -0.841623
22550 -0.849831
22560 -0.859301
22570 -0.870033
22580 -0.882026
22590 -0.895281
22600 -0.909795
22610 -0.925569
22620 -0.942601
22630 -0.960891
22640 -0.980437
22650 -1.00124
22660 -1.02329
22670 -1.04659
22680 -1.07114
22690 -1.09694
22700 -1.12398
22710 -1.15226
22720 -1.18177
22730 -1.21251
22740 -1.24448
22750 -1.27767
22760 -1.31207
22770 -1.34767
22780 -1.38448
22790 -1.42248
22800 -1.46166
22810 -1.50202
22820 -1.54353
22830 -1.5862
22840 -1.63002
22850 -1.67495
22860 -1.72101
22870 -1.76816
22880 -1.81639
22890 -1.86569
22900 -1.91605
22910 -1.96743
22920 -2.01982
22930 -2.07321
22940 -2.12756
22950 -2.18286
22960 -2.23908
22970 -2.2962
22980 -2.35418
22990 -2.41301
23000 -2.47265
23010 -2.53307
23020 -2.59424
23030 -2.65613
23040 -2.71871
23050 -2.78193
23060 -2.84577
23070 -2.91018
23080 -2.97513
23090 -3.04058
23100 -3.10648
23110 -3.1728
23120 -3.23949
23130 -3.3065
23140 -3.3738
23150 -3.44133
23160 -3.50904
23170 -3.5769
23180 -3.64484
23190 -3.71283
23200 -3.7808
23210 -3.84871
23220 -3.9165
23230 -3.98413
23240 -4.05153
23250 -4.11865
23260 -4.18544
23270 -4.25185
23280 -4.31781
23290 -4.38327
23300 -4.44818
23310 -4.51248
23320 -4.5761
23330 -4.63901
23340 -4.70113
23350 -4.76242
23360 -4.82281
23370 -4.88226
23380 -4.9407
23390 -4.99809
23400 -5.05436
23410 -5.10946
23420 -5.16335
23430 -5.21596
23440 -5.26725
23450 -5.31717
23460 -5.36567
23470 -5.41269
23480 -5.4582
23490 -5.50214
23500 -5.54448
23510 -5.58516
23520 -5.62415
23530 -5.6614
23540 -5.69689
23550 -5.73056
23560 -5.76239
23570 -5.79235
23580 -5.82039
23590 -5.8465
23600 -5.87064
23610 -5.89279
23620 -5.91292
23630 -5.93101
23640 -5.94705
23650 -5.96102
23660 -5.97289
23670 -5.98267
23680 -5.99033
23690 -5.99587
23700 -5.99929
23710 -6.00057
23720 -5.99972
23730 -5.99674
23740 -5.99163
23750 -5.98439
23760 -5.97504
23770 -5.96359
23780 -5.95003
23790 -5.9344
23800 -5.9167
23810 -5.89696
23820 -5.87519
23830 -5.85142
23840 -5.82568
23850 -5.79798
23860 -5.76836
23870 -5.73685
23880 -5.70348
23890 -5.66829
23900 -5.6313
23910 -5.59257
23920 -5.55213
23930 -5.51001
23940 -5.46627
23950 -5.42094
23960 -5.37408
23970 -5.32572
23980 -5.27592
23990 -5.22472
24000 -5.17217
24010 -5.11833
24020 -5.06324
24030 -5.00697
24040 -4.94955
24050 -4.89105
24060 -4.83151
24070 -4.771
24080 -4.70957
24090 -4.64727
24100 -4.58416
24110 -4.52029
24120 -4.45573
24130 -4.39052
24140 -4.32472
24150 -4.25839
24160 -4.19157
24170 -4.12434
24180 -4.05674
24190 -3.98882
24200 -3.92064
24210 -3.85224
24220 -3.7837
24230 -3.71504
24240 -3.64633
24250 -3.57761
24260 -3.50893
24270 -3.44034
24280 -3.37189
24290 -3.30362
24300 -3.23558
24310 -3.16781
24320 -3.10035
24330 -3.03324
24340 -2.96652
24350 -2.90024
24360 -2.83442
24370 -2.76911
24380 -2.70434
24390 -2.64013
24400 -2.57653
24410 -2.51357
24420 -2.45126
24430 -2.38965
24440 -2.32875
24450 -2.26859
24460 -2.2092
24470 -2.15059
24480 -2.09279
24490 -2.03581
24500 -1.97968
24510 -1.9244
24520 -1.87
24530 -1.81649
24540 -1.76388
24550 -1.71218
24560 -1.6614
24570 -1.61155
24580 -1.56263
24590 -1.51466
24600 -1.46764
24610 -1.42156
24620 -1.37644
24630 -1.33228
24640 -1.28907
24650 -1.24681
24660 -1.20551
24670 -1.16516
24680 -1.12575
24690 -1.08729
24700 -1.04977
24710 -1.01318
24720 -0.977515
24730 -0.942767
24740 -0.908929
24750 -0.875991
24760 -0.843944
24770 -0.812779
24780 -0.782483
24790 -0.753047
24800 -0.724459
24810 -0.696706
24820 -0.669776
24830 -0.643656
24840 -0.618333
24850 -0.593793
24860 -0.570023
24870 -0.547008
24880 -0.524734
24890 -0.503187
24900 -0.482351
24910 -0.462212
24920 -0.442755
24930 -0.423965
24940 -0.405827
24950 -0.388326
24960 -0.371446
24970 -0.355172
24980 -0.339489
24990 -0.324382
25000 -0.309837
25010 -0.295837
25020 -0.282368
25030 -0.269416
25040 -0.256966
25050 -0.245003
25060 -0.233513
25070 -0.222482
25080 -0.211896
25090 -0.201741
25100 -0.192004
25110 -0.182672
25120 -0.17373
25130 -0.165167
25140 -0.156969
25150 -0.149125
25160 -0.141622
25170 -0.134448
25180 -0.127591
25190 -0.121041
25200 -0.114786
25210 -0.108814
25220 -0.103117
25230 -0.0976823
25240 -0.092501
25250 -0.0875631
25260 -0.0828589
25270 -0.0783793
25280 -0.0741152
25290 -0.0700579
25300 -0.0661988
25310 -0.0625299
25320 -0.059043
25330 -0.0557305
25340 -0.052585
25350 -0.0495991
25360 -0.0467659
25370 -0.0440787
25380 -0.041531
25390 -0.0391164
25400 -0.036829
25410 -0.0346628
25420 -0.0326123
25430 -0.0306721
25440 -0.0288369
25450 -0.0271018
25460 -0.0254618
25470 -0.0239125
25480 -0.0224494
25490 -0.0210682
25500 -0.0197649
25510 -0.0185355
25520 -0.0173764
25530 -0.0162838
25540 -0.0152545
25550 -0.014285
25560 -0.0133724
25570 -0.0125135
25580 -0.0117056
25590 -0.0109459
25600 -0.0102319
25610 -0.00956093
25620 -0.00893076
25630 -0.00833912
25640 -0.00778388
25650 -0.00726298
25660 -0.0067745
25670 -0.00631659
25680 -0.0058875
25690 -0.00548559
25700 -0.00510928
25710 -0.00475706
25720 -0.00442752
25730 -0.00411933
25740 -0.0038312
25750 -0.00356195
25760 -0.00331042
25770 -0.00307554
25780 -0.0028563
25790 -0.00265173
25800 -0.00246092
25810 -0.00228302
25820 -0.00211721
25830 -0.00196274
25840 -0.00181888
25850 -0.00168496
25860 -0.00156033
25870 -0.0014444
25880 -0.0013366
25890 -0.0012364
25900 -0.0011433
25910 -0.00105682
25920 -0.000976537
25930 -0.000902026
25940 -0.0008329
25950 -0.000768792
25960 -0.000709361
25970 -0.000654288
25980 -0.000603273
25990 -0.000556036
26000 -0.000512312
26010 -0.000471856
26020 -0.000434437
26030 -0.000399839
26040 -0.000367864
26050 -0.000338325
26060 -0.000311047
26070 -0.000285864
26080 -0.000262624
26090 -0.000241184
26100 -0.000221415
26110 -0.000203196
26120 -0.000186409
26130 -0.000170945
26140 -0.000156705
26150 -0.0001436
26160 -0.000131546
26170 -0.000120461
26180 -0.000110269
26190 -0.000100901
26200 -9.22947e-05
26210 -8.43935e-05
26220 -7.71419e-05
26230 -7.04879e-05
26240 -6.43837e-05
26250 -5.87862e-05
26260 -5.36557e-05
26270 -4.89555e-05
26280 -4.46517e-05
26290 -4.07123e-05
26300 -3.71066e-05
26310 -3.38066e-05
26320 -3.07881e-05
26330 -2.80298e-05
26340 -2.55113e-05
26350 -2.32112e-05
26360 -2.11091e-05
26370 -1.91884e-05
26380 -1.74366e-05
26390 -1.58413e-05
26400 -1.43881e-05
26410 -1.30621e-05
26420 -1.18517e-05
26430 -1.07493e-05
26440 -9.74776e-06
26450 -8.83792e-06
26460 -8.00957e-06
26470 -7.25453e-06
26480 -6.56754e-06
26490 -5.94422e-06
26500 -5.37922e-06
26510 -4.86646e-06
26520 -4.4005e-06
26530 -3.97706e-06
26540 -3.59264e-06
26550 -3.24427e-06
26560 -2.92932e-06
26570 -2.64486e-06
26580 -2.38713e-06
26590 -2.15248e-06
26600 -1.93905e-06
26610 -1.74672e-06
26620 -1.57477e-06
26630 -1.42007e-06
26640 -1.27861e-06
26650 -1.14878e-06
26660 -1.03183e-06
26670 -9.28646e-07
26680 -8.37012e-07
26690 -7.53001e-07
26700 -6.7485e-07
26710 -6.0407e-07
26720 -5.42364e-07
26730 -4.88543e-07
26740 -4.39408e-07
26750 -3.93175e-07
26760 -3.50817e-07
26770 -3.13911e-07
26780 -2.8217e-07
26790 -2.53703e-07
26800 -2.27099e-07
26810 -2.02429e-07
26820 -1.80384e-07
26830 -1.61196e-07
26840 -1.44541e-07
26850 -1.29826e-07
26860 -1.16277e-07
26870 -1.03289e-07
26880 -9.11403e-08
26890 -8.09369e-08
26900 -7.31689e-08
26910 -6.65676e-08
26920 -5.92553e-08
26930 -5.11587e-08
26940 -4.43531e-08
26950 -4.03805e-08
26960 -3.79257e-08
26970 -3.42392e-08
26980 -2.87069e-08
26990 -2.37489e-08
27000 -2.1625e-08
27010 -2.13513e-08
27020 -1.99305e-08
27030 -1.62734e-08
27040 -1.25365e-08
27050 -1.11601e-08
27060 -1.16865e-08
27070 -1.153e-08
27080 -9.40357e-09
27090 -6.75511e-09
27100 -5.61384e-09
27110 -6.03315e-09
27120 -6.36603e-09
27130 -5.51043e-09
27140 -4.00104e-09
27150 -2.96356e-09
27160 -2.77933e-09
27170 -3.02553e-09
27180 -3.1511e-09
27190 -2.81335e-09
27200 -1.95292e-09
27210 -1.01384e-09
27220 -8.0783e-10
27230 -1.57703e-09
27240 -2.32172e-09
27250 -1.77522e-09
27260 -1.90856e-10
27270 6.16425e-10
27280 -4.46192e-10
27290 -2.03859e-09
27300 -1.90846e-09
27310 4.9226e-11
27320 1.4093e-09
27330 3.64648e-10
27340 -1.72777e-09
27350 -2.02971e-09
27360 -3.46317e-11
27370 1.67869e-09
27380 8.81089e-10
27390 -1.31355e-09
27400 -1.96601e-09
27410 -2.49881e-10
27420 1.53088e-09
27430 1.10461e-09
27440 -8.13776e-10
27450 -1.65894e-09
27460 -4.59673e-10
27470 1.08559e-09
27480 1.05138e-09
27490 -2.90015e-10
27500 -1.13233e-09
27510 -5.79514e-10
27520 4.71107e-10
27530 7.66253e-10
27540 1.87497e-10
27550 -4.61603e-10
27560 -5.72716e-10
27570 -1.89291e-10
27580 3.20138e-10
27590 5.61658e-10
27600 2.54377e-10
27610 -4.42312e-10
27620 -7.90733e-10
27630 -2.012e-10
27640 7.99186e-10
27650 9.16812e-10
27660 -2.19451e-10
27670 -1.25642e-09
27680 -7.11115e-10
27690 8.92293e-10
27700 1.44394e-09
27710 4.96317e-11
27720 -1.54152e-09
27730 -1.13475e-09
27740 8.54926e-10
27750 1.78098e-09
27760 3.15617e-10
27770 -1.6321e-09
27780 -1.41812e-09
27790 7.15621e-10
27800 1.9034e-09
27810 5.35533e-10
27820 -1.54006e-09
27830 -1.53231e-09
27840 5.09864e-10
27850 1.81516e-09
27860 6.79029e-10
27870 -1.29597e-09
27880 -1.47322e-09
27890 2.73415e-10
27900 1.54328e-09
27910 7.31075e-10
27920 -9.41297e-10
27930 -1.25815e-09
27940 3.73699e-11
27950 1.13058e-09
27960 6.91196e-10
27970 -5.21611e-10
27980 -9.20174e-10
27990 -1.74735e-10
28000 6.28157e-10
28010 5.7134e-10
28020 -8.06969e-11
28030 -5.01454e-10
28040 -3.47663e-10
28050 8.85077e-11
28060 3.91749e-10
28070 3.43363e-10
28080 -4.71268e-11
28090 -4.74037e-10
28100 -4.39971e-10
28110 1.76958e-10
28120 7.20257e-10
28130 3.9998e-10
28140 -5.53002e-10
28150 -9.16709e-10
28160 -4.80087e-11
28170 1.0286e-09
28180 8.03523e-10
28190 -5.88083e-10
28200 -1.31112e-09
28210 -2.60675e-10
28220 1.25555e-09
28230 1.13567e-09
28240 -5.8562e-10
28250 -1.60352e-09
28260 -4.43303e-10
28270 1.39573e-09
28280 1.37843e-09
28290 -5.52999e-10
28300 -1.78435e-09
28310 -5.83745e-10
28320 1.45035e-09
28330 1.52345e-09
28340 -4.97377e-10
28350 -1.85316e-09
28360 -6.75771e-10
28370 1.42517e-09
28380 1.57085e-09
28390 -4.25066e-10
28400 -1.8168e-09
28410 -7.18586e-10
28420 1.32949e-09
28430 1.52773e-09
28440 -3.41264e-10
28450 -1.68777e-09
28460 -7.15833e-10
28470 1.17458e-09
28480 1.40637e-09
28490 -2.49665e-10
28500 -1.48196e-09
28510 -6.74344e-10
28520 9.72797e-10
28530 1.22227e-09
28540 -1.52957e-10
28550 -1.21723e-09
28560 -6.03053e-10
28570 7.36647e-10
28580 9.92501e-10
28590 -5.28045e-11
28600 -9.11806e-10
28610 -5.11717e-10
28620 4.78131e-10
28630 7.34188e-10
28640 4.9542e-11
28650 -5.8319e-10
28660 -4.09942e-10
28670 2.08344e-10
28680 4.63402e-10
28690 1.53265e-10
28700 -2.47266e-10
28710 -3.06518e-10
28720 -6.29534e-11
28730 1.94295e-10
28740 2.57557e-10
28750 8.22092e-11
28760 -2.08864e-10
28770 -3.27381e-10
28780 -6.14224e-11
28790 3.61523e-10
28800 3.93988e-10
28810 -1.22681e-10
28820 -5.78039e-10
28830 -2.94577e-10
28840 4.64298e-10
28850 6.79444e-10
28860 -5.19519e-11
28870 -8.09495e-10
28880 -4.98724e-10
28890 5.64677e-10
28900 9.32417e-10
28910 9.64855e-13
28920 -1.01783e-09
28930 -6.69857e-10
28940 6.61476e-10
28950 1.14906e-09
28960 3.5201e-11
28970 -1.20049e-09
28980 -8.06258e-10
28990 7.53418e-10
29000 1.32759e-09
29010 5.11316e-11
29020 -1.35604e-09
29030 -9.07979e-10
29040 8.39308e-10
29050 1.46805e-09
29060 5.01285e-11
29070 -1.48417e-09
29080 -9.7653e-10
29090 9.18154e-10
29100 1.57186e-09
29110 3.41956e-11
29120 -1.58545e-09
29130 -1.01459e-09
29140 9.89063e-10
29150 1.64146e-09
29160 5.6722e-12
29170 -1.66125e-09
29180 -1.02554e-09
29190 1.05148e-09
29200 1.68012e-09
29210 -3.28987e-11
29220 -1.71345e-09
29230 -1.01321e-09
29240 1.10509e-09
29250 1.6916e-09
29260 -7.89652e-11
29270 -1.74439e-09
29280 -9.81513e-10
29290 1.14994e-09
29300 1.67991e-09
29310 -1.30187e-10
29320 -1.7567e-09
29330 -9.34333e-10
29340 1.18635e-09
29350 1.64906e-09
29360 -1.84512e-10
29370 -1.75313e-09
29380 -8.75312e-10
29390 1.2149e-09
29400 1.603e-09
29410 -2.4024e-10
29420 -1.73653e-09
29430 -8.07733e-10
29440 1.23651e-09
29450 1.54538e-09
29460 -2.96058e-10
29470 -1.70967e-09
29480 -7.34504e-10
29490 1.25205e-09
29500 1.47951e-09
29510 -3.5106e-10
29520 -1.67522e-09
29530 -6.57976e-10
29540 1.2628e-09
29550 1.40835e-09
29560 -4.04657e-10
29570 -1.6356e-09
29580 -5.80061e-10
29590 1.26996e-09
29600 1.33443e-09
29610 -4.56619e-10
29620 -1.59303e-09
29630 -5.0218e-10
29640 1.27488e-09
29650 1.25975e-09
29660 -5.0705e-10
29670 -1.54952e-09
29680 -4.25422e-10
29690 1.27873e-09
29700 1.18594e-09
29710 -5.56317e-10
29720 -1.5068e-09
29730 -3.50338e-10
29740 1.2828e-09
29750 1.11422e-09
29760 -6.04818e-10
29770 -1.46615e-09
29780 -2.77216e-10
29790 1.28827e-09
29800 1.04547e-09
29810 -6.53248e-10
29820 -1.42871e-09
29830 -2.0595e-10
29840 1.29615e-09
29850 9.80139e-10
29860 -7.02256e-10
29870 -1.3952e-09
29880 -1.36297e-10
29890 1.30729e-09
29900 9.18402e-10
29910 -7.52626e-10
29920 -1.36622e-09
29930 -6.7847e-11
29940 1.32242e-09
29950 8.60134e-10
29960 -8.05043e-10
29970 -1.34194e-09
29980 0
