-20 0
0 -4.96923e-06
20 1.59279e-05
40 7.29928e-06
60 2.86453e-06
80 1.12717e-05
100 2.59884e-05
120 1.9183e-05
140 3.41006e-05
160 5.41067e-05
180 4.95006e-05
200 7.09534e-05
220 9.9323e-05
240 0.000120379
260 0.000152537
280 0.000200746
300 0.000251758
320 0.000306986
340 0.000382574
360 0.00046651
380 0.000567832
400 0.000686555
420 0.000821243
440 0.00098972
460 0.00115024
480 0.00133112
500 0.00155852
520 0.00178749
540 0.00203699
560 0.00234331
580 0.00265977
600 0.00298182
620 0.00336576
640 0.00377833
660 0.00419485
680 0.00466724
700 0.00518104
720 0.00571711
740 0.00629139
760 0.00689094
780 0.00752633
800 0.00817404
820 0.00882853
840 0.00952225
860 0.0102336
880 0.0109229
900 0.0116387
920 0.0123709
940 0.0130779
960 0.0137578
980 0.014434
1000 0.015076
1020 0.0156637
1040 0.0162094
1060 0.0166878
1080 0.0171393
1100 0.0174846
1120 0.0177701
1140 0.0180118
1160 0.0181707
1180 0.0182474
1200 0.0182661
1220 0.0182431
1240 0.0181358
1260 0.0179747
1280 0.0177456
1300 0.0175002
1320 0.0172013
1340 0.0168401
1360 0.0164578
1380 0.0160759
1400 0.0156565
1420 0.0152059
1440 0.0147607
1460 0.0143173
1480 0.0138968
1500 0.0134408
1520 0.0130093
1540 0.0126158
1560 0.0122325
1580 0.0118646
1600 0.0114935
1620 0.0111803
1640 0.0109046
1660 0.0106229
1680 0.010361
1700 0.0101313
1720 0.00994215
1740 0.00977487
1760 0.00960051
1780 0.00943845
1800 0.00933541
1820 0.00923463
1840 0.00914145
1860 0.00903783
1880 0.00896176
1900 0.00892395
1920 0.00887431
1940 0.00882681
1960 0.00875792
1980 0.00872975
2000 0.00872117
2020 0.0086998
2040 0.0086621
2060 0.00862519
2080 0.00860527
2100 0.00861883
2120 0.00861524
2140 0.00858825
2160 0.00856525
2180 0.00856534
2200 0.008608
2220 0.00863644
2240 0.00865234
2260 0.00867644
2280 0.00872011
2300 0.00883586
2320 0.00896601
2340 0.00909753
2360 0.00926346
2380 0.00944771
2400 0.00974406
2420 0.0101074
2440 0.0105397
2460 0.0110239
2480 0.0115658
2500 0.0122495
2520 0.013075
2540 0.0140639
2560 0.0152077
2580 0.0164738
2600 0.0179052
2620 0.0195539
2640 0.0214501
2660 0.0236358
2680 0.0260783
2700 0.0287661
2720 0.0317024
2740 0.0349014
2760 0.0384295
2780 0.042297
2800 0.0465262
2820 0.0510797
2840 0.055904
2860 0.0609702
2880 0.0662599
2900 0.0717824
2920 0.0775388
2940 0.0835519
2960 0.0897489
2980 0.0960816
3000 0.102456
3020 0.108765
3040 0.114946
3060 0.120923
3080 0.126689
3100 0.132211
3120 0.137472
3140 0.142472
3160 0.147129
3180 0.151409
3200 0.155202
3220 0.158437
3240 0.160984
3260 0.162773
3280 0.163726
3300 0.163761
3320 0.162878
3340 0.16103
3360 0.15826
3380 0.154583
3400 0.150059
3420 0.144769
3440 0.138781
3460 0.1322
3480 0.125135
3500 0.117676
3520 0.109939
3540 0.102038
3560 0.0940587
3580 0.0861038
3600 0.078269
3620 0.070615
3640 0.0632305
3660 0.0561556
3680 0.0494489
3700 0.0431425
3720 0.0372572
3740 0.0318128
3760 0.0268263
3780 0.0222659
3800 0.0181584
3820 0.0144677
3840 0.0111809
3860 0.00827142
3880 0.00572152
3900 0.00350283
3920 0.0015693
3940 -6.84344e-05
3960 -0.00148588
3980 -0.00266414
4000 -0.00366235
4020 -0.00448795
4040 -0.00515429
4060 -0.00571136
4080 -0.0061411
4100 -0.00647813
4120 -0.00674186
4140 -0.00693074
4160 -0.00705926
4180 -0.00714252
4200 -0.00718836
4220 -0.00719439
4240 -0.0071732
4260 -0.00713959
4280 -0.00707374
4300 -0.00701135
4320 -0.00692453
4340 -0.00683919
4360 -0.00675649
4380 -0.00665724
4400 -0.00657406
4420 -0.00648997
4440 -0.00641143
4460 -0.00633582
4480 -0.00627804
4500 -0.0062228
4520 -0.00617559
4540 -0.00614546
4560 -0.00611928
4580 -0.00610257
4600 -0.00609794
4620 -0.00608944
4640 -0.00609873
4660 -0.00609838
4680 -0.00610148
4700 -0.00610678
4720 -0.00610966
4740 -0.0061041
4760 -0.00610137
4780 -0.00610044
4800 -0.00608405
4820 -0.00606898
4840 -0.00605084
4860 -0.00601498
4880 -0.00598114
4900 -0.00593358
4920 -0.00588295
4940 -0.00583028
4960 -0.00576523
4980 -0.00569996
5000 -0.00564734
5020 -0.00560552
5040 -0.0055491
5060 -0.0054955
5080 -0.00545318
5100 -0.00540502
5120 -0.00536728
5140 -0.00531576
5160 -0.00529105
5180 -0.0052701
5200 -0.00523871
5220 -0.00523723
5240 -0.00522806
5260 -0.00523694
5280 -0.0052498
5300 -0.00527271
5320 -0.00531303
5340 -0.00533898
5360 -0.00539278
5380 -0.00544745
5400 -0.00550059
5420 -0.0055695
5440 -0.00562621
5460 -0.00570247
5480 -0.00578017
5500 -0.00585072
5520 -0.00593661
5540 -0.00601526
5560 -0.00611468
5580 -0.00620388
5600 -0.00628901
5620 -0.00639462
5640 -0.00648395
5660 -0.00657693
5680 -0.0066701
5700 -0.00675984
5720 -0.00685011
5740 -0.00693216
5760 -0.00702493
5780 -0.00710706
5800 -0.00717989
5820 -0.00726146
5840 -0.00732462
5860 -0.00739888
5880 -0.00746366
5900 -0.00751475
5920 -0.00757717
5940 -0.00762681
5960 -0.00768326
5980 -0.00771747
6000 -0.00775508
6020 -0.00780012
6040 -0.00783413
6060 -0.0078598
6080 -0.00788857
6100 -0.0079184
6120 -0.00792836
6140 -0.0079604
6160 -0.00796903
6180 -0.00799129
6200 -0.00800231
6220 -0.00800647
6240 -0.00802831
6260 -0.00802851
6280 -0.00804598
6300 -0.00804103
6320 -0.00804738
6340 -0.00806508
6360 -0.00805985
6380 -0.00806055
6400 -0.00806721
6420 -0.00807217
6440 -0.0080733
6460 -0.00807372
6480 -0.00807295
6500 -0.0080857
6520 -0.00807263
6540 -0.00808427
6560 -0.00808673
6580 -0.00808352
6600 -0.00809089
6620 -0.00808862
6640 -0.00809356
6660 -0.00810273
6680 -0.00810559
6700 -0.00810397
6720 -0.0081142
6740 -0.00812465
6760 -0.00813635
6780 -0.00813814
6800 -0.00814914
6820 -0.00817213
6840 -0.00817225
6860 -0.00819543
6880 -0.00820563
6900 -0.00821323
6920 -0.00822763
6940 -0.00822092
6960 -0.00821643
6980 -0.00820508
7000 -0.00816079
7020 -0.00810577
7040 -0.00801567
7060 -0.00791384
7080 -0.00777469
7100 -0.00758348
7120 -0.00737049
7140 -0.00713414
7160 -0.00686355
7180 -0.00657067
7200 -0.00627923
7220 -0.00596724
7240 -0.00568758
7260 -0.00540145
7280 -0.00514572
7300 -0.00491088
7320 -0.00468242
7340 -0.00449008
7360 -0.00427939
7380 -0.00410049
7400 -0.00394078
7420 -0.00377164
7440 -0.00361779
7460 -0.00349535
7480 -0.00339546
7500 -0.00330872
7520 -0.00324614
7540 -0.00317586
7560 -0.00312641
7580 -0.00306214
7600 -0.00299424
7620 -0.00292271
7640 -0.00284142
7660 -0.00276598
7680 -0.00268114
7700 -0.00257339
7720 -0.00248072
7740 -0.00235786
7760 -0.00220937
7780 -0.00203968
7800 -0.00186067
7820 -0.00167382
7840 -0.00148744
7860 -0.00128975
7880 -0.00107281
7900 -0.000866069
7920 -0.000629397
7940 -0.00040465
7960 -0.000166985
7980 6.72201e-05
8000 0.000283344
8020 0.000517713
8040 0.000763947
8060 0.000996923
8080 0.00124348
8100 0.00148729
8120 0.00172104
8140 0.00196595
8160 0.00219234
8180 0.00240297
8200 0.00261932
8220 0.00283087
8240 0.0030275
8260 0.00320973
8280 0.00337797
8300 0.00354736
8320 0.00371237
8340 0.00385065
8360 0.00400528
8380 0.00413092
8400 0.00425126
8420 0.00436389
8440 0.0044594
8460 0.00453642
8480 0.00462864
8500 0.0047178
8520 0.00477407
8540 0.00484116
8560 0.00489252
8580 0.00494491
8600 0.00499657
8620 0.00502247
8640 0.0050563
8660 0.0050861
8680 0.00510934
8700 0.00515203
8720 0.00516184
8740 0.00517327
8760 0.0051837
8780 0.00521074
8800 0.00520263
8820 0.00522438
8840 0.00523954
8860 0.0052345
8880 0.00524728
8900 0.00524614
8920 0.00523977
8940 0.00525023
8960 0.00526811
8980 0.00526487
9000 0.00526443
9020 0.00525401
9040 0.00525829
9060 0.00526571
9080 0.00527224
9100 0.00526186
9120 0.00527075
9140 0.00526637
9160 0.00527313
9180 0.00528133
9200 0.00526282
9220 0.00525494
9240 0.00527232
9260 0.00528491
9280 0.00528466
9300 0.00529107
9320 0.00528147
9340 0.00527024
9360 0.00529593
9380 0.00530393
9400 0.00530202
9420 0.00531915
9440 0.00533422
9460 0.00535675
9480 0.00537387
9500 0.00539385
9520 0.00539986
9540 0.00543604
9560 0.00548399
9580 0.00553478
9600 0.00558694
9620 0.0056357
9640 0.00570037
9660 0.0057805
9680 0.00585338
9700 0.00593159
9720 0.00601424
9740 0.00611068
9760 0.00623421
9780 0.00636983
9800 0.00650582
9820 0.00662557
9840 0.00678132
9860 0.0069391
9880 0.00710448
9900 0.00729119
9920 0.00747208
9940 0.00767139
9960 0.00789878
9980 0.00815332
10000 0.008354
10020 0.00855817
10040 0.00877677
10060 0.0089993
10080 0.00922114
10100 0.0094588
10120 0.00970619
10140 0.00994817
10160 0.0101938
10180 0.0104491
10200 0.0107115
10220 0.0109862
10240 0.0112713
10260 0.0115579
10280 0.0118397
10300 0.0121092
10320 0.0123705
10340 0.0126343
10360 0.0128894
10380 0.0131206
10400 0.0133266
10420 0.0135053
10440 0.0136628
10460 0.0138083
10480 0.0139359
10500 0.014046
10520 0.0141393
10540 0.0142046
10560 0.014253
10580 0.0142988
10600 0.0143346
10620 0.0143664
10640 0.0143975
10660 0.0144174
10680 0.0144279
10700 0.0144265
10720 0.0144213
10740 0.0144352
10760 0.0144519
10780 0.0144553
10800 0.014461
10820 0.0144624
10840 0.014453
10860 0.0144487
10880 0.0144538
10900 0.0144672
10920 0.0144798
10940 0.0144844
10960 0.0144932
10980 0.0144979
11000 0.0144887
11020 0.0144943
11040 0.0145246
11060 0.0145545
11080 0.014577
11100 0.0146029
11120 0.0146309
11140 0.014654
11160 0.0146837
11180 0.0147345
11200 0.0148034
11220 0.0148838
11240 0.0149708
11260 0.015065
11280 0.0151684
11300 0.0152755
11320 0.0154038
11340 0.0155744
11360 0.0157721
11380 0.0159941
11400 0.0162513
11420 0.0165362
11440 0.0168484
11460 0.017184
11480 0.0175534
11500 0.017992
11520 0.0184896
11540 0.0190346
11560 0.0196572
11580 0.0203459
11600 0.0210801
11620 0.0218749
11640 0.0227334
11660 0.0236623
11680 0.024675
11700 0.025774
11720 0.0269762
11740 0.0282797
11760 0.0296642
11780 0.0311344
11800 0.0326898
11820 0.0343145
11840 0.036002
11860 0.0377585
11880 0.0395992
11900 0.0415214
11920 0.0435129
11940 0.0455804
11960 0.0477252
11980 0.049926
12000 0.0521511
12020 0.054386
12040 0.05663
12060 0.0588509
12080 0.0610238
12100 0.0631611
12120 0.0652516
12140 0.0672836
12160 0.0692618
12180 0.0711719
12200 0.0730167
12220 0.0747914
12240 0.0764603
12260 0.0780234
12280 0.0794715
12300 0.0807581
12320 0.0818694
12340 0.0827943
12360 0.0835032
12380 0.0839786
12400 0.084202
12420 0.0841689
12440 0.08388
12460 0.0833162
12480 0.082479
12500 0.0813872
12520 0.0800448
12540 0.0784569
12560 0.0766392
12580 0.0746167
12600 0.0724112
12620 0.0700358
12640 0.0675141
12660 0.0648733
12680 0.0621393
12700 0.0593327
12720 0.0564685
12740 0.0535824
12760 0.0506976
12780 0.0478168
12800 0.0449756
12820 0.042196
12840 0.0394733
12860 0.0368355
12880 0.0342972
12900 0.0318564
12920 0.0295326
12940 0.0273225
12960 0.0252277
12980 0.0232723
13000 0.0214407
13020 0.0197216
13040 0.0181377
13060 0.0166842
13080 0.015344
13100 0.0141175
13120 0.0130039
13140 0.012
13160 0.0110972
13180 0.0102821
13200 0.00955235
13220 0.00891045
13240 0.00834247
13260 0.00783268
13280 0.00738836
13300 0.00700656
13320 0.00666614
13340 0.00636792
13360 0.00611521
13380 0.00589844
13400 0.00571201
13420 0.00554521
13440 0.00540284
13460 0.00529537
13480 0.00519899
13500 0.00510583
13520 0.00503496
13540 0.00498076
13560 0.0049337
13580 0.00489156
13600 0.00485189
13620 0.00482483
13640 0.00480684
13660 0.00478423
13680 0.0047651
13700 0.00475547
13720 0.00474433
13740 0.00472875
13760 0.00472069
13780 0.0047193
13800 0.00470964
13820 0.00469737
13840 0.00469019
13860 0.00468254
13880 0.00467895
13900 0.00466979
13920 0.00465016
13940 0.00464216
13960 0.00463234
13980 0.00460825
14000 0.00459481
14020 0.00457913
14040 0.00454735
14060 0.00451921
14080 0.0044887
14100 0.00445383
14120 0.00442061
14140 0.00437161
14160 0.00431397
14180 0.00426155
14200 0.00419876
14220 0.00412337
14240 0.00404706
14260 0.00396548
14280 0.00386581
14300 0.00375164
14320 0.00363615
14340 0.00351235
14360 0.00337518
14380 0.00322721
14400 0.00305971
14420 0.00288311
14440 0.00269823
14460 0.00248524
14480 0.0022671
14500 0.00205129
14520 0.00180643
14540 0.0015443
14560 0.00127472
14580 0.000984998
14600 0.00068712
14620 0.000377082
14640 5.17191e-05
14660 -0.000268712
14680 -0.000597803
14700 -0.00095029
14720 -0.00130725
14740 -0.00166275
14760 -0.00202648
14780 -0.00239687
14800 -0.00275894
14820 -0.0031067
14840 -0.0034477
14860 -0.00378006
14880 -0.00410322
14900 -0.00441359
14920 -0.00470281
14940 -0.00498828
14960 -0.00526534
14980 -0.00550367
15000 -0.00564703
15020 -0.00577112
15040 -0.0058629
15060 -0.00592029
15080 -0.005943
15100 -0.00592669
15120 -0.00587739
15140 -0.00579396
15160 -0.00566385
15180 -0.00549387
15200 -0.00529834
15220 -0.00506963
15240 -0.00479985
15260 -0.00450021
15280 -0.00417991
15300 -0.00383626
15320 -0.00346852
15340 -0.00308137
15360 -0.00267963
15380 -0.00226928
15400 -0.0018541
15420 -0.00142947
15440 -0.000996875
15460 -0.000571924
15480 -0.000157341
15500 0.000259834
15520 0.000674026
15540 0.0010697
15560 0.00145066
15580 0.00182256
15600 0.00218018
15620 0.00252242
15640 0.00284659
15660 0.00314797
15680 0.00343485
15700 0.0037114
15720 0.00396496
15740 0.00419296
15760 0.00440825
15780 0.00461345
15800 0.00479894
15820 0.00496231
15840 0.00511218
15860 0.005253
15880 0.0053801
15900 0.00549198
15920 0.00559046
15940 0.00567675
15960 0.00575804
15980 0.00583404
16000 0.00589159
16020 0.00593735
16040 0.00598878
16060 0.00603465
16080 0.0060633
16100 0.0060889
16120 0.00611537
16140 0.0061356
16160 0.00615395
16180 0.00616737
16200 0.00617146
16220 0.00617987
16240 0.00619335
16260 0.00619579
16280 0.0061913
16300 0.00619326
16320 0.00619839
16340 0.00619872
16360 0.00619349
16380 0.00618838
16400 0.00618852
16420 0.00618909
16440 0.00618507
16460 0.00617901
16480 0.00617344
16500 0.00617259
16520 0.00617512
16540 0.00616839
16560 0.0061574
16580 0.00615927
16600 0.00616328
16620 0.00615562
16640 0.00614937
16660 0.00614924
16680 0.00614733
16700 0.00614757
16720 0.00614704
16740 0.00613875
16760 0.00613589
16780 0.00614299
16800 0.00614252
16820 0.0061335
16840 0.00613128
16860 0.00613609
16880 0.00613766
16900 0.00613359
16920 0.00612967
16940 0.0061301
16960 0.00613272
16980 0.0061341
17000 0.00613167
17020 0.0061263
17040 0.00612722
17060 0.00613477
17080 0.00613359
17100 0.00612485
17120 0.00612566
17140 0.00613241
17160 0.00613217
17180 0.00612861
17200 0.00612685
17220 0.00612663
17240 0.0061303
17260 0.0061333
17280 0.00612853
17300 0.00612336
17320 0.00612769
17340 0.0061344
17360 0.00613121
17380 0.00612373
17400 0.00612574
17420 0.00613216
17440 0.00613127
17460 0.00612813
17480 0.00612717
17500 0.00612571
17520 0.00612954
17540 0.00613486
17560 0.00612809
17580 0.00612127
17600 0.00612914
17620 0.00613513
17640 0.00612918
17660 0.00612492
17680 0.00612661
17700 0.0061296
17720 0.00613221
17740 0.00613015
17760 0.00612518
17780 0.00612547
17800 0.00613057
17820 0.00613364
17840 0.00612928
17860 0.00612232
17880 0.00612635
17900 0.0061354
17920 0.00613144
17940 0.00612387
17960 0.0061266
17980 0.00612961
18000 0.00613016
18020 0.00613239
18040 0.00612748
18060 0.00612179
18080 0.0061297
18100 0.00613632
18120 0.00612871
18140 0.00612274
18160 0.00612686
18180 0.00613187
18200 0.00613231
18220 0.00612846
18240 0.00612474
18260 0.00612632
18280 0.00613116
18300 0.00613343
18320 0.00612896
18340 0.00612231
18360 0.00612594
18380 0.00613534
18400 0.00613278
18420 0.00612393
18440 0.00612471
18460 0.00612989
18480 0.0061316
18500 0.00613148
18520 0.00612767
18540 0.00612321
18560 0.00612725
18580 0.00613489
18600 0.00613298
18620 0.00612362
18640 0.00612234
18660 0.00613175
18680 0.00613516
18700 0.00612804
18720 0.00612487
18740 0.00612696
18760 0.00612803
18780 0.00613251
18800 0.00613388
18820 0.00612406
18840 0.00612096
18860 0.00613218
18880 0.00613638
18900 0.00612834
18920 0.00612317
18940 0.00612553
18960 0.00613116
18980 0.00613365
19000 0.00612951
19020 0.00612519
19040 0.00612483
19060 0.00612816
19080 0.00613503
19100 0.00613373
19120 0.00612151
19140 0.00612126
19160 0.00613433
19180 0.00613539
19200 0.00612698
19220 0.00612543
19240 0.00612595
19260 0.00612755
19280 0.00613405
19300 0.00613381
19320 0.00612425
19340 0.00612113
19360 0.00612935
19380 0.00613672
19400 0.0061324
19420 0.00612263
19440 0.00612285
19460 0.00613072
19480 0.00613328
19500 0.00613155
19520 0.00612815
19540 0.00612248
19560 0.0061245
19580 0.00613489
19600 0.00613635
19620 0.00612615
19640 0.00612028
19660 0.00612623
19680 0.00613495
19700 0.00613433
19720 0.00612703
19740 0.00612406
19760 0.00612505
19780 0.00612869
19800 0.00613614
19820 0.00613428
19840 0.00612116
19860 0.00612003
19880 0.00613227
19900 0.00613627
19920 0.00613115
19940 0.00612575
19960 0.00612208
19980 0.00612609
20000 0.00613457
20020 0.0061351
20040 0.00612861
20060 0.00612203
20080 0.00612164
20100 0.00613227
20120 0.00613941
20140 0.00612988
20160 0.00612071
20180 0.00612393
20200 0.00612914
20220 0.00613356
20240 0.00613578
20260 0.0061279
20280 0.00611912
20300 0.00612346
20320 0.00613439
20340 0.00613801
20360 0.0061303
20380 0.00612074
20400 0.00612184
20420 0.00613004
20440 0.00613504
20460 0.00613515
20480 0.00612833
20500 0.00611909
20520 0.00612205
20540 0.0061341
20560 0.00613832
20580 0.00613208
20600 0.00612247
20620 0.00611898
20640 0.00612768
20660 0.00613672
20680 0.00613539
20700 0.00612983
20720 0.00612242
20740 0.00611808
20760 0.00612875
20780 0.00614118
20800 0.00613556
20820 0.00612395
20840 0.0061204
20860 0.00612244
20880 0.00613096
20900 0.00613945
20920 0.0061351
20940 0.00612392
20960 0.00611823
20980 0.00612172
21000 0.00613367
21020 0.00614103
21040 0.00613269
21060 0.00612076
21080 0.00611769
21100 0.0061223
21120 0.00613196
21140 0.00613792
21160 0.00613119
21180 0.00611823
21200 0.00611023
21220 0.00611375
21240 0.00612583
21260 0.00612847
21280 0.00611495
21300 0.00609973
21320 0.0060881
21340 0.00608028
21360 0.00608177
21380 0.00607858
21400 0.00605368
21420 0.00601726
21440 0.0059808
21460 0.00594539
21480 0.00591249
21500 0.00586785
21520 0.00579393
21540 0.00569582
21560 0.00557914
21580 0.00544266
21600 0.00529089
21620 0.00511144
21640 0.00487682
21660 0.00457796
21680 0.00421698
21700 0.00379175
21720 0.00329711
21740 0.00271428
21760 0.0020155
21780 0.00117696
21800 0.00017432
21820 -0.0010066
21840 -0.00237129
21860 -0.00394886
21880 -0.00578435
21900 -0.00791635
21920 -0.0103901
21940 -0.0132467
21960 -0.0165104
21980 -0.0202188
22000 -0.0244244
22020 -0.0291789
22040 -0.0345501
22060 -0.0406069
22080 -0.0473899
22100 -0.0549405
22120 -0.0633137
22140 -0.0725582
22160 -0.0827308
22180 -0.0938992
22200 -0.106114
22220 -0.11941
22240 -0.13381
22260 -0.149322
22280 -0.16596
22300 -0.183742
22320 -0.202665
22340 -0.222724
22360 -0.24389
22380 -0.266102
22400 -0.289283
22420 -0.313351
22440 -0.338204
22460 -0.363744
22480 -0.389865
22500 -0.416422
22520 -0.443256
22540 -0.470199
22560 -0.497045
22580 -0.523591
22600 -0.549647
22620 -0.575015
22640 -0.599499
22660 -0.622901
22680 -0.645012
22700 -0.665622
22720 -0.684526
22740 -0.701527
22760 -0.716456
22780 -0.729176
22800 -0.73957
22820 -0.747555
22840 -0.753076
22860 -0.756099
22880 -0.756644
22900 -0.754786
22920 -0.750648
22940 -0.744419
22960 -0.736349
22980 -0.726673
23000 -0.715594
23020 -0.703245
23040 -0.689653
23060 -0.674767
23080 -0.658528
23100 -0.640926
23120 -0.622065
23140 -0.602163
23160 -0.581471
23180 -0.560192
23200 -0.538434
23220 -0.516211
23240 -0.493559
23260 -0.470606
23280 -0.447548
23300 -0.424588
23320 -0.401845
23340 -0.379315
23360 -0.356979
23380 -0.334928
23400 -0.313338
23420 -0.292382
23440 -0.272133
23460 -0.25257
23480 -0.233701
23500 -0.215641
23520 -0.198525
23540 -0.182404
23560 -0.167218
23580 -0.152889
23600 -0.139444
23620 -0.126965
23640 -0.115436
23660 -0.104742
23680 -0.0947938
23700 -0.0855944
23720 -0.0771814
23740 -0.0695176
23760 -0.0624748
23780 -0.0559766
23800 -0.0500602
23820 -0.0447445
23840 -0.0399456
23860 -0.0355581
23880 -0.0315599
23900 -0.0279986
23920 -0.0248606
23940 -0.0220307
23960 -0.0194448
23980 -0.0171565
24000 -0.0151843
24020 -0.0134411
24040 -0.0118528
24060 -0.0104401
24080 -0.0092463
24100 -0.0082297
24120 -0.00729951
24140 -0.00645753
24160 -0.00577027
24180 -0.00520865
24200 -0.00468508
24220 -0.00420481
24240 -0.00382639
24260 -0.00353452
24280 -0.00325991
24300 -0.0029912
24320 -0.00278791
24340 -0.00265856
24360 -0.00252565
24380 -0.00237338
24400 -0.00227666
24420 -0.00223554
24440 -0.00217338
24460 -0.00209467
24480 -0.00206238
24500 -0.00206561
24520 -0.00204545
24540 -0.00200796
24560 -0.00201195
24580 -0.00205052
24600 -0.00205593
24620 -0.00204181
24640 -0.0020797
24660 -0.00213975
24680 -0.00215615
24700 -0.0021751
24720 -0.0022476
24740 -0.00231818
24760 -0.0023511
24780 -0.00240272
24800 -0.00250048
24820 -0.00259041
24840 -0.00264879
24860 -0.00273295
24880 -0.00286062
24900 -0.00296513
24920 -0.00304405
24940 -0.00317244
24960 -0.00333026
24980 -0.00344616
25000 -0.00356257
25020 -0.00373211
25040 -0.00389684
25060 -0.00402837
25080 -0.00418848
25100 -0.0043853
25120 -0.00456
25140 -0.00471618
25160 -0.00490696
25180 -0.00511509
25200 -0.00528645
25220 -0.00545406
25240 -0.00566927
25260 -0.0058774
25280 -0.00603996
25300 -0.00622835
25320 -0.00645054
25340 -0.00662598
25360 -0.00677715
25380 -0.00696993
25400 -0.00715438
25420 -0.00729123
25440 -0.00744344
25460 -0.00762202
25480 -0.00776496
25500 -0.00788313
25520 -0.00803018
25540 -0.00817722
25560 -0.00827557
25580 -0.00836524
25600 -0.0084822
25620 -0.00856992
25640 -0.00861045
25660 -0.00867014
25680 -0.00873619
25700 -0.00874593
25720 -0.00874827
25740 -0.00878611
25760 -0.00878895
25780 -0.00875229
25800 -0.00875108
25820 -0.00875709
25840 -0.00872041
25860 -0.0086958
25880 -0.00870342
25900 -0.00868688
25920 -0.00865895
25940 -0.00867004
25960 -0.00869203
25980 -0.00869257
26000 -0.00871016
26020 -0.00876065
26040 -0.00880193
26060 -0.00883912
26080 -0.00891683
26100 -0.00900819
26120 -0.00907564
26140 -0.00916393
26160 -0.00928454
26180 -0.00938154
26200 -0.00947722
26220 -0.00961645
26240 -0.00974463
26260 -0.00984383
26280 -0.00997272
26300 -0.0101036
26320 -0.0101898
26340 -0.0102852
26360 -0.0104003
26380 -0.0104769
26400 -0.01054
26420 -0.010626
26440 -0.0106848
26460 -0.0107048
26480 -0.01073
26500 -0.0107382
26520 -0.010694
26540 -0.0106294
26560 -0.010556
26580 -0.0104359
26600 -0.0102747
26620 -0.0101066
26640 -0.00991105
26660 -0.00966604
26680 -0.00940801
26700 -0.00914509
26720 -0.00883877
26740 -0.00850951
26760 -0.00819263
26780 -0.00785007
26800 -0.00747654
26820 -0.00712351
26840 -0.0067682
26860 -0.00637985
26880 -0.00601114
26900 -0.00566287
26920 -0.00528672
26940 -0.00492288
26960 -0.00459659
26980 -0.00425401
27000 -0.00391338
27020 -0.00361868
27040 -0.00332344
27060 -0.00302066
27080 -0.00276241
27100 -0.00252004
27120 -0.00226509
27140 -0.00204484
27160 -0.00185345
27180 -0.0016508
27200 -0.00146849
27220 -0.00132108
27240 -0.00116942
27260 -0.00102416
27280 -0.000911777
27300 -0.000804807
27320 -0.000694706
27340 -0.000608971
27360 -0.000537429
27380 -0.000459204
27400 -0.00039352
27420 -0.000347432
27440 -0.000296561
27460 -0.000246174
27480 -0.00021646
27500 -0.000187801
27520 -0.000149565
27540 -0.000128719
27560 -0.000117028
27580 -8.92602e-05
27600 -7.16303e-05
27620 -7.16264e-05
27640 -5.38138e-05
27660 -3.59317e-05
27680 -4.228e-05
27700 -3.43224e-05
27720 -1.51068e-05
27740 -2.2822e-05
27760 -2.40772e-05
27780 -4.44827e-06
27800 -9.67517e-06
27820 -1.84653e-05
27840 -3.2721e-07
27860 -9.05439e-07
27880 -1.47958e-05
27900 2.86114e-08
27920 4.67721e-06
27940 -1.1779e-05
27960 -1.50649e-06
27980 7.94771e-06
28000 -8.83876e-06
28020 -3.83152e-06
28040 9.46757e-06
28060 -5.67993e-06
28080 -6.24e-06
28100 9.47038e-06
28120 -2.26561e-06
28140 -8.10496e-06
28160 8.09815e-06
28180 1.08372e-06
28200 -8.91007e-06
28220 5.71476e-06
28240 3.82773e-06
28260 -8.49786e-06
28280 2.94706e-06
28300 5.56807e-06
28320 -7.15095e-06
28340 3.99982e-07
28360 6.28633e-06
28380 -5.34153e-06
28400 -1.62818e-06
28420 6.22516e-06
28440 -3.39883e-06
28460 -3.11959e-06
28480 5.58833e-06
28500 -1.43916e-06
28520 -4.07495e-06
28540 4.42438e-06
28560 4.26297e-07
28580 -4.36485e-06
28600 2.80027e-06
28620 1.92373e-06
28640 -3.87451e-06
28660 9.99015e-07
28680 2.73272e-06
28700 -2.73744e-06
28720 -5.48346e-07
28740 2.75372e-06
28760 -1.337e-06
28780 -1.54271e-06
28800 2.1941e-06
28820 -4.62395e-08
28840 -1.98365e-06
28860 1.36071e-06
28880 9.98227e-07
28900 -2.03497e-06
28920 4.04972e-07
28940 1.83823e-06
28960 -1.76912e-06
28980 -6.85183e-07
29000 2.4548e-06
29020 -1.10727e-06
29040 -1.86829e-06
29060 2.66625e-06
29080 -1.35424e-08
29100 -2.90747e-06
29120 2.29594e-06
29140 1.32155e-06
29160 -3.50073e-06
29180 1.39508e-06
29200 2.55775e-06
29220 -3.53153e-06
29240 2.34315e-07
29260 3.46175e-06
29280 -3.13369e-06
29300 -9.33544e-07
29320 4.03843e-06
29340 -2.49565e-06
29360 -2.05409e-06
29380 4.38897e-06
29400 -1.65032e-06
29420 -3.18581e-06
29440 4.48767e-06
29460 -5.0744e-07
29480 -4.27445e-06
29500 4.16434e-06
29520 9.25077e-07
29540 -5.08554e-06
29560 3.31355e-06
29580 2.42226e-06
29600 -5.38935e-06
29620 2.0638e-06
29640 3.68662e-06
29660 -5.17204e-06
29680 6.88888e-07
29700 4.58495e-06
29720 -4.6124e-06
29740 -6.33289e-07
29760 5.19049e-06
29780 -3.85651e-06
29800 -1.92024e-06
29820 5.58829e-06
29840 -2.87314e-06
29860 -3.22894e-06
29880 5.69686e-06
29900 -1.56703e-06
29920 -4.45242e-06
29940 5.33527e-06
29960 0
