-20 0
0 -9.19531e-15
20 -9.61069e-15
40 1.42949e-15
60 1.92281e-15
80 -1.34191e-14
100 -2.41487e-14
120 -1.95369e-14
140 -2.42103e-14
160 -1.34459e-14
180 -2.90337e-14
200 -4.04247e-15
220 4.16345e-16
240 -3.68318e-15
260 9.06428e-15
280 -7.58881e-15
300 5.96092e-15
320 2.17682e-14
340 -4.97349e-15
360 -3.04299e-16
380 1.24585e-14
400 -1.08218e-14
420 7.56051e-15
440 1.72195e-14
460 1.47379e-14
480 3.92002e-14
500 4.84644e-14
520 4.29938e-14
540 6.32688e-14
560 4.41221e-14
580 5.8878e-14
600 6.0321e-14
620 4.44103e-14
640 6.92601e-14
660 4.20727e-14
680 5.19719e-14
700 3.99475e-14
720 4.50418e-14
740 2.90398e-14
760 -3.60144e-15
780 8.82149e-15
800 1.28093e-14
820 2.26913e-14
840 2.72831e-14
860 1.9161e-14
880 1.72555e-14
900 1.59357e-14
920 1.47742e-14
940 2.73686e-14
960 2.70843e-14
980 2.74063e-14
1000 2.75719e-14
1020 1.36687e-14
1040 2.44254e-14
1060 2.90339e-14
1080 9.11407e-15
1100 1.75788e-14
1120 3.61142e-14
1140 3.96934e-14
1160 4.97946e-14
1180 5.11997e-14
1200 5.22313e-14
1220 4.44487e-14
1240 2.89819e-14
1260 2.73596e-14
1280 -9.76596e-15
1300 -2.97463e-16
1320 1.10884e-15
1340 8.61224e-15
1360 -3.4347e-15
1380 9.58586e-16
1400 9.84007e-15
1420 -4.09754e-15
1440 -9.41446e-15
1460 -1.13925e-15
1480 -9.5803e-16
1500 1.08383e-15
1520 -1.66316e-14
1540 1.97197e-15
1560 1.33262e-14
1580 -5.61383e-16
1600 1.62571e-14
1620 3.08675e-15
1640 2.40651e-14
1660 1.16564e-14
1680 3.83246e-14
1700 1.20823e-14
1720 1.06468e-14
1740 1.13464e-14
1760 -3.19035e-15
1780 3.09098e-14
1800 7.57961e-15
1820 1.48315e-14
1840 1.16172e-14
1860 -8.02498e-15
1880 1.47653e-14
1900 -1.0541e-15
1920 1.28976e-14
1940 -8.67473e-15
1960 -1.41412e-14
1980 -2.69125e-14
2000 -2.42324e-14
2020 -4.36928e-14
2040 -7.48897e-14
2060 -7.00761e-14
2080 -3.98563e-14
2100 -6.25574e-14
2120 -6.16359e-14
2140 -2.95157e-14
2160 -2.47309e-14
2180 -5.12244e-14
2200 -4.6438e-14
2220 -2.3432e-14
2240 -2.6347e-14
2260 -2.99207e-14
2280 -2.24478e-14
2300 -1.26091e-14
2320 -4.12489e-14
2340 -6.0616e-14
2360 -5.92504e-14
2380 -4.40046e-14
2400 -7.64445e-14
2420 -6.85064e-14
2440 -6.46652e-14
2460 -4.7715e-14
2480 -5.24174e-14
2500 -6.47937e-14
2520 -5.45072e-14
2540 -4.98708e-14
2560 -5.25141e-14
2580 -4.48056e-14
2600 -4.9293e-14
2620 -5.58533e-14
2640 -7.25742e-14
2660 -7.44453e-14
2680 -6.33408e-14
2700 -7.25547e-14
2720 -3.63382e-14
2740 -8.90466e-14
2760 -1.21679e-13
2780 -1.38367e-13
2800 -4.17361e-14
2820 1.12488e-13
2840 -1.25844e-14
2860 -4.20624e-13
2880 -5.57073e-13
2900 1.62509e-13
2920 1.12084e-12
2940 5.8371e-13
2960 -2.04489e-12
2980 -3.48944e-12
3000 1.00126e-12
3020 8.81041e-12
3040 5.98883e-12
3060 -1.61852e-11
3080 -3.25947e-11
3100 9.63487e-12
3120 1.0634e-10
3140 1.00489e-10
3160 -2.10844e-10
3180 -6.3843e-10
3200 -2.41888e-10
3220 1.89713e-09
3240 4.18954e-09
3260 5.35947e-10
3280 -1.51817e-08
3300 -3.31757e-08
3320 -9.79089e-09
3340 1.15358e-07
3360 3.13878e-07
3380 2.75523e-07
3400 -6.82345e-07
3420 -3.10481e-06
3440 -5.61029e-06
3460 -1.71165e-06
3480 2.2522e-05
3500 8.24328e-05
3520 0.000163837
3540 0.000138509
3560 -0.000415073
3580 -0.00253445
3600 -0.0083834
3620 -0.0219697
3640 -0.0500432
3660 -0.103077
3680 -0.196158
3700 -0.349539
3720 -0.588567
3740 -0.942733
3760 -1.44365
3780 -2.12196
3800 -3.00337
3820 -4.10419
3840 -5.42704
3860 -6.95737
3880 -8.66145
3900 -10.4864
3920 -12.3625
3940 -14.2077
3960 -15.9339
3980 -17.4542
4000 -18.6904
4020 -19.5799
4040 -20.0807
4060 -20.1743
4080 -19.867
4100 -19.1874
4120 -18.1832
4140 -16.9163
4160 -15.4566
4180 -13.8764
4200 -12.2451
4220 -10.6252
4240 -9.06873
4260 -7.61619
4280 -6.29572
4300 -5.12388
4320 -4.10695
4340 -3.24283
4360 -2.52304
4380 -1.93475
4400 -1.4626
4420 -1.09025
4440 -0.801532
4460 -0.581291
4480 -0.415942
4500 -0.29371
4520 -0.204706
4540 -0.140846
4560 -0.0956824
4580 -0.0641897
4600 -0.0425316
4620 -0.0278379
4640 -0.0180012
4660 -0.0115019
4680 -0.00726274
4700 -0.00453262
4720 -0.00279623
4740 -0.00170539
4760 -0.00102838
4780 -0.000613221
4800 -0.000361625
4820 -0.000210923
4840 -0.000121691
4860 -6.9452e-05
4880 -3.92096e-05
4900 -2.18886e-05
4920 -1.20636e-05
4940 -6.52584e-06
4960 -3.39057e-06
4980 -1.54663e-06
5000 -2.22299e-07
5020 9.81789e-07
5040 2.50313e-06
5060 4.86315e-06
5080 8.8221e-06
5100 1.55882e-05
5120 2.71276e-05
5140 4.66383e-05
5160 7.92745e-05
5180 0.000133244
5200 0.000221447
5220 0.000363879
5240 0.000591099
5260 0.000949129
5280 0.00150625
5300 0.00236221
5320 0.00366042
5340 0.00560364
5360 0.00847372
5380 0.0126554
5400 0.0186642
5420 0.0271769
5440 0.0390641
5460 0.0554197
5480 0.0775854
5500 0.107162
5520 0.146005
5540 0.196183
5560 0.259916
5580 0.339458
5600 0.436933
5620 0.554134
5640 0.692264
5660 0.851666
5680 1.03153
5700 1.22965
5720 1.44221
5740 1.66371
5760 1.88701
5780 2.10357
5800 2.30384
5820 2.47784
5840 2.61593
5860 2.70955
5880 2.75208
5900 2.73951
5920 2.67099
5940 2.54901
5960 2.37936
5980 2.17071
6000 1.93384
6020 1.68077
6040 1.42366
6060 1.17384
6080 0.940885
6100 0.732049
6120 0.551913
6140 0.402403
6160 0.283068
6180 0.191576
6200 0.124316
6220 0.0770195
6240 0.0453089
6260 0.0251249
6280 0.0129991
6300 0.00617896
6320 0.00262989
6340 0.000952924
6360 0.000257072
6380 2.13642e-05
6400 -2.95804e-05
6420 -2.36967e-05
6440 -1.01675e-05
6460 -2.04094e-06
6480 7.28996e-07
6500 8.84179e-07
6520 3.94399e-07
6540 4.70122e-08
6560 -6.0562e-08
6580 -4.63787e-08
6600 -1.2337e-08
6620 4.28182e-09
6640 5.39952e-09
6660 1.80588e-09
6680 -4.55725e-10
6700 -7.08804e-10
6720 -2.24924e-10
6740 9.00639e-11
6760 1.06028e-10
6780 2.08831e-11
6800 -2.32744e-11
6820 -1.62988e-11
6840 1.20123e-12
6860 6.31481e-12
6880 2.25957e-12
6900 -1.37482e-12
6920 -1.31614e-12
6940 1.85873e-13
6960 8.22697e-13
6980 4.6869e-13
7000 2.66082e-14
7020 1.36028e-15
7040 1.92737e-13
7060 3.00782e-13
7080 2.60784e-13
7100 1.91913e-13
7120 1.80653e-13
7140 1.98854e-13
7160 2.35873e-13
7180 2.35932e-13
7200 2.30298e-13
7220 2.3268e-13
7240 2.15751e-13
7260 2.15388e-13
7280 2.24613e-13
7300 2.1972e-13
7320 2.0872e-13
7340 1.95399e-13
7360 1.93467e-13
7380 1.85318e-13
7400 2.05929e-13
7420 1.94567e-13
7440 1.85876e-13
7460 1.80877e-13
7480 1.86498e-13
7500 1.72548e-13
7520 1.78206e-13
7540 1.77412e-13
7560 1.90546e-13
7580 1.77746e-13
7600 1.87951e-13
7620 1.76162e-13
7640 1.7597e-13
7660 1.89605e-13
7680 1.83742e-13
7700 1.84682e-13
7720 1.78844e-13
7740 1.78306e-13
7760 1.76918e-13
7780 1.86483e-13
7800 1.72884e-13
7820 1.88104e-13
7840 1.82409e-13
7860 2.02311e-13
7880 2.18251e-13
7900 1.99799e-13
7920 2.0554e-13
7940 2.00996e-13
7960 1.94753e-13
7980 1.97143e-13
8000 1.89818e-13
8020 1.92982e-13
8040 1.92577e-13
8060 1.81925e-13
8080 1.88149e-13
8100 1.77082e-13
8120 1.75309e-13
8140 1.71951e-13
8160 1.78631e-13
8180 1.58973e-13
8200 1.64371e-13
8220 1.57698e-13
8240 1.57955e-13
8260 1.69853e-13
8280 1.70677e-13
8300 1.86143e-13
8320 1.87509e-13
8340 1.77546e-13
8360 1.63295e-13
8380 1.68686e-13
8400 1.56883e-13
8420 1.68168e-13
8440 1.70681e-13
8460 1.62903e-13
8480 1.5656e-13
8500 1.61807e-13
8520 1.72274e-13
8540 1.77592e-13
8560 1.75846e-13
8580 1.89163e-13
8600 1.9853e-13
8620 1.90684e-13
8640 1.88805e-13
8660 1.94395e-13
8680 1.89491e-13
8700 1.87541e-13
8720 1.86463e-13
8740 1.96849e-13
8760 1.86947e-13
8780 1.85571e-13
8800 1.82781e-13
8820 1.91789e-13
8840 1.62819e-13
8860 1.74115e-13
8880 1.55931e-13
8900 1.55916e-13
8920 1.484e-13
8940 1.44043e-13
8960 1.43429e-13
8980 1.64984e-13
9000 1.53226e-13
9020 1.35227e-13
9040 1.48056e-13
9060 1.2599e-13
9080 1.24824e-13
9100 1.29537e-13
9120 1.26874e-13
9140 1.36864e-13
9160 1.28303e-13
9180 1.22938e-13
9200 1.19762e-13
9220 1.33083e-13
9240 1.2679e-13
9260 1.26919e-13
9280 1.36975e-13
9300 1.25963e-13
9320 1.20258e-13
9340 1.21108e-13
9360 1.12973e-13
9380 1.22579e-13
9400 1.22949e-13
9420 1.30078e-13
9440 1.17022e-13
9460 1.12933e-13
9480 1.07833e-13
9500 1.05611e-13
9520 9.07179e-14
9540 9.37269e-14
9560 9.88676e-14
9580 9.4669e-14
9600 8.40982e-14
9620 9.57654e-14
9640 8.08769e-14
9660 8.54915e-14
9680 1.01027e-13
9700 8.83438e-14
9720 1.11897e-13
9740 1.05396e-13
9760 1.06408e-13
9780 1.14945e-13
9800 1.08291e-13
9820 1.18176e-13
9840 1.04093e-13
9860 1.02372e-13
9880 1.05067e-13
9900 9.76574e-14
9920 8.58161e-14
9940 8.77862e-14
9960 8.66124e-14
9980 8.81965e-14
10000 1.03354e-13
10020 1.01169e-13
10040 8.81328e-14
10060 1.01515e-13
10080 9.86985e-14
10100 9.0848e-14
10120 8.57703e-14
10140 8.62899e-14
10160 9.68092e-14
10180 8.02683e-14
10200 7.45588e-14
10220 8.69166e-14
10240 9.56576e-14
10260 7.9133e-14
10280 8.09862e-14
10300 9.82014e-14
10320 9.14552e-14
10340 8.06704e-14
10360 8.72567e-14
10380 8.50256e-14
10400 8.94497e-14
10420 8.12191e-14
10440 1.02161e-13
10460 1.1452e-13
10480 1.03801e-13
10500 1.20358e-13
10520 1.06957e-13
10540 1.14325e-13
10560 9.99904e-14
10580 1.06049e-13
10600 9.97387e-14
10620 1.11068e-13
10640 1.00071e-13
10660 1.10716e-13
10680 1.07343e-13
10700 1.09648e-13
10720 1.06635e-13
10740 1.17292e-13
10760 1.23413e-13
10780 1.07661e-13
10800 1.11532e-13
10820 1.15908e-13
10840 1.05318e-13
10860 1.01287e-13
10880 1.13752e-13
10900 1.17136e-13
10920 1.15795e-13
10940 1.23292e-13
10960 1.17657e-13
10980 1.21066e-13
11000 1.26432e-13
11020 1.11904e-13
11040 1.28626e-13
11060 1.26909e-13
11080 1.22525e-13
11100 1.07628e-13
11120 1.09602e-13
11140 1.12476e-13
11160 1.11199e-13
11180 8.9572e-14
11200 1.0579e-13
11220 1.04922e-13
11240 1.05497e-13
11260 1.00523e-13
11280 8.86762e-14
11300 8.091e-14
11320 7.52257e-14
11340 7.95958e-14
11360 8.61295e-14
11380 8.36988e-14
11400 7.89696e-14
11420 6.30644e-14
11440 5.89825e-14
11460 7.56497e-14
11480 6.76563e-14
11500 7.55034e-14
11520 5.95412e-14
11540 5.99203e-14
11560 5.34622e-14
11580 4.71083e-14
11600 4.21833e-14
11620 3.20392e-14
11640 4.94035e-14
11660 5.4615e-14
11680 5.87627e-14
11700 4.66851e-14
11720 6.05939e-14
11740 6.21697e-14
11760 6.43418e-14
11780 4.07538e-14
11800 2.67974e-14
11820 2.26941e-14
11840 3.31675e-14
11860 2.3459e-14
11880 2.47682e-14
11900 4.22867e-14
11920 5.57761e-14
11940 4.17663e-14
11960 2.42992e-14
11980 3.09137e-14
12000 3.8762e-14
12020 2.29112e-14
12040 2.73018e-14
12060 3.13705e-14
12080 4.35343e-14
12100 4.8948e-14
12120 4.58551e-14
12140 3.66881e-14
12160 4.09759e-14
12180 6.06395e-14
12200 3.6218e-14
12220 3.50739e-14
12240 2.3633e-14
12260 2.75769e-14
12280 4.20573e-14
12300 3.58682e-14
12320 2.65013e-14
12340 4.86275e-14
12360 4.88212e-14
12380 3.73904e-14
12400 2.21929e-14
12420 3.12528e-14
12440 2.84452e-14
12460 2.17803e-14
12480 -7.06997e-15
12500 1.65408e-14
12520 2.76752e-14
12540 3.80206e-14
12560 2.43251e-14
12580 2.23435e-14
12600 3.08738e-14
12620 2.93923e-14
12640 4.33895e-14
12660 3.38259e-14
12680 2.50531e-14
12700 3.69055e-14
12720 2.63955e-14
12740 2.58239e-14
12760 1.66797e-14
12780 2.80757e-14
12800 3.27913e-14
12820 3.29301e-14
12840 2.61371e-14
12860 2.53147e-14
12880 3.59668e-14
12900 5.13791e-14
12920 5.9281e-14
12940 5.02469e-14
12960 4.81394e-14
12980 4.50755e-14
13000 6.57672e-14
13020 4.22879e-14
13040 3.57084e-14
13060 3.32404e-14
13080 4.28065e-14
13100 4.87862e-14
13120 4.59129e-14
13140 4.80013e-14
13160 3.85103e-14
13180 2.9503e-14
13200 4.35557e-14
13220 4.3955e-14
13240 3.41568e-14
13260 2.43891e-14
13280 1.5642e-14
13300 2.10011e-14
13320 1.67865e-14
13340 4.87188e-15
13360 -2.80838e-14
13380 -9.99853e-15
13400 1.72762e-14
13420 2.33056e-14
13440 -4.48028e-15
13460 1.11698e-16
13480 7.017e-15
13500 2.17421e-14
13520 9.69219e-15
13540 2.39901e-15
13560 2.55837e-14
13580 2.11164e-14
13600 2.84956e-14
13620 3.61115e-14
13640 2.5812e-14
13660 3.42976e-14
13680 3.08982e-14
13700 2.61765e-14
13720 2.0638e-14
13740 3.24933e-14
13760 1.95409e-14
13780 -2.18593e-16
13800 -1.37632e-14
13820 -4.37844e-15
13840 2.73987e-14
13860 3.26818e-14
13880 1.77423e-14
13900 -5.91137e-15
13920 -5.23184e-14
13940 -5.39349e-14
13960 -5.21567e-15
13980 4.29878e-14
14000 9.41892e-14
14020 1.65934e-14
14040 -1.17923e-13
14060 -2.45222e-13
14080 -2.53912e-13
14100 -4.87574e-14
14120 3.03547e-13
14140 5.13719e-13
14160 2.80211e-13
14180 -4.45892e-13
14200 -1.23679e-12
14220 -1.16666e-12
14240 4.91826e-13
14260 3.61969e-12
14280 8.0418e-12
14300 2.04437e-11
14320 7.98935e-11
14340 3.39288e-10
14360 1.33108e-09
14380 4.85235e-09
14400 1.68643e-08
14420 5.64778e-08
14440 1.81834e-07
14460 5.59106e-07
14480 1.6332e-06
14500 4.52145e-06
14520 1.18645e-05
14540 2.9558e-05
14560 7.00852e-05
14580 0.000158604
14600 0.00034353
14620 0.000714092
14640 0.00142817
14660 0.00275455
14680 0.00513434
14700 0.00926646
14720 0.0162216
14740 0.027587
14760 0.0456425
14780 0.0735613
14800 0.115627
14820 0.177444
14840 0.266128
14860 0.390422
14880 0.560734
14900 0.789022
14920 1.08853
14940 1.4733
14960 1.95753
14980 2.55468
15000 3.27646
15020 4.1317
15040 5.12514
15060 6.25638
15080 7.51897
15100 8.8997
15120 10.3784
15140 11.9281
15160 13.5156
15180 15.1026
15200 16.6475
15220 18.1069
15240 19.4377
15260 20.5998
15280 21.5574
15300 22.2814
15320 22.7506
15340 22.9528
15360 22.8851
15380 22.5543
15400 21.9754
15420 21.1715
15440 20.1717
15460 19.0099
15480 17.7225
15500 16.3473
15520 14.9209
15540 13.4784
15560 12.051
15580 10.6662
15600 9.34647
15620 8.10936
15640 6.96746
15660 5.92868
15680 4.9967
15700 4.1715
15720 3.45007
15740 2.82703
15760 2.2953
15780 1.84669
15800 1.47241
15820 1.16354
15840 0.911358
15860 0.70759
15880 0.54462
15900 0.415582
15920 0.314414
15940 0.235863
15960 0.175452
15980 0.129428
16000 0.0946881
16020 0.0687049
16040 0.0494459
16060 0.035298
16080 0.0249961
16100 0.0175598
16120 0.0122381
16140 0.00846224
16160 0.00580564
16180 0.00395214
16200 0.00266964
16220 0.0017895
16240 0.0011904
16260 0.000785873
16280 0.000514911
16300 0.00033485
16320 0.000216135
16340 0.000138476
16360 8.80683e-05
16380 5.55999e-05
16400 3.48462e-05
16420 2.16811e-05
16440 1.33927e-05
16460 8.21354e-06
16480 5.00133e-06
16500 3.02376e-06
16520 1.81523e-06
16540 1.08206e-06
16560 6.4051e-07
16580 3.76499e-07
16600 2.19776e-07
16620 1.27406e-07
16640 7.33509e-08
16660 4.19411e-08
16680 2.3818e-08
16700 1.34343e-08
16720 7.52628e-09
16740 4.18807e-09
16760 2.31488e-09
16780 1.27096e-09
16800 6.93173e-10
16820 3.75546e-10
16840 2.0212e-10
16860 1.08067e-10
16880 5.74011e-11
16900 3.02904e-11
16920 1.58802e-11
16940 8.27149e-12
16960 4.28053e-12
16980 2.20093e-12
17000 1.1244e-12
17020 5.70756e-13
17040 2.87874e-13
17060 1.44274e-13
17080 7.18479e-14
17100 3.55541e-14
17120 1.74833e-14
17140 8.5433e-15
17160 4.1486e-15
17180 2.00199e-15
17200 9.60088e-16
17220 4.57572e-16
17240 2.16728e-16
17260 1.0202e-16
17280 4.7728e-17
17300 2.21918e-17
17320 1.02553e-17
17340 4.71025e-18
17360 2.15026e-18
17380 9.75649e-19
17400 4.40008e-19
17420 1.97241e-19
17440 8.78839e-20
17460 3.89229e-20
17480 1.71352e-20
17500 7.4984e-21
17520 3.26174e-21
17540 1.41039e-21
17560 6.06233e-22
17580 2.59036e-22
17600 1.10028e-22
17620 4.64602e-23
17640 1.95026e-23
17660 8.13851e-24
17680 3.37633e-24
17700 1.3925e-24
17720 5.70958e-25
17740 2.32742e-25
17760 9.43222e-26
17780 3.80036e-26
17800 1.52234e-26
17820 6.06294e-27
17840 2.40071e-27
17860 9.45124e-28
17880 3.69942e-28
17900 1.43972e-28
17920 5.57094e-29
17940 2.14333e-29
17960 8.19903e-30
17980 3.11856e-30
18000 1.17942e-30
18020 4.43515e-31
18040 1.65836e-31
18060 6.16574e-32
18080 2.27945e-32
18100 8.37945e-33
18120 3.06301e-33
18140 1.11335e-33
18160 4.02409e-34
18180 1.44631e-34
18200 5.16911e-35
18220 1.83711e-35
18240 6.49265e-36
18260 2.28182e-36
18280 7.97471e-37
18300 2.77158e-37
18320 9.57901e-38
18340 3.2923e-38
18360 1.12529e-38
18380 3.82492e-39
18400 1.29293e-39
18420 4.34634e-40
18440 1.45303e-40
18460 4.83088e-41
18480 1.59729e-41
18500 5.25234e-42
18520 1.71764e-42
18540 5.58634e-43
18560 1.80692e-43
18580 5.81262e-44
18600 1.85963e-44
18620 5.91708e-45
18640 1.87247e-45
18660 5.89324e-46
18680 1.8447e-46
18700 5.74292e-47
18720 1.77819e-47
18740 5.47599e-48
18760 1.67722e-48
18780 5.10928e-49
18800 1.54802e-49
18820 4.6649e-50
18840 1.39816e-50
18860 4.16796e-51
18880 1.23579e-51
18900 3.64432e-52
18920 1.06892e-52
18940 3.11836e-53
18960 9.04826e-54
18980 2.61131e-54
19000 7.49558e-55
19020 2.13996e-55
19040 6.07651e-56
19060 1.71613e-56
19080 4.82047e-57
19100 1.34668e-57
19120 3.74172e-58
19140 1.03395e-58
19160 2.84145e-59
19180 7.76571e-60
19200 2.11062e-60
19220 5.70442e-61
19240 1.53309e-61
19260 4.09693e-62
19280 1.08858e-62
19300 2.87576e-63
19320 7.55272e-64
19340 1.9719e-64
19360 5.11758e-65
19380 1.3201e-65
19400 3.38434e-66
19420 8.62239e-67
19440 2.18285e-67
19460 5.49058e-68
19480 1.37204e-68
19500 3.40579e-69
19520 8.39699e-70
19540 2.05605e-70
19560 4.99913e-71
19580 1.20685e-71
19600 2.8924e-72
19620 6.88102e-73
19640 1.62474e-73
19660 3.80711e-74
19680 8.85189e-75
19700 2.04197e-75
19720 4.67287e-76
19740 1.06068e-76
19760 2.38782e-77
19780 5.33069e-78
19800 1.17999e-78
19820 2.58964e-79
19840 5.63399e-80
19860 1.21496e-80
19880 2.59677e-81
19900 5.50028e-82
19920 1.15445e-82
19940 2.40147e-83
19960 4.98202e-84
19980 1.18575e-84
20000 2.799e-85
20020 6.55234e-86
20040 1.52103e-86
20060 3.50104e-87
20080 7.9898e-88
20100 1.80769e-88
20120 4.05439e-89
20140 9.01386e-90
20160 1.98631e-90
20180 4.33812e-91
20200 9.38952e-92
20220 2.01392e-92
20240 4.28022e-93
20260 9.01334e-94
20280 1.88048e-94
20300 3.88676e-95
20320 7.95812e-96
20340 1.61401e-96
20360 3.24226e-97
20380 6.45064e-98
20400 1.27099e-98
20420 2.4799e-99
20440 4.79129e-100
20460 9.16566e-101
20480 1.73596e-101
20500 3.25497e-102
20520 6.0417e-103
20540 1.11005e-103
20560 2.01868e-104
20580 3.63331e-105
20600 6.47168e-106
20620 1.14072e-106
20640 1.98954e-107
20660 3.43329e-108
20680 5.86163e-109
20700 9.90017e-110
20720 1.65405e-110
20740 2.73342e-111
20760 4.46763e-112
20780 7.22151e-113
20800 1.15431e-113
20820 1.82443e-114
20840 2.85103e-115
20860 4.40465e-116
20880 6.72696e-117
20900 1.01551e-117
20920 1.5152e-118
20940 2.23427e-119
20960 3.25568e-120
20980 4.68755e-121
21000 6.66818e-122
21020 9.37094e-123
21040 1.30086e-123
21060 1.78362e-124
21080 2.41521e-125
21100 3.22957e-126
21120 4.26404e-127
21140 5.55824e-128
21160 7.15229e-129
21180 9.08433e-130
21200 1.13875e-130
21220 1.40865e-131
21240 1.71934e-132
21260 2.07037e-133
21280 2.45927e-134
21300 2.88124e-135
21320 3.32896e-136
21340 3.79258e-137
21360 4.25985e-138
21380 4.71656e-139
21400 5.1471e-140
21420 5.53529e-141
21440 5.86529e-142
21460 6.12267e-143
21480 6.29538e-144
21500 6.3747e-145
21520 6.35591e-146
21540 6.23877e-147
21560 6.02757e-148
21580 5.73095e-149
21600 5.36126e-150
21620 4.93373e-151
21640 4.46543e-152
21660 3.97409e-153
21680 3.47699e-154
21700 2.98993e-155
21720 2.52646e-156
21740 2.09725e-157
21760 1.70989e-158
21780 1.36884e-159
21800 1.0757e-160
21820 8.29589e-162
21840 6.2769e-163
21860 4.65812e-164
21880 3.38943e-165
21900 2.41744e-166
21920 1.68949e-167
21940 1.15659e-168
21960 7.75313e-170
21980 5.08727e-171
22000 3.26617e-172
22020 2.05101e-173
22040 1.25919e-174
22060 7.55475e-176
22080 4.42755e-177
22100 2.53346e-178
22120 1.41469e-179
22140 7.70516e-181
22160 4.0911e-182
22180 2.11638e-183
22200 1.06607e-184
22220 5.22568e-186
22240 2.49106e-187
22260 1.15401e-188
22280 5.1916e-190
22300 2.26636e-191
22320 9.59259e-193
22340 3.93323e-194
22360 1.56089e-195
22380 5.98936e-197
22400 2.21985e-198
22420 7.93817e-200
22440 2.73562e-201
22460 9.07353e-203
22480 2.89259e-204
22500 8.85008e-206
22520 2.59455e-207
22540 7.27577e-209
22560 1.94794e-210
22580 4.96888e-212
22600 1.20487e-213
22620 2.77036e-215
22640 6.02342e-217
22660 1.23458e-218
22680 2.37717e-220
22700 4.2832e-222
22720 7.18968e-224
22740 1.11857e-225
22760 1.60346e-227
22780 2.10311e-229
22800 2.50309e-231
22820 2.6763e-233
22840 2.53891e-235
22860 2.10364e-237
22880 1.49127e-239
22900 8.79365e-242
22920 4.14077e-244
22940 1.4597e-246
22960 3.42427e-249
22980 4.00918e-252
23000 0
23020 0
23040 0
23060 0
23080 0
23100 0
23120 0
23140 0
23160 0
23180 0
23200 0
23220 0
23240 0
23260 0
23280 0
23300 0
23320 0
23340 0
23360 0
23380 0
23400 0
23420 0
23440 0
23460 0
23480 0
23500 0
23520 0
23540 0
23560 0
23580 0
23600 0
23620 0
23640 0
23660 0
23680 0
23700 0
23720 0
23740 0
23760 0
23780 0
23800 0
23820 0
23840 0
23860 0
23880 0
23900 0
23920 0
23940 0
23960 0
23980 0
24000 0
24020 0
24040 0
24060 0
24080 0
24100 0
24120 0
24140 0
24160 0
24180 0
24200 0
24220 0
24240 0
24260 0
24280 0
24300 0
24320 0
24340 0
24360 0
24380 0
24400 0
24420 0
24440 0
24460 0
24480 0
24500 0
24520 0
24540 0
24560 0
24580 0
24600 0
24620 0
24640 0
24660 0
24680 0
24700 0
24720 0
24740 0
24760 0
24780 0
24800 0
24820 0
24840 0
24860 0
24880 0
24900 0
24920 0
24940 0
24960 0
24980 0
25000 0
25020 0
25040 0
25060 0
25080 0
25100 0
25120 0
25140 0
25160 0
25180 0
25200 0
25220 0
25240 0
25260 0
25280 0
25300 0
25320 0
25340 0
25360 0
25380 0
25400 0
25420 0
25440 0
25460 0
25480 0
25500 0
25520 0
25540 0
25560 0
25580 0
25600 0
25620 0
25640 0
25660 0
25680 0
25700 0
25720 0
25740 0
25760 0
25780 0
25800 0
25820 0
25840 0
25860 0
25880 0
25900 0
25920 0
25940 0
25960 0
25980 0
26000 0
26020 0
26040 0
26060 0
26080 0
26100 0
26120 0
26140 0
26160 0
26180 0
26200 0
26220 0
26240 0
26260 0
26280 0
26300 0
26320 0
26340 0
26360 0
26380 0
26400 0
26420 0
26440 0
26460 0
26480 0
26500 0
26520 0
26540 0
26560 0
26580 0
26600 0
26620 0
26640 0
26660 0
26680 0
26700 0
26720 0
26740 0
26760 0
26780 0
26800 0
26820 0
26840 0
26860 0
26880 0
26900 0
26920 0
26940 0
26960 0
26980 0
27000 0
27020 0
27040 0
27060 0
27080 0
27100 0
27120 0
27140 0
27160 0
27180 0
27200 0
27220 0
27240 0
27260 0
27280 0
27300 0
27320 0
27340 0
27360 0
27380 0
27400 0
27420 0
27440 0
27460 0
27480 0
27500 0
27520 0
27540 0
27560 0
27580 0
27600 0
27620 0
27640 0
27660 0
27680 0
27700 0
27720 0
27740 0
27760 0
27780 0
27800 0
27820 0
27840 0
27860 0
27880 0
27900 0
27920 0
27940 0
27960 0
27980 0
28000 0
28020 0
28040 0
28060 0
28080 0
28100 0
28120 0
28140 0
28160 0
28180 0
28200 0
28220 0
28240 0
28260 0
28280 0
28300 0
28320 0
28340 0
28360 0
28380 0
28400 0
28420 0
28440 0
28460 0
28480 0
28500 0
28520 0
28540 0
28560 0
28580 0
28600 0
28620 0
28640 0
28660 0
28680 0
28700 0
28720 0
28740 0
28760 0
28780 0
28800 0
28820 0
28840 0
28860 0
28880 0
28900 0
28920 0
28940 0
28960 0
28980 0
29000 0
29020 0
29040 0
29060 0
29080 0
29100 0
29120 0
29140 0
29160 0
29180 0
29200 0
29220 0
29240 0
29260 0
29280 0
29300 0
29320 0
29340 0
29360 0
29380 0
29400 0
29420 0
29440 0
29460 0
29480 0
29500 0
29520 0
29540 0
29560 0
29580 0
29600 0
29620 0
29640 0
29660 0
29680 0
29700 0
29720 0
29740 0
29760 0
29780 0
29800 0
29820 0
29840 0
29860 0
29880 0
29900 0
29920 0
29940 0
29960 0
