-20 0
0 1.13011e-07
20 2.3096e-07
40 3.58882e-07
60 5.01994e-07
80 6.65792e-07
100 8.56107e-07
120 1.0792e-06
140 1.34177e-06
160 1.65103e-06
180 2.01462e-06
200 2.44069e-06
220 2.93776e-06
240 3.51459e-06
260 4.18013e-06
280 4.94318e-06
300 5.81226e-06
320 6.79524e-06
340 7.89894e-06
360 9.12882e-06
380 1.04884e-05
400 1.19788e-05
420 1.35983e-05
440 1.53417e-05
460 1.71996e-05
480 1.91583e-05
500 2.11991e-05
520 2.32978e-05
540 2.54246e-05
560 2.7544e-05
580 2.96148e-05
600 3.15901e-05
620 3.3418e-05
640 3.50423e-05
660 3.64033e-05
680 3.74391e-05
700 3.80869e-05
720 3.82846e-05
740 3.79729e-05
760 3.7097e-05
780 3.56086e-05
800 3.34687e-05
820 3.06486e-05
840 2.71326e-05
860 2.29194e-05
880 1.80237e-05
900 1.2477e-05
920 6.32842e-06
940 -3.55319e-07
960 -7.49022e-06
980 -1.4976e-05
1000 -2.26978e-05
1020 -3.05278e-05
1040 -3.8328e-05
1060 -4.59533e-05
1080 -5.32538e-05
1100 -6.0079e-05
1120 -6.62799e-05
1140 -7.17126e-05
1160 -7.62399e-05
1180 -7.97336e-05
1200 -8.20741e-05
1220 -8.31504e-05
1240 -8.2857e-05
1260 -8.10893e-05
1280 -7.77373e-05
1300 -7.26747e-05
1320 -6.57463e-05
1340 -5.67501e-05
1360 -4.54157e-05
1380 -3.13756e-05
1400 -1.41316e-05
1420 6.98779e-06
1440 3.28786e-05
1460 6.47234e-05
1480 0.000104065
1500 0.000152897
1520 0.000213766
1540 0.000289898
1560 0.000385342
1580 0.000505139
1600 0.000655517
1620 0.000844114
1640 0.00108023
1660 0.00137511
1680 0.00174227
1700 0.00219783
1720 0.00276091
1740 0.00345402
1760 0.0043035
1780 0.00533997
1800 0.00659877
1820 0.00812041
1840 0.00995101
1860 0.0121427
1880 0.0147538
1900 0.0178495
1920 0.0215014
1940 0.0257882
1960 0.0307948
1980 0.0366127
2000 0.0433392
2020 0.0510763
2040 0.0599302
2060 0.0700095
2080 0.0814239
2100 0.0942821
2120 0.10869
2140 0.124747
2160 0.142544
2180 0.162163
2200 0.183668
2220 0.207108
2240 0.232509
2260 0.259875
2280 0.289181
2300 0.320373
2320 0.353366
2340 0.388038
2360 0.424235
2380 0.461764
2400 0.5004
2420 0.53988
2440 0.57991
2460 0.620165
2480 0.660296
2500 0.699928
2520 0.738675
2540 0.776136
2560 0.81191
2580 0.845596
2600 0.876808
2620 0.905174
2640 0.93035
2660 0.952023
2680 0.969919
2700 0.983811
2720 0.993517
2740 0.998912
2760 0.999926
2780 0.996545
2800 0.988816
2820 0.976841
2840 0.960775
2860 0.940827
2880 0.917252
2900 0.890344
2920 0.860436
2940 0.827886
2960 0.793076
2980 0.756399
3000 0.718256
3020 0.679048
3040 0.639168
3060 0.598995
3080 0.558888
3100 0.519183
3120 0.480188
3140 0.442177
3160 0.405393
3180 0.370043
3200 0.336297
3220 0.304292
3240 0.274128
3260 0.245875
3280 0.219569
3300 0.195221
3320 0.172814
3340 0.15231
3360 0.133653
3380 0.116769
3400 0.101572
3420 0.0879666
3440 0.0758513
3460 0.0651191
3480 0.0556614
3500 0.0473697
3520 0.0401372
3540 0.0338607
3560 0.028441
3580 0.0237847
3600 0.0198039
3620 0.0164175
3640 0.0135509
3660 0.011136
3680 0.00911162
3700 0.00742276
3720 0.00602059
3740 0.00486203
3760 0.00390932
3780 0.0031296
3800 0.0024945
3820 0.00197962
3840 0.00156418
3860 0.00123055
3880 0.000963869
3900 0.000751699
3920 0.000583682
3940 0.00045125
3960 0.000347349
3980 0.000266209
4000 0.000203137
4020 0.000154334
4040 0.000116747
4060 8.79305e-05
4080 6.59391e-05
4100 4.9233e-05
4120 3.65999e-05
4140 2.70904e-05
4160 1.99646e-05
4180 1.46494e-05
4200 1.07026e-05
4220 7.78519e-06
4240 5.63849e-06
4260 4.06602e-06
4280 2.91937e-06
4300 2.087e-06
4320 1.48549e-06
4340 1.05276e-06
4360 7.42857e-07
4380 5.2191e-07
4400 3.6509e-07
4420 2.54285e-07
4440 1.76342e-07
4460 1.21761e-07
4480 8.37098e-08
4500 5.73008e-08
4520 3.90537e-08
4540 2.65021e-08
4560 1.79068e-08
4580 1.20468e-08
4600 8.06944e-09
4620 5.38188e-09
4640 3.57391e-09
4660 2.36305e-09
4680 1.55568e-09
4700 1.01974e-09
4720 6.65543e-10
4740 4.32498e-10
4760 2.79842e-10
4780 1.80286e-10
4800 1.15647e-10
4820 7.3863e-11
4840 4.69723e-11
4860 2.97426e-11
4880 1.87516e-11
4900 1.17712e-11
4920 7.35744e-12
4940 4.57884e-12
4960 2.83732e-12
4980 1.7506e-12
5000 1.07544e-12
5020 6.57831e-13
5040 4.00651e-13
5060 2.42964e-13
5080 1.46705e-13
5100 8.82011e-14
5120 5.27994e-14
5140 3.1471e-14
5160 1.86775e-14
5180 1.10371e-14
5200 6.4941e-15
5220 3.80461e-15
5240 2.21937e-15
5260 1.28908e-15
5280 7.45514e-16
5300 4.29301e-16
5320 2.46149e-16
5340 1.40528e-16
5360 7.98839e-17
5380 4.52153e-17
5400 2.54825e-17
5420 1.42998e-17
5440 7.99004e-18
5460 4.44529e-18
5480 2.46254e-18
5500 1.35831e-18
5520 7.46012e-19
5540 4.07969e-19
5560 2.22147e-19
5580 1.20445e-19
5600 6.50234e-20
5620 3.4953e-20
5640 1.87083e-20
5660 9.97056e-21
5680 5.29102e-21
5700 2.79573e-21
5720 1.47091e-21
5740 7.70571e-22
5760 4.01954e-22
5780 2.08774e-22
5800 1.07972e-22
5820 5.56016e-23
5840 2.85101e-23
5860 1.45562e-23
5880 7.40009e-24
5900 3.74596e-24
5920 1.88812e-24
5940 9.47618e-25
5960 4.73562e-25
5980 2.35646e-25
6000 1.16757e-25
6020 5.76035e-26
6040 2.82978e-26
6060 1.3842e-26
6080 6.74196e-27
6100 3.26975e-27
6120 1.57901e-27
6140 7.59274e-28
6160 3.63542e-28
6180 1.73322e-28
6200 8.22799e-29
6220 3.88937e-29
6240 1.83066e-29
6260 8.57987e-30
6280 4.00403e-30
6300 1.86063e-30
6320 8.60928e-31
6340 3.96661e-31
6360 1.81977e-31
6380 8.31306e-32
6400 3.78139e-32
6420 1.71273e-32
6440 7.72453e-33
6460 3.46899e-33
6480 1.55125e-33
6500 6.90728e-34
6520 3.06254e-34
6540 1.35209e-34
6560 5.94395e-35
6580 2.60193e-35
6600 1.13414e-35
6620 4.92249e-36
6640 2.12743e-36
6660 9.15534e-37
6680 3.92324e-37
6700 1.67404e-37
6720 7.11276e-38
6740 3.00927e-38
6760 1.26776e-38
6780 5.31821e-39
6800 2.2215e-39
6820 9.24014e-40
6840 3.82705e-40
6860 1.57835e-40
6880 6.48181e-41
6900 2.6506e-41
6920 1.07931e-41
6940 4.37623e-42
6960 1.7669e-42
6980 7.10357e-43
7000 2.84379e-43
7020 1.13364e-43
7040 4.49996e-44
7060 1.77868e-44
7080 7.00075e-45
7100 2.74377e-45
7120 1.0708e-45
7140 4.16128e-46
7160 1.61029e-46
7180 6.20494e-47
7200 2.38084e-47
7220 9.09668e-48
7240 3.46094e-48
7260 1.31119e-48
7280 4.94646e-49
7300 1.85817e-49
7320 6.95082e-50
7340 2.58909e-50
7360 9.6033e-51
7380 3.54694e-51
7400 1.30452e-51
7420 4.77757e-52
7440 1.74232e-52
7460 6.32716e-53
7480 2.28799e-53
7500 8.23876e-54
7520 2.95416e-54
7540 1.0548e-54
7560 3.75032e-55
7580 1.3278e-55
7600 4.68124e-56
7620 1.64344e-56
7640 5.7453e-57
7660 2.00003e-57
7680 6.93309e-58
7700 2.39322e-58
7720 8.22633e-59
7740 2.81576e-59
7760 9.59738e-60
7780 3.25744e-60
7800 1.10095e-60
7820 3.70534e-61
7840 1.24181e-61
7860 4.14432e-62
7880 1.37727e-62
7900 4.55778e-63
7920 1.50196e-63
7940 4.9287e-64
7960 1.61056e-64
7980 5.24073e-65
8000 1.69816e-65
8020 5.47941e-66
8040 1.76061e-66
8060 5.63329e-67
8080 1.79487e-67
8100 5.69478e-68
8120 1.79926e-68
8140 5.66087e-69
8160 1.77356e-69
8180 5.53326e-70
8200 1.71906e-70
8220 5.31833e-71
8240 1.63845e-71
8260 5.0265e-72
8280 1.53558e-72
8300 4.67151e-73
8320 1.41519e-73
8340 4.26924e-74
8360 1.28251e-74
8380 3.83662e-75
8400 1.14291e-75
8420 3.39042e-76
8440 1.00155e-76
8460 2.94624e-77
8480 8.63063e-78
8500 2.51765e-78
8520 7.31352e-79
8540 2.11561e-79
8560 6.09433e-80
8580 1.74821e-80
8600 4.99394e-81
8620 1.4206e-81
8640 4.02421e-82
8660 1.1352e-82
8680 3.18891e-83
8700 8.92059e-84
8720 2.48501e-84
8740 6.89355e-85
8760 1.90432e-85
8780 5.23867e-86
8800 1.43511e-86
8820 3.91499e-87
8840 1.06356e-87
8860 2.87723e-88
8880 7.75124e-89
8900 2.07947e-89
8920 5.55545e-90
8940 1.47799e-90
8960 3.91568e-91
8980 1.03307e-91
9000 2.71417e-92
9020 7.10119e-93
9040 1.85017e-93
9060 4.80041e-94
9080 1.24032e-94
9100 3.19134e-95
9120 8.17716e-96
9140 2.0865e-96
9160 5.30181e-97
9180 1.34158e-97
9200 3.38065e-98
9220 8.48342e-99
9240 2.11998e-99
9260 5.27573e-100
9280 1.30744e-100
9300 3.22666e-101
9320 7.93002e-102
9340 1.94083e-102
9360 4.73031e-103
9380 1.14811e-103
9400 2.77505e-104
9420 6.67959e-105
9440 1.60111e-105
9460 3.82194e-106
9480 9.08533e-107
9500 2.15075e-107
9520 5.0703e-108
9540 1.19034e-108
9560 2.78293e-109
9580 6.4793e-110
9600 1.50227e-110
9620 3.46868e-111
9640 7.97581e-112
9660 1.82634e-112
9680 4.1647e-113
9700 9.45763e-114
9720 2.13884e-114
9740 4.81692e-115
9760 1.08033e-115
9780 2.41293e-116
9800 5.36696e-117
9820 1.1888e-117
9840 2.62235e-118
9860 5.76062e-119
9880 1.26022e-119
9900 2.74525e-120
9920 5.94396e-121
9940 1.22766e-121
9960 0
