-20 0
0 5.39077e-06
20 1.07294e-05
40 1.5964e-05
60 2.10428e-05
80 2.59148e-05
100 3.053e-05
120 3.48397e-05
140 3.87972e-05
160 4.23583e-05
180 4.54822e-05
200 4.81324e-05
220 5.02774e-05
240 5.18917e-05
260 5.29565e-05
280 5.34606e-05
300 5.34009e-05
320 5.27829e-05
340 5.1621e-05
360 4.99385e-05
380 4.7767e-05
400 4.51466e-05
420 4.21244e-05
440 3.87543e-05
460 3.5095e-05
480 3.12093e-05
500 2.71626e-05
520 2.30209e-05
540 1.88498e-05
560 1.47128e-05
580 1.06701e-05
600 6.77713e-06
620 3.08338e-06
640 -3.68083e-07
660 -3.54151e-06
680 -6.40885e-06
700 -8.94991e-06
720 -1.11522e-05
740 -1.30109e-05
760 -1.45281e-05
780 -1.57122e-05
800 -1.65775e-05
820 -1.7143e-05
840 -1.74317e-05
860 -1.74695e-05
880 -1.72843e-05
900 -1.69054e-05
920 -1.63623e-05
940 -1.56844e-05
960 -1.48998e-05
980 -1.40352e-05
1000 -1.31154e-05
1020 -1.21629e-05
1040 -1.11975e-05
1060 -1.02368e-05
1080 -9.29537e-06
1100 -8.3854e-06
1120 -7.51648e-06
1140 -6.69594e-06
1160 -5.92898e-06
1180 -5.21887e-06
1200 -4.56724e-06
1220 -3.97427e-06
1240 -3.43897e-06
1260 -2.95941e-06
1280 -2.53296e-06
1300 -2.15639e-06
1320 -1.82612e-06
1340 -1.53838e-06
1360 -1.2893e-06
1380 -1.07504e-06
1400 -8.91876e-07
1420 -7.36233e-07
1440 -6.04728e-07
1460 -4.94264e-07
1480 -4.02011e-07
1500 -3.25398e-07
1520 -2.62127e-07
1540 -2.10163e-07
1560 -1.67692e-07
1580 -1.33161e-07
1600 -1.05248e-07
1620 -8.28005e-08
1640 -6.48445e-08
1660 -5.05607e-08
1680 -3.92395e-08
1700 -3.03004e-08
1720 -2.32908e-08
1740 -1.78179e-08
1760 -1.35718e-08
1780 -1.0305e-08
1800 -7.79587e-09
1820 -5.86405e-09
1840 -4.39101e-09
1860 -3.26327e-09
1880 -2.40506e-09
1900 -1.77134e-09
1920 -1.30531e-09
1940 -9.61563e-10
1960 -7.16685e-10
1980 -5.32276e-10
2000 -3.83354e-10
2020 -2.73632e-10
2040 -1.836e-10
2060 -1.13508e-10
2080 -7.11133e-11
2100 -4.61101e-11
2120 -3.13285e-11
2140 -3.64485e-11
2160 -4.08883e-11
2180 -4.43976e-11
2200 -5.27393e-11
2220 -5.11012e-11
2240 -4.43336e-11
2260 -3.89077e-11
2280 -2.38615e-11
2300 -2.77202e-12
2320 1.67505e-11
2340 5.53324e-11
2360 1.04757e-10
2380 1.76302e-10
2400 2.931e-10
2420 4.68508e-10
2440 7.3694e-10
2460 1.16083e-09
2480 1.80634e-09
2500 2.79611e-09
2520 4.31615e-09
2540 6.61356e-09
2560 1.00926e-08
2580 1.53254e-08
2600 2.31474e-08
2620 3.47938e-08
2640 5.20422e-08
2660 7.74445e-08
2680 1.14686e-07
2700 1.68993e-07
2720 2.47778e-07
2740 3.61514e-07
2760 5.24848e-07
2780 7.58235e-07
2800 1.09003e-06
2820 1.55932e-06
2840 2.21974e-06
2860 3.14444e-06
2880 4.43259e-06
2900 6.21801e-06
2920 8.68014e-06
2940 1.20583e-05
2960 1.667e-05
2980 2.29338e-05
3000 3.13986e-05
3020 4.27802e-05
3040 5.80064e-05
3060 7.82732e-05
3080 0.000105113
3100 0.00014048
3120 0.000186845
3140 0.000247324
3160 0.000325815
3180 0.000427168
3200 0.000557381
3220 0.000723827
3240 0.000935511
3260 0.00120337
3280 0.00154059
3300 0.00196298
3320 0.00248936
3340 0.00314201
3360 0.0039471
3380 0.00493517
3400 0.0061416
3420 0.00760713
3440 0.00937825
3460 0.0115077
3480 0.0140547
3500 0.0170855
3520 0.0206731
3540 0.0248979
3560 0.0298468
3580 0.0356137
3600 0.0422981
3620 0.0500049
3640 0.0588432
3660 0.0689245
3680 0.0803616
3700 0.0932659
3720 0.107746
3740 0.123903
3760 0.141832
3780 0.161613
3800 0.183312
3820 0.206977
3840 0.232635
3860 0.260285
3880 0.289899
3900 0.32142
3920 0.354756
3940 0.38978
3960 0.426329
3980 0.464204
4000 0.503169
4020 0.542953
4040 0.583253
4060 0.623736
4080 0.664043
4100 0.703795
4120 0.742595
4140 0.780042
4160 0.815727
4180 0.849251
4200 0.880224
4220 0.908279
4240 0.933074
4260 0.954301
4280 0.971694
4300 0.985031
4320 0.99414
4340 0.998903
4360 0.999259
4380 0.995203
4400 0.986786
4420 0.974114
4440 0.957346
4460 0.936688
4480 0.912391
4500 0.884741
4520 0.854055
4540 0.820676
4560 0.784958
4580 0.747268
4600 0.707969
4620 0.667421
4640 0.625967
4660 0.583931
4680 0.54161
4700 0.499272
4720 0.457148
4740 0.415432
4760 0.374278
4780 0.333799
4800 0.294069
4820 0.255118
4840 0.216944
4860 0.179505
4880 0.142731
4900 0.106523
4920 0.0707591
4940 0.0353015
4960 0
