-20 0
0 -5.03076e-06
20 -3.94126e-07
40 -3.75384e-06
60 -8.31376e-06
80 -6.52029e-06
100 -1.11892e-05
120 -4.81014e-06
140 -1.7626e-05
160 -9.21293e-06
180 -1.3916e-05
200 -1.20442e-05
220 -1.55664e-05
240 -1.35155e-05
260 -9.89111e-06
280 -1.36413e-05
300 -5.77786e-06
320 -4.53306e-06
340 -1.91136e-09
360 7.03035e-06
380 1.44938e-05
400 2.64577e-05
420 3.82939e-05
440 4.95685e-05
460 7.41996e-05
480 8.99317e-05
500 0.000120812
520 0.000146271
540 0.0001828
560 0.000219647
580 0.000266724
600 0.000317662
620 0.000374936
640 0.000437118
660 0.000506649
680 0.000587271
700 0.000669603
720 0.000763005
740 0.00085511
760 0.000967127
780 0.00107304
800 0.0011898
820 0.00130735
840 0.00143366
860 0.00155948
880 0.00167738
900 0.00180789
920 0.00193065
940 0.00204845
960 0.00215974
980 0.00226399
1000 0.00236662
1020 0.00244447
1040 0.00252614
1060 0.00258387
1080 0.00263091
1100 0.00266628
1120 0.00268004
1140 0.00268869
1160 0.00267375
1180 0.00265636
1200 0.00261464
1220 0.0025712
1240 0.00251482
1260 0.00245249
1280 0.00238286
1300 0.00231038
1320 0.00223208
1340 0.00214528
1360 0.00206269
1380 0.00197365
1400 0.00188092
1420 0.00178636
1440 0.00168918
1460 0.00159626
1480 0.00150122
1500 0.00140762
1520 0.00132451
1540 0.00123803
1560 0.00116543
1580 0.00107931
1600 0.00100511
1620 0.000941514
1640 0.00086978
1660 0.000816537
1680 0.000752899
1700 0.000711488
1720 0.000662491
1740 0.000619518
1760 0.000583573
1780 0.000542091
1800 0.00052336
1820 0.000496317
1840 0.000470746
1860 0.000455586
1880 0.000436819
1900 0.000425043
1920 0.000412864
1940 0.000405178
1960 0.00040519
1980 0.000393581
2000 0.000401827
2020 0.00038867
2040 0.000396749
2060 0.00039567
2080 0.000401872
2100 0.000406127
2120 0.000411788
2140 0.000422161
2160 0.000424175
2180 0.000433643
2200 0.00043723
2220 0.000449635
2240 0.000452684
2260 0.000463478
2280 0.000463053
2300 0.000471335
2320 0.000470569
2340 0.000469627
2360 0.000454694
2380 0.000439774
2400 0.000422153
2420 0.000393837
2440 0.000356172
2460 0.000299072
2480 0.000235179
2500 0.00015167
2520 4.41839e-05
2540 -8.35008e-05
2560 -0.000249257
2580 -0.000434059
2600 -0.00066066
2620 -0.000921516
2640 -0.00122877
2660 -0.00158706
2680 -0.00199166
2700 -0.00246148
2720 -0.00299003
2740 -0.00358545
2760 -0.00425218
2780 -0.00498274
2800 -0.00578871
2820 -0.00666898
2840 -0.00760676
2860 -0.00862514
2880 -0.0096855
2900 -0.0108129
2920 -0.0119908
2940 -0.0132031
2960 -0.0144504
2980 -0.0157008
3000 -0.0169621
3020 -0.0182092
3040 -0.0194281
3060 -0.0206057
3080 -0.021704
3100 -0.0227251
3120 -0.0236525
3140 -0.0244596
3160 -0.0251528
3180 -0.0256923
3200 -0.0260896
3220 -0.0263387
3240 -0.0264249
3260 -0.0263757
3280 -0.0261709
3300 -0.0258348
3320 -0.0253751
3340 -0.0248108
3360 -0.024155
3380 -0.0234219
3400 -0.0226219
3420 -0.0217858
3440 -0.0209011
3460 -0.0199959
3480 -0.0190623
3500 -0.0180902
3520 -0.0171061
3540 -0.0160917
3560 -0.0150798
3580 -0.0140657
3600 -0.0130573
3620 -0.0120786
3640 -0.0111223
3660 -0.0102192
3680 -0.00936642
3700 -0.0085699
3720 -0.00781909
3740 -0.00710555
3760 -0.00643093
3780 -0.00579748
3800 -0.00519852
3820 -0.00465542
3840 -0.00416149
3860 -0.00370786
3880 -0.00330447
3900 -0.0029288
3920 -0.00259132
3940 -0.00226661
3960 -0.00196343
3980 -0.0016769
4000 -0.00140341
4020 -0.00115376
4040 -0.000919693
4060 -0.000697151
4080 -0.000479168
4100 -0.000260157
4120 -3.17256e-05
4140 0.000191115
4160 0.000419152
4180 0.00064447
4200 0.000865566
4220 0.00110964
4240 0.00134632
4260 0.00160492
4280 0.00184846
4300 0.00209665
4320 0.0023366
4340 0.00257054
4360 0.0028128
4380 0.00305647
4400 0.00330824
4420 0.00355838
4440 0.00381897
4460 0.00408067
4480 0.0043546
4500 0.00463289
4520 0.0049067
4540 0.00518356
4560 0.00545722
4580 0.00574882
4600 0.00604747
4620 0.00636765
4640 0.00669316
4660 0.00702194
4680 0.00737332
4700 0.00774188
4720 0.00815053
4740 0.00860262
4760 0.0090983
4780 0.00964925
4800 0.0102563
4820 0.0109241
4840 0.0116617
4860 0.0124457
4880 0.0132845
4900 0.0141758
4920 0.0151112
4940 0.0161059
4960 0.0171401
4980 0.0182072
5000 0.0189668
5020 0.0197485
5040 0.0205278
5060 0.0213183
5080 0.0220907
5100 0.0228513
5120 0.0235682
5140 0.0242619
5160 0.0249102
5180 0.02551
5200 0.0260507
5220 0.0265324
5240 0.0269444
5260 0.0272772
5280 0.0275596
5300 0.0277578
5320 0.0278842
5340 0.0279374
5360 0.0279299
5380 0.0278417
5400 0.0276954
5420 0.0274899
5440 0.0272229
5460 0.0268917
5480 0.0265181
5500 0.0261037
5520 0.0256379
5540 0.0251511
5560 0.0246272
5580 0.0240801
5600 0.0235216
5620 0.0229561
5640 0.0223864
5660 0.0218122
5680 0.0212393
5700 0.0206785
5720 0.0201256
5740 0.0195997
5760 0.0190895
5780 0.0185988
5800 0.0181342
5820 0.0176913
5840 0.0172768
5860 0.0168943
5880 0.0165293
5900 0.0161886
5920 0.0158879
5940 0.0156016
5960 0.0153547
5980 0.0151114
6000 0.0149031
6020 0.0147037
6040 0.0145211
6060 0.0143675
6080 0.0142193
6100 0.014079
6120 0.0139549
6140 0.0138334
6160 0.0137157
6180 0.0136037
6200 0.0134785
6220 0.0133641
6240 0.0132242
6260 0.013093
6280 0.0129375
6300 0.0127584
6320 0.0125502
6340 0.0123074
6360 0.0120261
6380 0.0116808
6400 0.0112816
6420 0.0107948
6440 0.0102301
6460 0.00954248
6480 0.0087304
6500 0.00775318
6520 0.00658324
6540 0.00519313
6560 0.00354591
6580 0.00159132
6600 -0.000718708
6620 -0.00343581
6640 -0.00661547
6660 -0.0103319
6680 -0.0146593
6700 -0.0196692
6720 -0.0254498
6740 -0.0321024
6760 -0.0397109
6780 -0.0483729
6800 -0.0582197
6820 -0.0693198
6840 -0.0817947
6860 -0.095731
6880 -0.111241
6900 -0.128401
6920 -0.147273
6940 -0.167942
6960 -0.190445
6980 -0.214799
7000 -0.241024
7020 -0.269098
7040 -0.298954
7060 -0.330534
7080 -0.363724
7100 -0.398378
7120 -0.434315
7140 -0.471323
7160 -0.509182
7180 -0.547587
7200 -0.586249
7220 -0.62483
7240 -0.66298
7260 -0.700337
7280 -0.736509
7300 -0.771125
7320 -0.803782
7340 -0.834135
7360 -0.861796
7380 -0.886451
7400 -0.907805
7420 -0.925563
7440 -0.939568
7460 -0.949651
7480 -0.955752
7500 -0.957891
7520 -0.956225
7540 -0.950973
7560 -0.942464
7580 -0.931088
7600 -0.917271
7620 -0.901337
7640 -0.883523
7660 -0.863924
7680 -0.842509
7700 -0.819224
7720 -0.794105
7740 -0.767371
7760 -0.739385
7780 -0.710589
7800 -0.681336
7820 -0.651792
7840 -0.621973
7860 -0.591895
7880 -0.561773
7900 -0.531944
7920 -0.502717
7940 -0.474291
7960 -0.446639
7980 -0.41972
8000 -0.393645
8020 -0.368664
8040 -0.344986
8060 -0.32258
8080 -0.30131
8100 -0.281153
8120 -0.262255
8140 -0.244746
8160 -0.228548
8180 -0.213509
8200 -0.199512
8220 -0.18669
8240 -0.175094
8260 -0.164573
8280 -0.15494
8300 -0.146149
8320 -0.138327
8340 -0.131418
8360 -0.125197
8380 -0.119552
8400 -0.114595
8420 -0.110312
8440 -0.10654
8460 -0.103142
8480 -0.100168
8500 -0.0976769
8520 -0.0955309
8540 -0.0935958
8560 -0.0919006
8580 -0.0905546
8600 -0.089406
8620 -0.0883475
8640 -0.0874446
8660 -0.0867592
8680 -0.0861892
8700 -0.0856247
8720 -0.0851648
8740 -0.0848627
8760 -0.084579
8780 -0.0842814
8800 -0.0840692
8820 -0.0839578
8840 -0.0838063
8860 -0.0836485
8880 -0.0835748
8900 -0.0835369
8920 -0.0834431
8940 -0.0833578
8960 -0.083366
8980 -0.0833362
9000 -0.0832542
9020 -0.0832494
9040 -0.0832713
9060 -0.083209
9080 -0.0831746
9100 -0.0832141
9120 -0.0831963
9140 -0.0831308
9160 -0.0831621
9180 -0.0831752
9200 -0.0831295
9220 -0.0831112
9240 -0.0831579
9260 -0.0831287
9280 -0.083088
9300 -0.0831294
9320 -0.0831303
9340 -0.0830873
9360 -0.0831045
9380 -0.0831272
9400 -0.083088
9420 -0.0830969
9440 -0.0831317
9460 -0.0830894
9480 -0.0830986
9500 -0.083142
9520 -0.0831067
9540 -0.0831029
9560 -0.0831538
9580 -0.0831399
9600 -0.083115
9620 -0.0831729
9640 -0.08317
9660 -0.0831437
9680 -0.0831892
9700 -0.0832028
9720 -0.0831743
9740 -0.0832228
9760 -0.0832236
9780 -0.0832047
9800 -0.0832517
9820 -0.083259
9840 -0.0832257
9860 -0.0832796
9880 -0.0832899
9900 -0.0832496
9920 -0.0833033
9940 -0.0833112
9960 -0.0832778
9980 -0.0833235
10000 -0.0833229
10020 -0.0833028
10040 -0.0833282
10060 -0.0833434
10080 -0.0833162
10100 -0.0833253
10120 -0.0833596
10140 -0.0833393
10160 -0.0833228
10180 -0.0833589
10200 -0.0833579
10220 -0.0833302
10240 -0.0833553
10260 -0.0833671
10280 -0.0833399
10300 -0.0833549
10320 -0.0833738
10340 -0.0833453
10360 -0.0833462
10380 -0.0833784
10400 -0.0833625
10420 -0.0833393
10440 -0.0833669
10460 -0.0833746
10480 -0.0833443
10500 -0.0833574
10520 -0.0833762
10540 -0.0833443
10560 -0.083348
10580 -0.0833799
10600 -0.0833504
10620 -0.0833351
10640 -0.0833724
10660 -0.0833607
10680 -0.0833309
10700 -0.0833531
10720 -0.0833604
10740 -0.0833416
10760 -0.0833486
10780 -0.0833486
10800 -0.0833351
10820 -0.0833491
10840 -0.0833521
10860 -0.0833287
10880 -0.0833386
10900 -0.0833545
10920 -0.0833325
10940 -0.0833344
10960 -0.0833545
10980 -0.083334
11000 -0.0833333
11020 -0.0833628
11040 -0.083344
11060 -0.0833316
11080 -0.0833702
11100 -0.0833736
11120 -0.0833575
11140 -0.0833828
11160 -0.0833967
11180 -0.0834013
11200 -0.0834369
11220 -0.0834516
11240 -0.083462
11260 -0.0835227
11280 -0.0835638
11300 -0.0835797
11320 -0.0836542
11340 -0.0837373
11360 -0.0837898
11380 -0.0838859
11400 -0.0840065
11420 -0.0841148
11440 -0.0842653
11460 -0.0844417
11480 -0.0846188
11500 -0.0848491
11520 -0.0851074
11540 -0.0853712
11560 -0.0857096
11580 -0.0860965
11600 -0.0864871
11620 -0.0869552
11640 -0.087499
11660 -0.088067
11680 -0.0887129
11700 -0.089443
11720 -0.0902176
11740 -0.0910896
11760 -0.092062
11780 -0.0930834
11800 -0.0942014
11820 -0.0954404
11840 -0.0967582
11860 -0.0981764
11880 -0.099702
11900 -0.101304
11920 -0.103023
11940 -0.104865
11960 -0.106775
11980 -0.10878
12000 -0.110901
12020 -0.113087
12040 -0.11536
12060 -0.117736
12080 -0.120146
12100 -0.122606
12120 -0.125143
12140 -0.127701
12160 -0.130289
12180 -0.132913
12200 -0.135498
12220 -0.138065
12240 -0.140636
12260 -0.143149
12280 -0.14563
12300 -0.148063
12320 -0.150359
12340 -0.152554
12360 -0.154672
12380 -0.15666
12400 -0.158555
12420 -0.160331
12440 -0.16191
12460 -0.16334
12480 -0.164612
12500 -0.165673
12520 -0.166581
12540 -0.167348
12560 -0.167943
12580 -0.168397
12600 -0.168671
12620 -0.168713
12640 -0.168546
12660 -0.168133
12680 -0.167433
12700 -0.166478
12720 -0.165236
12740 -0.163693
12760 -0.161913
12780 -0.159889
12800 -0.15761
12820 -0.155138
12840 -0.152485
12860 -0.14966
12880 -0.146724
12900 -0.143669
12920 -0.140505
12940 -0.137295
12960 -0.134039
12980 -0.130758
13000 -0.127504
13020 -0.124255
13040 -0.121043
13060 -0.117935
13080 -0.114908
13100 -0.111964
13120 -0.109148
13140 -0.106444
13160 -0.103872
13180 -0.101453
13200 -0.0991502
13220 -0.0969862
13240 -0.0949792
13260 -0.0930984
13280 -0.0913754
13300 -0.089807
13320 -0.088342
13340 -0.0870146
13360 -0.085827
13380 -0.0847351
13400 -0.0837614
13420 -0.0828873
13440 -0.0820833
13460 -0.0813925
13480 -0.0807922
13500 -0.0802488
13520 -0.0797864
13540 -0.0793709
13560 -0.0789972
13580 -0.0787009
13600 -0.0784335
13620 -0.0781892
13640 -0.0779981
13660 -0.0778188
13680 -0.0776709
13700 -0.0775709
13720 -0.0774558
13740 -0.0773497
13760 -0.0772772
13780 -0.0771975
13800 -0.0771397
13820 -0.077098
13840 -0.0770302
13860 -0.0769759
13880 -0.0769252
13900 -0.0768575
13920 -0.0768189
13940 -0.0767715
13960 -0.0766883
13980 -0.0766273
14000 -0.076566
14020 -0.0764809
14040 -0.0763981
14060 -0.0762878
14080 -0.0761598
14100 -0.076049
14120 -0.0759192
14140 -0.0757748
14160 -0.0756295
14180 -0.0754444
14200 -0.0752454
14220 -0.0750572
14240 -0.0748424
14260 -0.0746097
14280 -0.0743626
14300 -0.0740778
14320 -0.0737864
14340 -0.0734922
14360 -0.0731727
14380 -0.0728465
14400 -0.0725006
14420 -0.0721276
14440 -0.0717654
14460 -0.071397
14480 -0.0710042
14500 -0.0706092
14520 -0.0701967
14540 -0.0697758
14560 -0.0693736
14580 -0.0689603
14600 -0.0685382
14620 -0.068129
14640 -0.0677128
14660 -0.0673103
14680 -0.0669414
14700 -0.0665816
14720 -0.0662405
14740 -0.0659172
14760 -0.0656012
14780 -0.065332
14800 -0.0651076
14820 -0.064897
14840 -0.0647166
14860 -0.0645635
14880 -0.0644304
14900 -0.0643415
14920 -0.0642922
14940 -0.0642726
14960 -0.0642798
14980 -0.0642978
15000 -0.0643335
15020 -0.0644013
15040 -0.0644935
15060 -0.0646088
15080 -0.0647463
15100 -0.0648921
15120 -0.0650446
15140 -0.0652161
15160 -0.0654094
15180 -0.0656203
15200 -0.0658407
15220 -0.0660595
15240 -0.0662785
15260 -0.0665029
15280 -0.0667289
15300 -0.0669611
15320 -0.0672039
15340 -0.0674425
15360 -0.0676674
15380 -0.067883
15400 -0.0680891
15420 -0.0682926
15440 -0.0685029
15460 -0.0687083
15480 -0.0688978
15500 -0.0690749
15520 -0.0692364
15540 -0.0693839
15560 -0.0695306
15580 -0.069675
15600 -0.0698117
15620 -0.0699433
15640 -0.0700567
15660 -0.0701462
15680 -0.0702318
15700 -0.070318
15720 -0.0703981
15740 -0.0704807
15760 -0.0705594
15780 -0.0706182
15800 -0.0706648
15820 -0.0707047
15840 -0.0707381
15860 -0.0707818
15880 -0.070833
15900 -0.0708723
15920 -0.0709088
15940 -0.0709428
15960 -0.0709542
15980 -0.07096
16000 -0.0709836
16020 -0.0710122
16040 -0.0710415
16060 -0.0710746
16080 -0.0710954
16100 -0.0711053
16120 -0.0711151
16140 -0.0711172
16160 -0.0711223
16180 -0.0711481
16200 -0.0711762
16220 -0.0711936
16240 -0.071207
16260 -0.0712063
16280 -0.0711898
16300 -0.0711749
16320 -0.0711624
16340 -0.0711516
16360 -0.0711474
16380 -0.0711347
16400 -0.0711024
16420 -0.0710516
16440 -0.0709728
16460 -0.0708705
16480 -0.0707624
16500 -0.070642
16520 -0.0705052
16540 -0.0703585
16560 -0.0701798
16580 -0.0699516
16600 -0.0696827
16620 -0.0693637
16640 -0.0689873
16660 -0.0685723
16680 -0.0681177
16700 -0.0676134
16720 -0.0670636
16740 -0.0664454
16760 -0.0657353
16780 -0.0649441
16800 -0.064059
16820 -0.0630573
16840 -0.0619625
16860 -0.0607866
16880 -0.0595108
16900 -0.0581424
16920 -0.0566794
16940 -0.055094
16960 -0.0533864
16980 -0.051552
17000 -0.0495629
17020 -0.0474338
17040 -0.0451867
17060 -0.0428069
17080 -0.0403118
17100 -0.0377332
17120 -0.035054
17140 -0.0322722
17160 -0.029411
17180 -0.0264508
17200 -0.0233796
17220 -0.0202225
17240 -0.0169773
17260 -0.0136448
17280 -0.010267
17300 -0.00686405
17320 -0.00344445
17340 -5.06913e-05
17360 0.00329149
17380 0.00657941
17400 0.00978805
17420 0.012905
17440 0.0159421
17460 0.0188879
17480 0.0217288
17500 0.0244772
17520 0.0271316
17540 0.0296691
17560 0.032074
17580 0.0343326
17600 0.0364213
17620 0.0383106
17640 0.0399693
17660 0.0413707
17680 0.0424923
17700 0.0433145
17720 0.0438173
17740 0.0439818
17760 0.0438003
17780 0.0432703
17800 0.0423789
17820 0.0411263
17840 0.0395344
17860 0.0376098
17880 0.0353592
17900 0.0328162
17920 0.0300014
17940 0.0269241
17960 0.0236222
17980 0.020127
18000 0.0164537
18020 0.0126453
18040 0.00873719
18060 0.00473705
18080 0.000679765
18100 -0.00339403
18120 -0.0074727
18140 -0.0115267
18160 -0.015523
18180 -0.0194627
18200 -0.0233251
18220 -0.02707
18240 -0.0306981
18260 -0.0342108
18280 -0.0375807
18300 -0.0408008
18320 -0.0438752
18340 -0.046792
18360 -0.0495483
18380 -0.0521473
18400 -0.0545842
18420 -0.0568636
18440 -0.0589902
18460 -0.0609601
18480 -0.0627813
18500 -0.0644673
18520 -0.0660214
18540 -0.0674468
18560 -0.0687522
18580 -0.0699513
18600 -0.0710557
18620 -0.0720642
18640 -0.0729799
18660 -0.0738174
18680 -0.0745804
18700 -0.0752718
18720 -0.0759033
18740 -0.0764731
18760 -0.0769846
18780 -0.0774593
18800 -0.0778957
18820 -0.0782838
18840 -0.078638
18860 -0.078962
18880 -0.0792504
18900 -0.0795183
18920 -0.0797638
18940 -0.0799747
18960 -0.0801736
18980 -0.0803675
19000 -0.0805298
19020 -0.0806706
19040 -0.0808113
19060 -0.0809356
19080 -0.0810405
19100 -0.0811427
19120 -0.0812359
19140 -0.0813165
19160 -0.0813917
19180 -0.0814539
19200 -0.0815065
19220 -0.0815631
19240 -0.0816141
19260 -0.0816511
19280 -0.0816844
19300 -0.081716
19320 -0.0817435
19340 -0.0817684
19360 -0.0817882
19380 -0.081806
19400 -0.0818224
19420 -0.0818317
19440 -0.0818425
19460 -0.0818569
19480 -0.0818599
19500 -0.0818614
19520 -0.0818743
19540 -0.0818782
19560 -0.0818727
19580 -0.0818792
19600 -0.0818848
19620 -0.0818815
19640 -0.0818861
19660 -0.0818884
19680 -0.0818828
19700 -0.0818899
19720 -0.0818972
19740 -0.0818886
19760 -0.0818906
19780 -0.0819035
19800 -0.0819011
19820 -0.0818971
19840 -0.0819058
19860 -0.0819102
19880 -0.0819087
19900 -0.0819123
19920 -0.0819167
19940 -0.081917
19960 -0.0819162
19980 -0.0819186
20000 -0.0819218
20020 -0.0819143
20040 -0.081903
20060 -0.0819006
20080 -0.081887
20100 -0.0818537
20120 -0.0818209
20140 -0.0817739
20160 -0.0816905
20180 -0.0815867
20200 -0.0814505
20220 -0.0812473
20240 -0.0809858
20260 -0.0806578
20280 -0.0802153
20300 -0.0796542
20320 -0.0789827
20340 -0.0781554
20360 -0.0771451
20380 -0.0759733
20400 -0.0746397
20420 -0.0731233
20440 -0.0714378
20460 -0.0696202
20480 -0.0676894
20500 -0.0656594
20520 -0.063575
20540 -0.0614766
20560 -0.0593616
20580 -0.0572426
20600 -0.0551614
20620 -0.0531086
20640 -0.0510483
20660 -0.048995
20680 -0.0469621
20700 -0.0449268
20720 -0.0428948
20740 -0.0409003
20760 -0.0389594
20780 -0.0370847
20800 -0.0352979
20820 -0.0336118
20840 -0.0320225
20860 -0.0305174
20880 -0.0290891
20900 -0.0277273
20920 -0.0264123
20940 -0.0251475
20960 -0.0239605
20980 -0.0228564
21000 -0.0218327
21020 -0.0209041
21040 -0.0200699
21060 -0.0193101
21080 -0.0186076
21100 -0.0179472
21120 -0.0173251
21140 -0.0167457
21160 -0.0162077
21180 -0.0157309
21200 -0.015335
21220 -0.0149892
21240 -0.0146709
21260 -0.0143967
21280 -0.0141473
21300 -0.0138898
21320 -0.0136492
21340 -0.0134545
21360 -0.0132962
21380 -0.0131661
21400 -0.013062
21420 -0.0129772
21440 -0.0128992
21460 -0.0128084
21480 -0.0127145
21500 -0.0126496
21520 -0.0126083
21540 -0.0125788
21560 -0.0125771
21580 -0.0125875
21600 -0.0125759
21620 -0.0125527
21640 -0.012542
21660 -0.0125532
21680 -0.0125909
21700 -0.0126395
21720 -0.0126912
21740 -0.0127611
21760 -0.0128315
21780 -0.0128835
21800 -0.0129586
21820 -0.0130854
21840 -0.0132365
21860 -0.0133976
21880 -0.0135755
21900 -0.0137705
21920 -0.0139889
21940 -0.014239
21960 -0.0145286
21980 -0.0148735
22000 -0.0152697
22020 -0.0156972
22040 -0.0161588
22060 -0.0166706
22080 -0.0172477
22100 -0.0179057
22120 -0.0186395
22140 -0.0194378
22160 -0.0203133
22180 -0.0212725
22200 -0.0223068
22220 -0.0234317
22240 -0.0246747
22260 -0.0260383
22280 -0.027506
22300 -0.0290631
22320 -0.0307149
22340 -0.0324918
22360 -0.0344148
22380 -0.0364695
22400 -0.0386277
22420 -0.0408855
22440 -0.0432662
22460 -0.0457773
22480 -0.0484002
22500 -0.0511283
22520 -0.0539633
22540 -0.0568875
22560 -0.0598926
22580 -0.0629849
22600 -0.0661445
22620 -0.0693449
22640 -0.0725861
22660 -0.0758649
22680 -0.0791598
22700 -0.0824494
22720 -0.0857131
22740 -0.0889292
22760 -0.0920802
22780 -0.095155
22800 -0.098151
22820 -0.101055
22840 -0.103833
22860 -0.106452
22880 -0.108881
22900 -0.111094
22920 -0.1131
22940 -0.114925
22960 -0.116563
22980 -0.118005
23000 -0.11924
23020 -0.120212
23040 -0.120869
23060 -0.121201
23080 -0.121186
23100 -0.120794
23120 -0.120023
23140 -0.118866
23160 -0.117314
23180 -0.115393
23200 -0.113135
23220 -0.110559
23240 -0.107681
23260 -0.104519
23280 -0.101096
23300 -0.0974566
23320 -0.0936452
23340 -0.0896914
23360 -0.0856195
23380 -0.0814455
23400 -0.0772002
23420 -0.0729416
23440 -0.0687045
23460 -0.064493
23480 -0.0603309
23500 -0.05625
23520 -0.0522624
23540 -0.0483944
23560 -0.044682
23580 -0.0411227
23600 -0.0376984
23620 -0.0344326
23640 -0.0313636
23660 -0.0284886
23680 -0.0257828
23700 -0.0232472
23720 -0.020892
23740 -0.0187096
23760 -0.0167002
23780 -0.0148743
23800 -0.0132116
23820 -0.0116771
23840 -0.0102739
23860 -0.00902309
23880 -0.00791346
23900 -0.00691397
23920 -0.00601202
23940 -0.00521015
23960 -0.00450337
23980 -0.00388364
24000 -0.0033473
24020 -0.00287667
24040 -0.00244869
24060 -0.00207251
24080 -0.00176686
24100 -0.00151331
24120 -0.00128541
24140 -0.00108304
24160 -0.0009076
24180 -0.000756509
24200 -0.000638153
24220 -0.000549636
24240 -0.00046783
24260 -0.000383489
24280 -0.000314936
24300 -0.000276209
24320 -0.00024835
24340 -0.000207332
24360 -0.000166457
24380 -0.000144683
24400 -0.000128611
24420 -0.000113797
24440 -0.000113143
24460 -0.000108739
24480 -8.41493e-05
24500 -6.80413e-05
24520 -7.51988e-05
24540 -7.85884e-05
24560 -6.71672e-05
24580 -5.84765e-05
24600 -6.18881e-05
24620 -6.82938e-05
24640 -6.6006e-05
24660 -5.97224e-05
24680 -5.89794e-05
24700 -5.60033e-05
24720 -5.01862e-05
24740 -5.51118e-05
24760 -6.01013e-05
24780 -5.29321e-05
24800 -5.41757e-05
24820 -6.60397e-05
24840 -6.17328e-05
24860 -4.67325e-05
24880 -4.38089e-05
24900 -4.71614e-05
24920 -4.85591e-05
24940 -5.2167e-05
24960 -5.15115e-05
24980 -4.15798e-05
25000 -3.65533e-05
25020 -4.56294e-05
25040 -5.09611e-05
25060 -3.34857e-05
25080 -9.86124e-06
25100 -7.40975e-06
25120 -1.55856e-05
25140 -1.13652e-05
25160 -9.91554e-07
25180 6.87308e-06
25200 2.03537e-05
25220 3.78133e-05
25240 5.04065e-05
25260 6.53174e-05
25280 9.28536e-05
25300 0.000124078
25320 0.000145322
25340 0.000165808
25360 0.000200331
25380 0.000237016
25400 0.000265009
25420 0.000302164
25440 0.000358788
25460 0.000424614
25480 0.000493434
25500 0.000557939
25520 0.00061867
25540 0.000697917
25560 0.000796346
25580 0.000888447
25600 0.000976204
25620 0.00107509
25640 0.00118289
25660 0.00130425
25680 0.0014443
25700 0.00159048
25720 0.00174037
25740 0.0019018
25760 0.00207118
25780 0.00224412
25800 0.00241928
25820 0.00259899
25840 0.00279301
25860 0.00299283
25880 0.00318021
25900 0.00336774
25920 0.00357234
25940 0.00378783
25960 0.00401288
25980 0.00424267
26000 0.00446036
26020 0.00467569
26040 0.0049055
26060 0.00513138
26080 0.00533854
26100 0.00554162
26120 0.00574444
26140 0.00592832
26160 0.00608226
26180 0.0062176
26200 0.00634857
26220 0.00647076
26240 0.00657645
26260 0.00666636
26280 0.00673474
26300 0.00678384
26320 0.00683105
26340 0.00687437
26360 0.0069048
26380 0.00693409
26400 0.00696165
26420 0.00697599
26440 0.00698581
26460 0.00699141
26480 0.00698568
26500 0.00698971
26520 0.00701172
26540 0.00702397
26560 0.00701875
26580 0.00701421
26600 0.00701656
26620 0.00701914
26640 0.00701441
26660 0.00701063
26680 0.00702562
26700 0.00704613
26720 0.0070475
26740 0.00704036
26760 0.00703986
26780 0.00704298
26800 0.00705292
26820 0.00706836
26840 0.00708291
26860 0.00710581
26880 0.00713335
26900 0.00714657
26920 0.00715582
26940 0.00718007
26960 0.00721333
26980 0.00725452
27000 0.0073124
27020 0.00737802
27040 0.00744037
27060 0.007508
27080 0.00758953
27100 0.0076774
27120 0.00777121
27140 0.00789266
27160 0.00804972
27180 0.00822411
27200 0.00841207
27220 0.00862229
27240 0.00885141
27260 0.00910472
27280 0.0093883
27300 0.00969362
27320 0.0100404
27340 0.0104562
27360 0.0109164
27380 0.011402
27400 0.01194
27420 0.0125342
27440 0.013165
27460 0.0138375
27480 0.0145632
27500 0.0153547
27520 0.0162269
27540 0.0171682
27560 0.0181693
27580 0.0192493
27600 0.0204066
27620 0.0216181
27640 0.0228796
27660 0.0241959
27680 0.0255723
27700 0.0270128
27720 0.0285068
27740 0.0300567
27760 0.0316823
27780 0.0333735
27800 0.0351084
27820 0.0368877
27840 0.0387014
27860 0.0405281
27880 0.0423608
27900 0.0441859
27920 0.0459871
27940 0.0477685
27960 0.049528
27980 0.0512523
28000 0.0529432
28020 0.0546043
28040 0.0562276
28060 0.057807
28080 0.0593385
28100 0.0608115
28120 0.0622101
28140 0.0635218
28160 0.0647386
28180 0.065839
28200 0.0667984
28220 0.0676148
28240 0.0682816
28260 0.0687725
28280 0.0690811
28300 0.0692129
28320 0.0691564
28340 0.0689115
28360 0.0684858
28380 0.06787
28400 0.0670759
28420 0.0661295
28440 0.0650225
28460 0.0637538
28480 0.0623608
28500 0.0608596
28520 0.0592422
28540 0.0575261
28560 0.0557368
28580 0.0538852
28600 0.0519835
28620 0.0500424
28640 0.0480683
28660 0.0460836
28680 0.0441099
28700 0.0421406
28720 0.0401724
28740 0.0382354
28760 0.0363485
28780 0.0344934
28800 0.0326681
28820 0.0308988
28840 0.0291911
28860 0.0275386
28880 0.025945
28900 0.0244089
28920 0.0229384
28940 0.0215516
28960 0.0202341
28980 0.0189685
29000 0.017779
29020 0.0166747
29040 0.0156283
29060 0.0146351
29080 0.0137053
29100 0.0128308
29120 0.0120046
29140 0.0112225
29160 0.0104768
29180 0.00977371
29200 0.00911756
29220 0.00849531
29240 0.00790306
29260 0.00735201
29280 0.00684193
29300 0.00635634
29320 0.00588686
29340 0.00544607
29360 0.0050398
29380 0.00465219
29400 0.00427956
29420 0.00393391
29440 0.00361471
29460 0.00331896
29480 0.00304295
29500 0.00277339
29520 0.00251847
29540 0.00229426
29560 0.0020827
29580 0.00187589
29600 0.00169536
29620 0.00153393
29640 0.00137376
29660 0.00122555
29680 0.00109169
29700 0.00096678
29720 0.000858524
29740 0.000757809
29760 0.000655309
29780 0.00056857
29800 0.0004967
29820 0.0004196
29840 0.000343179
29860 0.000279035
29880 0.000221885
29900 0.00016648
29920 0.000109306
29940 5.17477e-05
29960 0
