-20 0
0 4.69408e-115
20 2.13328e-114
40 9.19331e-114
60 3.9356e-113
80 1.67765e-112
100 7.12196e-112
120 3.01098e-111
140 1.26773e-110
160 5.31562e-110
180 2.21969e-109
200 9.2308e-109
220 3.82293e-108
240 1.57675e-107
260 6.47647e-107
280 2.64925e-106
300 1.07924e-105
320 4.37844e-105
340 1.76901e-104
360 7.11787e-104
380 2.85218e-103
400 1.13819e-102
420 4.52332e-102
440 1.79023e-101
460 7.05616e-101
480 2.76972e-100
500 1.0827e-99
520 4.21493e-99
540 1.6341e-98
560 6.30919e-98
580 2.42591e-97
600 9.28929e-97
620 3.54239e-96
640 1.34529e-95
660 5.08795e-95
680 1.91635e-94
700 7.18805e-94
720 2.68506e-93
740 9.9885e-93
760 3.70043e-92
780 1.36524e-91
800 5.01615e-91
820 1.83542e-90
840 6.68814e-90
860 2.42705e-89
880 8.77112e-89
900 3.15671e-88
920 1.13141e-87
940 4.03836e-87
960 1.43547e-86
980 5.08142e-86
1000 1.79134e-85
1020 6.28889e-85
1040 2.19873e-84
1060 7.65545e-84
1080 2.65443e-83
1100 9.16583e-83
1120 3.15191e-82
1140 1.07939e-81
1160 3.68112e-81
1180 1.25021e-80
1200 4.22849e-80
1220 1.42425e-79
1240 4.77737e-79
1260 1.59584e-78
1280 5.30871e-78
1300 1.75868e-77
1320 5.80207e-77
1340 1.90624e-76
1360 6.2369e-76
1380 2.03216e-75
1400 6.59393e-75
1420 2.13073e-74
1440 6.85667e-74
1460 2.19735e-73
1480 7.01295e-73
1500 2.22913e-72
1520 7.0575e-72
1540 2.22602e-71
1560 6.99712e-71
1580 2.19312e-70
1600 6.85993e-70
1620 2.14378e-69
1640 6.70245e-69
1660 2.09934e-68
1680 6.59486e-68
1700 2.07873e-67
1720 6.57129e-67
1740 2.08044e-66
1760 6.58337e-66
1780 2.07822e-65
1800 6.53689e-65
1820 2.04905e-64
1840 6.41172e-64
1860 2.00879e-63
1880 6.32356e-63
1900 2.00615e-62
1920 6.42391e-62
1940 2.07542e-61
1960 6.75168e-61
1980 2.20531e-60
2000 7.21119e-60
2020 2.35488e-59
2040 7.66663e-59
2060 2.4857e-58
2080 8.02128e-58
2100 2.57552e-57
2120 8.22731e-57
2140 2.61458e-56
2160 8.26586e-56
2180 2.59964e-55
2200 8.13343e-55
2220 2.53144e-54
2240 7.83777e-54
2260 2.41405e-53
2280 7.39648e-53
2300 2.25439e-52
2320 6.83522e-52
2340 2.06156e-51
2360 6.18522e-51
2380 1.84599e-50
2400 5.48042e-50
2420 1.61848e-49
2440 4.75453e-49
2460 1.38935e-48
2480 4.03849e-48
2500 1.16768e-47
2520 3.35835e-47
2540 9.60774e-47
2560 2.73406e-46
2580 7.739e-46
2600 2.17895e-45
2620 6.10231e-45
2640 1.6999e-44
2660 4.71009e-44
2680 1.29811e-43
2700 3.55851e-43
2720 9.70276e-43
2740 2.63143e-42
2760 7.09827e-42
2780 1.90448e-41
2800 5.08233e-41
2820 1.34898e-40
2840 3.56126e-40
2860 9.35093e-40
2880 2.44205e-39
2900 6.34313e-39
2920 1.63869e-38
2940 4.21046e-38
2960 1.07598e-37
2980 2.73472e-37
3000 6.91284e-37
3020 1.73792e-36
3040 4.34543e-36
3060 1.08059e-35
3080 2.67246e-35
3100 6.57328e-35
3120 1.60794e-34
3140 3.91176e-34
3160 9.46423e-34
3180 2.27723e-33
3200 5.44923e-33
3220 1.29678e-32
3240 3.069e-32
3260 7.22314e-32
3280 1.69063e-31
3300 3.93517e-31
3320 9.10891e-31
3340 2.09679e-30
3360 4.79984e-30
3380 1.09264e-29
3400 2.47347e-29
3420 5.56814e-29
3440 1.24648e-28
3460 2.77476e-28
3480 6.14232e-28
3500 1.35208e-27
3520 2.95958e-27
3540 6.44189e-27
3560 1.39428e-26
3580 3.0008e-26
3600 6.42202e-26
3620 1.36662e-25
3640 2.8918e-25
3660 6.08448e-25
3680 1.27296e-24
3700 2.64811e-24
3720 5.47753e-24
3740 1.12657e-23
3760 2.30386e-23
3780 4.68457e-23
3800 9.47108e-23
3820 1.90389e-22
3840 3.80532e-22
3860 7.56218e-22
3880 1.49419e-21
3900 2.93535e-21
3920 5.73339e-21
3940 1.11341e-20
3960 2.14974e-20
3980 4.1267e-20
4000 7.87591e-20
4020 1.49443e-19
4040 2.81921e-19
4060 5.28747e-19
4080 9.85906e-19
4100 1.82763e-18
4120 3.36821e-18
4140 6.17115e-18
4160 1.12405e-17
4180 2.03542e-17
4200 3.6641e-17
4220 6.55725e-17
4240 1.16658e-16
4260 2.06318e-16
4280 3.62735e-16
4300 6.33967e-16
4320 1.10145e-15
4340 1.9023e-15
4360 3.26593e-15
4380 5.57367e-15
4400 9.45539e-15
4420 1.59447e-14
4440 2.67269e-14
4460 4.45318e-14
4480 7.37526e-14
4500 1.21413e-13
4520 1.98668e-13
4540 3.23118e-13
4560 5.22347e-13
4580 8.39303e-13
4600 1.34039e-12
4620 2.12763e-12
4640 3.35664e-12
4660 5.26321e-12
4680 8.20217e-12
4700 1.27038e-11
4720 1.95551e-11
4740 2.99157e-11
4760 4.54828e-11
4780 6.87219e-11
4800 1.0319e-10
4820 1.53981e-10
4840 2.28336e-10
4860 3.36477e-10
4880 4.92719e-10
4900 7.16967e-10
4920 1.03669e-09
4940 1.48947e-09
4960 2.12641e-09
4980 3.01636e-09
5000 3.89257e-09
5020 5.08582e-09
5040 6.67906e-09
5060 8.77863e-09
5080 1.1519e-08
5100 1.50682e-08
5120 1.96348e-08
5140 2.54748e-08
5160 3.29004e-08
5180 4.22896e-08
5200 5.40961e-08
5220 6.88608e-08
5240 8.72229e-08
5260 1.09933e-07
5280 1.37862e-07
5300 1.72017e-07
5320 2.13548e-07
5340 2.63753e-07
5360 3.24091e-07
5380 3.96174e-07
5400 4.81769e-07
5420 5.82782e-07
5440 7.01244e-07
5460 8.39281e-07
5480 9.99075e-07
5500 1.18281e-06
5520 1.39263e-06
5540 1.63053e-06
5560 1.8983e-06
5580 2.19738e-06
5600 2.52882e-06
5620 2.89306e-06
5640 3.28987e-06
5660 3.7182e-06
5680 4.17602e-06
5700 4.66019e-06
5720 5.16637e-06
5740 5.68888e-06
5760 6.22066e-06
5780 6.7532e-06
5800 7.27653e-06
5820 7.77929e-06
5840 8.2488e-06
5860 8.67124e-06
5880 9.03185e-06
5900 9.31519e-06
5920 9.50554e-06
5940 9.58722e-06
5960 9.54512e-06
5980 9.3651e-06
6000 9.0346e-06
6020 8.54309e-06
6040 7.88261e-06
6060 7.04829e-06
6080 6.03878e-06
6100 4.8566e-06
6120 3.50845e-06
6140 2.0054e-06
6160 3.62916e-07
6180 -1.39921e-06
6200 -3.25707e-06
6220 -5.18304e-06
6240 -7.14615e-06
6260 -9.1124e-06
6280 -1.10433e-05
6300 -1.28875e-05
6320 -1.45448e-05
6340 -1.57371e-05
6360 -1.56084e-05
6380 -1.16307e-05
6400 2.97369e-06
6420 4.43853e-05
6440 0.000146537
6460 0.000370955
6480 0.000811693
6500 0.0015844
6520 0.0027911
6540 0.00446898
6560 0.00655757
6580 0.00892662
6600 0.0114664
6620 0.014168
6640 0.0171005
6660 0.0202887
6680 0.0236375
6700 0.0270179
6720 0.030408
6740 0.0338733
6760 0.037402
6780 0.040872
6800 0.0442205
6820 0.0475106
6840 0.0507586
6860 0.0538586
6880 0.0567659
6900 0.0595588
6920 0.0622374
6940 0.0647039
6960 0.0669742
6980 0.0691298
7000 0.0711181
7020 0.0728856
7040 0.0745186
7060 0.0760338
7080 0.0773526
7100 0.0785268
7120 0.0796207
7140 0.0805616
7160 0.0813654
7180 0.0821169
7200 0.0827585
7220 0.0832816
7240 0.0837758
7260 0.0841939
7280 0.0845159
7300 0.0848297
7320 0.0850897
7340 0.0852753
7360 0.0854707
7380 0.0856232
7400 0.0857223
7420 0.0858446
7440 0.0859256
7460 0.0859751
7480 0.0860538
7500 0.0860878
7520 0.0861141
7540 0.0861653
7560 0.0861694
7580 0.0861903
7600 0.0862197
7620 0.0862089
7640 0.0862329
7660 0.0862409
7680 0.0862302
7700 0.0862555
7720 0.0862447
7740 0.0862463
7760 0.0862629
7780 0.086244
7800 0.0862603
7820 0.0862584
7840 0.0862482
7860 0.0862674
7880 0.08625
7900 0.0862588
7920 0.0862631
7940 0.0862487
7960 0.0862673
7980 0.0862525
8000 0.0862579
8020 0.0862639
8040 0.0862493
8060 0.086267
8080 0.0862527
8100 0.0862587
8120 0.0862628
8140 0.0862503
8160 0.0862669
8180 0.0862515
8200 0.0862611
8220 0.08626
8240 0.0862526
8260 0.0862661
8280 0.0862503
8300 0.0862641
8320 0.0862558
8340 0.0862568
8360 0.0862632
8380 0.0862512
8400 0.0862658
8420 0.0862519
8440 0.0862622
8460 0.0862576
8480 0.0862557
8500 0.0862634
8520 0.0862516
8540 0.0862652
8560 0.0862523
8580 0.0862623
8600 0.0862568
8620 0.0862571
8640 0.0862618
8660 0.0862529
8680 0.0862645
8700 0.086252
8720 0.0862637
8740 0.0862544
8760 0.0862602
8780 0.0862584
8800 0.0862561
8820 0.086262
8840 0.0862533
8860 0.0862638
8880 0.0862527
8900 0.0862633
8920 0.0862542
8940 0.086261
8960 0.086257
8980 0.0862581
9000 0.0862598
9020 0.0862555
9040 0.086262
9060 0.0862539
9080 0.0862629
9100 0.0862537
9120 0.0862626
9140 0.0862545
9160 0.0862613
9180 0.086256
9200 0.0862596
9220 0.0862578
9240 0.0862579
9260 0.0862594
9280 0.0862565
9300 0.0862606
9320 0.0862555
9340 0.0862613
9360 0.086255
9380 0.0862615
9400 0.086255
9420 0.0862614
9440 0.0862554
9460 0.0862609
9480 0.0862559
9500 0.0862603
9520 0.0862565
9540 0.0862597
9560 0.0862571
9580 0.0862591
9600 0.0862577
9620 0.0862586
9640 0.0862581
9660 0.0862582
9680 0.0862584
9700 0.086258
9720 0.0862586
9740 0.0862578
9760 0.0862587
9780 0.0862578
9800 0.0862588
9820 0.0862578
9840 0.0862587
9860 0.0862579
9880 0.0862586
9900 0.086258
9920 0.0862585
9940 0.0862581
9960 0.0862583
9980 0.0862582
10000 0.0862583
10020 0.0862581
10040 0.0862586
10060 0.0862577
10080 0.086259
10100 0.0862575
10120 0.086259
10140 0.0862575
10160 0.0862591
10180 0.0862573
10200 0.0862594
10220 0.0862569
10240 0.0862598
10260 0.0862567
10280 0.0862598
10300 0.0862568
10320 0.0862598
10340 0.0862566
10360 0.0862601
10380 0.0862563
10400 0.0862603
10420 0.0862563
10440 0.08626
10460 0.0862567
10480 0.0862597
10500 0.0862568
10520 0.0862597
10540 0.0862569
10560 0.0862594
10580 0.0862575
10600 0.0862586
10620 0.0862584
10640 0.0862578
10660 0.0862591
10680 0.0862572
10700 0.0862597
10720 0.0862564
10740 0.0862607
10760 0.0862552
10780 0.0862618
10800 0.0862543
10820 0.0862624
10840 0.086254
10860 0.0862626
10880 0.0862538
10900 0.0862628
10920 0.0862537
10940 0.0862626
10960 0.0862544
10980 0.0862614
11000 0.086256
11020 0.0862595
11040 0.0862579
11060 0.0862577
11080 0.0862597
11100 0.0862559
11120 0.0862617
11140 0.0862536
11160 0.0862639
11180 0.0862518
11200 0.086265
11220 0.0862516
11240 0.0862644
11260 0.0862527
11280 0.086263
11300 0.0862545
11320 0.0862607
11340 0.0862574
11360 0.0862572
11380 0.0862614
11400 0.0862532
11420 0.086265
11440 0.0862505
11460 0.0862664
11480 0.0862502
11500 0.0862658
11520 0.0862517
11540 0.0862634
11560 0.086255
11580 0.086259
11600 0.0862603
11620 0.0862532
11640 0.0862658
11660 0.0862489
11680 0.0862684
11700 0.0862485
11720 0.0862668
11740 0.0862518
11760 0.0862622
11780 0.0862574
11800 0.0862558
11820 0.0862642
11840 0.0862492
11860 0.0862696
11880 0.0862461
11900 0.0862695
11920 0.0862498
11940 0.0862626
11960 0.0862588
11980 0.0862532
12000 0.0862675
12020 0.0862468
12040 0.0862713
12060 0.0862467
12080 0.0862685
12100 0.0862536
12120 0.0862597
12140 0.0862658
12160 0.0862492
12180 0.0862765
12200 0.0862466
12220 0.0862771
12240 0.0862587
12260 0.0862682
12280 0.0862802
12300 0.0862627
12320 0.0862994
12340 0.086275
12360 0.086312
12380 0.0863102
12400 0.0863276
12420 0.0863649
12440 0.0863656
12460 0.0864362
12480 0.0864494
12500 0.08653
12520 0.0865992
12540 0.0866747
12560 0.0868251
12580 0.0869259
12600 0.087142
12620 0.0873449
12640 0.0876071
12660 0.0879761
12680 0.0883336
12700 0.0888732
12720 0.0894515
12740 0.0901631
12760 0.0910731
12780 0.0920593
12800 0.093341
12820 0.0947983
12840 0.0965119
12860 0.0986057
12880 0.10095
12900 0.103775
12920 0.107032
12940 0.11075
12960 0.115136
12980 0.12007
13000 0.125749
13020 0.132246
13040 0.139508
13060 0.147795
13080 0.157056
13100 0.167367
13120 0.178936
13140 0.191657
13160 0.205708
13180 0.221187
13200 0.237991
13220 0.25633
13240 0.276186
13260 0.297472
13280 0.320367
13300 0.344755
13320 0.370537
13340 0.397833
13360 0.426439
13380 0.456209
13400 0.487197
13420 0.519127
13440 0.551766
13460 0.58511
13480 0.61885
13500 0.652631
13520 0.686393
13540 0.719867
13560 0.752581
13580 0.784363
13600 0.81508
13620 0.844271
13640 0.871541
13660 0.896827
13680 0.919979
13700 0.940537
13720 0.958127
13740 0.972738
13760 0.984485
13780 0.993245
13800 0.998625
13820 1.00018
13840 0.997584
13860 0.990724
13880 0.979619
13900 0.964393
13920 0.945239
13940 0.922399
13960 0.896162
13980 0.86685
14000 0.834819
14020 0.800445
14040 0.764119
14060 0.726243
14080 0.687216
14100 0.647436
14120 0.607283
14140 0.567124
14160 0.527298
14180 0.48812
14200 0.449872
14220 0.412804
14240 0.37713
14260 0.343029
14280 0.310644
14300 0.280085
14320 0.251425
14340 0.224709
14360 0.199953
14380 0.177144
14400 0.15625
14420 0.137217
14440 0.119975
14460 0.10444
14480 0.0905185
14500 0.0781094
14520 0.0671063
14540 0.0574009
14560 0.0488843
14580 0.041449
14600 0.0349908
14620 0.0294096
14640 0.0246103
14660 0.020504
14680 0.0170079
14700 0.0140458
14720 0.0115485
14740 0.00945315
14760 0.00770334
14780 0.00624893
14800 0.00504555
14820 0.00405421
14840 0.0032409
14860 0.00257608
14880 0.00203428
14900 0.0015936
14920 0.00123526
14940 0.000943261
14960 0.000703884
14980 0.000505399
15000 0.000395839
15020 0.000308806
15040 0.000239957
15060 0.000185722
15080 0.000143178
15100 0.000109944
15120 8.40904e-05
15140 6.40625e-05
15160 4.8612e-05
15180 3.67422e-05
15200 2.76611e-05
15220 2.07422e-05
15240 1.54925e-05
15260 1.15258e-05
15280 8.54082e-06
15300 6.30394e-06
15320 4.63453e-06
15340 3.39376e-06
15360 2.47535e-06
15380 1.79836e-06
15400 1.30135e-06
15420 9.37986e-07
15440 6.73409e-07
15460 4.81551e-07
15480 3.42995e-07
15500 2.4334e-07
15520 1.71957e-07
15540 1.21034e-07
15560 8.48551e-08
15580 5.92554e-08
15600 4.12153e-08
15620 2.85542e-08
15640 1.97044e-08
15660 1.35436e-08
15680 9.27231e-09
15700 6.32297e-09
15720 4.29472e-09
15740 2.90555e-09
15760 1.95795e-09
15780 1.31418e-09
15800 8.78596e-10
15820 5.85062e-10
15840 3.88057e-10
15860 2.5637e-10
15880 1.68701e-10
15900 1.10573e-10
15920 7.21871e-11
15940 4.69406e-11
15960 3.0403e-11
15980 1.96138e-11
16000 1.26034e-11
16020 8.06662e-12
16040 5.14249e-12
16060 3.26538e-12
16080 2.06524e-12
16100 1.30103e-12
16120 8.16358e-13
16140 5.10214e-13
16160 3.17615e-13
16180 1.96937e-13
16200 1.21627e-13
16220 7.48185e-14
16240 4.58422e-14
16260 2.79768e-14
16280 1.70062e-14
16300 1.02966e-14
16320 6.20949e-15
16340 3.72987e-15
16360 2.23155e-15
16380 1.32983e-15
16400 7.89331e-16
16420 4.66658e-16
16440 2.74797e-16
16460 1.61176e-16
16480 9.41597e-17
16500 5.47902e-17
16520 3.17552e-17
16540 1.83316e-17
16560 1.05405e-17
16580 6.0366e-18
16600 3.44349e-18
16620 1.95649e-18
16640 1.10721e-18
16660 6.241e-19
16680 3.5039e-19
16700 1.95939e-19
16720 1.09134e-19
16740 6.05445e-20
16760 3.34548e-20
16780 1.84126e-20
16800 1.00935e-20
16820 5.5111e-21
16840 2.99713e-21
16860 1.62347e-21
16880 8.75896e-22
16900 4.70685e-22
16920 2.51929e-22
16940 1.34306e-22
16960 7.13149e-23
16980 3.77168e-23
17000 1.98681e-23
17020 1.04243e-23
17040 5.44763e-24
17060 2.83553e-24
17080 1.47004e-24
17100 7.59084e-25
17120 3.90408e-25
17140 1.99992e-25
17160 1.02041e-25
17180 5.18563e-26
17200 2.62479e-26
17220 1.32328e-26
17240 6.64471e-27
17260 3.32326e-27
17280 1.65546e-27
17300 8.21363e-28
17320 4.05898e-28
17340 1.99784e-28
17360 9.79423e-29
17380 4.78235e-29
17400 2.32582e-29
17420 1.12661e-29
17440 5.43541e-30
17460 2.61188e-30
17480 1.25007e-30
17500 5.95909e-31
17520 2.82934e-31
17540 1.33798e-31
17560 6.30196e-32
17580 2.95639e-32
17600 1.38136e-32
17620 6.42853e-33
17640 2.97972e-33
17660 1.37562e-33
17680 6.32526e-34
17700 2.89679e-34
17720 1.32134e-34
17740 6.00299e-35
17760 2.7163e-35
17780 1.22418e-35
17800 5.49503e-36
17820 2.45669e-36
17840 1.09392e-36
17860 4.8515e-37
17880 2.143e-37
17900 9.42805e-38
17920 4.1312e-38
17940 1.80296e-38
17960 7.83695e-39
17980 3.39283e-39
18000 1.46295e-39
18020 6.28277e-40
18040 2.68735e-40
18060 1.14485e-40
18080 4.85762e-41
18100 2.05282e-41
18120 8.64028e-42
18140 3.62206e-42
18160 1.51228e-42
18180 6.28869e-43
18200 2.60457e-43
18220 1.07439e-43
18240 4.41403e-44
18260 1.80616e-44
18280 7.36082e-45
18300 2.98774e-45
18320 1.20783e-45
18340 4.86313e-46
18360 1.95017e-46
18380 7.78886e-47
18400 3.09828e-47
18420 1.22748e-47
18440 4.8434e-48
18460 1.9034e-48
18480 7.44999e-49
18500 2.90418e-49
18520 1.12755e-49
18540 4.36002e-50
18560 1.67913e-50
18580 6.44054e-51
18600 2.46038e-51
18620 9.36099e-52
18640 3.54717e-52
18660 1.3387e-52
18680 5.03181e-53
18700 1.88367e-53
18720 7.02302e-54
18740 2.60785e-54
18760 9.64447e-55
18780 3.55233e-55
18800 1.30312e-55
18820 4.76101e-56
18840 1.73243e-56
18860 6.27881e-57
18880 2.26668e-57
18900 8.15371e-58
18920 2.92434e-58
18940 1.04775e-58
18960 3.78874e-59
18980 1.36957e-59
19000 5.77135e-60
19020 1.92535e-60
19040 6.39484e-61
19060 2.11465e-61
19080 6.96206e-62
19100 2.28205e-62
19120 7.44737e-63
19140 2.41974e-63
19160 7.82752e-64
19180 2.52098e-64
19200 8.08355e-65
19220 2.58062e-65
19240 8.20231e-66
19260 2.5956e-66
19280 8.17762e-67
19300 2.56511e-67
19320 8.01077e-68
19340 2.49076e-68
19360 7.71041e-69
19380 2.37636e-69
19400 7.29184e-70
19420 2.22767e-70
19440 6.77569e-71
19460 2.05185e-71
19480 6.18624e-72
19500 1.85693e-72
19520 5.54952e-73
19540 1.65122e-73
19560 4.89149e-74
19580 1.44267e-74
19600 4.23626e-75
19620 1.23848e-75
19640 3.6048e-76
19660 1.04463e-76
19680 3.01395e-77
19700 8.6576e-78
19720 2.47598e-78
19740 7.04996e-79
19760 1.99855e-79
19780 5.6407e-80
19800 1.58504e-80
19820 4.4344e-81
19840 1.23515e-81
19860 3.42526e-82
19880 9.45707e-83
19900 2.59961e-83
19920 7.11459e-84
19940 1.93856e-84
19960 5.25896e-85
19980 1.42039e-85
20000 3.81949e-86
20020 1.02257e-86
20040 2.72564e-87
20060 7.23325e-88
20080 1.91112e-88
20100 5.02725e-89
20120 1.31663e-89
20140 3.43308e-90
20160 8.9124e-91
20180 2.30353e-91
20200 5.92765e-92
20220 1.51866e-92
20240 3.87371e-93
20260 9.83747e-94
20280 2.4873e-94
20300 6.26127e-95
20320 1.56923e-95
20340 3.9156e-96
20360 9.72747e-97
20380 2.40597e-97
20400 5.92475e-98
20420 1.45258e-98
20440 3.54566e-99
20460 8.61676e-100
20480 2.08488e-100
20500 5.02233e-101
20520 1.20454e-101
20540 2.87623e-102
20560 6.83779e-103
20580 1.61844e-103
20600 3.81389e-104
20620 8.94804e-105
20640 2.09015e-105
20660 4.86088e-106
20680 1.12549e-106
20700 2.59453e-107
20720 5.95475e-108
20740 1.36069e-108
20760 3.09558e-109
20780 7.01156e-110
20800 1.58116e-110
20820 3.54999e-111
20840 7.93537e-112
20860 1.76602e-112
20880 3.91304e-113
20900 8.63221e-114
20920 1.89591e-114
20940 4.14576e-115
20960 9.02565e-116
20980 1.95633e-116
21000 4.22178e-117
21020 9.07062e-118
21040 1.9403e-118
21060 4.13227e-119
21080 8.76189e-120
21100 1.84968e-120
21120 3.88762e-121
21140 8.13505e-122
21160 1.69483e-122
21180 3.51545e-123
21200 7.25979e-124
21220 1.49265e-124
21240 3.05548e-125
21260 6.22717e-126
21280 1.26355e-126
21300 2.55259e-127
21320 5.13404e-128
21340 1.02808e-128
21360 2.04967e-129
21380 4.06845e-130
21400 8.04015e-131
21420 1.58193e-131
21440 3.09885e-132
21460 6.04371e-133
21480 1.17353e-133
21500 2.26869e-134
21520 4.36661e-135
21540 8.36765e-136
21560 1.59643e-136
21580 3.03241e-137
21600 5.73474e-138
21620 1.07976e-138
21640 2.02411e-139
21660 3.77769e-140
21680 7.01954e-141
21700 1.29861e-141
21720 2.39189e-142
21740 4.38622e-143
21760 8.0081e-144
21780 1.45565e-144
21800 2.63436e-145
21820 4.74658e-146
21840 8.51482e-147
21860 1.52076e-147
21880 2.70417e-148
21900 4.78736e-149
21920 8.43816e-150
21940 1.48077e-150
21960 2.58713e-151
21980 4.50026e-152
22000 7.79373e-153
22020 1.34382e-153
22040 2.3069e-154
22060 3.94279e-155
22080 6.70917e-156
22100 1.13664e-156
22120 1.91719e-157
22140 3.21956e-158
22160 5.38291e-159
22180 8.9604e-160
22200 1.485e-160
22220 2.45027e-161
22240 4.02524e-162
22260 6.58352e-163
22280 1.07205e-163
22300 1.73804e-164
22320 2.80538e-165
22340 4.50832e-166
22360 7.21318e-167
22380 1.14902e-167
22400 1.82229e-168
22420 2.87738e-169
22440 4.52341e-170
22460 7.07984e-171
22480 1.10324e-171
22500 1.71161e-172
22520 2.64381e-173
22540 4.06578e-174
22560 6.22511e-175
22580 9.48941e-176
22600 1.44019e-176
22620 2.17616e-177
22640 3.27378e-178
22660 4.90341e-179
22680 7.312e-180
22700 1.08558e-180
22720 1.60464e-181
22740 2.36148e-182
22760 3.46001e-183
22780 5.04732e-184
22800 7.33049e-185
22820 1.05997e-185
22840 1.52597e-186
22860 2.18718e-187
22880 3.12114e-188
22900 4.43436e-189
22920 6.27245e-190
22940 8.83351e-191
22960 1.23856e-191
22980 1.72899e-192
23000 2.40301e-193
23020 3.32513e-194
23040 4.58089e-195
23060 6.28319e-196
23080 8.58025e-197
23100 1.16656e-197
23120 1.57909e-198
23140 2.12811e-199
23160 2.85542e-200
23180 3.81448e-201
23200 5.07329e-202
23220 6.71789e-203
23240 8.85656e-204
23260 1.16248e-204
23280 1.51914e-205
23300 1.9765e-206
23320 2.56027e-207
23340 3.3019e-208
23360 4.23967e-209
23380 5.41986e-210
23400 6.89816e-211
23420 8.74113e-212
23440 1.10279e-212
23460 1.38517e-213
23480 1.73223e-214
23500 2.15673e-215
23520 2.67348e-216
23540 3.29948e-217
23560 4.05419e-218
23580 4.95965e-219
23600 6.0407e-220
23620 7.32509e-221
23640 8.84357e-222
23660 1.063e-222
23680 1.27211e-223
23700 1.51567e-224
23720 1.79795e-225
23740 2.12343e-226
23760 2.49682e-227
23780 2.92297e-228
23800 3.40684e-229
23820 3.95338e-230
23840 4.56746e-231
23860 5.25375e-232
23880 6.01663e-233
23900 6.86003e-234
23920 7.78732e-235
23940 8.80115e-236
23960 9.90329e-237
23980 1.10945e-237
24000 1.23745e-238
24020 1.37415e-239
24040 1.51926e-240
24060 1.67231e-241
24080 1.8327e-242
24100 1.99966e-243
24120 2.17225e-244
24140 2.34937e-245
24160 2.52978e-246
24180 2.71209e-247
24200 2.89476e-248
24220 3.07618e-249
24240 3.25461e-250
24260 3.42828e-251
24280 3.59536e-252
24300 3.75402e-253
24320 3.90249e-254
24340 4.03901e-255
24360 4.16195e-256
24380 4.26981e-257
24400 4.36123e-258
24420 4.43505e-259
24440 4.49032e-260
24460 4.52632e-261
24480 4.54258e-262
24500 4.53888e-263
24520 4.51527e-264
24540 4.47206e-265
24560 4.40982e-266
24580 4.32936e-267
24600 4.2317e-268
24620 4.11809e-269
24640 3.98994e-270
24660 3.8488e-271
24680 3.69635e-272
24700 3.53435e-273
24720 3.36462e-274
24740 3.18898e-275
24760 3.00923e-276
24780 2.82715e-277
24800 2.64443e-278
24820 2.46266e-279
24840 2.28331e-280
24860 2.10773e-281
24880 1.93711e-282
24900 1.77248e-283
24920 1.61473e-284
24940 1.46456e-285
24960 1.32252e-286
24980 1.18901e-287
25000 1.06429e-288
25020 9.48467e-290
25040 8.41539e-291
25060 7.43387e-292
25080 6.53801e-293
25100 5.72486e-294
25120 4.99083e-295
25140 4.33182e-296
25160 3.74332e-297
25180 3.22057e-298
25200 2.75865e-299
25220 2.35262e-300
25240 1.99753e-301
25260 1.6886e-302
25280 1.42117e-303
25300 1.19085e-304
25320 9.93475e-306
25340 8.25174e-307
25360 6.82375e-308
25380 5.6181e-309
25400 4.60517e-310
25420 3.75829e-311
25440 3.05368e-312
25460 2.47029e-313
25480 1.98957e-314
25500 1.59537e-315
25520 1.27365e-316
25540 1.01238e-317
25560 8.00979e-319
25580 6.32404e-320
25600 4.84184e-321
25620 4.94066e-322
25640 0
25660 0
25680 0
25700 0
25720 0
25740 0
25760 0
25780 0
25800 0
25820 0
25840 0
25860 0
25880 0
25900 0
25920 0
25940 0
25960 0
25980 0
26000 0
26020 0
26040 0
26060 0
26080 0
26100 0
26120 0
26140 0
26160 0
26180 0
26200 0
26220 0
26240 0
26260 0
26280 0
26300 0
26320 0
26340 0
26360 0
26380 0
26400 0
26420 0
26440 0
26460 0
26480 0
26500 0
26520 0
26540 0
26560 0
26580 0
26600 0
26620 0
26640 0
26660 0
26680 0
26700 0
26720 0
26740 0
26760 0
26780 0
26800 0
26820 0
26840 0
26860 0
26880 0
26900 0
26920 0
26940 0
26960 0
26980 0
27000 0
27020 0
27040 0
27060 0
27080 0
27100 0
27120 0
27140 0
27160 0
27180 0
27200 0
27220 0
27240 0
27260 0
27280 0
27300 0
27320 0
27340 0
27360 0
27380 0
27400 0
27420 0
27440 0
27460 0
27480 0
27500 0
27520 0
27540 0
27560 0
27580 0
27600 0
27620 0
27640 0
27660 0
27680 0
27700 0
27720 0
27740 0
27760 0
27780 0
27800 0
27820 0
27840 0
27860 0
27880 0
27900 0
27920 0
27940 0
27960 0
27980 0
28000 0
28020 0
28040 0
28060 0
28080 0
28100 0
28120 0
28140 0
28160 0
28180 0
28200 0
28220 0
28240 0
28260 0
28280 0
28300 0
28320 0
28340 0
28360 0
28380 0
28400 0
28420 0
28440 0
28460 0
28480 0
28500 0
28520 0
28540 0
28560 0
28580 0
28600 0
28620 0
28640 0
28660 0
28680 0
28700 0
28720 0
28740 0
28760 0
28780 0
28800 0
28820 0
28840 0
28860 0
28880 0
28900 0
28920 0
28940 0
28960 0
28980 0
29000 0
29020 0
29040 0
29060 0
29080 0
29100 0
29120 0
29140 0
29160 0
29180 0
29200 0
29220 0
29240 0
29260 0
29280 0
29300 0
29320 0
29340 0
29360 0
29380 0
29400 0
29420 0
29440 0
29460 0
29480 0
29500 0
29520 0
29540 0
29560 0
29580 0
29600 0
29620 0
29640 0
29660 0
29680 0
29700 0
29720 0
29740 0
29760 0
29780 0
29800 0
29820 0
29840 0
29860 0
29880 0
29900 0
29920 0
29940 0
29960 0
