-10 0
0 -8.9936e-15
10 4.70615e-15
20 2.09224e-14
30 3.07151e-14
40 5.47495e-14
50 1.26706e-13
60 2.06742e-13
70 3.43584e-13
80 5.37109e-13
90 8.53332e-13
100 1.33171e-12
110 2.04898e-12
120 3.15951e-12
130 4.83754e-12
140 7.39671e-12
150 1.12769e-11
160 1.71203e-11
170 2.59232e-11
180 3.91077e-11
190 5.88197e-11
200 8.81893e-11
210 1.3181e-10
220 1.96354e-10
230 2.91576e-10
240 4.31584e-10
250 6.36775e-10
260 9.36509e-10
270 1.37286e-09
280 2.00601e-09
290 2.92164e-09
300 4.24132e-09
310 6.13694e-09
320 8.85065e-09
330 1.27223e-08
340 1.82272e-08
350 2.60274e-08
360 3.70419e-08
370 5.25418e-08
380 7.42778e-08
390 1.04653e-07
400 1.46952e-07
410 2.0565e-07
420 2.86816e-07
430 3.98654e-07
440 5.52205e-07
450 7.62274e-07
460 1.04863e-06
470 1.43758e-06
480 1.96395e-06
490 2.67372e-06
500 3.62726e-06
510 4.90361e-06
520 6.60575e-06
530 8.86727e-06
540 1.18608e-05
550 1.58085e-05
560 2.09947e-05
570 2.77824e-05
580 3.66321e-05
590 4.81262e-05
600 6.29973e-05
610 8.2163e-05
620 0.000106768
630 0.000138231
640 0.000178306
650 0.000229147
660 0.000293391
670 0.000374244
680 0.00047559
690 0.000602107
700 0.000759398
710 0.000954146
720 0.00119427
730 0.0014891
740 0.00184958
750 0.00228846
760 0.00282051
770 0.00346272
780 0.00423454
790 0.00515805
800 0.00625819
810 0.00756289
820 0.0091032
830 0.0109134
840 0.0130311
850 0.0154968
860 0.0183545
870 0.0216505
880 0.025434
890 0.0297558
900 0.0346681
910 0.0402238
920 0.0464751
930 0.0534729
940 0.0612652
950 0.069896
960 0.0794034
970 0.0898183
980 0.101163
990 0.113448
1000 0.126672
1010 0.140822
1020 0.155864
1030 0.171753
1040 0.188422
1050 0.205788
1060 0.223746
1070 0.242176
1080 0.260936
1090 0.279868
1100 0.298798
1110 0.317539
1120 0.335891
1130 0.353648
1140 0.370597
1150 0.386528
1160 0.401231
1170 0.414505
1180 0.426163
1190 0.436033
1200 0.443962
1210 0.449825
1220 0.453523
1230 0.454987
1240 0.454181
1250 0.451101
1260 0.445781
1270 0.438284
1280 0.428709
1290 0.417184
1300 0.403863
1310 0.388926
1320 0.372572
1330 0.355016
1340 0.336484
1350 0.317206
1360 0.297416
1370 0.27734
1380 0.2572
1390 0.237203
1400 0.217542
1410 0.19839
1420 0.1799
1430 0.162203
1440 0.145406
1450 0.129593
1460 0.114825
1470 0.10114
1480 0.0885574
1490 0.0770754
1500 0.0666766
1510 0.0573293
1520 0.0489892
1530 0.0416027
1540 0.0351088
1550 0.0294413
1560 0.0245313
1570 0.0203085
1580 0.0167034
1590 0.0136481
1600 0.0110778
1610 0.00893131
1620 0.00715207
1630 0.00568815
1640 0.00449264
1650 0.00352365
1660 0.00274415
1670 0.00212186
1680 0.00162886
1690 0.00124128
1700 0.000938949
1710 0.000704953
1720 0.000525273
1730 0.000388398
1740 0.000284966
1750 0.00020744
1760 0.000149806
1770 0.000107314
1780 7.6248e-05
1790 5.37275e-05
1800 3.75413e-05
1810 2.60085e-05
1820 1.78632e-05
1830 1.21614e-05
1840 8.20604e-06
1850 5.48713e-06
1860 3.63544e-06
1870 2.38618e-06
1880 1.55137e-06
1890 9.98896e-07
1900 6.36865e-07
1910 4.01992e-07
1920 2.51159e-07
1930 1.55295e-07
1940 9.50072e-08
1950 5.74976e-08
1960 3.44144e-08
1970 2.0367e-08
1980 1.19151e-08
1990 6.88875e-09
2000 3.93488e-09
2010 2.21994e-09
2020 1.23659e-09
2030 6.79882e-10
2040 3.68806e-10
2050 1.97307e-10
2060 1.04027e-10
2070 5.40135e-11
2080 2.75838e-11
2090 1.38282e-11
2100 6.77852e-12
2110 3.22041e-12
2120 1.45744e-12
2130 6.01995e-13
2140 1.84452e-13
2150 -5.33225e-15
2160 -1.01119e-13
2170 -1.34059e-13
2180 -1.60427e-13
2190 -1.69932e-13
2200 -1.72213e-13
2210 -1.65926e-13
2220 -1.69346e-13
2230 -1.65574e-13
2240 -1.67351e-13
2250 -1.68998e-13
2260 -1.58416e-13
2270 -1.68327e-13
2280 -1.56805e-13
2290 -1.60784e-13
2300 -1.54151e-13
2310 -1.5081e-13
2320 -1.46693e-13
2330 -1.45612e-13
2340 -1.45716e-13
2350 -1.42469e-13
2360 -1.43661e-13
2370 -1.48317e-13
2380 -1.39717e-13
2390 -1.43024e-13
2400 -1.51596e-13
2410 -1.60415e-13
2420 -1.50127e-13
2430 -1.59008e-13
2440 -1.5612e-13
2450 -1.5069e-13
2460 -1.53146e-13
2470 -1.47714e-13
2480 -1.59761e-13
2490 -1.49009e-13
2500 -1.48279e-13
2510 -1.4089e-13
2520 -1.33565e-13
2530 -1.18365e-13
2540 -1.18225e-13
2550 -1.24009e-13
2560 -1.11399e-13
2570 -1.07566e-13
2580 -1.06952e-13
2590 -1.12972e-13
2600 -1.09519e-13
2610 -1.10111e-13
2620 -1.07541e-13
2630 -1.03452e-13
2640 -1.05126e-13
2650 -1.03454e-13
2660 -1.09469e-13
2670 -1.07904e-13
2680 -1.1107e-13
2690 -1.1229e-13
2700 -1.11704e-13
2710 -1.10735e-13
2720 -1.12299e-13
2730 -1.14971e-13
2740 -1.08508e-13
2750 -1.15008e-13
2760 -1.09974e-13
2770 -1.02316e-13
2780 -9.55444e-14
2790 -9.3511e-14
2800 -7.24529e-14
2810 -6.72642e-14
2820 -7.48281e-14
2830 -8.27368e-14
2840 -8.9944e-14
2850 -8.74741e-14
2860 -9.01868e-14
2870 -9.53842e-14
2880 -9.44575e-14
2890 -1.04913e-13
2900 -9.77705e-14
2910 -1.01365e-13
2920 -1.02797e-13
2930 -1.00422e-13
2940 -1.00306e-13
2950 -1.06691e-13
2960 -1.11992e-13
2970 -1.2058e-13
2980 -1.26212e-13
2990 -1.16661e-13
3000 -1.2033e-13
3010 -1.26596e-13
3020 -1.35858e-13
3030 -1.39791e-13
3040 -1.36036e-13
3050 -1.4963e-13
3060 -1.40701e-13
3070 -1.46288e-13
3080 -1.25914e-13
3090 -1.34695e-13
3100 -1.20311e-13
3110 -1.18148e-13
3120 -1.20543e-13
3130 -1.25662e-13
3140 -1.1982e-13
3150 -1.2043e-13
3160 -1.27912e-13
3170 -1.3786e-13
3180 -1.37666e-13
3190 -1.39998e-13
3200 -1.39528e-13
3210 -1.3629e-13
3220 -1.34613e-13
3230 -1.37122e-13
3240 -1.27599e-13
3250 -1.24622e-13
3260 -1.35196e-13
3270 -1.33699e-13
3280 -1.3695e-13
3290 -1.28031e-13
3300 -1.27442e-13
3310 -1.3326e-13
3320 -1.32653e-13
3330 -1.48237e-13
3340 -1.38404e-13
3350 -1.37722e-13
3360 -1.38327e-13
3370 -1.37576e-13
3380 -1.3934e-13
3390 -1.43288e-13
3400 -1.39287e-13
3410 -1.44348e-13
3420 -1.42023e-13
3430 -1.46925e-13
3440 -1.45985e-13
3450 -1.53771e-13
3460 -1.59209e-13
3470 -1.51934e-13
3480 -1.69753e-13
3490 -1.67152e-13
3500 -1.75746e-13
3510 -1.63497e-13
3520 -1.67102e-13
3530 -1.57167e-13
3540 -1.51251e-13
3550 -1.52777e-13
3560 -1.4857e-13
3570 -1.58775e-13
3580 -1.58541e-13
3590 -1.62068e-13
3600 -1.686e-13
3610 -1.80701e-13
3620 -1.78458e-13
3630 -1.78297e-13
3640 -1.94561e-13
3650 -1.86556e-13
3660 -1.97298e-13
3670 -1.91259e-13
3680 -1.90649e-13
3690 -1.81596e-13
3700 -1.87069e-13
3710 -1.84954e-13
3720 -1.79873e-13
3730 -1.91351e-13
3740 -1.76214e-13
3750 -1.77296e-13
3760 -1.76995e-13
3770 -1.7782e-13
3780 -1.84135e-13
3790 -1.87409e-13
3800 -1.90246e-13
3810 -1.92834e-13
3820 -2.01865e-13
3830 -1.94622e-13
3840 -1.92294e-13
3850 -1.91846e-13
3860 -1.98681e-13
3870 -1.96193e-13
3880 -1.91719e-13
3890 -1.98715e-13
3900 -1.94503e-13
3910 -2.04793e-13
3920 -1.96618e-13
3930 -2.14731e-13
3940 -2.1144e-13
3950 -2.19796e-13
3960 -2.17699e-13
3970 -2.18113e-13
3980 -2.19459e-13
3990 -2.25773e-13
4000 -2.13188e-13
4010 -2.13402e-13
4020 -2.25858e-13
4030 -2.20837e-13
4040 -2.26589e-13
4050 -2.24316e-13
4060 -2.32286e-13
4070 -2.32569e-13
4080 -2.38149e-13
4090 -2.41959e-13
4100 -2.53079e-13
4110 -2.44078e-13
4120 -2.47557e-13
4130 -2.47994e-13
4140 -2.50353e-13
4150 -2.63119e-13
4160 -2.59328e-13
4170 -2.59375e-13
4180 -2.61697e-13
4190 -2.60099e-13
4200 -2.54701e-13
4210 -2.60401e-13
4220 -2.52517e-13
4230 -2.51735e-13
4240 -2.57471e-13
4250 -2.66225e-13
4260 -2.68015e-13
4270 -2.59433e-13
4280 -2.63432e-13
4290 -2.56667e-13
4300 -2.6998e-13
4310 -2.71852e-13
4320 -2.76633e-13
4330 -2.75386e-13
4340 -2.68744e-13
4350 -2.78953e-13
4360 -2.70634e-13
4370 -2.75398e-13
4380 -2.84163e-13
4390 -2.86294e-13
4400 -2.84237e-13
4410 -2.91797e-13
4420 -2.81071e-13
4430 -2.79177e-13
4440 -2.77763e-13
4450 -2.82393e-13
4460 -2.7398e-13
4470 -2.85171e-13
4480 -2.87746e-13
4490 -2.91724e-13
4500 -2.92549e-13
4510 -2.76044e-13
4520 -2.73018e-13
4530 -2.71925e-13
4540 -2.78154e-13
4550 -2.86967e-13
4560 -2.78232e-13
4570 -2.88219e-13
4580 -2.80995e-13
4590 -2.76232e-13
4600 -2.79853e-13
4610 -2.87742e-13
4620 -2.85572e-13
4630 -2.83713e-13
4640 -2.92484e-13
4650 -2.999e-13
4660 -3.01004e-13
4670 -3.04154e-13
4680 -3.03411e-13
4690 -2.98819e-13
4700 -3.05913e-13
4710 -3.19019e-13
4720 -3.18236e-13
4730 -3.16063e-13
4740 -3.16814e-13
4750 -3.2846e-13
4760 -3.20347e-13
4770 -3.16649e-13
4780 -3.19127e-13
4790 -3.24416e-13
4800 -3.20583e-13
4810 -3.14798e-13
4820 -3.22033e-13
4830 -3.23901e-13
4840 -3.27679e-13
4850 -3.20636e-13
4860 -3.19386e-13
4870 -3.17664e-13
4880 -3.14897e-13
4890 -3.20281e-13
4900 -3.05338e-13
4910 -3.11219e-13
4920 -3.15818e-13
4930 -3.06064e-13
4940 -3.04371e-13
4950 -3.14704e-13
4960 -3.01889e-13
4970 -2.90746e-13
4980 -2.92639e-13
4990 -2.96104e-13
5000 -2.92671e-13
5010 -3.04645e-13
5020 -3.06915e-13
5030 -3.14729e-13
5040 -3.17125e-13
5050 -3.2269e-13
5060 -3.23414e-13
5070 -3.20604e-13
5080 -3.31854e-13
5090 -3.19729e-13
5100 -3.22185e-13
5110 -3.24476e-13
5120 -3.17166e-13
5130 -3.23774e-13
5140 -3.19945e-13
5150 -3.16051e-13
5160 -3.09066e-13
5170 -3.16967e-13
5180 -3.10301e-13
5190 -3.08826e-13
5200 -2.99767e-13
5210 -2.99373e-13
5220 -3.05515e-13
5230 -2.99735e-13
5240 -3.1299e-13
5250 -3.12389e-13
5260 -3.26375e-13
5270 -3.17865e-13
5280 -3.20173e-13
5290 -3.12511e-13
5300 -3.07116e-13
5310 -3.12955e-13
5320 -3.01357e-13
5330 -3.10254e-13
5340 -3.05023e-13
5350 -3.09024e-13
5360 -3.13243e-13
5370 -3.05471e-13
5380 -3.01823e-13
5390 -3.16636e-13
5400 -3.07557e-13
5410 -2.94565e-13
5420 -3.04844e-13
5430 -3.05929e-13
5440 -2.93193e-13
5450 -2.96677e-13
5460 -2.9697e-13
5470 -2.99385e-13
5480 -3.01673e-13
5490 -2.91988e-13
5500 -2.88694e-13
5510 -2.96152e-13
5520 -2.97119e-13
5530 -2.86754e-13
5540 -2.89196e-13
5550 -2.99997e-13
5560 -2.9047e-13
5570 -2.98477e-13
5580 -2.98828e-13
5590 -3.02366e-13
5600 -2.90574e-13
5610 -2.87824e-13
5620 -2.96374e-13
5630 -2.94531e-13
5640 -2.82825e-13
5650 -2.83804e-13
5660 -2.72816e-13
5670 -2.83229e-13
5680 -2.7942e-13
5690 -2.90084e-13
5700 -2.84592e-13
5710 -2.93237e-13
5720 -2.94954e-13
5730 -2.9369e-13
5740 -2.92709e-13
5750 -2.91643e-13
5760 -2.87273e-13
5770 -2.89491e-13
5780 -2.90215e-13
5790 -2.83948e-13
5800 -2.82815e-13
5810 -2.75753e-13
5820 -2.91664e-13
5830 -2.8295e-13
5840 -2.95346e-13
5850 -2.81725e-13
5860 -2.93403e-13
5870 -2.82226e-13
5880 -2.89002e-13
5890 -2.94171e-13
5900 -2.9224e-13
5910 -2.89669e-13
5920 -2.8187e-13
5930 -2.85094e-13
5940 -2.91787e-13
5950 -2.86296e-13
5960 -2.84288e-13
5970 -2.94311e-13
5980 -2.95379e-13
5990 -3.01166e-13
6000 -2.91217e-13
6010 -3.01809e-13
6020 -3.01564e-13
6030 -2.97048e-13
6040 -2.99441e-13
6050 -2.90849e-13
6060 -2.97268e-13
6070 -2.92051e-13
6080 -2.94955e-13
6090 -3.1007e-13
6100 -3.11551e-13
6110 -3.06872e-13
6120 -3.20449e-13
6130 -3.18231e-13
6140 -3.0915e-13
6150 -3.16147e-13
6160 -3.17479e-13
6170 -3.16105e-13
6180 -3.17228e-13
6190 -3.19271e-13
6200 -3.23669e-13
6210 -3.17858e-13
6220 -3.14096e-13
6230 -3.11562e-13
6240 -3.13087e-13
6250 -3.06777e-13
6260 -3.15064e-13
6270 -3.10505e-13
6280 -3.08343e-13
6290 -3.06208e-13
6300 -3.05247e-13
6310 -3.08109e-13
6320 -3.10791e-13
6330 -3.09427e-13
6340 -3.05819e-13
6350 -3.15937e-13
6360 -3.2038e-13
6370 -3.16792e-13
6380 -3.11438e-13
6390 -3.09407e-13
6400 -3.17917e-13
6410 -3.11904e-13
6420 -3.0977e-13
6430 -3.13268e-13
6440 -3.18839e-13
6450 -3.0367e-13
6460 -3.02192e-13
6470 -3.0434e-13
6480 -3.08468e-13
6490 -3.08709e-13
6500 -3.07122e-13
6510 -3.03057e-13
6520 -3.09274e-13
6530 -3.06322e-13
6540 -3.10824e-13
6550 -3.09786e-13
6560 -3.07998e-13
6570 -3.06801e-13
6580 -3.05361e-13
6590 -3.05179e-13
6600 -3.05839e-13
6610 -3.1198e-13
6620 -2.85628e-13
6630 -2.98896e-13
6640 -2.93082e-13
6650 -2.9471e-13
6660 -3.00986e-13
6670 -2.92486e-13
6680 -3.04108e-13
6690 -3.10932e-13
6700 -3.07154e-13
6710 -3.14438e-13
6720 -3.15198e-13
6730 -3.02238e-13
6740 -3.26159e-13
6750 -3.28357e-13
6760 -3.07897e-13
6770 -3.11224e-13
6780 -3.17558e-13
6790 -3.11516e-13
6800 -3.21743e-13
6810 -3.19592e-13
6820 -3.20051e-13
6830 -3.3476e-13
6840 -3.37843e-13
6850 -3.31442e-13
6860 -3.28838e-13
6870 -3.2669e-13
6880 -3.24228e-13
6890 -3.28153e-13
6900 -3.16581e-13
6910 -3.31351e-13
6920 -3.32786e-13
6930 -3.26791e-13
6940 -3.34689e-13
6950 -3.29315e-13
6960 -3.3258e-13
6970 -3.44872e-13
6980 -3.37541e-13
6990 -3.36074e-13
7000 -3.39977e-13
7010 -3.38114e-13
7020 -3.36631e-13
7030 -3.38223e-13
7040 -3.30344e-13
7050 -3.3722e-13
7060 -3.31478e-13
7070 -3.43789e-13
7080 -3.37363e-13
7090 -3.37053e-13
7100 -3.46142e-13
7110 -3.40093e-13
7120 -3.41272e-13
7130 -3.56696e-13
7140 -3.58129e-13
7150 -3.5289e-13
7160 -3.44493e-13
7170 -3.49559e-13
7180 -3.43141e-13
7190 -3.53502e-13
7200 -3.38645e-13
7210 -3.39095e-13
7220 -3.38208e-13
7230 -3.39455e-13
7240 -3.31309e-13
7250 -3.36599e-13
7260 -3.36833e-13
7270 -3.35288e-13
7280 -3.46083e-13
7290 -3.50258e-13
7300 -3.49058e-13
7310 -3.53682e-13
7320 -3.49497e-13
7330 -3.52879e-13
7340 -3.4634e-13
7350 -3.53365e-13
7360 -3.46881e-13
7370 -3.42889e-13
7380 -3.44772e-13
7390 -3.44872e-13
7400 -3.47584e-13
7410 -3.36808e-13
7420 -3.23744e-13
7430 -3.36855e-13
7440 -3.36328e-13
7450 -3.32827e-13
7460 -3.29343e-13
7470 -3.28796e-13
7480 -3.38101e-13
7490 -3.45323e-13
7500 -3.33313e-13
7510 -3.35889e-13
7520 -3.28926e-13
7530 -3.20521e-13
7540 -3.21331e-13
7550 -3.33109e-13
7560 -3.27158e-13
7570 -3.24588e-13
7580 -3.07427e-13
7590 -3.14213e-13
7600 -3.25509e-13
7610 -3.23654e-13
7620 -3.13417e-13
7630 -3.14776e-13
7640 -3.14091e-13
7650 -3.04177e-13
7660 -3.12008e-13
7670 -3.1008e-13
7680 -3.08692e-13
7690 -3.15931e-13
7700 -3.17214e-13
7710 -3.13518e-13
7720 -3.14182e-13
7730 -3.25035e-13
7740 -3.2089e-13
7750 -3.29854e-13
7760 -3.40232e-13
7770 -3.57552e-13
7780 -4.04147e-13
7790 -5.06443e-13
7800 -7.30486e-13
7810 -1.23234e-12
7820 -2.33979e-12
7830 -4.72592e-12
7840 -9.78179e-12
7850 -2.02761e-11
7860 -4.17247e-11
7870 -8.47426e-11
7880 -1.69645e-10
7890 -3.34619e-10
7900 -6.50298e-10
7910 -1.24547e-09
7920 -2.35157e-09
7930 -4.37869e-09
7940 -8.0435e-09
7950 -1.45819e-08
7960 -2.60972e-08
7970 -4.61236e-08
7980 -8.05256e-08
7990 -1.38915e-07
8000 -2.36857e-07
8010 -3.9926e-07
8020 -6.65524e-07
8030 -1.09726e-06
8040 -1.78975e-06
8050 -2.88868e-06
8060 -4.61445e-06
8070 -7.29684e-06
8080 -1.14242e-05
8090 -1.77119e-05
8100 -2.71975e-05
8110 -4.13701e-05
8120 -6.23454e-05
8130 -9.30995e-05
8140 -0.000137777
8150 -0.000202094
8160 -0.000293855
8170 -0.000423617
8180 -0.000605517
8190 -0.000858309
8200 -0.00120663
8210 -0.00168256
8220 -0.00232742
8230 -0.00319399
8240 -0.00434901
8250 -0.00587609
8260 -0.00787895
8270 -0.010485
8280 -0.0138494
8290 -0.018159
8300 -0.0236368
8310 -0.0305459
8320 -0.0391944
8330 -0.0499381
8340 -0.0631847
8350 -0.0793954
8360 -0.0990859
8370 -0.122827
8380 -0.151241
8390 -0.184998
8400 -0.224809
8410 -0.271419
8420 -0.32559
8430 -0.388091
8440 -0.459676
8450 -0.541067
8460 -0.632931
8470 -0.735852
8480 -0.850312
8490 -0.976655
8500 -1.11507
8510 -1.26556
8520 -1.42792
8530 -1.60173
8540 -1.7863
8550 -1.98072
8560 -2.18381
8570 -2.39413
8580 -2.61001
8590 -2.82953
8600 -3.05059
8610 -3.27092
8620 -3.48809
8630 -3.69962
8640 -3.90294
8650 -4.09554
8660 -4.27494
8670 -4.43879
8680 -4.58491
8690 -4.71133
8700 -4.81637
8710 -4.8986
8720 -4.95698
8730 -4.99078
8740 -4.99965
8750 -4.98364
8760 -4.94312
8770 -4.87885
8780 -4.79191
8790 -4.6837
8800 -4.55585
8810 -4.41027
8820 -4.24899
8830 -4.07424
8840 -3.88827
8850 -3.69344
8860 -3.49204
8870 -3.28635
8880 -3.07854
8890 -2.87069
8900 -2.66469
8910 -2.46229
8920 -2.26502
8930 -2.07424
8940 -1.89107
8950 -1.71644
8960 -1.55108
8970 -1.39552
8980 -1.25008
8990 -1.11495
9000 -0.990131
9010 -0.875517
9020 -0.770865
9030 -0.675839
9040 -0.590023
9050 -0.512937
9060 -0.444056
9070 -0.382824
9080 -0.328667
9090 -0.281008
9100 -0.239273
9110 -0.202904
9120 -0.171363
9130 -0.14414
9140 -0.120752
9150 -0.100754
9160 -0.0837317
9170 -0.0693089
9180 -0.0571433
9190 -0.0469276
9200 -0.038387
9210 -0.0312781
9220 -0.0253866
9230 -0.0205251
9240 -0.0165305
9250 -0.0132623
9260 -0.0105996
9270 -0.00843921
9280 -0.0066937
9290 -0.00528917
9300 -0.00416365
9310 -0.00326536
9320 -0.00255133
9330 -0.00198603
9340 -0.00154027
9350 -0.00119016
9360 -0.000916256
9370 -0.000702811
9380 -0.000537127
9390 -0.000409013
9400 -0.000310332
9410 -0.000234612
9420 -0.000176731
9430 -0.000132655
9440 -9.92173e-05
9450 -7.3945e-05
9460 -5.49154e-05
9470 -4.06396e-05
9480 -2.99695e-05
9490 -2.20237e-05
9500 -1.61283e-05
9510 -1.177e-05
9520 -8.55982e-06
9530 -6.20376e-06
9540 -4.48077e-06
9550 -3.22526e-06
9560 -2.31363e-06
9570 -1.65405e-06
9580 -1.1785e-06
9590 -8.36851e-07
9600 -5.92249e-07
9610 -4.17738e-07
9620 -2.93666e-07
9630 -2.05758e-07
9640 -1.43688e-07
9650 -1.00011e-07
9660 -6.93811e-08
9670 -4.79744e-08
9680 -3.30641e-08
9690 -2.27136e-08
9700 -1.55526e-08
9710 -1.06148e-08
9720 -7.2214e-09
9730 -4.89701e-09
9740 -3.31015e-09
9750 -2.23038e-09
9760 -1.49806e-09
9770 -1.00301e-09
9780 -6.69445e-10
9790 -4.45428e-10
9800 -2.95455e-10
9810 -1.95379e-10
9820 -1.28818e-10
9830 -8.46847e-11
9840 -5.5517e-11
9850 -3.63025e-11
9860 -2.36867e-11
9870 -1.54315e-11
9880 -1.00415e-11
9890 -6.53868e-12
9900 -4.26428e-12
9910 -2.79326e-12
9920 -1.85042e-12
9930 -1.24142e-12
9940 -8.47483e-13
9950 -6.05656e-13
9960 -4.39905e-13
9970 -3.44872e-13
9980 -2.85827e-13
9990 -2.49639e-13
10000 -2.26542e-13
10010 -2.10611e-13
10020 -1.99121e-13
10030 -1.92973e-13
10040 -1.91037e-13
10050 -1.83769e-13
10060 -1.78281e-13
10070 -1.81382e-13
10080 -1.73586e-13
10090 -1.7465e-13
10100 -1.72217e-13
10110 -1.77163e-13
10120 -1.74666e-13
10130 -1.78455e-13
10140 -1.82464e-13
10150 -1.79008e-13
10160 -1.77421e-13
10170 -1.84194e-13
10180 -1.77788e-13
10190 -1.75306e-13
10200 -1.79557e-13
10210 -1.77274e-13
10220 -1.76221e-13
10230 -1.74571e-13
10240 -1.80093e-13
10250 -1.80954e-13
10260 -1.78583e-13
10270 -1.7597e-13
10280 -1.71085e-13
10290 -1.77247e-13
10300 -1.90236e-13
10310 -1.86311e-13
10320 -1.88915e-13
10330 -1.84363e-13
10340 -1.88625e-13
10350 -1.82105e-13
10360 -1.89443e-13
10370 -1.8218e-13
10380 -1.82211e-13
10390 -1.7625e-13
10400 -1.79313e-13
10410 -1.72965e-13
10420 -1.62256e-13
10430 -1.56931e-13
10440 -1.56318e-13
10450 -1.5493e-13
10460 -1.5762e-13
10470 -1.54398e-13
10480 -1.55892e-13
10490 -1.63784e-13
10500 -1.59107e-13
10510 -1.6589e-13
10520 -1.56332e-13
10530 -1.60932e-13
10540 -1.58394e-13
10550 -1.58407e-13
10560 -1.55932e-13
10570 -1.527e-13
10580 -1.51119e-13
10590 -1.5041e-13
10600 -1.44937e-13
10610 -1.38895e-13
10620 -1.48228e-13
10630 -1.47419e-13
10640 -1.47917e-13
10650 -1.47646e-13
10660 -1.52518e-13
10670 -1.52026e-13
10680 -1.49202e-13
10690 -1.51794e-13
10700 -1.53349e-13
10710 -1.55174e-13
10720 -1.53587e-13
10730 -1.57072e-13
10740 -1.55188e-13
10750 -1.54564e-13
10760 -1.5285e-13
10770 -1.52885e-13
10780 -1.52934e-13
10790 -1.47406e-13
10800 -1.45455e-13
10810 -1.50547e-13
10820 -1.48716e-13
10830 -1.48032e-13
10840 -1.4396e-13
10850 -1.39453e-13
10860 -1.38395e-13
10870 -1.34305e-13
10880 -1.33808e-13
10890 -1.29167e-13
10900 -1.31112e-13
10910 -1.25715e-13
10920 -1.26345e-13
10930 -1.28892e-13
10940 -1.21739e-13
10950 -1.27941e-13
10960 -1.30563e-13
10970 -1.28855e-13
10980 -1.30769e-13
10990 -1.28655e-13
11000 -1.28626e-13
11010 -1.27652e-13
11020 -1.26729e-13
11030 -1.26746e-13
11040 -1.22495e-13
11050 -1.25904e-13
11060 -1.20263e-13
11070 -1.26374e-13
11080 -1.24692e-13
11090 -1.3012e-13
11100 -1.24718e-13
11110 -1.23366e-13
11120 -1.25667e-13
11130 -1.27081e-13
11140 -1.27245e-13
11150 -1.26787e-13
11160 -1.2003e-13
11170 -1.20084e-13
11180 -1.24366e-13
11190 -1.20649e-13
11200 -1.2025e-13
11210 -1.22509e-13
11220 -1.1714e-13
11230 -1.14401e-13
11240 -1.24837e-13
11250 -1.16113e-13
11260 -1.14521e-13
11270 -1.20461e-13
11280 -1.1912e-13
11290 -1.26306e-13
11300 -1.23892e-13
11310 -1.1923e-13
11320 -1.21301e-13
11330 -1.1673e-13
11340 -1.16507e-13
11350 -1.21033e-13
11360 -1.16715e-13
11370 -1.19081e-13
11380 -1.11177e-13
11390 -1.14088e-13
11400 -1.10994e-13
11410 -1.17979e-13
11420 -1.17896e-13
11430 -1.11929e-13
11440 -1.10919e-13
11450 -1.08466e-13
11460 -1.11377e-13
11470 -1.12264e-13
11480 -1.16235e-13
11490 -1.18352e-13
11500 -1.16556e-13
11510 -1.13191e-13
11520 -1.19122e-13
11530 -1.12598e-13
11540 -1.15294e-13
11550 -1.19991e-13
11560 -1.24188e-13
11570 -1.22377e-13
11580 -1.25169e-13
11590 -1.30497e-13
11600 -1.34036e-13
11610 -1.35001e-13
11620 -1.3588e-13
11630 -1.35401e-13
11640 -1.39354e-13
11650 -1.43346e-13
11660 -1.45332e-13
11670 -1.47262e-13
11680 -1.45478e-13
11690 -1.49854e-13
11700 -1.53798e-13
11710 -1.53084e-13
11720 -1.52723e-13
11730 -1.53951e-13
11740 -1.49183e-13
11750 -1.41957e-13
11760 -1.51928e-13
11770 -1.54188e-13
11780 -1.52349e-13
11790 -1.45363e-13
11800 -1.48172e-13
11810 -1.49014e-13
11820 -1.49557e-13
11830 -1.53402e-13
11840 -1.52131e-13
11850 -1.52588e-13
11860 -1.5147e-13
11870 -1.52139e-13
11880 -1.44382e-13
11890 -1.4802e-13
11900 -1.51976e-13
11910 -1.47806e-13
11920 -1.41965e-13
11930 -1.45196e-13
11940 -1.52023e-13
11950 -1.44081e-13
11960 -1.43576e-13
11970 -1.49162e-13
11980 -1.46293e-13
11990 -1.48094e-13
12000 -1.40145e-13
12010 -1.4435e-13
12020 -1.53144e-13
12030 -1.50351e-13
12040 -1.56697e-13
12050 -1.5276e-13
12060 -1.47276e-13
12070 -1.44466e-13
12080 -1.44551e-13
12090 -1.45027e-13
12100 -1.47621e-13
12110 -1.42519e-13
12120 -1.39441e-13
12130 -1.45093e-13
12140 -1.43684e-13
12150 -1.50427e-13
12160 -1.51475e-13
12170 -1.54424e-13
12180 -1.54497e-13
12190 -1.56826e-13
12200 -1.58787e-13
12210 -1.55829e-13
12220 -1.58505e-13
12230 -1.53593e-13
12240 -1.5764e-13
12250 -1.56353e-13
12260 -1.59978e-13
12270 -1.56872e-13
12280 -1.58384e-13
12290 -1.60753e-13
12300 -1.5742e-13
12310 -1.54801e-13
12320 -1.52622e-13
12330 -1.56183e-13
12340 -1.59139e-13
12350 -1.4989e-13
12360 -1.536e-13
12370 -1.49978e-13
12380 -1.49863e-13
12390 -1.45452e-13
12400 -1.41815e-13
12410 -1.36601e-13
12420 -1.36781e-13
12430 -1.31627e-13
12440 -1.36812e-13
12450 -1.32815e-13
12460 -1.33594e-13
12470 -1.33487e-13
12480 -1.32305e-13
12490 -1.36805e-13
12500 -1.30276e-13
12510 -1.33579e-13
12520 -1.27581e-13
12530 -1.32016e-13
12540 -1.39952e-13
12550 -1.33335e-13
12560 -1.3368e-13
12570 -1.34466e-13
12580 -1.35244e-13
12590 -1.39577e-13
12600 -1.39033e-13
12610 -1.39583e-13
12620 -1.37244e-13
12630 -1.39826e-13
12640 -1.36752e-13
12650 -1.43089e-13
12660 -1.44646e-13
12670 -1.34554e-13
12680 -1.27455e-13
12690 -1.35376e-13
12700 -1.30344e-13
12710 -1.3327e-13
12720 -1.28165e-13
12730 -1.25654e-13
12740 -1.33489e-13
12750 -1.30109e-13
12760 -1.28746e-13
12770 -1.17982e-13
12780 -1.23812e-13
12790 -1.22022e-13
12800 -1.22958e-13
12810 -1.26334e-13
12820 -1.26906e-13
12830 -1.36733e-13
12840 -1.31959e-13
12850 -1.28015e-13
12860 -1.29e-13
12870 -1.32455e-13
12880 -1.3122e-13
12890 -1.30006e-13
12900 -1.3826e-13
12910 -1.28432e-13
12920 -1.34222e-13
12930 -1.3296e-13
12940 -1.41276e-13
12950 -1.32222e-13
12960 -1.30123e-13
12970 -1.27841e-13
12980 -1.2351e-13
12990 -1.26885e-13
13000 -1.30598e-13
13010 -1.27264e-13
13020 -1.25353e-13
13030 -1.25397e-13
13040 -1.22585e-13
13050 -1.20233e-13
13060 -1.19487e-13
13070 -1.25657e-13
13080 -1.31183e-13
13090 -1.22547e-13
13100 -1.36526e-13
13110 -1.31623e-13
13120 -1.34651e-13
13130 -1.30526e-13
13140 -1.31055e-13
13150 -1.32902e-13
13160 -1.27964e-13
13170 -1.3174e-13
13180 -1.31592e-13
13190 -1.26709e-13
13200 -1.22698e-13
13210 -1.1648e-13
13220 -1.22359e-13
13230 -1.22076e-13
13240 -1.23084e-13
13250 -1.23184e-13
13260 -1.29461e-13
13270 -1.25387e-13
13280 -1.26014e-13
13290 -1.20559e-13
13300 -1.16875e-13
13310 -1.16617e-13
13320 -1.17386e-13
13330 -1.1518e-13
13340 -1.18414e-13
13350 -1.13646e-13
13360 -1.10575e-13
13370 -1.13177e-13
13380 -1.19531e-13
13390 -1.14814e-13
13400 -1.1976e-13
13410 -1.23243e-13
13420 -1.17488e-13
13430 -1.17492e-13
13440 -1.22237e-13
13450 -1.17844e-13
13460 -1.18652e-13
13470 -1.16762e-13
13480 -1.09523e-13
13490 -1.11445e-13
13500 -1.0591e-13
13510 -1.05831e-13
13520 -1.06321e-13
13530 -1.06073e-13
13540 -1.04558e-13
13550 -1.08148e-13
13560 -1.08363e-13
13570 -1.15632e-13
13580 -1.10807e-13
13590 -1.14853e-13
13600 -1.10416e-13
13610 -1.04695e-13
13620 -1.01262e-13
13630 -1.02687e-13
13640 -1.02387e-13
13650 -1.05077e-13
13660 -1.05275e-13
13670 -1.0571e-13
13680 -1.08898e-13
13690 -1.10542e-13
13700 -1.11363e-13
13710 -1.11829e-13
13720 -1.02618e-13
13730 -1.08987e-13
13740 -1.06996e-13
13750 -9.68646e-14
13760 -1.03278e-13
13770 -1.06247e-13
13780 -1.06546e-13
13790 -1.04325e-13
13800 -1.07902e-13
13810 -1.06322e-13
13820 -9.41897e-14
13830 -9.50575e-14
13840 -9.92469e-14
13850 -9.77489e-14
13860 -8.91284e-14
13870 -9.07052e-14
13880 -8.99023e-14
13890 -8.7336e-14
13900 -9.50645e-14
13910 -9.4477e-14
13920 -9.63288e-14
13930 -9.89487e-14
13940 -1.0231e-13
13950 -1.0463e-13
13960 -1.11883e-13
13970 -1.07338e-13
13980 -1.06879e-13
13990 -1.06565e-13
14000 -1.01532e-13
14010 -1.11889e-13
14020 -1.10342e-13
14030 -1.16426e-13
14040 -1.15773e-13
14050 -1.21021e-13
14060 -1.141e-13
14070 -1.19585e-13
14080 -1.13732e-13
14090 -1.17876e-13
14100 -1.12476e-13
14110 -1.11788e-13
14120 -1.05849e-13
14130 -1.0568e-13
14140 -1.08195e-13
14150 -1.06754e-13
14160 -1.08676e-13
14170 -1.02947e-13
14180 -1.08178e-13
14190 -1.1469e-13
14200 -1.11311e-13
14210 -1.13529e-13
14220 -1.1768e-13
14230 -1.24091e-13
14240 -1.20273e-13
14250 -1.19998e-13
14260 -1.20698e-13
14270 -1.18885e-13
14280 -1.15804e-13
14290 -1.19328e-13
14300 -1.17233e-13
14310 -1.1322e-13
14320 -1.1108e-13
14330 -1.14588e-13
14340 -1.14712e-13
14350 -1.11603e-13
14360 -1.14245e-13
14370 -1.17908e-13
14380 -1.1534e-13
14390 -1.25723e-13
14400 -1.27988e-13
14410 -1.22607e-13
14420 -1.23242e-13
14430 -1.34196e-13
14440 -1.36658e-13
14450 -1.32428e-13
14460 -1.33613e-13
14470 -1.39173e-13
14480 -1.31633e-13
14490 -1.42766e-13
14500 -1.43307e-13
14510 -1.43896e-13
14520 -1.46818e-13
14530 -1.49768e-13
14540 -1.48248e-13
14550 -1.4917e-13
14560 -1.46409e-13
14570 -1.56657e-13
14580 -1.60908e-13
14590 -1.59142e-13
14600 -1.52147e-13
14610 -1.53316e-13
14620 -1.58504e-13
14630 -1.49729e-13
14640 -1.54788e-13
14650 -1.59306e-13
14660 -1.69805e-13
14670 -1.72101e-13
14680 -1.683e-13
14690 -1.67025e-13
14700 -1.72148e-13
14710 -1.62074e-13
14720 -1.61714e-13
14730 -1.59469e-13
14740 -1.51081e-13
14750 -1.55205e-13
14760 -1.55581e-13
14770 -1.58811e-13
14780 -1.55358e-13
14790 -1.66412e-13
14800 -1.64638e-13
14810 -1.6493e-13
14820 -1.63809e-13
14830 -1.57458e-13
14840 -1.6133e-13
14850 -1.6916e-13
14860 -1.67525e-13
14870 -1.67306e-13
14880 -1.6155e-13
14890 -1.59209e-13
14900 -1.57005e-13
14910 -1.5026e-13
14920 -1.59403e-13
14930 -1.62822e-13
14940 -1.59387e-13
14950 -1.5372e-13
14960 -1.55771e-13
14970 -1.49579e-13
14980 -1.48764e-13
14990 -1.61001e-13
15000 -1.5945e-13
15010 -1.51291e-13
15020 -1.46395e-13
15030 -1.52025e-13
15040 -1.55766e-13
15050 -1.48944e-13
15060 -1.46022e-13
15070 -1.49514e-13
15080 -1.56314e-13
15090 -1.4877e-13
15100 -1.59563e-13
15110 -1.60897e-13
15120 -1.48821e-13
15130 -1.51888e-13
15140 -1.55864e-13
15150 -1.62915e-13
15160 -1.61861e-13
15170 -1.59522e-13
15180 -1.5241e-13
15190 -1.4441e-13
15200 -1.54727e-13
15210 -1.57466e-13
15220 -1.45608e-13
15230 -1.44706e-13
15240 -1.46868e-13
15250 -1.49101e-13
15260 -1.50758e-13
15270 -1.51457e-13
15280 -1.53099e-13
15290 -1.46164e-13
15300 -1.49774e-13
15310 -1.57899e-13
15320 -1.57284e-13
15330 -1.56843e-13
15340 -1.47087e-13
15350 -1.4483e-13
15360 -1.48603e-13
15370 -1.48249e-13
15380 -1.43e-13
15390 -1.47367e-13
15400 -1.53699e-13
15410 -1.56537e-13
15420 -1.53526e-13
15430 -1.52963e-13
15440 -1.52692e-13
15450 -1.5689e-13
15460 -1.52193e-13
15470 -1.55502e-13
15480 -1.57996e-13
15490 -1.56226e-13
15500 -1.50366e-13
15510 -1.54685e-13
15520 -1.49883e-13
15530 -1.51383e-13
15540 -1.48601e-13
15550 -1.53636e-13
15560 -1.53425e-13
15570 -1.53779e-13
15580 -1.53266e-13
15590 -1.58012e-13
15600 -1.49074e-13
15610 -1.49758e-13
15620 -1.42702e-13
15630 -1.39466e-13
15640 -1.49144e-13
15650 -1.40109e-13
15660 -1.41604e-13
15670 -1.45402e-13
15680 -1.43266e-13
15690 -1.38588e-13
15700 -1.39534e-13
15710 -1.42037e-13
15720 -1.43401e-13
15730 -1.45756e-13
15740 -1.5219e-13
15750 -1.57297e-13
15760 -1.51673e-13
15770 -1.52347e-13
15780 -1.53537e-13
15790 -1.54894e-13
15800 -1.53109e-13
15810 -1.58702e-13
15820 -1.48754e-13
15830 -1.52037e-13
15840 -1.56013e-13
15850 -1.55215e-13
15860 -1.5431e-13
15870 -1.54456e-13
15880 -1.53749e-13
15890 -1.59628e-13
15900 -1.63192e-13
15910 -1.67569e-13
15920 -1.65942e-13
15930 -1.64304e-13
15940 -1.68421e-13
15950 -1.70656e-13
15960 -1.68795e-13
15970 -1.73368e-13
15980 -1.72273e-13
15990 -1.78664e-13
16000 -1.73654e-13
16010 -1.75368e-13
16020 -1.7023e-13
16030 -1.72801e-13
16040 -1.71308e-13
16050 -1.66065e-13
16060 -1.59927e-13
16070 -1.63994e-13
16080 -1.63299e-13
16090 -1.63825e-13
16100 -1.69229e-13
16110 -1.588e-13
16120 -1.58615e-13
16130 -1.73391e-13
16140 -1.68514e-13
16150 -1.63007e-13
16160 -1.63741e-13
16170 -1.64622e-13
16180 -1.71719e-13
16190 -1.66795e-13
16200 -1.74332e-13
16210 -1.77017e-13
16220 -1.72989e-13
16230 -1.67233e-13
16240 -1.69619e-13
16250 -1.64669e-13
16260 -1.76965e-13
16270 -1.77155e-13
16280 -1.73558e-13
16290 -1.75858e-13
16300 -1.78173e-13
16310 -1.79506e-13
16320 -1.7644e-13
16330 -1.71574e-13
16340 -1.69616e-13
16350 -1.69612e-13
16360 -1.67039e-13
16370 -1.68898e-13
16380 -1.69009e-13
16390 -1.70845e-13
16400 -1.68878e-13
16410 -1.71452e-13
16420 -1.72342e-13
16430 -1.77496e-13
16440 -1.69987e-13
16450 -1.62409e-13
16460 -1.59636e-13
16470 -1.64239e-13
16480 -1.71039e-13
16490 -1.73384e-13
16500 -1.66357e-13
16510 -1.7383e-13
16520 -1.77871e-13
16530 -1.70973e-13
16540 -1.61078e-13
16550 -1.59549e-13
16560 -1.66012e-13
16570 -1.58061e-13
16580 -1.64879e-13
16590 -1.71507e-13
16600 -1.72434e-13
16610 -1.72743e-13
16620 -1.8452e-13
16630 -1.83245e-13
16640 -1.89059e-13
16650 -1.76114e-13
16660 -1.75632e-13
16670 -1.72289e-13
16680 -1.71724e-13
16690 -1.74501e-13
16700 -1.78042e-13
16710 -1.75694e-13
16720 -1.77014e-13
16730 -1.802e-13
16740 -1.8134e-13
16750 -1.76585e-13
16760 -1.72737e-13
16770 -1.81786e-13
16780 -1.86809e-13
16790 -1.70878e-13
16800 -1.7947e-13
16810 -1.88969e-13
16820 -1.89547e-13
16830 -1.89209e-13
16840 -1.7512e-13
16850 -1.85274e-13
16860 -1.86977e-13
16870 -1.79845e-13
16880 -1.83537e-13
16890 -1.81218e-13
16900 -1.80154e-13
16910 -1.83954e-13
16920 -1.71334e-13
16930 -1.78705e-13
16940 -1.68421e-13
16950 -1.60663e-13
16960 -1.66196e-13
16970 -1.64276e-13
16980 -1.67511e-13
16990 -1.67231e-13
17000 -1.68262e-13
17010 -1.73116e-13
17020 -1.683e-13
17030 -1.69971e-13
17040 -1.72825e-13
17050 -1.70052e-13
17060 -1.73881e-13
17070 -1.76318e-13
17080 -1.70071e-13
17090 -1.68047e-13
17100 -1.66188e-13
17110 -1.70721e-13
17120 -1.75041e-13
17130 -1.75225e-13
17140 -1.72494e-13
17150 -1.83275e-13
17160 -1.82141e-13
17170 -1.71988e-13
17180 -1.76824e-13
17190 -1.83049e-13
17200 -1.86475e-13
17210 -1.77349e-13
17220 -1.72902e-13
17230 -1.70983e-13
17240 -1.68911e-13
17250 -1.566e-13
17260 -1.65312e-13
17270 -1.66084e-13
17280 -1.72252e-13
17290 -1.68858e-13
17300 -1.59676e-13
17310 -1.57145e-13
17320 -1.57897e-13
17330 -1.56765e-13
17340 -1.51993e-13
17350 -1.43908e-13
17360 -1.44884e-13
17370 -1.4715e-13
17380 -1.37738e-13
17390 -1.42764e-13
17400 -1.39518e-13
17410 -1.36131e-13
17420 -1.44714e-13
17430 -1.46076e-13
17440 -1.40203e-13
17450 -1.38453e-13
17460 -1.39178e-13
17470 -1.42435e-13
17480 -1.42917e-13
17490 -1.4962e-13
17500 -1.51823e-13
17510 -1.44567e-13
17520 -1.47701e-13
17530 -1.43725e-13
17540 -1.43711e-13
17550 -1.40633e-13
17560 -1.38803e-13
17570 -1.39857e-13
17580 -1.43061e-13
17590 -1.56355e-13
17600 -1.4537e-13
17610 -1.47442e-13
17620 -1.49624e-13
17630 -1.55542e-13
17640 -1.58991e-13
17650 -1.49499e-13
17660 -1.50508e-13
17670 -1.55721e-13
17680 -1.483e-13
17690 -1.40965e-13
17700 -1.49714e-13
17710 -1.46931e-13
17720 -1.47873e-13
17730 -1.50607e-13
17740 -1.43583e-13
17750 -1.48434e-13
17760 -1.42604e-13
17770 -1.494e-13
17780 -1.56369e-13
17790 -1.50576e-13
17800 -1.49071e-13
17810 -1.41571e-13
17820 -1.53379e-13
17830 -1.57016e-13
17840 -1.58553e-13
17850 -1.66358e-13
17860 -1.68904e-13
17870 -1.67508e-13
17880 -1.72772e-13
17890 -1.6842e-13
17900 -1.60691e-13
17910 -1.6054e-13
17920 -1.61884e-13
17930 -1.53913e-13
17940 -1.42986e-13
17950 -1.54636e-13
17960 -1.57179e-13
17970 -1.53129e-13
17980 -1.55177e-13
17990 -1.63122e-13
18000 -1.67016e-13
18010 -1.61918e-13
18020 -1.59855e-13
18030 -1.55037e-13
18040 -1.50222e-13
18050 -1.28726e-13
18060 -1.15669e-13
18070 -8.92223e-14
18080 -5.35374e-14
18090 -5.70731e-15
18100 8.74746e-14
18110 2.07328e-13
18120 3.87771e-13
18130 6.41497e-13
18140 1.03028e-12
18150 1.58843e-12
18160 2.39179e-12
18170 3.54105e-12
18180 5.21043e-12
18190 7.60628e-12
18200 1.10432e-11
18210 1.59637e-11
18220 2.29677e-11
18230 3.2938e-11
18240 4.70833e-11
18250 6.7102e-11
18260 9.53856e-11
18270 1.35219e-10
18280 1.91201e-10
18290 2.69654e-10
18300 3.7933e-10
18310 5.32269e-10
18320 7.45038e-10
18330 1.04025e-09
18340 1.44883e-09
18350 2.01288e-09
18360 2.78959e-09
18370 3.85637e-09
18380 5.31784e-09
18390 7.31488e-09
18400 1.00367e-08
18410 1.37369e-08
18420 1.87539e-08
18430 2.55389e-08
18440 3.4691e-08
18450 4.70037e-08
18460 6.35253e-08
18470 8.56361e-08
18480 1.15149e-07
18490 1.54439e-07
18500 2.06605e-07
18510 2.75682e-07
18520 3.66911e-07
18530 4.87072e-07
18540 6.44915e-07
18550 8.51701e-07
18560 1.12187e-06
18570 1.4739e-06
18580 1.93134e-06
18590 2.52415e-06
18600 3.29026e-06
18610 4.27763e-06
18620 5.54665e-06
18630 7.17316e-06
18640 9.25207e-06
18650 1.19018e-05
18660 1.52697e-05
18670 1.95383e-05
18680 2.49334e-05
18690 3.17329e-05
18700 4.0278e-05
18710 5.09864e-05
18720 6.43673e-05
18730 8.10396e-05
18740 0.000101753
18750 0.000127413
18760 0.000159107
18770 0.000198141
18780 0.000246074
18790 0.000304761
18800 0.000376401
18810 0.000463594
18820 0.000569399
18830 0.000697404
18840 0.0008518
18850 0.00103746
18860 0.00126004
18870 0.00152607
18880 0.00184303
18890 0.00221952
18900 0.00266533
18910 0.00319156
18920 0.00381076
18930 0.00453705
18940 0.00538623
18950 0.00637592
18960 0.00752563
18970 0.00885689
18980 0.0103933
18990 0.0121607
19000 0.0141869
19010 0.0165022
19020 0.0191388
19030 0.0221311
19040 0.0255154
19050 0.0293298
19060 0.0336139
19070 0.0384085
19080 0.0437553
19090 0.0496963
19100 0.0562736
19110 0.0635284
19120 0.0715004
19130 0.0802275
19140 0.0897444
19150 0.100082
19160 0.111267
19170 0.12332
19180 0.136254
19190 0.150077
19200 0.164786
19210 0.180371
19220 0.196809
19230 0.214068
19240 0.232104
19250 0.250861
19260 0.27027
19270 0.290249
19280 0.310706
19290 0.331534
19300 0.352614
19310 0.373819
19320 0.39501
19330 0.416039
19340 0.436751
19350 0.456986
19360 0.476579
19370 0.495365
19380 0.513179
19390 0.529858
19400 0.545246
19410 0.559193
19420 0.57156
19430 0.58222
19440 0.59106
19450 0.597985
19460 0.602915
19470 0.605794
19480 0.606581
19490 0.605262
19500 0.601841
19510 0.596346
19520 0.588825
19530 0.579348
19540 0.568005
19550 0.554904
19560 0.540169
19570 0.52394
19580 0.506368
19590 0.487616
19600 0.467853
19610 0.447254
19620 0.425997
19630 0.404257
19640 0.382209
19650 0.360023
19660 0.337862
19670 0.315878
19680 0.294216
19690 0.273006
19700 0.252367
19710 0.232402
19720 0.213203
19730 0.194844
19740 0.177388
19750 0.160883
19760 0.145363
19770 0.13085
19780 0.117355
19790 0.104881
19800 0.0934187
19810 0.0829547
19820 0.0734693
19830 0.0649393
19840 0.0573397
19850 0.0506455
19860 0.0448337
19870 0.039885
19880 0.035786
19890 0.0325308
19900 0.0301234
19910 0.0285792
19920 0.0279274
19930 0.0282125
19940 0.0294968
19950 0.0318617
19960 0.0354103
19970 0.0402685
19980 0.046587
19990 0.054543
20000 0.0636778
20010 0.0741341
20020 0.0860667
20030 0.0996424
20040 0.115041
20050 0.132453
20060 0.152082
20070 0.174145
20080 0.198866
20090 0.226483
20100 0.25724
20110 0.291391
20120 0.329194
20130 0.370914
20140 0.416815
20150 0.467161
20160 0.522213
20170 0.582228
20180 0.64745
20190 0.718111
20200 0.794427
20210 0.876594
20220 0.964781
20230 1.05913
20240 1.15975
20250 1.26672
20260 1.38006
20270 1.49977
20280 1.62579
20290 1.758
20300 1.89624
20310 2.0403
20320 2.18989
20330 2.34467
20340 2.50426
20350 2.66818
20360 2.83594
20370 3.00695
20380 3.18059
20390 3.35618
20400 3.53299
20410 3.71024
20420 3.88712
20430 4.0628
20440 4.23639
20450 4.40702
20460 4.57377
20470 4.73575
20480 4.89206
20490 5.0418
20500 5.18411
20510 5.31817
20520 5.44316
20530 5.55834
20540 5.663
20550 5.75653
20560 5.83833
20570 5.90793
20580 5.96489
20590 6.00889
20600 6.03967
20610 6.05707
20620 6.06102
20630 6.05152
20640 6.0287
20650 5.99273
20660 5.9439
20670 5.88256
20680 5.80916
20690 5.72418
20700 5.62822
20710 5.5219
20720 5.4059
20730 5.28097
20740 5.14786
20750 5.00739
20760 4.86037
20770 4.70764
20780 4.55005
20790 4.38845
20800 4.22367
20810 4.05654
20820 3.88786
20830 3.71842
20840 3.54895
20850 3.38017
20860 3.21275
20870 3.04731
20880 2.88444
20890 2.72466
20900 2.56847
20910 2.41628
20920 2.26847
20930 2.12538
20940 1.98728
20950 1.85439
20960 1.7269
20970 1.60495
20980 1.48861
20990 1.37794
21000 1.27296
21010 1.17364
21020 1.07991
21030 0.991704
21040 0.908903
21050 0.831374
21060 0.758964
21070 0.691502
21080 0.628804
21090 0.570676
21100 0.516913
21110 0.467307
21120 0.421642
21130 0.379705
21140 0.341281
21150 0.306154
21160 0.274117
21170 0.244962
21180 0.218491
21190 0.194508
21200 0.172829
21210 0.153276
21220 0.135677
21230 0.119873
21240 0.10571
21250 0.093045
21260 0.0817442
21270 0.0716816
21280 0.0627404
21290 0.0548123
21300 0.0477971
21310 0.0416025
21320 0.0361437
21330 0.0313433
21340 0.0271304
21350 0.0234407
21360 0.0202156
21370 0.0174023
21380 0.0149533
21390 0.0128254
21400 0.0109804
21410 0.00938375
21420 0.00800476
21430 0.00681608
21440 0.00579346
21450 0.0049154
21460 0.00416294
21470 0.00351936
21480 0.00296995
21490 0.00250184
21500 0.00210376
21510 0.00176588
21520 0.00147964
21530 0.0012376
21540 0.00103333
21550 0.000861253
21560 0.000716569
21570 0.000595145
21580 0.00049343
21590 0.000408384
21600 0.000337406
21610 0.000278279
21620 0.000229115
21630 0.000188309
21640 0.000154503
21650 0.000126547
21660 0.00010347
21670 8.44562e-05
21680 6.88178e-05
21690 5.59789e-05
21700 4.54573e-05
21710 3.68503e-05
21720 2.98219e-05
21730 2.4093e-05
21740 1.94316e-05
21750 1.56454e-05
21760 1.25757e-05
21770 1.00911e-05
21780 8.0838e-06
21790 6.46486e-06
21800 5.16145e-06
21810 4.11392e-06
21820 3.27349e-06
21830 2.6004e-06
21840 2.06226e-06
21850 1.63276e-06
21860 1.29056e-06
21870 1.01839e-06
21880 8.02282e-07
21890 6.30989e-07
21900 4.95448e-07
21910 3.88381e-07
21920 3.03951e-07
21930 2.37483e-07
21940 1.85247e-07
21950 1.44263e-07
21960 1.12163e-07
21970 8.70634e-08
21980 6.74703e-08
21990 5.22014e-08
22000 4.03223e-08
22010 3.1096e-08
22020 2.3942e-08
22030 1.8404e-08
22040 1.41242e-08
22050 1.08222e-08
22060 8.27879e-09
22070 6.32297e-09
22080 4.82146e-09
22090 3.67062e-09
22100 2.79001e-09
22110 2.11729e-09
22120 1.60421e-09
22130 1.21353e-09
22140 9.16535e-10
22150 6.91129e-10
22160 5.20332e-10
22170 3.91125e-10
22180 2.93538e-10
22190 2.19952e-10
22200 1.64554e-10
22210 1.22915e-10
22220 9.16684e-11
22230 6.8258e-11
22240 5.07467e-11
22250 3.7669e-11
22260 2.79178e-11
22270 2.06587e-11
22280 1.52633e-11
22290 1.12595e-11
22300 8.29308e-12
22310 6.09874e-12
22320 4.47809e-12
22330 3.28303e-12
22340 2.40318e-12
22350 1.75642e-12
22360 1.28175e-12
22370 9.33925e-13
22380 6.79444e-13
22390 4.9355e-13
22400 3.57968e-13
22410 2.59235e-13
22420 1.87448e-13
22430 1.35334e-13
22440 9.75603e-14
22450 7.0223e-14
22460 5.04693e-14
22470 3.62174e-14
22480 2.59508e-14
22490 1.85664e-14
22500 1.32633e-14
22510 9.46061e-15
22520 6.73806e-15
22530 4.79179e-15
22540 3.40259e-15
22550 2.41252e-15
22560 1.70798e-15
22570 1.20738e-15
22580 8.52235e-16
22590 6.00658e-16
22600 4.22716e-16
22610 2.97047e-16
22620 2.08428e-16
22630 1.46031e-16
22640 1.02162e-16
22650 7.13662e-17
22660 4.97799e-17
22670 3.46718e-17
22680 2.41134e-17
22690 1.67456e-17
22700 1.1612e-17
22710 8.04034e-18
22720 5.55912e-18
22730 3.83798e-18
22740 2.64584e-18
22750 1.82134e-18
22760 1.25195e-18
22770 8.59308e-19
22780 5.88952e-19
22790 4.03069e-19
22800 2.75454e-19
22810 1.87971e-19
22820 1.28086e-19
22830 8.71539e-20
22840 5.92167e-20
22850 4.01769e-20
22860 2.72196e-20
22870 1.84146e-20
22880 1.244e-20
22890 8.39179e-21
22900 5.65283e-21
22910 3.80239e-21
22920 2.55403e-21
22930 1.71307e-21
22940 1.14737e-21
22950 7.67385e-22
22960 5.12514e-22
22970 3.41807e-22
22980 2.27635e-22
22990 1.51384e-22
23000 1.00533e-22
23010 6.66685e-23
23020 4.41489e-23
23030 2.91948e-23
23040 1.92787e-23
23050 1.27128e-23
23060 8.37124e-24
23070 5.50465e-24
23080 3.6146e-24
23090 2.37018e-24
23100 1.55201e-24
23110 1.01484e-24
23120 6.6267e-25
23130 4.32105e-25
23140 2.81368e-25
23150 1.8296e-25
23160 1.18804e-25
23170 7.70382e-26
23180 4.98857e-26
23190 3.22584e-26
23200 2.0831e-26
23210 1.3433e-26
23220 8.65044e-27
23230 5.56292e-27
23240 3.57246e-27
23250 2.29105e-27
23260 1.46725e-27
23270 9.38371e-28
23280 5.99307e-28
23290 3.82233e-28
23300 2.43451e-28
23310 1.54846e-28
23320 9.83543e-29
23330 6.2387e-29
23340 3.95186e-29
23350 2.49987e-29
23360 1.57921e-29
23370 9.96259e-30
23380 6.27645e-30
23390 3.9488e-30
23400 2.48101e-30
23410 1.55669e-30
23420 9.75408e-31
23430 6.10357e-31
23440 3.81412e-31
23450 2.38023e-31
23460 1.4834e-31
23470 9.2323e-32
23480 5.73823e-32
23490 3.56174e-32
23500 2.20781e-32
23510 1.36672e-32
23520 8.44919e-33
23530 5.21636e-33
23540 3.21617e-33
23550 1.9803e-33
23560 1.2177e-33
23570 7.47777e-34
23580 4.5859e-34
23590 2.80865e-34
23600 1.71788e-34
23610 1.04933e-34
23620 6.40105e-35
23630 3.89956e-35
23640 2.37249e-35
23650 1.44151e-35
23660 8.74695e-36
23670 5.30055e-36
23680 3.20783e-36
23690 1.93878e-36
23700 1.17024e-36
23710 7.05417e-37
23720 4.24665e-37
23730 2.55315e-37
23740 1.53298e-37
23750 9.1923e-38
23760 5.50483e-38
23770 3.29226e-38
23780 1.96642e-38
23790 1.17298e-38
23800 6.98773e-39
23810 4.15734e-39
23820 2.47018e-39
23830 1.4658e-39
23840 8.68671e-40
23850 5.14128e-40
23860 3.03894e-40
23870 1.79395e-40
23880 1.05763e-40
23890 6.22721e-41
23900 3.66177e-41
23910 2.15044e-41
23920 1.26125e-41
23930 7.38777e-42
23940 4.3218e-42
23950 2.52497e-42
23960 1.47329e-42
23970 8.58537e-43
23980 4.99656e-43
23990 2.90419e-43
24000 1.68586e-43
24010 9.77367e-44
24020 5.65897e-44
24030 3.27235e-44
24040 1.88984e-44
24050 1.09002e-44
24060 6.27892e-45
24070 3.61228e-45
24080 2.07549e-45
24090 1.19098e-45
24100 6.82545e-46
24110 3.90664e-46
24120 2.23316e-46
24130 1.27491e-46
24140 7.26915e-47
24150 4.13934e-47
24160 2.35409e-47
24170 1.33708e-47
24180 7.58463e-48
24190 4.29688e-48
24200 2.43116e-48
24210 1.37377e-48
24220 7.75276e-49
24230 4.36954e-49
24240 2.45954e-49
24250 1.38263e-49
24260 7.76239e-50
24270 4.35228e-50
24280 2.43708e-50
24290 1.36287e-50
24300 7.61137e-51
24310 4.24519e-51
24320 2.36458e-51
24330 1.31532e-51
24340 7.30676e-52
24350 4.05352e-52
24360 2.24569e-52
24370 1.24244e-52
24380 6.86437e-53
24390 3.78727e-53
24400 2.08664e-53
24410 1.14804e-53
24420 6.30744e-54
24430 3.46043e-54
24440 1.89575e-54
24450 1.03706e-54
24460 5.66488e-55
24470 3.08985e-55
24480 1.68281e-55
24490 9.15129e-56
24500 4.96901e-56
24510 2.69396e-56
24520 1.45828e-56
24530 7.88157e-57
24540 4.25303e-57
24550 2.29136e-57
24560 1.2325e-57
24570 6.61875e-58
24580 3.54855e-58
24590 1.89936e-58
24600 1.01492e-58
24610 5.4141e-59
24620 2.88321e-59
24630 1.53277e-59
24640 8.13433e-60
24650 4.30926e-60
24660 2.27883e-60
24670 1.20294e-60
24680 6.33854e-61
24690 3.33383e-61
24700 1.75024e-61
24710 9.17161e-62
24720 4.79712e-62
24730 2.50436e-62
24740 1.30493e-62
24750 6.78644e-63
24760 3.52257e-63
24770 1.82487e-63
24780 9.43524e-64
24790 4.86874e-64
24800 2.50736e-64
24810 1.28869e-64
24820 6.61006e-65
24830 3.38362e-65
24840 1.72852e-65
24850 8.81203e-66
24860 4.48314e-66
24870 2.27609e-66
24880 1.15316e-66
24890 5.83021e-67
24900 2.94146e-67
24910 1.4809e-67
24920 7.43986e-68
24930 3.72974e-68
24940 1.86579e-68
24950 9.31353e-69
24960 4.63904e-69
24970 2.3057e-69
24980 1.14349e-69
24990 5.65872e-70
25000 2.79417e-70
25010 1.37669e-70
25020 6.76804e-71
25030 3.31996e-71
25040 1.62496e-71
25050 7.93578e-72
25060 3.86698e-72
25070 1.88013e-72
25080 9.1208e-73
25090 4.41477e-73
25100 2.13211e-73
25110 1.02739e-73
25120 4.93956e-74
25130 2.36952e-74
25140 1.13411e-74
25150 5.41585e-75
25160 2.58046e-75
25170 1.22672e-75
25180 5.81843e-76
25190 2.75348e-76
25200 1.30008e-76
25210 6.12454e-77
25220 2.87863e-77
25230 1.34993e-77
25240 6.31601e-78
25250 2.94839e-78
25260 1.37321e-78
25270 6.38108e-79
25280 2.95842e-79
25290 1.36846e-79
25300 6.31553e-80
25310 2.908e-80
25320 1.33593e-80
25330 6.1232e-81
25340 2.80013e-81
25350 1.27756e-81
25360 5.81556e-82
25370 2.64122e-82
25380 1.1968e-82
25390 5.41057e-83
25400 2.44044e-83
25410 1.09824e-83
25420 4.93096e-84
25430 2.20886e-84
25440 9.87211e-85
25450 4.40206e-85
25460 1.95842e-85
25470 8.69282e-86
25480 3.84964e-86
25490 1.70092e-86
25500 7.49812e-87
25510 3.29782e-87
25520 1.44712e-87
25530 6.33565e-88
25540 2.76747e-88
25550 1.20609e-88
25560 5.24426e-89
25570 2.27507e-89
25580 9.84721e-90
25590 4.25245e-90
25600 1.8322e-90
25610 7.87617e-91
25620 3.37805e-91
25630 1.44553e-91
25640 6.17156e-92
25650 2.6289e-92
25660 1.11729e-92
25670 4.73767e-93
25680 2.00436e-93
25690 8.46057e-94
25700 3.56316e-94
25710 1.49721e-94
25720 6.27689e-95
25730 2.62555e-95
25740 1.09574e-95
25750 4.56259e-96
25760 1.89553e-96
25770 7.85713e-97
25780 3.24948e-97
25790 1.34085e-97
25800 5.52031e-98
25810 2.26759e-98
25820 9.29358e-99
25830 3.80032e-99
25840 1.55052e-99
25850 6.31179e-100
25860 2.56359e-100
25870 1.03888e-100
25880 4.20052e-101
25890 1.69458e-101
25900 6.82094e-102
25910 2.73936e-102
25920 1.09768e-102
25930 4.38862e-103
25940 1.75067e-103
25950 6.96793e-104
25960 2.76713e-104
25970 1.09643e-104
25980 4.3347e-105
25990 1.70987e-105
26000 6.72971e-106
26010 2.64275e-106
26020 1.03549e-106
26030 4.04821e-107
26040 1.5791e-107
26050 6.14592e-108
26060 2.38668e-108
26070 9.2477e-109
26080 3.57523e-109
26090 1.37913e-109
26100 5.30812e-110
26110 2.03849e-110
26120 7.81107e-111
26130 2.98639e-111
26140 1.13924e-111
26150 4.33632e-112
26160 1.64688e-112
26170 6.24077e-113
26180 2.35967e-113
26190 8.90229e-114
26200 3.35112e-114
26210 1.25868e-114
26220 4.71715e-115
26230 1.76393e-115
26240 6.5815e-116
26250 2.45023e-116
26260 9.10184e-117
26270 3.37359e-117
26280 1.24766e-117
26290 4.60408e-118
26300 1.69524e-118
26310 6.22819e-119
26320 2.28316e-119
26330 8.35128e-120
26340 3.048e-120
26350 1.10999e-120
26360 4.03339e-121
26370 1.4624e-121
26380 5.29062e-122
26390 1.90982e-122
26400 6.87902e-123
26410 2.47233e-123
26420 8.86614e-124
26430 3.17256e-124
26440 1.13275e-124
26450 4.03557e-125
26460 1.43458e-125
26470 5.08856e-126
26480 1.801e-126
26490 6.36039e-127
26500 2.24132e-127
26510 7.88087e-128
26520 2.765e-128
26530 9.67986e-129
26540 3.38138e-129
26550 1.17861e-129
26560 4.09922e-130
26570 1.4226e-130
26580 4.92629e-131
26590 1.7022e-131
26600 5.86885e-132
26610 2.01907e-132
26620 6.93113e-133
26630 2.37417e-133
26640 8.11474e-134
26650 2.76753e-134
26660 9.41819e-135
26670 3.19814e-135
26680 1.08364e-135
26690 3.66378e-136
26700 1.23604e-136
26710 4.16092e-137
26720 1.39767e-137
26730 4.68469e-138
26740 1.5668e-138
26750 5.22884e-139
26760 1.74123e-139
26770 5.78583e-140
26780 1.91838e-140
26790 6.34693e-141
26800 2.09533e-141
26810 6.90243e-142
26820 2.26888e-142
26830 7.44188e-143
26840 2.43565e-143
26850 7.95439e-144
26860 2.59216e-144
26870 8.42903e-145
26880 2.73499e-145
26890 8.85516e-146
26900 2.86088e-146
26910 9.22285e-147
26920 2.96684e-147
26930 9.52325e-148
26940 3.05028e-148
26950 9.74897e-149
26960 3.10914e-149
26970 9.89435e-150
26980 3.14194e-150
26990 9.95571e-151
27000 3.14783e-151
27010 9.93152e-152
27020 3.12669e-152
27030 9.82243e-153
27040 3.07906e-153
27050 9.63126e-154
27060 3.00617e-154
27070 9.36289e-155
27080 2.90986e-155
27090 9.02403e-156
27100 2.79251e-156
27110 8.62296e-157
27120 2.65695e-157
27130 8.16918e-158
27140 2.50634e-158
27150 7.67305e-159
27160 2.34403e-159
27170 7.14539e-160
27180 2.17348e-160
27190 6.59711e-161
27200 1.99811e-161
27210 6.03882e-162
27220 1.82118e-162
27230 5.48052e-163
27240 1.64573e-163
27250 4.93133e-164
27260 1.47447e-164
27270 4.39926e-165
27280 1.30975e-165
27290 3.89106e-166
27300 1.1535e-166
27310 3.41218e-167
27320 1.0072e-167
27330 2.96669e-168
27340 8.71956e-169
27350 2.55733e-169
27360 7.48425e-170
27370 2.18564e-170
27380 6.3691e-171
27390 1.85203e-171
27400 5.37385e-172
27410 1.55594e-172
27420 4.49542e-173
27430 1.29603e-173
27440 3.72849e-174
27450 1.07033e-174
27460 3.06601e-175
27470 8.76393e-176
27480 2.49973e-176
27490 7.11472e-177
27500 2.02065e-177
27510 5.72658e-178
27520 1.61945e-178
27530 4.56995e-179
27540 1.28684e-179
27550 3.61582e-180
27560 1.01382e-180
27570 2.83649e-181
27580 7.91905e-182
27590 2.20615e-182
27600 6.1329e-183
27610 1.70125e-183
27620 4.7091e-184
27630 1.3007e-184
27640 3.58499e-185
27650 9.85978e-186
27660 2.70593e-186
27670 7.41029e-187
27680 2.02499e-187
27690 5.5218e-188
27700 1.50248e-188
27710 4.07948e-189
27720 1.10527e-189
27730 2.98817e-190
27740 8.06138e-191
27750 2.17011e-191
27760 5.82942e-192
27770 1.56256e-192
27780 4.17943e-193
27790 1.11549e-193
27800 2.97087e-194
27810 7.89534e-195
27820 2.09376e-195
27830 5.54052e-196
27840 1.463e-196
27850 3.85482e-197
27860 1.01352e-197
27870 2.65907e-198
27880 6.96139e-199
27890 1.81857e-199
27900 4.74057e-200
27910 1.2331e-200
27920 3.20064e-201
27930 8.28973e-202
27940 2.14246e-202
27950 5.52524e-203
27960 1.42186e-203
27970 3.65116e-204
27980 9.35558e-205
27990 2.39209e-205
28000 6.10311e-206
28010 1.55379e-206
28020 3.94728e-207
28030 1.00062e-207
28040 2.5311e-208
28050 6.38872e-209
28060 1.60911e-209
28070 4.04409e-210
28080 1.0142e-210
28090 2.53799e-211
28100 6.33755e-212
28110 1.57913e-212
28120 3.92627e-213
28130 9.74106e-214
28140 2.41155e-214
28150 5.95733e-215
28160 1.46849e-215
28170 3.61205e-216
28180 8.86545e-217
28190 2.17125e-217
28200 5.30621e-218
28210 1.29396e-218
28220 3.14862e-219
28230 7.64508e-220
28240 1.85228e-220
28250 4.4781e-221
28260 1.0803e-221
28270 2.60048e-222
28280 6.24634e-223
28290 1.49713e-223
28300 3.58059e-224
28310 8.54497e-225
28320 2.03483e-225
28330 4.83509e-226
28340 1.14641e-226
28350 2.71231e-227
28360 6.40319e-228
28370 1.50839e-228
28380 3.54559e-229
28390 8.31617e-230
28400 1.94633e-230
28410 4.54537e-231
28420 1.0592e-231
28430 2.46291e-232
28440 5.71445e-233
28450 1.32299e-233
28460 3.05632e-234
28470 7.04525e-235
28480 1.62051e-235
28490 3.7193e-236
28500 8.5178e-237
28510 1.94648e-237
28520 4.43841e-238
28530 1.00986e-238
28540 2.29271e-239
28550 5.19387e-240
28560 1.17405e-240
28570 2.64813e-241
28580 5.95995e-242
28590 1.33845e-242
28600 2.99924e-243
28610 6.70618e-244
28620 1.4962e-244
28630 3.33088e-245
28640 7.3991e-246
28650 1.64002e-246
28660 3.62721e-247
28670 8.00471e-248
28680 1.76266e-248
28690 3.87296e-249
28700 8.49114e-250
28710 1.85754e-250
28720 4.05472e-251
28730 8.83143e-252
28740 1.91933e-252
28750 4.16214e-253
28760 9.00598e-254
28770 1.94443e-254
28780 4.18891e-255
28790 9.00444e-256
28800 1.93134e-256
28810 4.13338e-257
28820 8.82668e-258
28830 1.88077e-258
28840 3.99868e-259
28850 8.48288e-260
28860 1.79562e-260
28870 3.79252e-261
28880 7.99253e-262
28890 1.68068e-262
28900 3.52635e-263
28910 7.3826e-264
28920 1.54218e-264
28930 3.2144e-265
28940 6.68508e-266
28950 1.38725e-266
28960 2.87237e-267
28970 5.93426e-268
28980 1.2233e-268
28990 2.51614e-269
29000 5.16389e-270
29010 1.05744e-270
29020 2.16059e-271
29030 4.40479e-272
29040 8.96015e-273
29050 1.81861e-273
29060 3.683e-274
29070 7.44213e-275
29080 1.50047e-275
29090 3.0185e-276
29100 6.05884e-277
29110 1.21345e-277
29120 2.42485e-278
29130 4.83482e-279
29140 9.61852e-280
29150 1.90927e-280
29160 3.78143e-281
29170 7.47268e-282
29180 1.47342e-282
29190 2.89871e-283
29200 5.69e-284
29210 1.11442e-284
29220 2.17777e-285
29230 4.24623e-286
29240 8.26079e-287
29250 1.60349e-287
29260 3.10553e-288
29270 6.0011e-289
29280 1.15705e-289
29290 2.22584e-290
29300 4.27231e-291
29310 8.18189e-292
29320 1.56339e-292
29330 2.98059e-293
29340 5.6697e-294
29350 1.07606e-294
29360 2.03768e-295
29370 3.84995e-296
29380 7.25761e-297
29390 1.36506e-297
29400 2.56168e-298
29410 4.79643e-299
29420 8.96042e-300
29430 1.67015e-300
29440 3.10597e-301
29450 5.76309e-302
29460 1.06691e-302
29470 1.97068e-303
29480 3.63175e-304
29490 6.67774e-305
29500 1.22506e-305
29510 2.2423e-306
29520 4.09491e-307
29530 7.46113e-308
29540 1.35636e-308
29550 2.46011e-309
29560 4.45188e-310
29570 8.03787e-311
29580 1.44793e-311
29590 2.60231e-312
29600 4.66644e-313
29610 8.34935e-314
29620 1.49115e-314
29630 2.66373e-315
29640 4.81419e-316
29650 9.34274e-317
29660 2.45644e-317
29670 1.23289e-317
29680 1.01167e-317
29690 9.67377e-318
29700 9.54041e-318
29710 9.46013e-318
29720 9.38764e-318
29730 9.31571e-318
29740 9.24405e-318
29750 9.17266e-318
29760 9.10156e-318
29770 9.03073e-318
29780 8.96018e-318
29790 8.8899e-318
29800 8.8199e-318
29810 8.75018e-318
29820 8.68073e-318
29830 8.61156e-318
29840 8.54267e-318
29850 8.47406e-318
29860 8.40572e-318
29870 8.33765e-318
29880 8.26987e-318
29890 8.20236e-318
29900 8.13513e-318
29910 8.06817e-318
29920 8.00149e-318
29930 7.93509e-318
29940 7.86896e-318
29950 7.80311e-318
29960 7.73754e-318
29970 7.67225e-318
29980 7.60723e-318
29990 7.54249e-318
30000 7.47802e-318
30010 7.41383e-318
30020 7.34992e-318
30030 7.28628e-318
30040 7.22292e-318
30050 7.15984e-318
30060 7.09704e-318
30070 7.03451e-318
30080 6.97225e-318
30090 6.91028e-318
30100 6.84858e-318
30110 6.78716e-318
30120 6.72601e-318
30130 6.66514e-318
30140 6.60455e-318
30150 6.54424e-318
30160 6.4842e-318
30170 6.42443e-318
30180 6.36495e-318
30190 6.30574e-318
30200 6.24681e-318
30210 6.18815e-318
30220 6.12977e-318
30230 6.07167e-318
30240 6.01385e-318
30250 5.9563e-318
30260 5.89903e-318
30270 5.84203e-318
30280 5.78531e-318
30290 5.72887e-318
30300 5.6727e-318
30310 5.61681e-318
30320 5.5612e-318
30330 5.50587e-318
30340 5.45081e-318
30350 5.39603e-318
30360 5.34152e-318
30370 5.28729e-318
30380 5.23334e-318
30390 5.17967e-318
30400 5.12627e-318
30410 5.07315e-318
30420 5.0203e-318
30430 4.96773e-318
30440 4.91544e-318
30450 4.86342e-318
30460 4.81169e-318
30470 4.76022e-318
30480 4.70904e-318
30490 4.65813e-318
30500 4.6075e-318
30510 4.55714e-318
30520 4.50706e-318
30530 4.45726e-318
30540 4.40774e-318
30550 4.35849e-318
30560 4.30952e-318
30570 4.26082e-318
30580 4.2124e-318
30590 4.16426e-318
30600 4.1164e-318
30610 4.06881e-318
30620 4.0215e-318
30630 3.97446e-318
30640 3.9277e-318
30650 3.88122e-318
30660 3.83502e-318
30670 3.78909e-318
30680 3.74344e-318
30690 3.69806e-318
30700 3.65296e-318
30710 3.60814e-318
30720 3.5636e-318
30730 3.51933e-318
30740 3.47534e-318
30750 3.43162e-318
30760 3.38818e-318
30770 3.34502e-318
30780 3.30214e-318
30790 3.25953e-318
30800 3.2172e-318
30810 3.17514e-318
30820 3.13336e-318
30830 3.09186e-318
30840 3.05064e-318
30850 3.00969e-318
30860 2.96902e-318
30870 2.92862e-318
30880 2.88851e-318
30890 2.84866e-318
30900 2.8091e-318
30910 2.76981e-318
30920 2.7308e-318
30930 2.69206e-318
30940 2.65361e-318
30950 2.61543e-318
30960 2.57752e-318
30970 2.53989e-318
30980 2.50254e-318
30990 2.46547e-318
31000 2.42867e-318
31010 2.39215e-318
31020 2.3559e-318
31030 2.31993e-318
31040 2.28424e-318
31050 2.24883e-318
31060 2.21369e-318
31070 2.17883e-318
31080 2.14424e-318
31090 2.10994e-318
31100 2.07591e-318
31110 2.04215e-318
31120 2.00867e-318
31130 1.97547e-318
31140 1.94255e-318
31150 1.9099e-318
31160 1.87753e-318
31170 1.84543e-318
31180 1.81362e-318
31190 1.78208e-318
31200 1.75081e-318
31210 1.71982e-318
31220 1.68911e-318
31230 1.65868e-318
31240 1.62852e-318
31250 1.59864e-318
31260 1.56903e-318
31270 1.53971e-318
31280 1.51066e-318
31290 1.48188e-318
31300 1.45338e-318
31310 1.42516e-318
31320 1.39722e-318
31330 1.36955e-318
31340 1.34216e-318
31350 1.31504e-318
31360 1.28821e-318
31370 1.26165e-318
31380 1.23536e-318
31390 1.20935e-318
31400 1.18362e-318
31410 1.15817e-318
31420 1.13299e-318
31430 1.10809e-318
31440 1.08347e-318
31450 1.05912e-318
31460 1.03505e-318
31470 1.01125e-318
31480 9.87736e-319
31490 9.64495e-319
31500 9.41531e-319
31510 9.18844e-319
31520 8.96433e-319
31530 8.74299e-319
31540 8.52441e-319
31550 8.3086e-319
31560 8.09556e-319
31570 7.88529e-319
31580 7.67778e-319
31590 7.47304e-319
31600 7.27107e-319
31610 7.07186e-319
31620 6.87542e-319
31630 6.68174e-319
31640 6.49084e-319
31650 6.3027e-319
31660 6.11732e-319
31670 5.93472e-319
31680 5.75488e-319
31690 5.5778e-319
31700 5.4035e-319
31710 5.23196e-319
31720 5.06318e-319
31730 4.89718e-319
31740 4.73394e-319
31750 4.57347e-319
31760 4.41576e-319
31770 4.26082e-319
31780 4.10865e-319
31790 3.95924e-319
31800 3.81261e-319
31810 3.66873e-319
31820 3.52763e-319
31830 3.38929e-319
31840 3.25372e-319
31850 3.12091e-319
31860 2.99088e-319
31870 2.8636e-319
31880 2.7391e-319
31890 2.61736e-319
31900 2.49839e-319
31910 2.38219e-319
31920 2.26875e-319
31930 2.15808e-319
31940 2.05017e-319
31950 1.94504e-319
31960 1.84267e-319
31970 1.74306e-319
31980 1.64623e-319
31990 1.55216e-319
32000 1.46085e-319
32010 1.37232e-319
32020 1.28655e-319
32030 1.20354e-319
32040 1.12331e-319
32050 1.04584e-319
32060 9.71135e-320
32070 8.99199e-320
32080 8.3003e-320
32090 7.63628e-320
32100 6.99992e-320
32110 6.39123e-320
32120 5.81021e-320
32130 5.25686e-320
32140 4.73117e-320
32150 4.23315e-320
32160 3.7628e-320
32170 3.32012e-320
32180 2.90511e-320
32190 2.51776e-320
32200 2.15808e-320
32210 1.82607e-320
32220 1.52172e-320
32230 1.24505e-320
32240 9.96036e-321
32250 7.74695e-321
32260 5.81021e-321
32270 4.15015e-321
32280 2.76677e-321
32290 1.66006e-321
32300 8.3003e-322
32310 2.76677e-322
32320 0
32330 0
32340 0
32350 0
32360 0
32370 0
32380 0
32390 0
32400 0
32410 0
32420 0
32430 0
32440 0
32450 0
32460 0
32470 0
32480 0
32490 0
32500 0
32510 0
32520 0
32530 0
32540 0
32550 0
32560 0
32570 0
32580 0
32590 0
32600 0
32610 0
32620 0
32630 0
32640 0
32650 0
32660 0
32670 0
32680 0
32690 0
32700 0
32710 0
32720 0
32730 0
32740 0
32750 0
32760 0
32770 0
32780 0
32790 0
32800 0
32810 0
32820 0
32830 0
32840 0
32850 0
32860 0
32870 0
32880 0
32890 0
32900 0
32910 0
32920 0
32930 0
32940 0
32950 0
32960 0
32970 0
32980 0
32990 0
33000 0
33010 0
33020 0
33030 0
33040 0
33050 0
33060 0
33070 0
33080 0
33090 0
33100 0
33110 0
33120 0
33130 0
33140 0
33150 0
33160 0
33170 0
33180 0
33190 0
33200 0
33210 0
33220 0
33230 0
33240 0
33250 0
33260 0
33270 0
33280 0
33290 0
33300 0
33310 0
33320 0
33330 0
33340 0
33350 0
33360 0
33370 0
33380 0
33390 0
33400 0
33410 0
33420 0
33430 0
33440 0
33450 0
33460 0
33470 0
33480 0
33490 0
33500 0
33510 0
33520 0
33530 0
33540 0
33550 0
33560 0
33570 0
33580 0
33590 0
33600 0
33610 0
33620 0
33630 0
33640 0
33650 0
33660 0
33670 0
33680 0
33690 0
33700 0
33710 0
33720 0
33730 0
33740 0
33750 0
33760 0
33770 0
33780 0
33790 0
33800 0
33810 0
33820 0
33830 0
33840 0
33850 0
33860 0
33870 0
33880 0
33890 0
33900 0
33910 0
33920 0
33930 0
33940 0
33950 0
33960 0
33970 0
33980 0
33990 0
34000 0
34010 0
34020 0
34030 0
34040 0
34050 0
34060 0
34070 0
34080 0
34090 0
34100 0
34110 0
34120 0
34130 0
34140 0
34150 0
34160 0
34170 0
34180 0
34190 0
34200 0
34210 0
34220 0
34230 0
34240 0
34250 0
34260 0
34270 0
34280 0
34290 0
34300 0
34310 0
34320 0
34330 0
34340 0
34350 0
34360 0
34370 0
34380 0
34390 0
34400 0
34410 0
34420 0
34430 0
34440 0
34450 0
34460 0
34470 0
34480 0
34490 0
34500 0
34510 0
34520 0
34530 0
34540 0
34550 0
34560 0
34570 0
34580 0
34590 0
34600 0
34610 0
34620 0
34630 0
34640 0
34650 0
34660 0
34670 0
34680 0
34690 0
34700 0
34710 0
34720 0
34730 0
34740 0
34750 0
34760 0
34770 0
34780 0
34790 0
34800 0
34810 0
34820 0
34830 0
34840 0
34850 0
34860 0
34870 0
34880 0
34890 0
34900 0
34910 0
34920 0
34930 0
34940 0
34950 0
34960 0
34970 0
34980 0
34990 0
35000 0
35010 0
35020 0
35030 0
35040 0
35050 0
35060 0
35070 0
35080 0
35090 0
35100 0
35110 0
35120 0
35130 0
35140 0
35150 0
35160 0
35170 0
35180 0
35190 0
35200 0
35210 0
35220 0
35230 0
35240 0
35250 0
35260 0
35270 0
35280 0
35290 0
35300 0
35310 0
35320 0
35330 0
35340 0
35350 0
35360 0
35370 0
35380 0
35390 0
35400 0
35410 0
35420 0
35430 0
35440 0
35450 0
35460 0
35470 0
35480 0
35490 0
35500 0
35510 0
35520 0
35530 0
35540 0
35550 0
35560 0
35570 0
35580 0
35590 0
35600 0
35610 0
35620 0
35630 0
35640 0
35650 0
35660 0
35670 0
35680 0
35690 0
35700 0
35710 0
35720 0
35730 0
35740 0
35750 0
35760 0
35770 0
35780 0
35790 0
35800 0
35810 0
35820 0
35830 0
35840 0
35850 0
35860 0
35870 0
35880 0
35890 0
35900 0
35910 0
35920 0
35930 0
35940 0
35950 0
35960 0
35970 0
35980 0
35990 0
36000 0
36010 0
36020 0
36030 0
36040 0
36050 0
36060 0
36070 0
36080 0
36090 0
36100 0
36110 0
36120 0
36130 0
36140 0
36150 0
36160 0
36170 0
36180 0
36190 0
36200 0
36210 0
36220 0
36230 0
36240 0
36250 0
36260 0
36270 0
36280 0
36290 0
36300 0
36310 0
36320 0
36330 0
36340 0
36350 0
36360 0
36370 0
36380 0
36390 0
36400 0
36410 0
36420 0
36430 0
36440 0
36450 0
36460 0
36470 0
36480 0
36490 0
36500 0
36510 0
36520 0
36530 0
36540 0
36550 0
36560 0
36570 0
36580 0
36590 0
36600 0
36610 0
36620 0
36630 0
36640 0
36650 0
36660 0
36670 0
36680 0
36690 0
36700 0
36710 0
36720 0
36730 0
36740 0
36750 0
36760 0
36770 0
36780 0
36790 0
36800 0
36810 0
36820 0
36830 0
36840 0
36850 0
36860 0
36870 0
36880 0
36890 0
36900 0
36910 0
36920 0
36930 0
36940 0
36950 0
36960 0
36970 0
36980 0
36990 0
37000 0
37010 0
37020 0
37030 0
37040 0
37050 0
37060 0
37070 0
37080 0
37090 0
37100 0
37110 0
37120 0
37130 0
37140 0
37150 0
37160 0
37170 0
37180 0
37190 0
37200 0
37210 0
37220 0
37230 0
37240 0
37250 0
37260 0
37270 0
37280 0
37290 0
37300 0
37310 0
37320 0
37330 0
37340 0
37350 0
37360 0
37370 0
37380 0
37390 0
37400 0
37410 0
37420 0
37430 0
37440 0
37450 0
37460 0
37470 0
37480 0
37490 0
37500 0
37510 0
37520 0
37530 0
37540 0
37550 0
37560 0
37570 0
37580 0
37590 0
37600 0
37610 0
37620 0
37630 0
37640 0
37650 0
37660 0
37670 0
37680 0
37690 0
37700 0
37710 0
37720 0
37730 0
37740 0
37750 0
37760 0
37770 0
37780 0
37790 0
37800 0
37810 0
37820 0
37830 0
37840 0
37850 0
37860 0
37870 0
37880 0
37890 0
37900 0
37910 0
37920 0
37930 0
37940 0
37950 0
37960 0
37970 0
37980 0
37990 0
38000 0
38010 0
38020 0
38030 0
38040 0
38050 0
38060 0
38070 0
38080 0
38090 0
38100 0
38110 0
38120 0
38130 0
38140 0
38150 0
38160 0
38170 0
38180 0
38190 0
38200 0
38210 0
38220 0
38230 0
38240 0
38250 0
38260 0
38270 0
38280 0
38290 0
38300 0
38310 0
38320 0
38330 0
38340 0
38350 0
38360 0
38370 0
38380 0
38390 0
38400 0
38410 0
38420 0
38430 0
38440 0
38450 0
38460 0
38470 0
38480 0
38490 0
38500 0
38510 0
38520 0
38530 0
38540 0
38550 0
38560 0
38570 0
38580 0
38590 0
38600 0
38610 0
38620 0
38630 0
38640 0
38650 0
38660 0
38670 0
38680 0
38690 0
38700 0
38710 0
38720 0
38730 0
38740 0
38750 0
38760 0
38770 0
38780 0
38790 0
38800 0
38810 0
38820 0
38830 0
38840 0
38850 0
38860 0
38870 0
38880 0
38890 0
38900 0
38910 0
38920 0
38930 0
38940 0
38950 0
38960 0
38970 0
38980 0
38990 0
39000 0
39010 0
39020 0
39030 0
39040 0
39050 0
39060 0
39070 0
39080 0
39090 0
39100 0
39110 0
39120 0
39130 0
39140 0
39150 0
39160 0
39170 0
39180 0
39190 0
39200 0
39210 0
39220 0
39230 0
39240 0
39250 0
39260 0
39270 0
39280 0
39290 0
39300 0
39310 0
39320 0
39330 0
39340 0
39350 0
39360 0
39370 0
39380 0
39390 0
39400 0
39410 0
39420 0
39430 0
39440 0
39450 0
39460 0
39470 0
39480 0
39490 0
39500 0
39510 0
39520 0
39530 0
39540 0
39550 0
39560 0
39570 0
39580 0
39590 0
39600 0
39610 0
39620 0
39630 0
39640 0
39650 0
39660 0
39670 0
39680 0
39690 0
39700 0
39710 0
39720 0
39730 0
39740 0
39750 0
39760 0
39770 0
39780 0
39790 0
39800 0
39810 0
39820 0
39830 0
39840 0
39850 0
39860 0
39870 0
39880 0
39890 0
39900 0
39910 0
39920 0
39930 0
39940 0
39950 0
39960 0
39970 0
39980 0
