-10 0
0 1.77863e-15
10 -2.34267e-15
20 -1.36101e-15
30 -1.30103e-15
40 -3.92694e-15
50 -7.05048e-16
60 -2.84051e-16
70 1.81433e-15
80 -7.37685e-15
90 -6.28337e-15
100 -1.1756e-15
110 -8.16594e-15
120 -4.56723e-16
130 -2.30858e-15
140 -2.97431e-15
150 -4.86169e-16
160 2.18093e-15
170 -1.77643e-15
180 -2.29809e-15
190 -6.74022e-15
200 -5.54106e-15
210 -7.09729e-15
220 -1.19507e-14
230 -9.5119e-15
240 -1.32444e-14
250 -1.98531e-14
260 -1.91555e-14
270 -2.17813e-14
280 -2.34917e-14
290 -2.48541e-14
300 -1.98534e-14
310 -1.8911e-14
320 -2.7674e-14
330 -2.18484e-14
340 -1.58262e-14
350 -1.98519e-14
360 -1.77423e-14
370 -1.18463e-14
380 -9.67609e-15
390 -1.12861e-14
400 -7.94627e-15
410 -8.78109e-15
420 -1.23598e-14
430 -1.42147e-14
440 -2.0643e-14
450 -1.95033e-14
460 -2.04816e-14
470 -2.25218e-14
480 -1.98665e-14
490 -2.70231e-14
500 -2.97615e-14
510 -2.7486e-14
520 -2.29861e-14
530 -2.57979e-14
540 -3.00752e-14
550 -2.56121e-14
560 -2.38295e-14
570 -2.3904e-14
580 -3.42382e-14
590 -2.92392e-14
600 -2.80227e-14
610 -2.39605e-14
620 -2.36128e-14
630 -2.26147e-14
640 -1.8188e-14
650 -1.64103e-14
660 -1.72541e-14
670 -1.3639e-14
680 -1.718e-14
690 -9.77368e-15
700 -1.27089e-14
710 -1.79374e-14
720 -1.22517e-14
730 -2.01682e-14
740 -1.12344e-14
750 -1.92133e-14
760 -1.68674e-14
770 -1.39272e-14
780 -1.15798e-14
790 -7.25818e-15
800 -1.64349e-14
810 -1.32167e-14
820 -1.95179e-14
830 -1.48807e-14
840 -1.58229e-14
850 -1.94674e-14
860 -1.14658e-14
870 -8.77785e-15
880 -9.50011e-15
890 -9.80375e-15
900 -6.4582e-15
910 -7.41821e-15
920 -4.1103e-15
930 -6.23006e-15
940 -5.46642e-15
950 -3.94339e-15
960 -1.02328e-14
970 -8.60387e-15
980 -1.04205e-14
990 -8.11603e-15
1000 -7.21061e-15
1010 -3.50728e-15
1020 -9.26123e-15
1030 -6.83466e-15
1040 -6.68654e-15
1050 -1.41702e-14
1060 -1.38712e-14
1070 -1.80107e-14
1080 -2.35558e-14
1090 -2.25507e-14
1100 -2.97326e-14
1110 -3.03322e-14
1120 -2.54322e-14
1130 -2.46794e-14
1140 -2.32575e-14
1150 -2.79927e-14
1160 -2.79841e-14
1170 -3.11415e-14
1180 -3.03739e-14
1190 -3.30137e-14
1200 -3.01422e-14
1210 -2.92135e-14
1220 -2.71043e-14
1230 -2.06356e-14
1240 -2.49593e-14
1250 -2.66839e-14
1260 -2.81774e-14
1270 -2.34576e-14
1280 -2.54583e-14
1290 -2.74144e-14
1300 -3.54671e-14
1310 -3.54306e-14
1320 -3.2523e-14
1330 -3.49788e-14
1340 -3.65914e-14
1350 -3.84185e-14
1360 -3.55026e-14
1370 -3.64634e-14
1380 -3.81064e-14
1390 -2.99327e-14
1400 -3.34341e-14
1410 -3.98851e-14
1420 -3.69967e-14
1430 -3.7045e-14
1440 -3.58579e-14
1450 -3.02623e-14
1460 -3.79586e-14
1470 -3.70672e-14
1480 -4.14713e-14
1490 -4.06119e-14
1500 -3.6859e-14
1510 -4.22332e-14
1520 -4.19601e-14
1530 -4.25859e-14
1540 -4.40332e-14
1550 -4.20101e-14
1560 -4.14974e-14
1570 -3.83671e-14
1580 -3.99944e-14
1590 -3.93376e-14
1600 -3.72094e-14
1610 -4.13146e-14
1620 -3.98093e-14
1630 -3.60919e-14
1640 -3.95925e-14
1650 -3.42189e-14
1660 -3.60707e-14
1670 -3.83139e-14
1680 -3.83157e-14
1690 -4.34831e-14
1700 -4.32287e-14
1710 -4.39116e-14
1720 -5.24055e-14
1730 -5.00733e-14
1740 -4.83464e-14
1750 -4.85045e-14
1760 -5.18851e-14
1770 -4.64455e-14
1780 -4.59887e-14
1790 -4.82772e-14
1800 -5.00756e-14
1810 -4.99584e-14
1820 -4.51947e-14
1830 -4.55631e-14
1840 -4.24315e-14
1850 -5.01466e-14
1860 -4.74585e-14
1870 -5.42861e-14
1880 -5.95019e-14
1890 -5.75023e-14
1900 -6.19327e-14
1910 -6.14289e-14
1920 -5.44953e-14
1930 -5.57541e-14
1940 -6.01848e-14
1950 -6.1426e-14
1960 -6.47001e-14
1970 -6.2435e-14
1980 -5.78898e-14
1990 -5.68417e-14
2000 -5.10948e-14
2010 -5.67935e-14
2020 -5.96351e-14
2030 -5.31046e-14
2040 -6.15749e-14
2050 -6.45275e-14
2060 -6.76394e-14
2070 -6.56804e-14
2080 -6.4694e-14
2090 -6.54408e-14
2100 -6.66106e-14
2110 -6.92359e-14
2120 -6.1128e-14
2130 -6.49828e-14
2140 -6.50397e-14
2150 -6.46498e-14
2160 -6.26899e-14
2170 -6.76742e-14
2180 -6.63136e-14
2190 -6.70874e-14
2200 -6.68098e-14
2210 -6.99323e-14
2220 -7.81699e-14
2230 -7.669e-14
2240 -7.55393e-14
2250 -7.65455e-14
2260 -7.16014e-14
2270 -7.79805e-14
2280 -7.44595e-14
2290 -6.99518e-14
2300 -7.09246e-14
2310 -7.76939e-14
2320 -7.67505e-14
2330 -8.20241e-14
2340 -7.81501e-14
2350 -8.93536e-14
2360 -8.22943e-14
2370 -8.21353e-14
2380 -8.58603e-14
2390 -9.06711e-14
2400 -8.87801e-14
2410 -9.39658e-14
2420 -8.82418e-14
2430 -8.88808e-14
2440 -8.87671e-14
2450 -9.84215e-14
2460 -9.74467e-14
2470 -9.36211e-14
2480 -8.92126e-14
2490 -9.07249e-14
2500 -8.32722e-14
2510 -7.90826e-14
2520 -8.27533e-14
2530 -8.51104e-14
2540 -8.04649e-14
2550 -7.77277e-14
2560 -8.43673e-14
2570 -7.99121e-14
2580 -7.43039e-14
2590 -7.38851e-14
2600 -7.40985e-14
2610 -7.14161e-14
2620 -6.98215e-14
2630 -6.90433e-14
2640 -6.8173e-14
2650 -6.16592e-14
2660 -6.14424e-14
2670 -6.45662e-14
2680 -6.55978e-14
2690 -6.77736e-14
2700 -6.29917e-14
2710 -6.23016e-14
2720 -6.3787e-14
2730 -6.6152e-14
2740 -6.48312e-14
2750 -6.46174e-14
2760 -6.66675e-14
2770 -6.13067e-14
2780 -6.74882e-14
2790 -6.6336e-14
2800 -6.76292e-14
2810 -6.4268e-14
2820 -6.4564e-14
2830 -6.33291e-14
2840 -6.85857e-14
2850 -6.21903e-14
2860 -6.25636e-14
2870 -6.26926e-14
2880 -6.47379e-14
2890 -6.19471e-14
2900 -6.36887e-14
2910 -6.28865e-14
2920 -6.11408e-14
2930 -6.23343e-14
2940 -6.57365e-14
2950 -6.57257e-14
2960 -6.66677e-14
2970 -6.79127e-14
2980 -7.97302e-14
2990 -6.73187e-14
3000 -8.00174e-14
3010 -7.63883e-14
3020 -8.33539e-14
3030 -8.27684e-14
3040 -8.66457e-14
3050 -8.10047e-14
3060 -8.44412e-14
3070 -8.53027e-14
3080 -8.01702e-14
3090 -8.03319e-14
3100 -8.62562e-14
3110 -8.08973e-14
3120 -8.54169e-14
3130 -8.02618e-14
3140 -8.26855e-14
3150 -8.79944e-14
3160 -8.15457e-14
3170 -7.87194e-14
3180 -7.80866e-14
3190 -7.68171e-14
3200 -7.87611e-14
3210 -7.47718e-14
3220 -6.98956e-14
3230 -6.97476e-14
3240 -7.39625e-14
3250 -7.22976e-14
3260 -6.68807e-14
3270 -7.56782e-14
3280 -7.59279e-14
3290 -8.06513e-14
3300 -7.92425e-14
3310 -8.29894e-14
3320 -8.59739e-14
3330 -8.42117e-14
3340 -7.68357e-14
3350 -7.03566e-14
3360 -5.32378e-14
3370 -2.28916e-14
3380 1.61066e-14
3390 8.90302e-14
3400 2.03959e-13
3410 3.86283e-13
3420 6.91014e-13
3430 1.1569e-12
3440 1.90277e-12
3450 3.06144e-12
3460 4.89126e-12
3470 7.73594e-12
3480 1.21534e-11
3490 1.89981e-11
3500 2.9558e-11
3510 4.58014e-11
3520 7.06727e-11
3530 1.08613e-10
3540 1.66255e-10
3550 2.53518e-10
3560 3.85103e-10
3570 5.82743e-10
3580 8.78433e-10
3590 1.3191e-09
3600 1.97327e-09
3610 2.94054e-09
3620 4.36517e-09
3630 6.4551e-09
3640 9.50891e-09
3650 1.39534e-08
3660 2.0396e-08
3670 2.96977e-08
3680 4.30736e-08
3690 6.22305e-08
3700 8.95563e-08
3710 1.28376e-07
3720 1.83301e-07
3730 2.60695e-07
3740 3.69304e-07
3750 5.21092e-07
3760 7.32348e-07
3770 1.02516e-06
3780 1.42932e-06
3790 1.98485e-06
3800 2.74525e-06
3810 3.78171e-06
3820 5.18848e-06
3830 7.0898e-06
3840 9.64863e-06
3850 1.30776e-05
3860 1.76531e-05
3870 2.3732e-05
3880 3.17736e-05
3890 4.23655e-05
3900 5.62556e-05
3910 7.43913e-05
3920 9.79664e-05
3930 0.000128477
3940 0.000167788
3950 0.000218214
3960 0.000282605
3970 0.00036446
3980 0.000468046
3990 0.000598536
4000 0.000762164
4010 0.000966405
4020 0.00122016
4030 0.00153396
4040 0.00192022
4050 0.0023934
4060 0.00297034
4070 0.00367043
4080 0.00451587
4090 0.00553191
4100 0.00674701
4110 0.00819303
4120 0.00990536
4130 0.0119229
4140 0.0142881
4150 0.0170467
4160 0.0202476
4170 0.0239427
4180 0.0281856
4190 0.0330318
4200 0.0385375
4210 0.0447582
4220 0.0517482
4230 0.0595586
4240 0.0682362
4250 0.0778214
4260 0.088347
4270 0.0998358
4280 0.112299
4290 0.125735
4300 0.140126
4310 0.155438
4320 0.17162
4330 0.188599
4340 0.206286
4350 0.224569
4360 0.243317
4370 0.262381
4380 0.281594
4390 0.300772
4400 0.319719
4410 0.338227
4420 0.356083
4430 0.37307
4440 0.388971
4450 0.403577
4460 0.416688
4470 0.428116
4480 0.437697
4490 0.445284
4500 0.450762
4510 0.454042
4520 0.455066
4530 0.453813
4540 0.450294
4550 0.444552
4560 0.436667
4570 0.426748
4580 0.414933
4590 0.401385
4600 0.386292
4610 0.369855
4620 0.352291
4630 0.333824
4640 0.314682
4650 0.295092
4660 0.275273
4670 0.255437
4680 0.235782
4690 0.216488
4700 0.197718
4710 0.179613
4720 0.162294
4730 0.145858
4740 0.13038
4750 0.115913
4760 0.102491
4770 0.0901282
4780 0.0788198
4790 0.0685474
4800 0.0592784
4810 0.0509691
4820 0.0435666
4830 0.0370106
4840 0.0312354
4850 0.0261712
4860 0.0217452
4870 0.0178829
4880 0.0145084
4890 0.0115443
4900 0.00891199
4910 0.00653066
4920 0.00431628
4930 0.0021802
4940 2.72336e-05
4950 -0.00224662
4960 -0.00475687
4970 -0.00763351
4980 -0.0110245
4990 -0.0150992
5000 -0.0200525
5010 -0.0261085
5020 -0.0335249
5030 -0.0425963
5040 -0.0536582
5050 -0.06709
5060 -0.0833172
5070 -0.102813
5080 -0.126099
5090 -0.153743
5100 -0.186357
5110 -0.224592
5120 -0.26913
5130 -0.320677
5140 -0.379948
5150 -0.447655
5160 -0.524488
5170 -0.6111
5180 -0.70808
5190 -0.815933
5200 -0.935058
5210 -1.06572
5220 -1.20802
5230 -1.3619
5240 -1.52709
5250 -1.70308
5260 -1.88917
5270 -2.08439
5280 -2.28752
5290 -2.49713
5300 -2.71153
5310 -2.92882
5320 -3.14691
5330 -3.36355
5340 -3.57635
5350 -3.78286
5360 -3.98058
5370 -4.16702
5380 -4.33977
5390 -4.49652
5400 -4.63515
5410 -4.75374
5420 -4.85065
5430 -4.92452
5440 -4.97435
5450 -4.99947
5460 -4.99958
5470 -4.97478
5480 -4.92552
5490 -4.8526
5500 -4.75718
5510 -4.64071
5520 -4.5049
5530 -4.35171
5540 -4.18328
5550 -4.00185
5560 -3.80978
5570 -3.60945
5580 -3.40323
5590 -3.19343
5600 -2.98226
5610 -2.77181
5620 -2.564
5630 -2.36056
5640 -2.16302
5650 -1.97271
5660 -1.79073
5670 -1.61795
5680 -1.45504
5690 -1.30247
5700 -1.16051
5710 -1.02926
5720 -0.908663
5730 -0.798524
5740 -0.698533
5750 -0.608282
5760 -0.52729
5770 -0.455016
5780 -0.390878
5790 -0.334273
5800 -0.284584
5810 -0.241199
5820 -0.203518
5830 -0.170962
5840 -0.142978
5850 -0.119047
5860 -0.098685
5870 -0.0814472
5880 -0.0669265
5890 -0.0547548
5900 -0.0446019
5910 -0.0361742
5920 -0.0292121
5930 -0.0234883
5940 -0.0188049
5950 -0.0149908
5960 -0.0118992
5970 -0.00940501
5980 -0.00740204
5990 -0.00580096
6000 -0.00452699
6010 -0.00351793
6020 -0.00272231
6030 -0.0020978
6040 -0.0016098
6050 -0.00123018
6060 -0.00093618
6070 -0.00070949
6080 -0.000535471
6090 -0.000402469
6100 -0.00030126
6110 -0.000224579
6120 -0.000166731
6130 -0.00012328
6140 -9.07819e-05
6150 -6.65799e-05
6160 -4.86326e-05
6170 -3.538e-05
6180 -2.56354e-05
6190 -1.85002e-05
6200 -1.32975e-05
6210 -9.51988e-06
6220 -6.78829e-06
6230 -4.82129e-06
6240 -3.4107e-06
6250 -2.40329e-06
6260 -1.68677e-06
6270 -1.17922e-06
6280 -8.21165e-07
6290 -5.69595e-07
6300 -3.93555e-07
6310 -2.70866e-07
6320 -1.85701e-07
6330 -1.26821e-07
6340 -8.62763e-08
6350 -5.84677e-08
6360 -3.94702e-08
6370 -2.65434e-08
6380 -1.77821e-08
6390 -1.18672e-08
6400 -7.88973e-09
6410 -5.22547e-09
6420 -3.44781e-09
6430 -2.26631e-09
6440 -1.48409e-09
6450 -9.68201e-10
6460 -6.29277e-10
6470 -4.07474e-10
6480 -2.62871e-10
6490 -1.68955e-10
6500 -1.08188e-10
6510 -6.90291e-11
6520 -4.388e-11
6530 -2.77989e-11
6540 -1.7544e-11
6550 -1.10374e-11
6560 -6.92064e-12
6570 -4.32311e-12
6580 -2.69434e-12
6590 -1.67444e-12
6600 -1.03739e-12
6610 -6.38151e-13
6620 -3.92729e-13
6630 -2.41639e-13
6640 -1.51224e-13
6650 -9.38374e-14
6660 -5.70511e-14
6670 -3.73193e-14
6680 -2.52206e-14
6690 -2.24583e-14
6700 -1.47782e-14
6710 -1.18236e-14
6720 -5.05913e-15
6730 -5.59657e-15
6740 -3.68414e-15
6750 -4.67923e-15
6760 -2.96717e-15
6770 -8.68377e-15
6780 -7.03531e-15
6790 -9.81599e-15
6800 -9.45284e-15
6810 -1.36328e-14
6820 -1.10677e-14
6830 -1.85167e-14
6840 -1.67121e-14
6850 -1.428e-14
6860 -1.35457e-14
6870 -1.26794e-14
6880 -1.57561e-14
6890 -1.04208e-14
6900 -1.53837e-14
6910 -1.46394e-14
6920 -1.49641e-14
6930 -1.77173e-14
6940 -1.17913e-14
6950 -9.4768e-15
6960 -1.19141e-14
6970 -8.51475e-15
6980 -1.22087e-14
6990 -1.06307e-14
7000 -1.18702e-14
7010 -8.18855e-15
7020 -1.36391e-14
7030 -1.01169e-14
7040 -1.21173e-14
7050 -9.73347e-15
7060 -8.35541e-15
7070 -7.80676e-15
7080 -1.12857e-14
7090 -1.10428e-14
7100 -7.93864e-15
7110 -1.12663e-14
7120 -6.68772e-15
7130 -3.51459e-15
7140 -7.10174e-15
7150 -6.05105e-15
7160 -9.15337e-15
7170 -7.21251e-15
7180 -1.70158e-15
7190 -1.92589e-16
7200 -1.53007e-15
7210 6.89957e-16
7220 -6.44359e-15
7230 -4.50507e-15
7240 -6.38393e-16
7250 -4.91017e-15
7260 -7.86978e-15
7270 -9.10573e-15
7280 -5.35873e-15
7290 -1.07496e-14
7300 -1.09215e-14
7310 -8.7794e-15
7320 -1.15617e-14
7330 -1.18638e-14
7340 -1.12852e-14
7350 -9.61794e-15
7360 -1.37102e-14
7370 -1.13106e-14
7380 -1.40832e-14
7390 -1.22861e-14
7400 -1.05454e-14
7410 -1.24908e-14
7420 -1.43368e-14
7430 -1.2411e-14
7440 -1.49864e-14
7450 -1.66939e-14
7460 -1.77593e-14
7470 -1.78895e-14
7480 -9.71324e-15
7490 -1.08323e-14
7500 -7.37129e-15
7510 -9.83024e-15
7520 -7.9829e-15
7530 -2.56599e-15
7540 -1.97198e-15
7550 3.92112e-16
7560 3.64111e-16
7570 -1.74309e-15
7580 3.22669e-16
7590 1.27879e-16
7600 5.72591e-15
7610 3.65354e-15
7620 5.68467e-15
7630 3.63006e-16
7640 6.39777e-15
7650 7.89783e-15
7660 9.35835e-15
7670 9.77851e-15
7680 1.21254e-14
7690 8.57207e-15
7700 1.07894e-14
7710 9.67892e-15
7720 1.53326e-14
7730 1.41588e-14
7740 1.1784e-14
7750 1.15353e-14
7760 1.64054e-14
7770 1.77242e-14
7780 1.68528e-14
7790 2.03424e-14
7800 2.01485e-14
7810 2.20775e-14
7820 2.58769e-14
7830 2.55164e-14
7840 2.74426e-14
7850 2.61665e-14
7860 2.76298e-14
7870 2.76636e-14
7880 2.55265e-14
7890 2.37987e-14
7900 2.41047e-14
7910 2.34673e-14
7920 2.09414e-14
7930 2.19905e-14
7940 1.81559e-14
7950 2.60909e-14
7960 2.04937e-14
7970 1.98927e-14
7980 2.23709e-14
7990 2.02702e-14
8000 2.06982e-14
8010 2.36761e-14
8020 2.37135e-14
8030 2.7673e-14
8040 2.70678e-14
8050 3.03905e-14
8060 2.69916e-14
8070 2.4543e-14
8080 1.95531e-14
8090 2.18786e-14
8100 2.27021e-14
8110 2.27347e-14
8120 2.24277e-14
8130 1.89809e-14
8140 2.22359e-14
8150 2.09463e-14
8160 2.46485e-14
8170 1.94346e-14
8180 2.11453e-14
8190 1.7143e-14
8200 2.15463e-14
8210 2.00399e-14
8220 1.81489e-14
8230 1.74574e-14
8240 1.28898e-14
8250 1.31291e-14
8260 7.42508e-15
8270 1.02242e-14
8280 1.08773e-14
8290 1.2387e-14
8300 1.21651e-14
8310 9.42483e-15
8320 3.53959e-15
8330 6.27507e-15
8340 1.47123e-15
8350 2.23903e-15
8360 2.68105e-15
8370 3.91248e-15
8380 2.5968e-15
8390 4.4718e-15
8400 3.62531e-15
8410 2.93423e-15
8420 4.84469e-15
8430 -1.30375e-16
8440 2.54365e-15
8450 -5.92801e-17
8460 6.71831e-15
8470 1.00334e-14
8480 1.1898e-14
8490 9.41834e-15
8500 6.82113e-15
8510 9.37558e-15
8520 1.42027e-14
8530 1.41796e-14
8540 9.63134e-15
8550 1.39359e-14
8560 1.33103e-14
8570 1.78025e-14
8580 1.76486e-14
8590 1.86406e-14
8600 1.76329e-14
8610 1.90615e-14
8620 1.87018e-14
8630 1.76396e-14
8640 1.86616e-14
8650 2.40412e-14
8660 1.90043e-14
8670 1.38335e-14
8680 1.48154e-14
8690 1.40673e-14
8700 1.17018e-14
8710 1.52503e-14
8720 1.29306e-14
8730 1.02223e-14
8740 1.31711e-14
8750 1.60311e-14
8760 1.34959e-14
8770 1.33446e-14
8780 1.13667e-14
8790 1.20119e-14
8800 8.97292e-15
8810 1.52372e-14
8820 1.5144e-14
8830 1.43073e-14
8840 1.72784e-14
8850 1.76202e-14
8860 1.49009e-14
8870 1.32172e-14
8880 1.29786e-14
8890 1.05965e-14
8900 1.25167e-14
8910 1.48345e-14
8920 1.58356e-14
8930 1.77723e-14
8940 1.79342e-14
8950 1.91339e-14
8960 1.57933e-14
8970 1.38104e-14
8980 1.18317e-14
8990 1.433e-14
9000 8.9216e-15
9010 1.10418e-14
9020 7.31773e-15
9030 1.1726e-14
9040 1.2109e-14
9050 9.05999e-15
9060 8.04989e-15
9070 1.08031e-14
9080 7.93613e-15
9090 9.50532e-15
9100 7.25761e-15
9110 6.30344e-15
9120 9.03647e-15
9130 5.66597e-15
9140 3.78144e-15
9150 2.08225e-15
9160 2.55523e-15
9170 5.49242e-15
9180 2.83409e-15
9190 7.9445e-15
9200 8.46027e-15
9210 1.00645e-14
9220 8.24258e-15
9230 8.08328e-15
9240 8.69834e-15
9250 9.88423e-15
9260 6.41757e-15
9270 5.89437e-15
9280 9.1267e-15
9290 9.27499e-15
9300 7.50628e-15
9310 9.1955e-15
9320 7.2468e-15
9330 4.79187e-15
9340 8.10801e-15
9350 3.56131e-15
9360 4.68906e-15
9370 3.92016e-15
9380 5.9939e-15
9390 6.14294e-15
9400 6.59485e-15
9410 8.55768e-15
9420 6.23633e-15
9430 7.28559e-15
9440 8.77664e-15
9450 5.17172e-15
9460 6.44692e-15
9470 3.28812e-15
9480 1.20875e-15
9490 -2.70512e-16
9500 8.77498e-16
9510 -4.17641e-16
9520 1.36115e-15
9530 -1.33251e-15
9540 1.18372e-15
9550 1.58078e-15
9560 -1.22736e-15
9570 4.37477e-15
9580 -8.8591e-16
9590 1.48666e-15
9600 -1.77107e-15
9610 -3.44301e-15
9620 -7.50216e-15
9630 -1.06816e-14
9640 -1.01834e-14
9650 -1.06351e-14
9660 -1.81709e-14
9670 -1.69936e-14
9680 -1.31773e-14
9690 -1.6769e-14
9700 -1.57517e-14
9710 -1.60464e-14
9720 -1.5333e-14
9730 -1.44367e-14
9740 -1.67528e-14
9750 -1.06945e-14
9760 -1.47868e-14
9770 -1.68926e-14
9780 -1.98328e-14
9790 -2.14298e-14
9800 -1.94486e-14
9810 -1.2739e-14
9820 -1.09347e-14
9830 -1.42123e-14
9840 -1.65199e-14
9850 -1.3921e-14
9860 -1.3093e-14
9870 -1.32273e-14
9880 -1.03154e-14
9890 -8.22548e-15
9900 -8.21273e-15
9910 -3.99568e-15
9920 2.11939e-15
9930 3.11115e-15
9940 -8.56437e-16
9950 6.0854e-15
9960 6.46334e-15
9970 6.35938e-15
9980 6.01325e-15
9990 5.71696e-15
10000 4.86469e-15
10010 5.95006e-16
10020 3.19239e-15
10030 2.76615e-15
10040 4.65195e-16
10050 2.62624e-15
10060 1.66029e-15
10070 2.13635e-15
10080 1.51815e-15
10090 1.30711e-15
10100 2.18013e-15
10110 3.48105e-15
10120 -6.85134e-17
10130 -7.44413e-16
10140 -2.5816e-15
10150 1.04708e-15
10160 2.11793e-15
10170 8.15716e-15
10180 8.68342e-15
10190 8.24236e-15
10200 8.86301e-15
10210 4.75997e-15
10220 8.997e-15
10230 7.62629e-15
10240 5.70128e-15
10250 8.86234e-15
10260 1.32797e-14
10270 9.72704e-15
10280 1.14042e-14
10290 1.34101e-14
10300 1.29733e-14
10310 8.52775e-15
10320 8.92108e-15
10330 8.55289e-15
10340 5.40616e-15
10350 5.01351e-15
10360 1.05883e-15
10370 -1.14393e-15
10380 4.74589e-17
10390 -6.15709e-16
10400 1.51326e-16
10410 -2.7857e-15
10420 8.93568e-16
10430 1.27202e-15
10440 6.96653e-16
10450 1.76845e-15
10460 8.47867e-15
10470 9.93915e-15
10480 5.3897e-15
10490 7.90417e-15
10500 8.63279e-15
10510 7.83569e-15
10520 7.40174e-15
10530 8.06778e-15
10540 5.00766e-15
10550 3.0158e-15
10560 2.37833e-15
10570 5.23627e-15
10580 1.27951e-14
10590 1.16936e-14
10600 8.14076e-15
10610 5.70489e-15
10620 4.91975e-15
10630 6.33368e-15
10640 2.90725e-15
10650 -3.28263e-15
10660 4.35953e-15
10670 -5.83715e-15
10680 -1.39443e-15
10690 -6.18899e-15
10700 -6.88588e-15
10710 -4.20162e-15
10720 -5.67026e-15
10730 -5.07212e-15
10740 -1.40051e-15
10750 1.23509e-15
10760 1.87307e-15
10770 -1.22235e-15
10780 -1.07415e-15
10790 -5.44027e-15
10800 -7.49093e-15
10810 -8.7033e-15
10820 -5.61012e-15
10830 -7.19169e-15
10840 -8.73662e-15
10850 -5.25478e-15
10860 -5.71859e-15
10870 -6.92091e-15
10880 -6.65394e-15
10890 -6.49388e-15
10900 -4.51615e-15
10910 -7.33347e-15
10920 -1.00284e-14
10930 -1.31686e-14
10940 -8.10618e-15
10950 -1.36542e-14
10960 -3.61229e-15
10970 -6.43123e-15
10980 -4.16683e-15
10990 -2.65286e-15
11000 -6.1372e-15
11010 -7.35526e-15
11020 -7.9807e-15
11030 -9.79778e-15
11040 -8.23827e-15
11050 -2.6553e-15
11060 -5.05319e-15
11070 -3.79151e-15
11080 -2.39122e-15
11090 -9.15376e-15
11100 -2.55873e-15
11110 -5.76627e-15
11120 -7.14772e-15
11130 -8.07718e-15
11140 -6.59526e-15
11150 -7.48695e-15
11160 -7.4093e-15
11170 -6.27625e-15
11180 -7.09542e-15
11190 -2.25748e-15
11200 -9.06191e-15
11210 -1.0336e-15
11220 -3.73485e-15
11230 -2.44608e-15
11240 -4.36777e-15
11250 -4.00412e-15
11260 -2.66773e-15
11270 3.61952e-16
11280 2.55577e-17
11290 3.30543e-16
11300 7.70311e-15
11310 2.90081e-15
11320 5.1441e-15
11330 5.60496e-15
11340 -7.89941e-16
11350 4.96942e-15
11360 1.91639e-16
11370 -1.16088e-15
11380 -3.19737e-15
11390 -5.3107e-15
11400 -2.79061e-15
11410 1.25374e-15
11420 -2.24578e-15
11430 -3.45795e-15
11440 -1.08534e-15
11450 -6.35491e-15
11460 -3.59008e-15
11470 -4.6364e-15
11480 -1.68901e-15
11490 -1.97772e-15
11500 -3.32105e-15
11510 -3.51271e-15
11520 -1.87167e-15
11530 -6.76705e-15
11540 -1.39382e-15
11550 -1.46961e-15
11560 3.82583e-15
11570 -2.60409e-15
11580 -7.97949e-16
11590 2.37174e-16
11600 6.96625e-16
11610 8.15114e-15
11620 8.53915e-15
11630 1.39055e-14
11640 1.19414e-14
11650 1.37576e-14
11660 1.41418e-14
11670 2.01264e-14
11680 1.89946e-14
11690 1.92264e-14
11700 1.25872e-14
11710 1.75802e-14
11720 1.6769e-14
11730 1.67132e-14
11740 1.42196e-14
11750 1.7268e-14
11760 1.52218e-14
11770 9.4884e-15
11780 1.02119e-14
11790 7.46568e-15
11800 1.07126e-14
11810 8.92287e-15
11820 7.52082e-15
11830 1.55389e-15
11840 6.86968e-15
11850 3.10173e-15
11860 2.08659e-15
11870 6.60211e-15
11880 5.49797e-15
11890 4.41717e-15
11900 9.39331e-15
11910 1.2044e-14
11920 8.6852e-15
11930 1.19443e-14
11940 8.87938e-15
11950 1.57607e-14
11960 1.9115e-14
11970 1.2147e-14
11980 1.7113e-14
11990 8.30362e-15
12000 8.18865e-15
12010 1.11454e-14
12020 1.50257e-14
12030 9.67366e-15
12040 1.32229e-14
12050 1.72034e-14
12060 1.33246e-14
12070 1.50854e-14
12080 1.44392e-14
12090 1.90162e-14
12100 1.53075e-14
12110 1.81821e-14
12120 1.55394e-14
12130 2.22864e-14
12140 1.75044e-14
12150 1.76214e-14
12160 1.43495e-14
12170 1.44374e-14
12180 1.54999e-14
12190 1.63209e-14
12200 1.86915e-14
12210 2.13357e-14
12220 2.99697e-14
12230 2.73292e-14
12240 3.0629e-14
12250 3.13976e-14
12260 2.48394e-14
12270 3.04458e-14
12280 2.53839e-14
12290 2.97565e-14
12300 2.99558e-14
12310 2.39771e-14
12320 2.79114e-14
12330 2.35697e-14
12340 2.40059e-14
12350 2.71811e-14
12360 3.02892e-14
12370 2.18274e-14
12380 2.53961e-14
12390 2.66066e-14
12400 2.6968e-14
12410 2.45697e-14
12420 2.78331e-14
12430 2.11815e-14
12440 2.53131e-14
12450 2.6295e-14
12460 2.92742e-14
12470 3.34578e-14
12480 2.88894e-14
12490 2.96988e-14
12500 3.29644e-14
12510 2.83048e-14
12520 2.54093e-14
12530 3.17043e-14
12540 2.63126e-14
12550 2.94326e-14
12560 3.22687e-14
12570 3.38103e-14
12580 3.16934e-14
12590 2.75263e-14
12600 3.10648e-14
12610 3.08701e-14
12620 2.98037e-14
12630 3.08628e-14
12640 3.10253e-14
12650 2.91551e-14
12660 3.19558e-14
12670 3.5943e-14
12680 3.68548e-14
12690 4.44616e-14
12700 3.81182e-14
12710 3.21741e-14
12720 3.38627e-14
12730 3.66526e-14
12740 3.66303e-14
12750 3.39871e-14
12760 3.25491e-14
12770 3.42427e-14
12780 2.89904e-14
12790 2.91678e-14
12800 3.43902e-14
12810 3.25282e-14
12820 2.70922e-14
12830 2.27075e-14
12840 3.30538e-14
12850 2.41191e-14
12860 2.57027e-14
12870 2.64945e-14
12880 2.34729e-14
12890 2.694e-14
12900 2.31534e-14
12910 2.60556e-14
12920 2.42525e-14
12930 2.17413e-14
12940 3.37289e-14
12950 3.09579e-14
12960 3.18861e-14
12970 3.74821e-14
12980 3.61812e-14
12990 3.45824e-14
13000 3.52016e-14
13010 4.11262e-14
13020 3.16426e-14
13030 3.8774e-14
13040 3.56811e-14
13050 3.75763e-14
13060 3.1667e-14
13070 3.95471e-14
13080 3.83693e-14
13090 3.62963e-14
13100 3.59914e-14
13110 3.50656e-14
13120 3.33485e-14
13130 3.62425e-14
13140 3.64788e-14
13150 3.47813e-14
13160 3.54218e-14
13170 3.6008e-14
13180 2.94296e-14
13190 3.51245e-14
13200 3.98142e-14
13210 3.64358e-14
13220 3.89838e-14
13230 3.31341e-14
13240 3.65074e-14
13250 4.32463e-14
13260 4.39641e-14
13270 3.95227e-14
13280 4.40562e-14
13290 4.41041e-14
13300 4.52978e-14
13310 4.81845e-14
13320 4.66734e-14
13330 4.36443e-14
13340 4.5144e-14
13350 4.61229e-14
13360 4.51598e-14
13370 4.53873e-14
13380 4.56592e-14
13390 4.08596e-14
13400 4.39782e-14
13410 4.7795e-14
13420 4.49182e-14
13430 3.75119e-14
13440 4.23303e-14
13450 4.20139e-14
13460 3.6394e-14
13470 3.83173e-14
13480 3.70022e-14
13490 3.59186e-14
13500 3.27459e-14
13510 3.51945e-14
13520 3.03104e-14
13530 2.74285e-14
13540 3.37394e-14
13550 3.67404e-14
13560 3.03393e-14
13570 3.08389e-14
13580 3.01267e-14
13590 2.8528e-14
13600 2.77596e-14
13610 2.60305e-14
13620 2.50448e-14
13630 2.59034e-14
13640 2.28568e-14
13650 2.42602e-14
13660 1.98958e-14
13670 2.02735e-14
13680 2.00959e-14
13690 1.5819e-14
13700 2.11911e-14
13710 2.73972e-14
13720 2.02301e-14
13730 2.42112e-14
13740 2.11905e-14
13750 2.07625e-14
13760 2.20202e-14
13770 1.61096e-14
13780 1.76372e-14
13790 2.08034e-14
13800 1.93097e-14
13810 2.5402e-14
13820 2.43498e-14
13830 1.90475e-14
13840 1.84321e-14
13850 2.2234e-14
13860 1.57019e-14
13870 1.74095e-14
13880 2.05095e-14
13890 1.30559e-14
13900 1.3479e-14
13910 1.47017e-14
13920 1.90756e-14
13930 1.56483e-14
13940 1.01247e-14
13950 1.04474e-14
13960 6.4793e-15
13970 5.25038e-15
13980 1.16804e-14
13990 1.20798e-14
14000 4.33477e-16
14010 8.17858e-15
14020 1.03081e-14
14030 6.37869e-15
14040 6.49353e-16
14050 1.91655e-15
14060 1.20255e-14
14070 2.11476e-16
14080 3.65911e-15
14090 3.14054e-16
14100 1.09913e-15
14110 -7.73481e-17
14120 -3.95838e-16
14130 1.75701e-15
14140 1.47201e-15
14150 6.21962e-15
14160 9.60076e-17
14170 -3.07437e-15
14180 6.90516e-15
14190 3.28819e-15
14200 1.18854e-14
14210 5.22508e-15
14220 6.00496e-15
14230 7.3347e-15
14240 9.32012e-15
14250 4.18079e-15
14260 9.34705e-15
14270 2.19213e-14
14280 1.76461e-14
14290 1.82866e-14
14300 1.35966e-14
14310 1.86524e-14
14320 2.13527e-14
14330 2.19757e-14
14340 2.19976e-14
14350 2.46484e-14
14360 3.13108e-14
14370 4.01433e-14
14380 5.14176e-14
14390 7.34511e-14
14400 1.0693e-13
14410 1.81207e-13
14420 3.27108e-13
14430 5.84124e-13
14440 1.06929e-12
14450 1.95776e-12
14460 3.56308e-12
14470 6.46299e-12
14480 1.16292e-11
14490 2.07952e-11
14500 3.69594e-11
14510 6.52175e-11
14520 1.14271e-10
14530 1.98865e-10
14540 3.4367e-10
14550 5.89795e-10
14560 1.00519e-09
14570 1.70134e-09
14580 2.8598e-09
14590 4.77411e-09
14600 7.91534e-09
14610 1.3034e-08
14620 2.13172e-08
14630 3.46283e-08
14640 5.58721e-08
14650 8.95426e-08
14660 1.42543e-07
14670 2.25401e-07
14680 3.54051e-07
14690 5.52446e-07
14700 8.56321e-07
14710 1.31861e-06
14720 2.01716e-06
14730 3.06561e-06
14740 4.62869e-06
14750 6.94342e-06
14760 1.03484e-05
14770 1.53239e-05
14780 2.25461e-05
14790 3.296e-05
14800 4.78774e-05
14810 6.91049e-05
14820 9.91139e-05
14830 0.000141259
14840 0.000200063
14850 0.000281574
14860 0.000393827
14870 0.000547415
14880 0.000756198
14890 0.00103818
14900 0.00141656
14910 0.00192105
14920 0.00258933
14930 0.00346893
14940 0.00461924
14950 0.00611396
14960 0.00804383
14970 0.0105196
14980 0.0136756
14990 0.0176728
15000 0.0227036
15010 0.0289947
15020 0.0368119
15030 0.0464636
15040 0.0583047
15050 0.0727391
15060 0.0902229
15070 0.111265
15080 0.136428
15090 0.166326
15100 0.201622
15110 0.243022
15120 0.291269
15130 0.347129
15140 0.411383
15150 0.484806
15160 0.568154
15170 0.662139
15180 0.767407
15190 0.884514
15200 1.0139
15210 1.15586
15220 1.31053
15230 1.47782
15240 1.65747
15250 1.84894
15260 2.05147
15270 2.264
15280 2.48524
15290 2.71362
15300 2.94732
15310 3.18426
15320 3.42219
15330 3.65864
15340 3.89104
15350 4.11669
15360 4.33287
15370 4.53688
15380 4.72606
15390 4.89791
15400 5.05008
15410 5.18049
15420 5.28732
15430 5.36908
15440 5.42464
15450 5.45328
15460 5.45465
15470 5.42882
15480 5.37628
15490 5.29789
15500 5.19488
15510 5.06882
15520 4.92159
15530 4.75529
15540 4.57225
15550 4.37492
15560 4.16586
15570 3.94767
15580 3.72295
15590 3.4942
15600 3.26385
15610 3.03419
15620 2.80731
15630 2.58513
15640 2.36931
15650 2.16131
15660 1.96235
15670 1.77339
15680 1.59517
15690 1.42821
15700 1.27281
15710 1.1291
15720 0.99701
15730 0.876345
15740 0.766769
15750 0.667841
15760 0.579039
15770 0.499774
15780 0.429416
15790 0.367304
15800 0.312769
15810 0.265142
15820 0.223766
15830 0.188008
15840 0.157266
15850 0.13097
15860 0.10859
15870 0.0896402
15880 0.0736735
15890 0.0602867
15900 0.0491178
15910 0.0398446
15920 0.0321825
15930 0.0258817
15940 0.0207251
15950 0.0165247
15960 0.0131194
15970 0.0103714
15980 0.0081642
15990 0.00639949
16000 0.00499504
16010 0.00388239
16020 0.00300491
16030 0.00231601
16040 0.00177759
16050 0.00135866
16060 0.00103415
16070 0.000783881
16080 0.000591726
16090 0.000444835
16100 0.000333034
16110 0.000248311
16120 0.000184384
16130 0.000136358
16140 0.000100431
16150 7.36697e-05
16160 5.38211e-05
16170 3.91617e-05
16180 2.83806e-05
16190 2.0485e-05
16200 1.47269e-05
16210 1.0545e-05
16220 7.52064e-06
16230 5.34238e-06
16240 3.78e-06
16250 2.66398e-06
16260 1.87007e-06
16270 1.3076e-06
16280 9.10722e-07
16290 6.31826e-07
16300 4.36629e-07
16310 3.00564e-07
16320 2.06097e-07
16330 1.40775e-07
16340 9.57853e-08
16350 6.49229e-08
16360 4.38355e-08
16370 2.9484e-08
16380 1.97554e-08
16390 1.31864e-08
16400 8.76824e-09
16410 5.80829e-09
16420 3.83299e-09
16430 2.51991e-09
16440 1.65042e-09
16450 1.07688e-09
16460 7.00022e-10
16470 4.53345e-10
16480 2.92498e-10
16490 1.88017e-10
16500 1.20409e-10
16510 7.68258e-11
16520 4.88369e-11
16530 3.09304e-11
16540 1.95174e-11
16550 1.22705e-11
16560 7.68619e-12
16570 4.79701e-12
16580 2.98293e-12
16590 1.84814e-12
16600 1.1409e-12
16610 7.01758e-13
16620 4.30086e-13
16630 2.62637e-13
16640 1.59805e-13
16650 9.68872e-14
16660 5.85308e-14
16670 3.5233e-14
16680 2.11331e-14
16690 1.26308e-14
16700 7.52237e-15
16710 4.46415e-15
16720 2.63989e-15
16730 1.55561e-15
16740 9.13446e-16
16750 5.3449e-16
16760 3.11654e-16
16770 1.81086e-16
16780 1.04853e-16
16790 6.05011e-17
16800 3.47884e-17
16810 1.99342e-17
16820 1.1383e-17
16830 6.47762e-18
16840 3.67346e-18
16850 2.07606e-18
16860 1.16927e-18
16870 6.56293e-19
16880 3.6711e-19
16890 2.0465e-19
16900 1.13697e-19
16910 6.29518e-20
16920 3.47371e-20
16930 1.91033e-20
16940 1.04702e-20
16950 5.71924e-21
16960 3.11357e-21
16970 1.68935e-21
16980 9.13535e-22
16990 4.92354e-22
17000 2.64471e-22
17010 1.4159e-22
17020 7.55512e-23
17030 4.01799e-23
17040 2.12979e-23
17050 1.12519e-23
17060 5.92496e-24
17070 3.10966e-24
17080 1.62671e-24
17090 8.48173e-25
17100 4.40793e-25
17110 2.28331e-25
17120 1.17891e-25
17130 6.06705e-26
17140 3.11217e-26
17150 1.59126e-26
17160 8.10981e-27
17170 4.1198e-27
17180 2.08613e-27
17190 1.05294e-27
17200 5.29754e-28
17210 2.65674e-28
17220 1.3281e-28
17230 6.61799e-29
17240 3.28726e-29
17250 1.62764e-29
17260 8.03342e-30
17270 3.95243e-30
17280 1.93843e-30
17290 9.47685e-31
17300 4.61854e-31
17310 2.24376e-31
17320 1.08663e-31
17330 5.24594e-32
17340 2.52466e-32
17350 1.21121e-32
17360 5.79273e-33
17370 2.76178e-33
17380 1.31263e-33
17390 6.21939e-34
17400 2.93767e-34
17410 1.38329e-34
17420 6.49351e-35
17430 3.03882e-35
17440 1.41772e-35
17450 6.59388e-36
17460 3.05743e-36
17470 1.41332e-36
17480 6.51317e-37
17490 2.99239e-37
17500 1.37062e-37
17510 6.25883e-38
17520 2.84937e-38
17530 1.29325e-38
17540 5.85198e-39
17550 2.64001e-39
17560 1.1874e-39
17570 5.32448e-40
17580 2.38039e-40
17590 1.061e-40
17600 4.71491e-41
17610 2.08896e-41
17620 9.22754e-42
17630 4.06389e-42
17640 1.78444e-42
17650 7.81201e-43
17660 3.40981e-43
17670 1.48389e-43
17680 6.43845e-44
17690 2.78527e-44
17700 1.20133e-44
17710 5.16607e-45
17720 2.21496e-45
17730 9.46835e-46
17740 4.03539e-46
17750 1.71472e-46
17760 7.26436e-47
17770 3.06824e-47
17780 1.29201e-47
17790 5.42393e-48
17800 2.27002e-48
17810 9.47113e-49
17820 3.93928e-49
17830 1.63328e-49
17840 6.75026e-50
17850 2.78084e-50
17860 1.14185e-50
17870 4.67306e-51
17880 1.90602e-51
17890 7.74752e-52
17900 3.13821e-52
17910 1.26665e-52
17920 5.09403e-53
17930 2.04109e-53
17940 8.14754e-54
17950 3.23984e-54
17960 1.28327e-54
17970 5.06267e-55
17980 1.98916e-55
17990 7.78314e-56
18000 3.03248e-56
18010 1.17643e-56
18020 4.54385e-57
18030 1.74717e-57
18040 6.68757e-58
18050 2.54793e-58
18060 9.66188e-59
18070 3.64635e-59
18080 1.36945e-59
18090 5.11797e-60
18100 1.90319e-60
18110 7.04163e-61
18120 2.59205e-61
18130 9.49226e-62
18140 3.45801e-62
18150 1.25312e-62
18160 4.51694e-63
18170 1.61944e-63
18180 5.77474e-64
18190 2.04801e-64
18200 7.22344e-65
18210 2.5337e-65
18220 8.83794e-66
18230 3.06561e-66
18240 1.05741e-66
18250 3.62672e-67
18260 1.23687e-67
18270 4.19429e-68
18280 1.4142e-68
18290 4.74106e-69
18300 1.58031e-69
18310 5.23729e-70
18320 1.72568e-70
18330 5.65327e-71
18340 1.84128e-71
18350 5.96232e-72
18360 1.91948e-72
18370 6.14361e-73
18380 1.95492e-73
18390 6.18444e-74
18400 1.94507e-74
18410 6.08177e-75
18420 1.89054e-75
18430 5.84255e-76
18440 1.79505e-76
18450 5.48292e-77
18460 1.66496e-77
18470 5.02641e-78
18480 1.50859e-78
18490 4.50136e-79
18500 1.3353e-79
18510 3.938e-80
18520 1.15462e-80
18530 3.36562e-81
18540 9.75345e-82
18550 2.81009e-82
18560 8.0492e-83
18570 2.29223e-83
18580 6.48988e-84
18590 1.8268e-84
18600 5.1124e-85
18610 1.42246e-85
18620 3.93492e-86
18630 1.08222e-86
18640 2.95928e-87
18650 8.04536e-88
18660 2.17469e-88
18670 5.84444e-89
18680 1.56166e-89
18690 4.14887e-90
18700 1.09591e-90
18710 2.87823e-91
18720 7.51594e-92
18730 1.95142e-92
18740 5.03768e-93
18750 1.29308e-93
18760 3.30019e-94
18770 8.37475e-95
18780 2.11314e-95
18790 5.30162e-96
18800 1.32257e-96
18810 3.28062e-97
18820 8.09148e-98
18830 1.98443e-98
18840 4.83926e-99
18850 1.17345e-99
18860 2.82938e-100
18870 6.78363e-101
18880 1.61726e-101
18890 3.83397e-102
18900 9.03793e-103
18910 2.11857e-103
18920 4.93825e-104
18930 1.14462e-104
18940 2.63821e-105
18950 6.04674e-106
18960 1.37815e-106
18970 3.12349e-107
18980 7.03966e-108
18990 1.57774e-108
19000 3.51633e-109
19010 7.79325e-110
19020 1.71761e-110
19030 3.76452e-111
19040 8.20491e-112
19050 1.77836e-112
19060 3.8331e-113
19070 8.21608e-114
19080 1.75132e-114
19090 3.71242e-115
19100 7.82595e-116
19110 1.64062e-116
19120 3.42037e-117
19130 7.09141e-118
19140 1.46214e-118
19150 2.99805e-119
19160 6.1135e-120
19170 1.23977e-120
19180 2.5003e-121
19190 5.0147e-122
19200 1.00023e-122
19210 1.9841e-123
19220 3.91407e-124
19230 7.67895e-125
19240 1.49824e-125
19250 2.90717e-126
19260 5.61008e-127
19270 1.07666e-127
19280 2.05493e-128
19290 3.90056e-129
19300 7.36327e-130
19310 1.38238e-130
19320 2.58105e-131
19330 4.79272e-132
19340 8.85077e-133
19350 1.62553e-133
19360 2.96912e-134
19370 5.39355e-135
19380 9.74403e-136
19390 1.75073e-136
19400 3.12837e-137
19410 5.55949e-138
19420 9.82583e-139
19430 1.72712e-139
19440 3.0192e-140
19450 5.24906e-141
19460 9.07588e-142
19470 1.56068e-142
19480 2.66906e-143
19490 4.53964e-144
19500 7.67897e-145
19510 1.29182e-145
19520 2.16132e-146
19530 3.59628e-147
19540 5.95122e-148
19550 9.79433e-149
19560 1.6031e-149
19570 2.60954e-150
19580 4.22456e-151
19590 6.80166e-152
19600 1.08909e-152
19610 1.73431e-153
19620 2.74665e-154
19630 4.32606e-155
19640 6.77633e-156
19650 1.05562e-156
19660 1.63543e-157
19670 2.51981e-158
19680 3.8611e-159
19690 5.88387e-160
19700 8.91708e-161
19710 1.34397e-161
19720 2.01446e-162
19730 3.00286e-163
19740 4.45157e-164
19750 6.56287e-165
19760 9.62221e-166
19770 1.40299e-166
19780 2.03439e-167
19790 2.93367e-168
19800 4.20709e-169
19810 5.99995e-170
19820 8.50954e-171
19830 1.20021e-171
19840 1.68343e-172
19850 2.34813e-173
19860 3.25713e-174
19870 4.49297e-175
19880 6.16332e-176
19890 8.4077e-177
19900 1.14056e-177
19910 1.53865e-178
19920 2.06411e-179
19930 2.75361e-180
19940 3.65295e-181
19950 4.81896e-182
19960 6.32168e-183
19970 8.24791e-184
19980 1.08e-184
19990 2.17803e-185
20000 4.10036e-186
20010 7.68539e-187
20020 1.43414e-187
20030 2.66439e-188
20040 4.92808e-189
20050 9.07461e-190
20060 1.66358e-190
20070 3.03615e-191
20080 5.51643e-192
20090 9.97809e-193
20100 1.79674e-193
20110 3.22084e-194
20120 5.74767e-195
20130 1.02106e-195
20140 1.80568e-196
20150 3.17876e-197
20160 5.57053e-198
20170 9.71747e-199
20180 1.68742e-199
20190 2.91676e-200
20200 5.01859e-201
20210 8.59531e-202
20220 1.46533e-202
20230 2.48655e-203
20240 4.19996e-204
20250 7.06107e-205
20260 1.1816e-205
20270 1.96807e-206
20280 3.26267e-207
20290 5.3835e-208
20300 8.84118e-209
20310 1.44512e-209
20320 2.35094e-210
20330 3.80641e-211
20340 6.1337e-212
20350 9.83686e-213
20360 1.57004e-213
20370 2.49392e-214
20380 3.94244e-215
20390 6.20228e-216
20400 9.71039e-217
20410 1.51292e-217
20420 2.34575e-218
20430 3.61934e-219
20440 5.55716e-220
20450 8.49075e-221
20460 1.29093e-221
20470 1.95307e-222
20480 2.94025e-223
20490 4.40449e-224
20500 6.56519e-225
20510 9.73713e-226
20520 1.43695e-226
20530 2.10995e-227
20540 3.08259e-228
20550 4.48092e-229
20560 6.48066e-230
20570 9.32534e-231
20580 1.33505e-231
20590 1.90156e-232
20600 2.69462e-233
20610 3.79883e-234
20620 5.32799e-235
20630 7.4341e-236
20640 1.0319e-236
20650 1.42491e-237
20660 1.95735e-238
20670 2.67468e-239
20680 3.63573e-240
20690 4.9161e-241
20700 6.61227e-242
20710 8.84656e-243
20720 1.17729e-243
20730 1.55838e-244
20740 2.05178e-245
20750 2.6869e-246
20760 3.49966e-247
20770 4.53365e-248
20780 5.84127e-249
20790 7.4851e-250
20800 9.53913e-251
20810 1.20902e-251
20820 1.52392e-252
20830 1.91024e-253
20840 2.38123e-254
20850 2.95185e-255
20860 3.63878e-256
20870 4.46046e-257
20880 5.43694e-258
20890 6.5898e-259
20900 7.94189e-260
20910 9.517e-261
20920 1.13394e-261
20930 1.34334e-262
20940 1.58227e-263
20950 1.85293e-264
20960 2.15732e-265
20970 2.4971e-266
20980 2.87351e-267
20990 3.28729e-268
21000 3.73851e-269
21010 4.22653e-270
21020 4.74992e-271
21030 5.30631e-272
21040 5.89241e-273
21050 6.50395e-274
21060 7.13565e-275
21070 7.78128e-276
21080 8.43372e-277
21090 9.08503e-278
21100 9.72659e-279
21110 1.03493e-279
21120 1.09437e-280
21130 1.15004e-281
21140 1.201e-282
21150 1.24635e-283
21160 1.28526e-284
21170 1.31701e-285
21180 1.34096e-286
21190 1.35664e-287
21200 1.3637e-288
21210 1.36196e-289
21220 1.35143e-290
21230 1.33225e-291
21240 1.30477e-292
21250 1.26947e-293
21260 1.22698e-294
21270 1.17805e-295
21280 1.12353e-296
21290 1.06438e-297
21300 1.00155e-298
21310 9.36068e-300
21320 8.68923e-301
21330 8.01089e-302
21340 7.33484e-303
21350 6.66953e-304
21360 6.02254e-305
21370 5.40043e-306
21380 4.80866e-307
21390 4.2516e-308
21400 3.73247e-309
21410 3.25341e-310
21420 2.81555e-311
21430 2.4191e-312
21440 2.06344e-313
21450 1.74728e-314
21460 1.46884e-315
21470 1.2266e-316
21480 1.02586e-317
21490 9.39283e-319
21500 1.67202e-319
21510 9.69456e-320
21520 8.13133e-320
21530 6.88036e-320
21540 5.73363e-320
21550 4.69115e-320
21560 3.75292e-320
21570 2.91894e-320
21580 2.1892e-320
21590 1.56372e-320
21600 1.04248e-320
21610 6.25487e-321
21620 3.12744e-321
21630 1.04248e-321
21640 0
21650 0
21660 0
21670 0
21680 0
21690 0
21700 0
21710 0
21720 0
21730 0
21740 0
21750 0
21760 0
21770 0
21780 0
21790 0
21800 0
21810 0
21820 0
21830 0
21840 0
21850 0
21860 0
21870 0
21880 0
21890 0
21900 0
21910 0
21920 0
21930 0
21940 0
21950 0
21960 0
21970 0
21980 0
21990 0
22000 0
22010 0
22020 0
22030 0
22040 0
22050 0
22060 0
22070 0
22080 0
22090 0
22100 0
22110 0
22120 0
22130 0
22140 0
22150 0
22160 0
22170 0
22180 0
22190 0
22200 0
22210 0
22220 0
22230 0
22240 0
22250 0
22260 0
22270 0
22280 0
22290 0
22300 0
22310 0
22320 0
22330 0
22340 0
22350 0
22360 0
22370 0
22380 0
22390 0
22400 0
22410 0
22420 0
22430 0
22440 0
22450 0
22460 0
22470 0
22480 0
22490 0
22500 0
22510 0
22520 0
22530 0
22540 0
22550 0
22560 0
22570 0
22580 0
22590 0
22600 0
22610 0
22620 0
22630 0
22640 0
22650 0
22660 0
22670 0
22680 0
22690 0
22700 0
22710 0
22720 0
22730 0
22740 0
22750 0
22760 0
22770 0
22780 0
22790 0
22800 0
22810 0
22820 0
22830 0
22840 0
22850 0
22860 0
22870 0
22880 0
22890 0
22900 0
22910 0
22920 0
22930 0
22940 0
22950 0
22960 0
22970 0
22980 0
22990 0
23000 0
23010 0
23020 0
23030 0
23040 0
23050 0
23060 0
23070 0
23080 0
23090 0
23100 0
23110 0
23120 0
23130 0
23140 0
23150 0
23160 0
23170 0
23180 0
23190 0
23200 0
23210 0
23220 0
23230 0
23240 0
23250 0
23260 0
23270 0
23280 0
23290 0
23300 0
23310 0
23320 0
23330 0
23340 0
23350 0
23360 0
23370 0
23380 0
23390 0
23400 0
23410 0
23420 0
23430 0
23440 0
23450 0
23460 0
23470 0
23480 0
23490 0
23500 0
23510 0
23520 0
23530 0
23540 0
23550 0
23560 0
23570 0
23580 0
23590 0
23600 0
23610 0
23620 0
23630 0
23640 0
23650 0
23660 0
23670 0
23680 0
23690 0
23700 0
23710 0
23720 0
23730 0
23740 0
23750 0
23760 0
23770 0
23780 0
23790 0
23800 0
23810 0
23820 0
23830 0
23840 0
23850 0
23860 0
23870 0
23880 0
23890 0
23900 0
23910 0
23920 0
23930 0
23940 0
23950 0
23960 0
23970 0
23980 0
23990 0
24000 0
24010 0
24020 0
24030 0
24040 0
24050 0
24060 0
24070 0
24080 0
24090 0
24100 0
24110 0
24120 0
24130 0
24140 0
24150 0
24160 0
24170 0
24180 0
24190 0
24200 0
24210 0
24220 0
24230 0
24240 0
24250 0
24260 0
24270 0
24280 0
24290 0
24300 0
24310 0
24320 0
24330 0
24340 0
24350 0
24360 0
24370 0
24380 0
24390 0
24400 0
24410 0
24420 0
24430 0
24440 0
24450 0
24460 0
24470 0
24480 0
24490 0
24500 0
24510 0
24520 0
24530 0
24540 0
24550 0
24560 0
24570 0
24580 0
24590 0
24600 0
24610 0
24620 0
24630 0
24640 0
24650 0
24660 0
24670 0
24680 0
24690 0
24700 0
24710 0
24720 0
24730 0
24740 0
24750 0
24760 0
24770 0
24780 0
24790 0
24800 0
24810 0
24820 0
24830 0
24840 0
24850 0
24860 0
24870 0
24880 0
24890 0
24900 0
24910 0
24920 0
24930 0
24940 0
24950 0
24960 0
24970 0
24980 0
24990 0
25000 0
25010 0
25020 0
25030 0
25040 0
25050 0
25060 0
25070 0
25080 0
25090 0
25100 0
25110 0
25120 0
25130 0
25140 0
25150 0
25160 0
25170 0
25180 0
25190 0
25200 0
25210 0
25220 0
25230 0
25240 0
25250 0
25260 0
25270 0
25280 0
25290 0
25300 0
25310 0
25320 0
25330 0
25340 0
25350 0
25360 0
25370 0
25380 0
25390 0
25400 0
25410 0
25420 0
25430 0
25440 0
25450 0
25460 0
25470 0
25480 0
25490 0
25500 0
25510 0
25520 0
25530 0
25540 0
25550 0
25560 0
25570 0
25580 0
25590 0
25600 0
25610 0
25620 0
25630 0
25640 0
25650 0
25660 0
25670 0
25680 0
25690 0
25700 0
25710 0
25720 0
25730 0
25740 0
25750 0
25760 0
25770 0
25780 0
25790 0
25800 0
25810 0
25820 0
25830 0
25840 0
25850 0
25860 0
25870 0
25880 0
25890 0
25900 0
25910 0
25920 0
25930 0
25940 0
25950 0
25960 0
25970 0
25980 0
25990 0
26000 0
26010 0
26020 0
26030 0
26040 0
26050 0
26060 0
26070 0
26080 0
26090 0
26100 0
26110 0
26120 0
26130 0
26140 0
26150 0
26160 0
26170 0
26180 0
26190 0
26200 0
26210 0
26220 0
26230 0
26240 0
26250 0
26260 0
26270 0
26280 0
26290 0
26300 0
26310 0
26320 0
26330 0
26340 0
26350 0
26360 0
26370 0
26380 0
26390 0
26400 0
26410 0
26420 0
26430 0
26440 0
26450 0
26460 0
26470 0
26480 0
26490 0
26500 0
26510 0
26520 0
26530 0
26540 0
26550 0
26560 0
26570 0
26580 0
26590 0
26600 0
26610 0
26620 0
26630 0
26640 0
26650 0
26660 0
26670 0
26680 0
26690 0
26700 0
26710 0
26720 0
26730 0
26740 0
26750 0
26760 0
26770 0
26780 0
26790 0
26800 0
26810 0
26820 0
26830 0
26840 0
26850 0
26860 0
26870 0
26880 0
26890 0
26900 0
26910 0
26920 0
26930 0
26940 0
26950 0
26960 0
26970 0
26980 0
26990 0
27000 0
27010 0
27020 0
27030 0
27040 0
27050 0
27060 0
27070 0
27080 0
27090 0
27100 0
27110 0
27120 0
27130 0
27140 0
27150 0
27160 0
27170 0
27180 0
27190 0
27200 0
27210 0
27220 0
27230 0
27240 0
27250 0
27260 0
27270 0
27280 0
27290 0
27300 0
27310 0
27320 0
27330 0
27340 0
27350 0
27360 0
27370 0
27380 0
27390 0
27400 0
27410 0
27420 0
27430 0
27440 0
27450 0
27460 0
27470 0
27480 0
27490 0
27500 0
27510 0
27520 0
27530 0
27540 0
27550 0
27560 0
27570 0
27580 0
27590 0
27600 0
27610 0
27620 0
27630 0
27640 0
27650 0
27660 0
27670 0
27680 0
27690 0
27700 0
27710 0
27720 0
27730 0
27740 0
27750 0
27760 0
27770 0
27780 0
27790 0
27800 0
27810 0
27820 0
27830 0
27840 0
27850 0
27860 0
27870 0
27880 0
27890 0
27900 0
27910 0
27920 0
27930 0
27940 0
27950 0
27960 0
27970 0
27980 0
27990 0
28000 0
28010 0
28020 0
28030 0
28040 0
28050 0
28060 0
28070 0
28080 0
28090 0
28100 0
28110 0
28120 0
28130 0
28140 0
28150 0
28160 0
28170 0
28180 0
28190 0
28200 0
28210 0
28220 0
28230 0
28240 0
28250 0
28260 0
28270 0
28280 0
28290 0
28300 0
28310 0
28320 0
28330 0
28340 0
28350 0
28360 0
28370 0
28380 0
28390 0
28400 0
28410 0
28420 0
28430 0
28440 0
28450 0
28460 0
28470 0
28480 0
28490 0
28500 0
28510 0
28520 0
28530 0
28540 0
28550 0
28560 0
28570 0
28580 0
28590 0
28600 0
28610 0
28620 0
28630 0
28640 0
28650 0
28660 0
28670 0
28680 0
28690 0
28700 0
28710 0
28720 0
28730 0
28740 0
28750 0
28760 0
28770 0
28780 0
28790 0
28800 0
28810 0
28820 0
28830 0
28840 0
28850 0
28860 0
28870 0
28880 0
28890 0
28900 0
28910 0
28920 0
28930 0
28940 0
28950 0
28960 0
28970 0
28980 0
28990 0
29000 0
29010 0
29020 0
29030 0
29040 0
29050 0
29060 0
29070 0
29080 0
29090 0
29100 0
29110 0
29120 0
29130 0
29140 0
29150 0
29160 0
29170 0
29180 0
29190 0
29200 0
29210 0
29220 0
29230 0
29240 0
29250 0
29260 0
29270 0
29280 0
29290 0
29300 0
29310 0
29320 0
29330 0
29340 0
29350 0
29360 0
29370 0
29380 0
29390 0
29400 0
29410 0
29420 0
29430 0
29440 0
29450 0
29460 0
29470 0
29480 0
29490 0
29500 0
29510 0
29520 0
29530 0
29540 0
29550 0
29560 0
29570 0
29580 0
29590 0
29600 0
29610 0
29620 0
29630 0
29640 0
29650 0
29660 0
29670 0
29680 0
29690 0
29700 0
29710 0
29720 0
29730 0
29740 0
29750 0
29760 0
29770 0
29780 0
29790 0
29800 0
29810 0
29820 0
29830 0
29840 0
29850 0
29860 0
29870 0
29880 0
29890 0
29900 0
29910 0
29920 0
29930 0
29940 0
29950 0
29960 0
29970 0
29980 0
