-10 0
0 9.31522e-39
10 4.03385e-38
20 1.63997e-37
30 6.58133e-37
40 2.61426e-36
50 1.02799e-35
60 4.00148e-35
70 1.54176e-34
80 5.87967e-34
90 2.21925e-33
100 8.28997e-33
110 3.06454e-32
120 1.12104e-31
130 4.05776e-31
140 1.45324e-30
150 5.14931e-30
160 1.80504e-29
170 6.2593e-29
180 2.147e-28
190 7.28411e-28
200 2.44414e-27
210 8.11048e-27
220 2.66137e-26
230 8.63513e-26
240 2.77013e-25
250 8.78539e-25
260 2.75433e-24
270 8.53543e-24
280 2.61426e-23
290 7.91307e-23
300 2.36686e-22
310 6.99498e-22
320 2.04241e-21
330 5.89107e-21
340 1.67839e-20
350 4.72271e-20
360 1.31231e-19
370 3.60061e-19
380 9.75339e-19
390 2.60807e-18
400 6.88351e-18
410 1.79294e-17
420 4.60814e-17
430 1.16849e-16
440 2.92278e-16
450 7.21061e-16
460 1.7542e-15
470 4.20768e-15
480 9.94916e-15
490 2.31862e-14
500 5.32463e-14
510 1.2047e-13
520 2.68476e-13
530 5.89223e-13
540 1.27321e-12
550 2.70811e-12
560 5.66856e-12
570 1.16737e-11
580 2.36459e-11
590 4.70974e-11
600 9.22162e-11
610 1.77442e-10
620 3.35433e-10
630 6.22755e-10
640 1.13512e-09
650 2.03064e-09
660 3.56392e-09
670 6.13437e-09
680 1.03512e-08
690 1.7117e-08
700 2.77275e-08
710 4.3982e-08
720 6.82906e-08
730 1.03757e-07
740 1.54212e-07
750 2.24157e-07
760 3.18606e-07
770 4.42803e-07
780 6.01842e-07
790 8.00251e-07
800 1.04166e-06
810 1.32868e-06
820 1.66314e-06
830 2.0468e-06
840 2.48246e-06
850 2.97527e-06
860 3.53402e-06
870 4.1718e-06
880 4.90589e-06
890 5.75664e-06
900 6.74575e-06
910 7.89455e-06
920 9.22321e-06
930 1.07515e-05
940 1.25012e-05
950 1.44994e-05
960 1.67812e-05
970 1.93909e-05
980 2.23808e-05
990 2.58082e-05
1000 2.9733e-05
1010 3.42178e-05
1020 3.93303e-05
1030 4.51489e-05
1040 5.17674e-05
1050 5.92967e-05
1060 6.78626e-05
1070 7.76022e-05
1080 8.86629e-05
1090 0.000101205
1100 0.00011541
1110 0.000131487
1120 0.000149674
1130 0.000170238
1140 0.000193473
1150 0.000219695
1160 0.000249257
1170 0.000282555
1180 0.000320034
1190 0.000362194
1200 0.000409581
1210 0.000462794
1220 0.000522491
1230 0.000589403
1240 0.000664346
1250 0.000748223
1260 0.00084202
1270 0.000946816
1280 0.00106379
1290 0.00119426
1300 0.00133966
1310 0.00150157
1320 0.00168171
1330 0.00188195
1340 0.00210434
1350 0.00235115
1360 0.00262482
1370 0.00292801
1380 0.00326362
1390 0.00363479
1400 0.00404496
1410 0.00449785
1420 0.00499746
1430 0.00554815
1440 0.00615463
1450 0.00682196
1460 0.00755565
1470 0.00836161
1480 0.00924616
1490 0.0102162
1500 0.011279
1510 0.0124424
1520 0.013715
1530 0.0151057
1540 0.0166242
1550 0.0182808
1560 0.0200864
1570 0.0220529
1580 0.0241927
1590 0.026519
1600 0.0290458
1610 0.0317881
1620 0.0347617
1630 0.0379832
1640 0.0414702
1650 0.0452413
1660 0.0493161
1670 0.0537151
1680 0.05846
1690 0.0635734
1700 0.069079
1710 0.0750017
1720 0.0813675
1730 0.0882032
1740 0.0955371
1750 0.103398
1760 0.111818
1770 0.120826
1780 0.130456
1790 0.140742
1800 0.151717
1810 0.163419
1820 0.175882
1830 0.189146
1840 0.203248
1850 0.218227
1860 0.234123
1870 0.250977
1880 0.26883
1890 0.287724
1900 0.3077
1910 0.328801
1920 0.351069
1930 0.374546
1940 0.399275
1950 0.425297
1960 0.452654
1970 0.481386
1980 0.511535
1990 0.543138
2000 0.576234
2010 0.610859
2020 0.647048
2030 0.684835
2040 0.72425
2050 0.765323
2060 0.80808
2070 0.852546
2080 0.898741
2090 0.946682
2100 0.996386
2110 1.04786
2120 1.10112
2130 1.15616
2140 1.21298
2150 1.27158
2160 1.33195
2170 1.39407
2180 1.45792
2190 1.52348
2200 1.59072
2210 1.6596
2220 1.73008
2230 1.80211
2240 1.87564
2250 1.95062
2260 2.02697
2270 2.10463
2280 2.18351
2290 2.26355
2300 2.34465
2310 2.42671
2320 2.50964
2330 2.59332
2340 2.67766
2350 2.76254
2360 2.84782
2370 2.9334
2380 3.01913
2390 3.10488
2400 3.19052
2410 3.2759
2420 3.36088
2430 3.44531
2440 3.52903
2450 3.6119
2460 3.69377
2470 3.77447
2480 3.85385
2490 3.93175
2500 4.00803
2510 4.08251
2520 4.15506
2530 4.22551
2540 4.29373
2550 4.35956
2560 4.42285
2570 4.48348
2580 4.54131
2590 4.5962
2600 4.64804
2610 4.69671
2620 4.74208
2630 4.78407
2640 4.82257
2650 4.85749
2660 4.88876
2670 4.91628
2680 4.94001
2690 4.95988
2700 4.97585
2710 4.98788
2720 4.99594
2730 5.00001
2740 5.00007
2750 4.99614
2760 4.98822
2770 4.97632
2780 4.96049
2790 4.94074
2800 4.91714
2810 4.88973
2820 4.85859
2830 4.82378
2840 4.78539
2850 4.74351
2860 4.69823
2870 4.64966
2880 4.59791
2890 4.54309
2900 4.48534
2910 4.42478
2920 4.36154
2930 4.29577
2940 4.2276
2950 4.15718
2960 4.08466
2970 4.0102
2980 3.93394
2990 3.85605
3000 3.77667
3010 3.69596
3020 3.61409
3030 3.5312
3040 3.44745
3050 3.36299
3060 3.27797
3070 3.19255
3080 3.10686
3090 3.02105
3100 2.93526
3110 2.84963
3120 2.76428
3130 2.67933
3140 2.59492
3150 2.51116
3160 2.42815
3170 2.34601
3180 2.26484
3190 2.18472
3200 2.10575
3210 2.02801
3220 1.95157
3230 1.87651
3240 1.8029
3250 1.73078
3260 1.66022
3270 1.59126
3280 1.52395
3290 1.45831
3300 1.39439
3310 1.33219
3320 1.27176
3330 1.21309
3340 1.1562
3350 1.1011
3360 1.04779
3370 0.996256
3380 0.946501
3390 0.89851
3400 0.85227
3410 0.807762
3420 0.764966
3430 0.723857
3440 0.684409
3450 0.646593
3460 0.610377
3470 0.575729
3480 0.542612
3490 0.510991
3500 0.480828
3510 0.452083
3520 0.424716
3530 0.398686
3540 0.373952
3550 0.350472
3560 0.328203
3570 0.307103
3580 0.287129
3590 0.26824
3600 0.250393
3610 0.233546
3620 0.217658
3630 0.202689
3640 0.188598
3650 0.175347
3660 0.162895
3670 0.151207
3680 0.140246
3690 0.129974
3700 0.120359
3710 0.111366
3720 0.102962
3730 0.0951164
3740 0.0877982
3750 0.0809782
3760 0.0746282
3770 0.0687211
3780 0.0632309
3790 0.0581328
3800 0.053403
3810 0.0490187
3820 0.0449584
3830 0.0412014
3840 0.0377281
3850 0.03452
3860 0.0315595
3870 0.0288297
3880 0.026315
3890 0.0240004
3900 0.0218719
3910 0.0199162
3920 0.0181209
3930 0.0164742
3940 0.0149651
3950 0.0135835
3960 0.0123195
3970 0.0111642
3980 0.0101091
3990 0.00914644
4000 0.00826882
4010 0.00746942
4020 0.00674191
4030 0.00608038
4040 0.00547937
4050 0.00493382
4060 0.00443902
4070 0.00399065
4080 0.00358469
4090 0.00321745
4100 0.00288552
4110 0.00258576
4120 0.00231527
4130 0.00207142
4140 0.00185177
4150 0.00165408
4160 0.0014763
4170 0.00131657
4180 0.00117319
4190 0.00104457
4200 0.000929303
4210 0.000826088
4220 0.000733743
4230 0.000651195
4240 0.000577462
4250 0.000511664
4260 0.00045299
4270 0.000400721
4280 0.000354188
4290 0.000312805
4300 0.000276025
4310 0.00024337
4320 0.000214397
4330 0.000188715
4340 0.00016597
4350 0.000145838
4360 0.000128042
4370 0.000112314
4380 9.84361e-05
4390 8.61908e-05
4400 7.5404e-05
4410 6.59019e-05
4420 5.75454e-05
4430 5.01972e-05
4440 4.37444e-05
4450 3.80812e-05
4460 3.31146e-05
4470 2.87649e-05
4480 2.49546e-05
4490 2.16251e-05
4500 1.87114e-05
4510 1.61715e-05
4520 1.39507e-05
4530 1.20194e-05
4540 1.03325e-05
4550 8.86877e-06
4560 7.59189e-06
4570 6.48587e-06
4580 5.52281e-06
4590 4.68956e-06
4600 3.96592e-06
4610 3.33992e-06
4620 2.7983e-06
4630 2.32923e-06
4640 1.92548e-06
4650 1.57489e-06
4660 1.27518e-06
4670 1.01374e-06
4680 7.92231e-07
4690 5.977e-07
4700 4.34729e-07
4710 2.90287e-07
4720 1.70938e-07
4730 6.39037e-08
4740 -2.30865e-08
4750 -1.02243e-07
4760 -1.65343e-07
4770 -2.23767e-07
4780 -2.69315e-07
4790 -3.12349e-07
4800 -3.45068e-07
4810 -3.76697e-07
4820 -4.00087e-07
4830 -4.23282e-07
4840 -4.39923e-07
4850 -4.56892e-07
4860 -4.68674e-07
4870 -4.81058e-07
4880 -4.8936e-07
4890 -4.98377e-07
4900 -5.04194e-07
4910 -5.10749e-07
4920 -5.14795e-07
4930 -5.1956e-07
4940 -5.22343e-07
4950 -5.25819e-07
4960 -5.27695e-07
4970 -5.30257e-07
4980 -5.3147e-07
4990 -5.334e-07
5000 -5.3147e-07
5010 -5.30257e-07
5020 -5.27695e-07
5030 -5.25819e-07
5040 -5.22343e-07
5050 -5.1956e-07
5060 -5.14795e-07
5070 -5.10749e-07
5080 -5.04194e-07
5090 -4.98377e-07
5100 -4.8936e-07
5110 -4.81058e-07
5120 -4.68674e-07
5130 -4.56892e-07
5140 -4.39923e-07
5150 -4.23282e-07
5160 -4.00087e-07
5170 -3.76697e-07
5180 -3.45068e-07
5190 -3.12349e-07
5200 -2.69315e-07
5210 -2.23767e-07
5220 -1.65343e-07
5230 -1.02243e-07
5240 -2.30865e-08
5250 6.39037e-08
5260 1.70938e-07
5270 2.90287e-07
5280 4.34729e-07
5290 5.977e-07
5300 7.92231e-07
5310 1.01374e-06
5320 1.27518e-06
5330 1.57489e-06
5340 1.92548e-06
5350 2.32923e-06
5360 2.7983e-06
5370 3.33992e-06
5380 3.96592e-06
5390 4.68956e-06
5400 5.52281e-06
5410 6.48587e-06
5420 7.59189e-06
5430 8.86877e-06
5440 1.03325e-05
5450 1.20194e-05
5460 1.39507e-05
5470 1.61715e-05
5480 1.87114e-05
5490 2.16251e-05
5500 2.49546e-05
5510 2.87649e-05
5520 3.31146e-05
5530 3.80812e-05
5540 4.37444e-05
5550 5.01972e-05
5560 5.75454e-05
5570 6.59019e-05
5580 7.5404e-05
5590 8.61908e-05
5600 9.84361e-05
5610 0.000112314
5620 0.000128042
5630 0.000145838
5640 0.00016597
5650 0.000188715
5660 0.000214397
5670 0.00024337
5680 0.000276025
5690 0.000312805
5700 0.000354188
5710 0.000400721
5720 0.00045299
5730 0.000511664
5740 0.000577462
5750 0.000651195
5760 0.000733743
5770 0.000826088
5780 0.000929303
5790 0.00104457
5800 0.00117319
5810 0.00131657
5820 0.0014763
5830 0.00165408
5840 0.00185177
5850 0.00207142
5860 0.00231527
5870 0.00258576
5880 0.00288552
5890 0.00321745
5900 0.00358469
5910 0.00399065
5920 0.00443902
5930 0.00493382
5940 0.00547937
5950 0.00608038
5960 0.00674191
5970 0.00746942
5980 0.00826882
5990 0.00914644
6000 0.0101091
6010 0.0111642
6020 0.0123195
6030 0.0135835
6040 0.0149651
6050 0.0164742
6060 0.0181209
6070 0.0199162
6080 0.0218719
6090 0.0240004
6100 0.026315
6110 0.0288297
6120 0.0315595
6130 0.03452
6140 0.0377281
6150 0.0412014
6160 0.0449584
6170 0.0490187
6180 0.053403
6190 0.0581328
6200 0.0632309
6210 0.0687211
6220 0.0746282
6230 0.0809782
6240 0.0877982
6250 0.0951164
6260 0.102962
6270 0.111366
6280 0.120359
6290 0.129974
6300 0.140246
6310 0.151207
6320 0.162895
6330 0.175347
6340 0.188598
6350 0.202689
6360 0.217658
6370 0.233546
6380 0.250393
6390 0.26824
6400 0.287129
6410 0.307103
6420 0.328203
6430 0.350472
6440 0.373952
6450 0.398686
6460 0.424716
6470 0.452083
6480 0.480828
6490 0.510991
6500 0.542612
6510 0.575729
6520 0.610377
6530 0.646593
6540 0.684409
6550 0.723857
6560 0.764966
6570 0.807762
6580 0.85227
6590 0.89851
6600 0.946501
6610 0.996256
6620 1.04779
6630 1.1011
6640 1.1562
6650 1.21309
6660 1.27176
6670 1.33219
6680 1.39439
6690 1.45831
6700 1.52395
6710 1.59126
6720 1.66022
6730 1.73078
6740 1.8029
6750 1.87651
6760 1.95157
6770 2.02801
6780 2.10575
6790 2.18472
6800 2.26484
6810 2.34601
6820 2.42815
6830 2.51116
6840 2.59492
6850 2.67933
6860 2.76428
6870 2.84963
6880 2.93526
6890 3.02105
6900 3.10686
6910 3.19255
6920 3.27797
6930 3.36299
6940 3.44745
6950 3.5312
6960 3.61409
6970 3.69596
6980 3.77667
6990 3.85605
7000 3.93394
7010 4.0102
7020 4.08466
7030 4.15718
7040 4.2276
7050 4.29577
7060 4.36154
7070 4.42478
7080 4.48534
7090 4.54309
7100 4.59791
7110 4.64966
7120 4.69823
7130 4.74351
7140 4.78539
7150 4.82378
7160 4.85859
7170 4.88973
7180 4.91714
7190 4.94074
7200 4.96049
7210 4.97632
7220 4.98822
7230 4.99614
7240 5.00007
7250 5.00001
7260 4.99594
7270 4.98788
7280 4.97585
7290 4.95988
7300 4.94001
7310 4.91628
7320 4.88876
7330 4.85749
7340 4.82257
7350 4.78407
7360 4.74208
7370 4.69671
7380 4.64804
7390 4.5962
7400 4.54131
7410 4.48348
7420 4.42285
7430 4.35956
7440 4.29373
7450 4.22551
7460 4.15506
7470 4.08251
7480 4.00803
7490 3.93175
7500 3.85385
7510 3.77447
7520 3.69377
7530 3.6119
7540 3.52903
7550 3.44531
7560 3.36088
7570 3.2759
7580 3.19052
7590 3.10488
7600 3.01913
7610 2.9334
7620 2.84782
7630 2.76254
7640 2.67766
7650 2.59332
7660 2.50964
7670 2.42671
7680 2.34465
7690 2.26355
7700 2.18351
7710 2.10463
7720 2.02697
7730 1.95062
7740 1.87564
7750 1.80211
7760 1.73008
7770 1.6596
7780 1.59072
7790 1.52348
7800 1.45792
7810 1.39407
7820 1.33195
7830 1.27158
7840 1.21298
7850 1.15616
7860 1.10112
7870 1.04786
7880 0.996386
7890 0.946682
7900 0.898741
7910 0.852546
7920 0.80808
7930 0.765323
7940 0.72425
7950 0.684835
7960 0.647048
7970 0.610859
7980 0.576234
7990 0.543138
8000 0.511535
8010 0.481386
8020 0.452654
8030 0.425297
8040 0.399275
8050 0.374546
8060 0.351069
8070 0.328801
8080 0.3077
8090 0.287724
8100 0.26883
8110 0.250977
8120 0.234123
8130 0.218227
8140 0.203248
8150 0.189146
8160 0.175882
8170 0.163419
8180 0.151717
8190 0.140742
8200 0.130456
8210 0.120826
8220 0.111818
8230 0.103398
8240 0.0955371
8250 0.0882032
8260 0.0813675
8270 0.0750017
8280 0.069079
8290 0.0635734
8300 0.05846
8310 0.0537151
8320 0.0493161
8330 0.0452413
8340 0.0414702
8350 0.0379832
8360 0.0347617
8370 0.0317881
8380 0.0290458
8390 0.026519
8400 0.0241927
8410 0.0220529
8420 0.0200864
8430 0.0182808
8440 0.0166242
8450 0.0151057
8460 0.013715
8470 0.0124424
8480 0.011279
8490 0.0102162
8500 0.00924616
8510 0.00836161
8520 0.00755565
8530 0.00682196
8540 0.00615463
8550 0.00554815
8560 0.00499746
8570 0.00449785
8580 0.00404496
8590 0.00363479
8600 0.00326362
8610 0.00292801
8620 0.00262482
8630 0.00235115
8640 0.00210434
8650 0.00188195
8660 0.00168171
8670 0.00150157
8680 0.00133966
8690 0.00119426
8700 0.00106379
8710 0.000946816
8720 0.00084202
8730 0.000748223
8740 0.000664346
8750 0.000589403
8760 0.000522491
8770 0.000462794
8780 0.000409581
8790 0.000362194
8800 0.000320034
8810 0.000282555
8820 0.000249257
8830 0.000219695
8840 0.000193473
8850 0.000170238
8860 0.000149674
8870 0.000131487
8880 0.00011541
8890 0.000101205
8900 8.86629e-05
8910 7.76022e-05
8920 6.78626e-05
8930 5.92967e-05
8940 5.17674e-05
8950 4.51489e-05
8960 3.93303e-05
8970 3.42178e-05
8980 2.9733e-05
8990 2.58082e-05
9000 2.23808e-05
9010 1.93909e-05
9020 1.67812e-05
9030 1.44994e-05
9040 1.25012e-05
9050 1.07515e-05
9060 9.22321e-06
9070 7.89455e-06
9080 6.74575e-06
9090 5.75664e-06
9100 4.90589e-06
9110 4.1718e-06
9120 3.53402e-06
9130 2.97527e-06
9140 2.48246e-06
9150 2.0468e-06
9160 1.66314e-06
9170 1.32868e-06
9180 1.04166e-06
9190 8.00251e-07
9200 6.01842e-07
9210 4.42803e-07
9220 3.18606e-07
9230 2.24157e-07
9240 1.54212e-07
9250 1.03757e-07
9260 6.82906e-08
9270 4.3982e-08
9280 2.77275e-08
9290 1.7117e-08
9300 1.03512e-08
9310 6.13437e-09
9320 3.56392e-09
9330 2.03064e-09
9340 1.13512e-09
9350 6.22755e-10
9360 3.35433e-10
9370 1.77442e-10
9380 9.22162e-11
9390 4.70974e-11
9400 2.36459e-11
9410 1.16737e-11
9420 5.66856e-12
9430 2.70811e-12
9440 1.27321e-12
9450 5.89223e-13
9460 2.68476e-13
9470 1.2047e-13
9480 5.32463e-14
9490 2.31862e-14
9500 9.94916e-15
9510 4.20768e-15
9520 1.7542e-15
9530 7.21061e-16
9540 2.92278e-16
9550 1.16849e-16
9560 4.60814e-17
9570 1.79294e-17
9580 6.88351e-18
9590 2.60807e-18
9600 9.75339e-19
9610 3.60061e-19
9620 1.31231e-19
9630 4.72271e-20
9640 1.67839e-20
9650 5.89107e-21
9660 2.04241e-21
9670 6.99498e-22
9680 2.36686e-22
9690 7.91307e-23
9700 2.61426e-23
9710 8.53543e-24
9720 2.75433e-24
9730 8.78539e-25
9740 2.77013e-25
9750 8.63513e-26
9760 2.66137e-26
9770 8.11048e-27
9780 2.44414e-27
9790 7.28411e-28
9800 2.147e-28
9810 6.2593e-29
9820 1.80504e-29
9830 5.14931e-30
9840 1.45324e-30
9850 4.05776e-31
9860 1.12104e-31
9870 3.06454e-32
9880 8.28997e-33
9890 2.21925e-33
9900 5.87967e-34
9910 1.54176e-34
9920 4.00148e-35
9930 1.02799e-35
9940 2.61426e-36
9950 6.58145e-37
9960 1.64049e-37
9970 4.05562e-38
9980 1.02313e-38
9990 3.81708e-39
10000 1.4162e-39
10010 5.22534e-40
10020 1.91734e-40
10030 6.99653e-41
10040 2.53901e-41
10050 9.16317e-42
10060 3.28872e-42
10070 1.17384e-42
10080 4.1667e-43
10090 1.47088e-43
10100 5.16376e-44
10110 1.80284e-44
10120 6.25966e-45
10130 2.16146e-45
10140 7.42247e-46
10150 2.53485e-46
10160 8.60914e-47
10170 2.90784e-47
10180 9.76752e-48
10190 3.26288e-48
10200 1.08398e-48
10210 3.58131e-49
10220 1.1767e-49
10230 3.84494e-50
10240 1.24944e-50
10250 4.03775e-51
10260 1.29767e-51
10270 4.14749e-52
10280 1.31827e-52
10290 4.16697e-53
10300 1.30988e-53
10310 4.09483e-54
10320 1.27302e-54
10330 3.93572e-55
10340 1.21005e-55
10350 3.69977e-56
10360 1.12495e-56
10370 3.40154e-57
10380 1.02283e-57
10390 3.05854e-58
10400 9.09509e-59
10410 2.68954e-59
10420 7.90912e-60
10430 2.31288e-60
10440 6.72593e-61
10450 1.94502e-61
10460 5.59325e-62
10470 1.59946e-62
10480 4.54827e-63
10490 1.28612e-63
10500 3.61643e-64
10510 1.0112e-64
10520 2.81157e-65
10530 7.77346e-66
10540 2.13713e-66
10550 5.84245e-67
10560 1.5882e-67
10570 4.29297e-68
10580 1.15385e-68
10590 3.08376e-69
10600 8.19492e-70
10610 2.16541e-70
10620 5.68935e-71
10630 1.48632e-71
10640 3.86083e-72
10650 9.97171e-73
10660 2.56079e-73
10670 6.53866e-74
10680 1.66002e-74
10690 4.19026e-75
10700 1.05165e-75
10710 2.62421e-76
10720 6.5106e-77
10730 1.60596e-77
10740 3.93851e-78
10750 9.60315e-79
10760 2.32795e-79
10770 5.6106e-80
10780 1.34436e-80
10790 3.20248e-81
10800 7.58441e-82
10810 1.78573e-82
10820 4.17986e-83
10830 9.72653e-84
10840 2.25009e-84
10850 5.17466e-85
10860 1.18304e-85
10870 2.68874e-86
10880 6.07471e-87
10890 1.36434e-87
10900 3.04607e-88
10910 6.76033e-89
10920 1.49143e-89
10930 3.2707e-90
10940 7.12978e-91
10950 1.54491e-91
10960 3.32749e-92
10970 7.12382e-93
10980 1.51595e-93
10990 3.20648e-94
11000 6.74119e-95
11010 1.40866e-95
11020 2.92569e-96
11030 6.03947e-97
11040 1.23912e-97
11050 2.52676e-98
11060 5.12089e-99
11070 1.03146e-99
11080 2.0648e-100
11090 4.10787e-101
11100 8.12199e-102
11110 1.59591e-102
11120 3.11636e-103
11130 6.0475e-104
11140 1.16623e-104
11150 2.23495e-105
11160 4.25616e-106
11170 8.05435e-107
11180 1.5146e-107
11190 2.83016e-108
11200 5.2549e-109
11210 9.6951e-110
11220 1.77732e-110
11230 3.23742e-111
11240 5.85926e-112
11250 1.05364e-112
11260 1.88251e-113
11270 3.34173e-114
11280 5.8937e-115
11290 1.03271e-115
11300 1.79777e-116
11310 3.10919e-117
11320 5.3421e-118
11330 9.11838e-119
11340 1.54617e-119
11350 2.60449e-120
11360 4.35818e-121
11370 7.24429e-122
11380 1.19615e-122
11390 1.96186e-123
11400 3.19619e-124
11410 5.17214e-125
11420 8.31329e-126
11430 1.32718e-126
11440 2.10444e-127
11450 3.31419e-128
11460 5.18378e-129
11470 8.05255e-130
11480 1.24231e-130
11490 1.90337e-131
11500 2.89605e-132
11510 4.37591e-133
11520 6.56597e-134
11530 9.78337e-135
11540 1.44752e-135
11550 2.12668e-136
11560 3.10245e-137
11570 4.4939e-138
11580 6.46321e-139
11590 9.22929e-140
11600 1.30849e-140
11610 1.84182e-141
11620 2.57386e-142
11630 3.57085e-143
11640 4.91809e-144
11650 6.7243e-145
11660 9.12668e-146
11670 1.22965e-146
11680 1.64452e-147
11690 2.18311e-148
11700 2.87658e-149
11710 3.7621e-150
11720 4.88342e-151
11730 6.29136e-152
11740 8.04414e-153
11750 1.02074e-153
11760 1.2854e-154
11770 1.60632e-155
11780 1.992e-156
11790 2.45127e-157
11800 2.99312e-158
11810 3.62639e-159
11820 4.35941e-160
11830 5.19959e-161
11840 6.15296e-162
11850 7.22367e-163
11860 8.41344e-164
11870 9.72115e-165
11880 1.11423e-165
11890 1.26685e-166
11900 1.42875e-167
11910 1.59828e-168
11920 1.77335e-169
11930 1.9515e-170
11940 2.12987e-171
11950 2.30535e-172
11960 2.47456e-173
11970 2.63403e-174
11980 2.78027e-175
11990 2.9099e-176
12000 3.01979e-177
12010 3.10715e-178
12020 3.1697e-179
12030 3.2057e-180
12040 3.2141e-181
12050 3.19452e-182
12060 3.14734e-183
12070 3.07363e-184
12080 2.97515e-185
12090 2.85427e-186
12100 2.71388e-187
12110 2.55723e-188
12120 2.38789e-189
12130 2.20954e-190
12140 2.02585e-191
12150 1.84039e-192
12160 1.65648e-193
12170 1.47711e-194
12180 1.30486e-195
12190 1.14188e-196
12200 9.89805e-198
12210 8.49829e-199
12220 7.2267e-200
12230 6.08623e-201
12240 5.07611e-202
12250 4.19238e-203
12260 3.42855e-204
12270 2.77621e-205
12280 2.22566e-206
12290 1.76644e-207
12300 1.38787e-208
12310 1.07938e-209
12320 8.30892e-211
12330 6.33042e-212
12340 4.77315e-213
12350 3.56148e-214
12360 2.62953e-215
12370 1.92094e-216
12380 1.38836e-217
12390 9.92688e-219
12400 7.02116e-220
12410 4.91197e-221
12420 3.39873e-222
12430 2.32571e-223
12440 1.57375e-224
12450 1.05297e-225
12460 6.96567e-227
12470 4.55546e-228
12480 2.945e-229
12490 1.88183e-230
12500 1.18844e-231
12510 7.41701e-233
12520 4.57399e-234
12530 2.78696e-235
12540 1.6776e-236
12550 9.97528e-238
12560 5.85854e-239
12570 3.39809e-240
12580 1.9463e-241
12590 1.10069e-242
12600 6.1454e-244
12610 3.38696e-245
12620 1.84242e-246
12630 9.89087e-248
12640 5.23947e-249
12650 2.73836e-250
12660 1.41184e-251
12670 7.17973e-253
12680 3.6008e-254
12690 1.7807e-255
12700 8.68205e-257
12710 4.17276e-258
12720 1.97662e-259
12730 9.22689e-261
12740 4.24369e-262
12750 1.92271e-263
12760 8.58008e-265
12770 3.77047e-266
12780 1.63134e-267
12790 6.94797e-269
12800 2.91238e-270
12810 1.20123e-271
12820 4.8742e-273
12830 1.9453e-274
12840 7.63443e-276
12850 2.94562e-277
12860 1.11708e-278
12870 4.16287e-280
12880 1.52403e-281
12890 5.47995e-283
12900 1.93474e-284
12910 6.70521e-286
12920 2.28046e-287
12930 7.60891e-289
12940 2.48989e-290
12950 7.98838e-292
12960 2.51197e-293
12970 7.73921e-295
12980 2.33536e-296
12990 6.89963e-298
13000 1.99501e-299
13010 5.64336e-301
13020 1.56108e-302
13030 4.22102e-304
13040 1.11512e-305
13050 2.87692e-307
13060 7.24481e-309
13070 1.77989e-310
13080 4.26374e-312
13090 9.95353e-314
13100 2.26325e-315
13110 5.02905e-317
13120 1.27971e-318
13130 2.15625e-319
13140 1.84267e-319
13150 1.74306e-319
13160 1.64623e-319
13170 1.55216e-319
13180 1.46085e-319
13190 1.37232e-319
13200 1.28655e-319
13210 1.20354e-319
13220 1.12331e-319
13230 1.04584e-319
13240 9.71135e-320
13250 8.99199e-320
13260 8.3003e-320
13270 7.63628e-320
13280 6.99992e-320
13290 6.39123e-320
13300 5.81021e-320
13310 5.25686e-320
13320 4.73117e-320
13330 4.23315e-320
13340 3.7628e-320
13350 3.32012e-320
13360 2.90511e-320
13370 2.51776e-320
13380 2.15808e-320
13390 1.82607e-320
13400 1.52172e-320
13410 1.24505e-320
13420 9.96036e-321
13430 7.74695e-321
13440 5.81021e-321
13450 4.15015e-321
13460 2.76677e-321
13470 1.66006e-321
13480 8.3003e-322
13490 2.76677e-322
13500 0
13510 0
13520 0
13530 0
13540 0
13550 0
13560 0
13570 0
13580 0
13590 0
13600 0
13610 0
13620 0
13630 0
13640 0
13650 0
13660 0
13670 0
13680 0
13690 0
13700 0
13710 0
13720 0
13730 0
13740 0
13750 0
13760 0
13770 0
13780 0
13790 0
13800 0
13810 0
13820 0
13830 0
13840 0
13850 0
13860 0
13870 0
13880 0
13890 0
13900 0
13910 0
13920 0
13930 0
13940 0
13950 0
13960 0
13970 0
13980 0
13990 0
14000 0
14010 0
14020 0
14030 0
14040 0
14050 0
14060 0
14070 0
14080 0
14090 0
14100 0
14110 0
14120 0
14130 0
14140 0
14150 0
14160 0
14170 0
14180 0
14190 0
14200 0
14210 0
14220 0
14230 0
14240 0
14250 0
14260 0
14270 0
14280 0
14290 0
14300 0
14310 0
14320 0
14330 0
14340 0
14350 0
14360 0
14370 0
14380 0
14390 0
14400 0
14410 0
14420 0
14430 0
14440 0
14450 0
14460 0
14470 0
14480 0
14490 0
14500 0
14510 0
14520 0
14530 0
14540 0
14550 0
14560 0
14570 0
14580 0
14590 0
14600 0
14610 0
14620 0
14630 0
14640 0
14650 0
14660 0
14670 0
14680 0
14690 0
14700 0
14710 0
14720 0
14730 0
14740 0
14750 0
14760 0
14770 0
14780 0
14790 0
14800 0
14810 0
14820 0
14830 0
14840 0
14850 0
14860 0
14870 0
14880 0
14890 0
14900 0
14910 0
14920 0
14930 0
14940 0
14950 0
14960 0
14970 0
14980 0
14990 0
15000 0
15010 0
15020 0
15030 0
15040 0
15050 0
15060 0
15070 0
15080 0
15090 0
15100 0
15110 0
15120 0
15130 0
15140 0
15150 0
15160 0
15170 0
15180 0
15190 0
15200 0
15210 0
15220 0
15230 0
15240 0
15250 0
15260 0
15270 0
15280 0
15290 0
15300 0
15310 0
15320 0
15330 0
15340 0
15350 0
15360 0
15370 0
15380 0
15390 0
15400 0
15410 0
15420 0
15430 0
15440 0
15450 0
15460 0
15470 0
15480 0
15490 0
15500 0
15510 0
15520 0
15530 0
15540 0
15550 0
15560 0
15570 0
15580 0
15590 0
15600 0
15610 0
15620 0
15630 0
15640 0
15650 0
15660 0
15670 0
15680 0
15690 0
15700 0
15710 0
15720 0
15730 0
15740 0
15750 0
15760 0
15770 0
15780 0
15790 0
15800 0
15810 0
15820 0
15830 0
15840 0
15850 0
15860 0
15870 0
15880 0
15890 0
15900 0
15910 0
15920 0
15930 0
15940 0
15950 0
15960 0
15970 0
15980 0
15990 0
16000 0
16010 0
16020 0
16030 0
16040 0
16050 0
16060 0
16070 0
16080 0
16090 0
16100 0
16110 0
16120 0
16130 0
16140 0
16150 0
16160 0
16170 0
16180 0
16190 0
16200 0
16210 0
16220 0
16230 0
16240 0
16250 0
16260 0
16270 0
16280 0
16290 0
16300 0
16310 0
16320 0
16330 0
16340 0
16350 0
16360 0
16370 0
16380 0
16390 0
16400 0
16410 0
16420 0
16430 0
16440 0
16450 0
16460 0
16470 0
16480 0
16490 0
16500 0
16510 0
16520 0
16530 0
16540 0
16550 0
16560 0
16570 0
16580 0
16590 0
16600 0
16610 0
16620 0
16630 0
16640 0
16650 0
16660 0
16670 0
16680 0
16690 0
16700 0
16710 0
16720 0
16730 0
16740 0
16750 0
16760 0
16770 0
16780 0
16790 0
16800 0
16810 0
16820 0
16830 0
16840 0
16850 0
16860 0
16870 0
16880 0
16890 0
16900 0
16910 0
16920 0
16930 0
16940 0
16950 0
16960 0
16970 0
16980 0
16990 0
17000 0
17010 0
17020 0
17030 0
17040 0
17050 0
17060 0
17070 0
17080 0
17090 0
17100 0
17110 0
17120 0
17130 0
17140 0
17150 0
17160 0
17170 0
17180 0
17190 0
17200 0
17210 0
17220 0
17230 0
17240 0
17250 0
17260 0
17270 0
17280 0
17290 0
17300 0
17310 0
17320 0
17330 0
17340 0
17350 0
17360 0
17370 0
17380 0
17390 0
17400 0
17410 0
17420 0
17430 0
17440 0
17450 0
17460 0
17470 0
17480 0
17490 0
17500 0
17510 0
17520 0
17530 0
17540 0
17550 0
17560 0
17570 0
17580 0
17590 0
17600 0
17610 0
17620 0
17630 0
17640 0
17650 0
17660 0
17670 0
17680 0
17690 0
17700 0
17710 0
17720 0
17730 0
17740 0
17750 0
17760 0
17770 0
17780 0
17790 0
17800 0
17810 0
17820 0
17830 0
17840 0
17850 0
17860 0
17870 0
17880 0
17890 0
17900 0
17910 0
17920 0
17930 0
17940 0
17950 0
17960 0
17970 0
17980 0
17990 0
18000 0
18010 0
18020 0
18030 0
18040 0
18050 0
18060 0
18070 0
18080 0
18090 0
18100 0
18110 0
18120 0
18130 0
18140 0
18150 0
18160 0
18170 0
18180 0
18190 0
18200 0
18210 0
18220 0
18230 0
18240 0
18250 0
18260 0
18270 0
18280 0
18290 0
18300 0
18310 0
18320 0
18330 0
18340 0
18350 0
18360 0
18370 0
18380 0
18390 0
18400 0
18410 0
18420 0
18430 0
18440 0
18450 0
18460 0
18470 0
18480 0
18490 0
18500 0
18510 0
18520 0
18530 0
18540 0
18550 0
18560 0
18570 0
18580 0
18590 0
18600 0
18610 0
18620 0
18630 0
18640 0
18650 0
18660 0
18670 0
18680 0
18690 0
18700 0
18710 0
18720 0
18730 0
18740 0
18750 0
18760 0
18770 0
18780 0
18790 0
18800 0
18810 0
18820 0
18830 0
18840 0
18850 0
18860 0
18870 0
18880 0
18890 0
18900 0
18910 0
18920 0
18930 0
18940 0
18950 0
18960 0
18970 0
18980 0
18990 0
19000 0
19010 0
19020 0
19030 0
19040 0
19050 0
19060 0
19070 0
19080 0
19090 0
19100 0
19110 0
19120 0
19130 0
19140 0
19150 0
19160 0
19170 0
19180 0
19190 0
19200 0
19210 0
19220 0
19230 0
19240 0
19250 0
19260 0
19270 0
19280 0
19290 0
19300 0
19310 0
19320 0
19330 0
19340 0
19350 0
19360 0
19370 0
19380 0
19390 0
19400 0
19410 0
19420 0
19430 0
19440 0
19450 0
19460 0
19470 0
19480 0
19490 0
19500 0
19510 0
19520 0
19530 0
19540 0
19550 0
19560 0
19570 0
19580 0
19590 0
19600 0
19610 0
19620 0
19630 0
19640 0
19650 0
19660 0
19670 0
19680 0
19690 0
19700 0
19710 0
19720 0
19730 0
19740 0
19750 0
19760 0
19770 0
19780 0
19790 0
19800 0
19810 0
19820 0
19830 0
19840 0
19850 0
19860 0
19870 0
19880 0
19890 0
19900 0
19910 0
19920 0
19930 0
19940 0
19950 0
19960 0
19970 0
19980 0
19990 0
20000 0
20010 0
20020 0
20030 0
20040 0
20050 0
20060 0
20070 0
20080 0
20090 0
20100 0
20110 0
20120 0
20130 0
20140 0
20150 0
20160 0
20170 0
20180 0
20190 0
20200 0
20210 0
20220 0
20230 0
20240 0
20250 0
20260 0
20270 0
20280 0
20290 0
20300 0
20310 0
20320 0
20330 0
20340 0
20350 0
20360 0
20370 0
20380 0
20390 0
20400 0
20410 0
20420 0
20430 0
20440 0
20450 0
20460 0
20470 0
20480 0
20490 0
20500 0
20510 0
20520 0
20530 0
20540 0
20550 0
20560 0
20570 0
20580 0
20590 0
20600 0
20610 0
20620 0
20630 0
20640 0
20650 0
20660 0
20670 0
20680 0
20690 0
20700 0
20710 0
20720 0
20730 0
20740 0
20750 0
20760 0
20770 0
20780 0
20790 0
20800 0
20810 0
20820 0
20830 0
20840 0
20850 0
20860 0
20870 0
20880 0
20890 0
20900 0
20910 0
20920 0
20930 0
20940 0
20950 0
20960 0
20970 0
20980 0
20990 0
21000 0
21010 0
21020 0
21030 0
21040 0
21050 0
21060 0
21070 0
21080 0
21090 0
21100 0
21110 0
21120 0
21130 0
21140 0
21150 0
21160 0
21170 0
21180 0
21190 0
21200 0
21210 0
21220 0
21230 0
21240 0
21250 0
21260 0
21270 0
21280 0
21290 0
21300 0
21310 0
21320 0
21330 0
21340 0
21350 0
21360 0
21370 0
21380 0
21390 0
21400 0
21410 0
21420 0
21430 0
21440 0
21450 0
21460 0
21470 0
21480 0
21490 0
21500 0
21510 0
21520 0
21530 0
21540 0
21550 0
21560 0
21570 0
21580 0
21590 0
21600 0
21610 0
21620 0
21630 0
21640 0
21650 0
21660 0
21670 0
21680 0
21690 0
21700 0
21710 0
21720 0
21730 0
21740 0
21750 0
21760 0
21770 0
21780 0
21790 0
21800 0
21810 0
21820 0
21830 0
21840 0
21850 0
21860 0
21870 0
21880 0
21890 0
21900 0
21910 0
21920 0
21930 0
21940 0
21950 0
21960 0
21970 0
21980 0
21990 0
22000 0
22010 0
22020 0
22030 0
22040 0
22050 0
22060 0
22070 0
22080 0
22090 0
22100 0
22110 0
22120 0
22130 0
22140 0
22150 0
22160 0
22170 0
22180 0
22190 0
22200 0
22210 0
22220 0
22230 0
22240 0
22250 0
22260 0
22270 0
22280 0
22290 0
22300 0
22310 0
22320 0
22330 0
22340 0
22350 0
22360 0
22370 0
22380 0
22390 0
22400 0
22410 0
22420 0
22430 0
22440 0
22450 0
22460 0
22470 0
22480 0
22490 0
22500 0
22510 0
22520 0
22530 0
22540 0
22550 0
22560 0
22570 0
22580 0
22590 0
22600 0
22610 0
22620 0
22630 0
22640 0
22650 0
22660 0
22670 0
22680 0
22690 0
22700 0
22710 0
22720 0
22730 0
22740 0
22750 0
22760 0
22770 0
22780 0
22790 0
22800 0
22810 0
22820 0
22830 0
22840 0
22850 0
22860 0
22870 0
22880 0
22890 0
22900 0
22910 0
22920 0
22930 0
22940 0
22950 0
22960 0
22970 0
22980 0
22990 0
23000 0
23010 0
23020 0
23030 0
23040 0
23050 0
23060 0
23070 0
23080 0
23090 0
23100 0
23110 0
23120 0
23130 0
23140 0
23150 0
23160 0
23170 0
23180 0
23190 0
23200 0
23210 0
23220 0
23230 0
23240 0
23250 0
23260 0
23270 0
23280 0
23290 0
23300 0
23310 0
23320 0
23330 0
23340 0
23350 0
23360 0
23370 0
23380 0
23390 0
23400 0
23410 0
23420 0
23430 0
23440 0
23450 0
23460 0
23470 0
23480 0
23490 0
23500 0
23510 0
23520 0
23530 0
23540 0
23550 0
23560 0
23570 0
23580 0
23590 0
23600 0
23610 0
23620 0
23630 0
23640 0
23650 0
23660 0
23670 0
23680 0
23690 0
23700 0
23710 0
23720 0
23730 0
23740 0
23750 0
23760 0
23770 0
23780 0
23790 0
23800 0
23810 0
23820 0
23830 0
23840 0
23850 0
23860 0
23870 0
23880 0
23890 0
23900 0
23910 0
23920 0
23930 0
23940 0
23950 0
23960 0
23970 0
23980 0
23990 0
24000 0
24010 0
24020 0
24030 0
24040 0
24050 0
24060 0
24070 0
24080 0
24090 0
24100 0
24110 0
24120 0
24130 0
24140 0
24150 0
24160 0
24170 0
24180 0
24190 0
24200 0
24210 0
24220 0
24230 0
24240 0
24250 0
24260 0
24270 0
24280 0
24290 0
24300 0
24310 0
24320 0
24330 0
24340 0
24350 0
24360 0
24370 0
24380 0
24390 0
24400 0
24410 0
24420 0
24430 0
24440 0
24450 0
24460 0
24470 0
24480 0
24490 0
24500 0
24510 0
24520 0
24530 0
24540 0
24550 0
24560 0
24570 0
24580 0
24590 0
24600 0
24610 0
24620 0
24630 0
24640 0
24650 0
24660 0
24670 0
24680 0
24690 0
24700 0
24710 0
24720 0
24730 0
24740 0
24750 0
24760 0
24770 0
24780 0
24790 0
24800 0
24810 0
24820 0
24830 0
24840 0
24850 0
24860 0
24870 0
24880 0
24890 0
24900 0
24910 0
24920 0
24930 0
24940 0
24950 0
24960 0
24970 0
24980 0
24990 0
25000 0
25010 0
25020 0
25030 0
25040 0
25050 0
25060 0
25070 0
25080 0
25090 0
25100 0
25110 0
25120 0
25130 0
25140 0
25150 0
25160 0
25170 0
25180 0
25190 0
25200 0
25210 0
25220 0
25230 0
25240 0
25250 0
25260 0
25270 0
25280 0
25290 0
25300 0
25310 0
25320 0
25330 0
25340 0
25350 0
25360 0
25370 0
25380 0
25390 0
25400 0
25410 0
25420 0
25430 0
25440 0
25450 0
25460 0
25470 0
25480 0
25490 0
25500 0
25510 0
25520 0
25530 0
25540 0
25550 0
25560 0
25570 0
25580 0
25590 0
25600 0
25610 0
25620 0
25630 0
25640 0
25650 0
25660 0
25670 0
25680 0
25690 0
25700 0
25710 0
25720 0
25730 0
25740 0
25750 0
25760 0
25770 0
25780 0
25790 0
25800 0
25810 0
25820 0
25830 0
25840 0
25850 0
25860 0
25870 0
25880 0
25890 0
25900 0
25910 0
25920 0
25930 0
25940 0
25950 0
25960 0
25970 0
25980 0
25990 0
26000 0
26010 0
26020 0
26030 0
26040 0
26050 0
26060 0
26070 0
26080 0
26090 0
26100 0
26110 0
26120 0
26130 0
26140 0
26150 0
26160 0
26170 0
26180 0
26190 0
26200 0
26210 0
26220 0
26230 0
26240 0
26250 0
26260 0
26270 0
26280 0
26290 0
26300 0
26310 0
26320 0
26330 0
26340 0
26350 0
26360 0
26370 0
26380 0
26390 0
26400 0
26410 0
26420 0
26430 0
26440 0
26450 0
26460 0
26470 0
26480 0
26490 0
26500 0
26510 0
26520 0
26530 0
26540 0
26550 0
26560 0
26570 0
26580 0
26590 0
26600 0
26610 0
26620 0
26630 0
26640 0
26650 0
26660 0
26670 0
26680 0
26690 0
26700 0
26710 0
26720 0
26730 0
26740 0
26750 0
26760 0
26770 0
26780 0
26790 0
26800 0
26810 0
26820 0
26830 0
26840 0
26850 0
26860 0
26870 0
26880 0
26890 0
26900 0
26910 0
26920 0
26930 0
26940 0
26950 0
26960 0
26970 0
26980 0
26990 0
27000 0
27010 0
27020 0
27030 0
27040 0
27050 0
27060 0
27070 0
27080 0
27090 0
27100 0
27110 0
27120 0
27130 0
27140 0
27150 0
27160 0
27170 0
27180 0
27190 0
27200 0
27210 0
27220 0
27230 0
27240 0
27250 0
27260 0
27270 0
27280 0
27290 0
27300 0
27310 0
27320 0
27330 0
27340 0
27350 0
27360 0
27370 0
27380 0
27390 0
27400 0
27410 0
27420 0
27430 0
27440 0
27450 0
27460 0
27470 0
27480 0
27490 0
27500 0
27510 0
27520 0
27530 0
27540 0
27550 0
27560 0
27570 0
27580 0
27590 0
27600 0
27610 0
27620 0
27630 0
27640 0
27650 0
27660 0
27670 0
27680 0
27690 0
27700 0
27710 0
27720 0
27730 0
27740 0
27750 0
27760 0
27770 0
27780 0
27790 0
27800 0
27810 0
27820 0
27830 0
27840 0
27850 0
27860 0
27870 0
27880 0
27890 0
27900 0
27910 0
27920 0
27930 0
27940 0
27950 0
27960 0
27970 0
27980 0
27990 0
28000 0
28010 0
28020 0
28030 0
28040 0
28050 0
28060 0
28070 0
28080 0
28090 0
28100 0
28110 0
28120 0
28130 0
28140 0
28150 0
28160 0
28170 0
28180 0
28190 0
28200 0
28210 0
28220 0
28230 0
28240 0
28250 0
28260 0
28270 0
28280 0
28290 0
28300 0
28310 0
28320 0
28330 0
28340 0
28350 0
28360 0
28370 0
28380 0
28390 0
28400 0
28410 0
28420 0
28430 0
28440 0
28450 0
28460 0
28470 0
28480 0
28490 0
28500 0
28510 0
28520 0
28530 0
28540 0
28550 0
28560 0
28570 0
28580 0
28590 0
28600 0
28610 0
28620 0
28630 0
28640 0
28650 0
28660 0
28670 0
28680 0
28690 0
28700 0
28710 0
28720 0
28730 0
28740 0
28750 0
28760 0
28770 0
28780 0
28790 0
28800 0
28810 0
28820 0
28830 0
28840 0
28850 0
28860 0
28870 0
28880 0
28890 0
28900 0
28910 0
28920 0
28930 0
28940 0
28950 0
28960 0
28970 0
28980 0
28990 0
29000 0
29010 0
29020 0
29030 0
29040 0
29050 0
29060 0
29070 0
29080 0
29090 0
29100 0
29110 0
29120 0
29130 0
29140 0
29150 0
29160 0
29170 0
29180 0
29190 0
29200 0
29210 0
29220 0
29230 0
29240 0
29250 0
29260 0
29270 0
29280 0
29290 0
29300 0
29310 0
29320 0
29330 0
29340 0
29350 0
29360 0
29370 0
29380 0
29390 0
29400 0
29410 0
29420 0
29430 0
29440 0
29450 0
29460 0
29470 0
29480 0
29490 0
29500 0
29510 0
29520 0
29530 0
29540 0
29550 0
29560 0
29570 0
29580 0
29590 0
29600 0
29610 0
29620 0
29630 0
29640 0
29650 0
29660 0
29670 0
29680 0
29690 0
29700 0
29710 0
29720 0
29730 0
29740 0
29750 0
29760 0
29770 0
29780 0
29790 0
29800 0
29810 0
29820 0
29830 0
29840 0
29850 0
29860 0
29870 0
29880 0
29890 0
29900 0
29910 0
29920 0
29930 0
29940 0
29950 0
29960 0
29970 0
29980 0
