-20 0
0 -9.47377e-15
20 1.79679e-14
40 -2.86328e-14
60 3.76655e-14
80 -4.93928e-14
100 5.96634e-14
120 -7.26622e-14
140 8.41869e-14
160 -1.00216e-13
180 1.1292e-13
200 -1.30657e-13
220 1.4472e-13
240 -1.65233e-13
260 1.80068e-13
280 -2.01548e-13
300 2.15941e-13
320 -2.37103e-13
340 2.51467e-13
360 -2.70254e-13
380 2.81238e-13
400 -2.95269e-13
420 3.00451e-13
440 -3.06394e-13
460 3.01547e-13
480 -2.96746e-13
500 2.79401e-13
520 -2.60945e-13
540 2.27725e-13
560 -1.92761e-13
580 1.42123e-13
600 -9.08441e-14
620 2.35528e-14
640 4.27719e-14
660 -1.22388e-13
680 1.98638e-13
700 -2.81974e-13
720 3.58288e-13
740 -4.33974e-13
760 4.97345e-13
780 -5.50575e-13
800 5.84526e-13
820 -5.99248e-13
840 5.90085e-13
860 -5.53447e-13
880 4.91194e-13
900 -3.9848e-13
920 2.83589e-13
940 -1.41237e-13
960 -1.20075e-14
980 1.80771e-13
1000 -3.44553e-13
1020 5.02115e-13
1040 -6.35214e-13
1060 7.37743e-13
1080 -7.94097e-13
1100 8.02041e-13
1120 -7.49274e-13
1140 6.40773e-13
1160 -4.74041e-13
1180 2.63956e-13
1200 -1.72423e-14
1220 -2.41276e-13
1240 4.94155e-13
1260 -7.13268e-13
1280 8.78106e-13
1300 -9.65709e-13
1320 9.61532e-13
1340 -8.58416e-13
1360 6.58695e-13
1380 -3.7971e-13
1400 4.20762e-14
1420 3.12515e-13
1440 -6.50503e-13
1460 9.17112e-13
1480 -1.09179e-12
1500 1.11537e-12
1520 -1.01825e-12
1540 7.40479e-13
1560 -4.02127e-13
1580 -9.00929e-14
1600 4.65511e-13
1620 -9.76413e-13
1640 1.06244e-12
1660 -1.43678e-12
1680 8.92354e-13
1700 -1.25139e-12
1720 -2.35302e-13
1740 -7.74833e-13
1760 -2.13951e-12
1780 -1.02116e-12
1800 -4.62498e-12
1820 -3.51731e-12
1840 -8.31147e-12
1860 -1.02063e-11
1880 -1.5761e-11
1900 -2.40372e-11
1920 -3.27627e-11
1940 -5.09696e-11
1960 -7.01218e-11
1980 -1.0401e-10
2000 -1.4718e-10
2020 -2.09849e-10
2040 -2.99342e-10
2060 -4.19304e-10
2080 -5.92604e-10
2100 -8.24524e-10
2120 -1.14862e-09
2140 -1.5886e-09
2160 -2.18508e-09
2180 -2.996e-09
2200 -4.07888e-09
2220 -5.53431e-09
2240 -7.46441e-09
2260 -1.00198e-08
2280 -1.33844e-08
2300 -1.77817e-08
2320 -2.35132e-08
2340 -3.09255e-08
2360 -4.04724e-08
2380 -5.26959e-08
2400 -6.82543e-08
2420 -8.79604e-08
2440 -1.12762e-07
2460 -1.43814e-07
2480 -1.82461e-07
2500 -2.30281e-07
2520 -2.89118e-07
2540 -3.61064e-07
2560 -4.48529e-07
2580 -5.54213e-07
2600 -6.81121e-07
2620 -8.32581e-07
2640 -1.01218e-06
2660 -1.2238e-06
2680 -1.4715e-06
2700 -1.75947e-06
2720 -2.09201e-06
2740 -2.47327e-06
2760 -2.90726e-06
2780 -3.39759e-06
2800 -3.94729e-06
2820 -4.55863e-06
2840 -5.23283e-06
2860 -5.96983e-06
2880 -6.76805e-06
2900 -7.62405e-06
2920 -8.53236e-06
2940 -9.48516e-06
2960 -1.04721e-05
2980 -1.14803e-05
3000 -1.24938e-05
3020 -1.34942e-05
3040 -1.44601e-05
3060 -1.53676e-05
3080 -1.61907e-05
3100 -1.69015e-05
3120 -1.74704e-05
3140 -1.78677e-05
3160 -1.80633e-05
3180 -1.80283e-05
3200 -1.77354e-05
3220 -1.71604e-05
3240 -1.62828e-05
3260 -1.5087e-05
3280 -1.35632e-05
3300 -1.1708e-05
3320 -9.52574e-06
3340 -7.02838e-06
3360 -4.23627e-06
3380 -1.17803e-06
3400 2.10948e-06
3420 5.58161e-06
3440 9.1867e-06
3460 1.2867e-05
3480 1.65597e-05
3500 2.01989e-05
3520 2.37166e-05
3540 2.70449e-05
3560 3.01176e-05
3580 3.28723e-05
3600 3.52517e-05
3620 3.72057e-05
3640 3.86928e-05
3660 3.96812e-05
3680 4.01497e-05
3700 4.00887e-05
3720 3.94999e-05
3740 3.83969e-05
3760 3.68041e-05
3780 3.47565e-05
3800 3.22984e-05
3820 2.94818e-05
3840 2.63654e-05
3860 2.30125e-05
3880 1.94893e-05
3900 1.58632e-05
3920 1.22009e-05
3940 8.56665e-06
3960 5.02103e-06
3980 1.6193e-06
4000 -1.58964e-06
4020 -4.56401e-06
4040 -7.2698e-06
4060 -9.68109e-06
4080 -1.17801e-05
4100 -1.3557e-05
4120 -1.50096e-05
4140 -1.61425e-05
4160 -1.69666e-05
4180 -1.74982e-05
4200 -1.77581e-05
4220 -1.77704e-05
4240 -1.75619e-05
4260 -1.71607e-05
4280 -1.6596e-05
4300 -1.58966e-05
4320 -1.50906e-05
4340 -1.42048e-05
4360 -1.3264e-05
4380 -1.2291e-05
4400 -1.13058e-05
4420 -1.03263e-05
4440 -9.36716e-06
4460 -8.44084e-06
4480 -7.55712e-06
4500 -6.7234e-06
4520 -5.94489e-06
4540 -5.2249e-06
4560 -4.56502e-06
4580 -3.96534e-06
4600 -3.42478e-06
4620 -2.94128e-06
4640 -2.51206e-06
4660 -2.13373e-06
4680 -1.80257e-06
4700 -1.51468e-06
4720 -1.26604e-06
4740 -1.05267e-06
4760 -8.7071e-07
4780 -7.16505e-07
4800 -5.86614e-07
4820 -4.77831e-07
4840 -3.87254e-07
4860 -3.12285e-07
4880 -2.50594e-07
4900 -2.00096e-07
4920 -1.58978e-07
4940 -1.25693e-07
4960 -9.89086e-08
4980 -7.74617e-08
5000 -6.03628e-08
5020 -4.68041e-08
5040 -3.61256e-08
5060 -2.77643e-08
5080 -2.12368e-08
5100 -1.61543e-08
5120 -1.2224e-08
5140 -9.2159e-09
5160 -6.92822e-09
5180 -5.18383e-09
5200 -3.848e-09
5220 -2.83401e-09
5240 -2.08272e-09
5260 -1.53703e-09
5280 -1.136e-09
5300 -8.28828e-10
5320 -5.88524e-10
5340 -4.0884e-10
5360 -2.88031e-10
5380 -2.15121e-10
5400 -1.69393e-10
5420 -1.30524e-10
5440 -8.87192e-11
5460 -4.68386e-11
5480 -1.43982e-11
5500 8.58432e-13
5520 -1.87598e-12
5540 -1.65966e-11
5560 -3.41638e-11
5580 -4.64536e-11
5600 -4.87197e-11
5620 -3.96629e-11
5640 -1.99199e-11
5660 9.94022e-12
5680 5.11747e-11
5700 1.08208e-10
5720 1.89782e-10
5740 3.10381e-10
5760 4.92428e-10
5780 7.69785e-10
5800 1.19316e-09
5820 1.8382e-09
5840 2.81739e-09
5860 4.29741e-09
5880 6.52407e-09
5900 9.85827e-09
5920 1.48272e-08
5940 2.2197e-08
5960 3.30757e-08
5980 4.90577e-08
6000 7.24247e-08
6020 1.06427e-07
6040 1.55668e-07
6060 2.26639e-07
6080 3.28442e-07
6100 4.73774e-07
6120 6.80258e-07
6140 9.72227e-07
6160 1.3831e-06
6180 1.95855e-06
6200 2.76065e-06
6220 3.87333e-06
6240 5.40948e-06
6260 7.52013e-06
6280 1.04063e-05
6300 1.4334e-05
6320 1.96536e-05
6340 2.68238e-05
6360 3.64422e-05
6380 4.92828e-05
6400 6.63429e-05
6420 8.89001e-05
6440 0.000118583
6460 0.000157453
6480 0.00020811
6500 0.000273811
6520 0.00035861
6540 0.000467533
6560 0.000606763
6580 0.000783872
6600 0.00100807
6620 0.00129051
6640 0.00164457
6660 0.00208625
6680 0.00263456
6700 0.00331189
6720 0.00414449
6740 0.00516292
6760 0.00640251
6780 0.00790382
6800 0.00971307
6820 0.0118826
6840 0.014471
6860 0.0175438
6880 0.0211732
6900 0.0254384
6920 0.0304251
6940 0.0362257
6960 0.0429381
6980 0.0506657
7000 0.0595155
7020 0.0695973
7040 0.0810219
7060 0.093899
7080 0.108335
7100 0.124431
7120 0.14228
7140 0.161961
7160 0.18354
7180 0.207066
7200 0.232564
7220 0.260038
7240 0.289461
7260 0.320778
7280 0.3539
7300 0.388706
7320 0.425036
7340 0.462696
7360 0.501456
7380 0.541052
7400 0.581184
7420 0.621526
7440 0.661723
7460 0.701402
7480 0.740169
7500 0.777626
7520 0.813368
7540 0.846995
7560 0.87812
7580 0.906373
7600 0.93141
7620 0.952922
7640 0.970639
7660 0.984334
7680 0.993833
7700 0.999013
7720 0.999809
7740 0.996214
7760 0.988277
7780 0.976105
7800 0.959858
7820 0.939749
7840 0.916034
7860 0.889012
7880 0.859016
7900 0.826406
7920 0.791563
7940 0.754881
7960 0.716759
7980 0.677597
8000 0.637784
8020 0.597698
8040 0.557694
8060 0.518105
8080 0.479235
8100 0.441356
8120 0.404707
8140 0.369492
8160 0.335878
8180 0.304
8200 0.273956
8220 0.245813
8240 0.219607
8260 0.195346
8280 0.173016
8300 0.152576
8320 0.133971
8340 0.117127
8360 0.101959
8380 0.0883735
8400 0.0762683
8420 0.0655381
8440 0.0560754
8460 0.0477727
8480 0.0405246
8500 0.0342286
8520 0.0287867
8540 0.0241063
8560 0.0201003
8580 0.0166882
8600 0.0137961
8620 0.0113564
8640 0.00930812
8660 0.0075967
8680 0.00617347
8700 0.00499547
8720 0.004025
8740 0.00322924
8760 0.00257977
8780 0.00205214
8800 0.00162548
8820 0.00128205
8840 0.00100688
8860 0.000787406
8880 0.000613159
8900 0.000475445
8920 0.000367097
8940 0.000282238
8960 0.000216076
8980 0.000164723
9000 0.000125043
9020 9.45201e-05
9040 7.11455e-05
9060 5.33251e-05
9080 3.97995e-05
9100 2.95792e-05
9120 2.18906e-05
9140 1.61323e-05
9160 1.18385e-05
9180 8.651e-06
9200 6.2951e-06
9220 4.5615e-06
9240 3.29141e-06
9260 2.36498e-06
9280 1.69217e-06
9300 1.20568e-06
9320 8.55448e-07
9340 6.04407e-07
9360 4.25247e-07
9380 2.9794e-07
9400 2.07871e-07
9420 1.44423e-07
9440 9.99211e-08
9460 6.88428e-08
9480 4.72325e-08
9500 3.22704e-08
9520 2.19559e-08
9540 1.48759e-08
9560 1.00368e-08
9580 6.74368e-09
9600 4.51215e-09
9620 3.00648e-09
9640 1.99489e-09
9660 1.31817e-09
9680 8.67385e-10
9700 5.68385e-10
9720 3.70906e-10
9740 2.41031e-10
9760 1.55979e-10
9780 1.00513e-10
9800 6.44903e-11
9820 4.11871e-11
9840 2.61635e-11
9860 1.64985e-11
9880 1.02739e-11
9900 6.2283e-12
9920 3.52383e-12
9940 1.58749e-12
9960 0
