-20 0
0 -0.010521
20 -0.0209977
40 -0.0313856
60 -0.0416395
80 -0.0517139
100 -0.0615622
120 -0.0711374
140 -0.0803915
160 -0.0892765
180 -0.0977438
200 -0.105746
220 -0.113235
240 -0.120166
260 -0.126496
280 -0.132185
300 -0.137197
320 -0.1415
340 -0.14507
360 -0.147886
380 -0.149935
400 -0.151213
420 -0.151722
440 -0.151472
460 -0.150482
480 -0.148777
500 -0.146391
520 -0.143365
540 -0.139745
560 -0.135585
580 -0.130941
600 -0.125874
620 -0.120447
640 -0.114727
660 -0.108777
680 -0.102663
700 -0.0964483
720 -0.0901935
740 -0.0839557
760 -0.0777883
780 -0.0717395
800 -0.0658526
820 -0.0601655
840 -0.0547102
860 -0.0495131
880 -0.0445948
900 -0.0399704
920 -0.0356501
940 -0.0316387
960 -0.0279371
980 -0.0245419
1000 -0.0214463
1020 -0.0186406
1040 -0.0161126
1060 -0.0138482
1080 -0.0118318
1100 -0.0100468
1120 -0.00847599
1140 -0.00710201
1160 -0.00590751
1180 -0.00487548
1200 -0.00398952
1220 -0.00323399
1240 -0.00259413
1260 -0.00205619
1280 -0.00160746
1300 -0.00123631
1320 -0.000932224
1340 -0.000685745
1360 -0.000488461
1380 -0.000332959
1400 -0.000212766
1420 -0.000122287
1440 -5.67437e-05
1460 -1.21079e-05
1480 1.49649e-05
1500 2.71963e-05
1520 2.6744e-05
1540 1.52561e-05
1560 -6.07873e-06
1580 -3.6486e-05
1600 -7.55651e-05
1620 -0.000123252
1640 -0.00017979
1660 -0.000245693
1680 -0.000321728
1700 -0.000408883
1720 -0.000508344
1740 -0.000621475
1760 -0.000749788
1780 -0.00089492
1800 -0.0010586
1820 -0.00124264
1840 -0.00144885
1860 -0.00167906
1880 -0.00193506
1900 -0.00221853
1920 -0.00253102
1940 -0.00287389
1960 -0.00324826
1980 -0.00365497
2000 -0.00409448
2020 -0.00456689
2040 -0.00507182
2060 -0.00560841
2080 -0.00617524
2100 -0.00677036
2120 -0.0073912
2140 -0.0080346
2160 -0.00869678
2180 -0.0093734
2200 -0.0100595
2220 -0.0107498
2240 -0.0114382
2260 -0.0121185
2280 -0.0127842
2300 -0.0134284
2320 -0.0140443
2340 -0.014625
2360 -0.015164
2380 -0.0156546
2400 -0.0160909
2420 -0.0164675
2440 -0.0167795
2460 -0.0170227
2480 -0.0171939
2500 -0.0172907
2520 -0.0173117
2540 -0.0172564
2560 -0.0171254
2580 -0.0169204
2600 -0.0166438
2620 -0.0162991
2640 -0.0158906
2660 -0.0154233
2680 -0.014903
2700 -0.0143359
2720 -0.0137285
2740 -0.0130879
2760 -0.0124211
2780 -0.0117351
2800 -0.011037
2820 -0.0103335
2840 -0.00963103
2860 -0.00893563
2880 -0.00825283
2900 -0.00758761
2920 -0.00694433
2940 -0.00632676
2960 -0.00573801
2980 -0.00518055
3000 -0.00465626
3020 -0.00416639
3040 -0.00371165
3060 -0.00329226
3080 -0.00290794
3100 -0.00255806
3120 -0.00224162
3140 -0.00195734
3160 -0.00170372
3180 -0.00147911
3200 -0.00128171
3220 -0.00110968
3240 -0.000961134
3260 -0.000834215
3280 -0.000727089
3300 -0.000637993
3320 -0.000565247
3340 -0.000507266
3360 -0.00046257
3380 -0.000429789
3400 -0.000407661
3420 -0.000395029
3440 -0.000390837
3460 -0.00039412
3480 -0.000403999
3500 -0.000419665
3520 -0.000440375
3540 -0.000465437
3560 -0.000494203
3580 -0.000526059
3600 -0.00056042
3620 -0.00059672
3640 -0.000634407
3660 -0.000672944
3680 -0.000711802
3700 -0.000750463
3720 -0.000788417
3740 -0.000825171
3760 -0.000860243
3780 -0.000893174
3800 -0.000923529
3820 -0.000950905
3840 -0.000974932
3860 -0.000995284
3880 -0.00101168
3900 -0.00102389
3920 -0.00103174
3940 -0.00103511
3960 -0.00103396
3980 -0.00102827
4000 -0.00101813
4020 -0.00100366
4040 -0.00098503
4060 -0.000962485
4080 -0.000936304
4100 -0.000906809
4120 -0.000874359
4140 -0.000839337
4160 -0.000802148
4180 -0.000763206
4200 -0.000722933
4220 -0.000681744
4240 -0.000640044
4260 -0.000598221
4280 -0.000556641
4300 -0.000515642
4320 -0.000475528
4340 -0.000436572
4360 -0.000399008
4380 -0.000363033
4400 -0.000328806
4420 -0.00029645
4440 -0.000266051
4460 -0.000237662
4480 -0.000211306
4500 -0.000186976
4520 -0.000164643
4540 -0.000144254
4560 -0.00012574
4580 -0.000109016
4600 -9.39867e-05
4620 -8.05465e-05
4640 -6.85849e-05
4660 -5.79873e-05
4680 -4.86373e-05
4700 -4.04177e-05
4720 -3.3212e-05
4740 -2.69047e-05
4760 -2.13816e-05
4780 -1.65293e-05
4800 -1.2235e-05
4820 -8.38449e-06
4840 -4.86142e-06
4860 -1.54475e-06
4880 1.69354e-06
4900 4.99133e-06
4920 8.49976e-06
4940 1.23869e-05
4960 1.68421e-05
4980 2.20802e-05
5000 2.65011e-05
5020 3.18236e-05
5040 3.82146e-05
5060 4.58652e-05
5080 5.49917e-05
5100 6.58387e-05
5120 7.86808e-05
5140 9.38242e-05
5160 0.000111609
5180 0.000132411
5200 0.00015664
5220 0.000184746
5240 0.000217212
5260 0.000254559
5280 0.000297343
5300 0.000346151
5320 0.0004016
5340 0.00046433
5360 0.000535
5380 0.000614282
5400 0.000702853
5420 0.000801383
5440 0.000910528
5460 0.00103092
5480 0.00116314
5500 0.00130773
5520 0.00146517
5540 0.00163583
5560 0.00182002
5580 0.00201791
5600 0.00222957
5620 0.0024549
5640 0.00269368
5660 0.0029455
5680 0.0032098
5700 0.00348583
5720 0.00377266
5740 0.00406916
5760 0.00437402
5780 0.00468577
5800 0.00500274
5820 0.0053231
5840 0.00564489
5860 0.005966
5880 0.00628424
5900 0.00659729
5920 0.00690282
5940 0.00719844
5960 0.00748177
5980 0.00775048
6000 0.00800228
6020 0.00823499
6040 0.00844657
6060 0.00863513
6080 0.00879896
6100 0.00893658
6120 0.00904675
6140 0.00912846
6160 0.00918101
6180 0.00920395
6200 0.00919713
6220 0.00916071
6240 0.00909511
6260 0.00900104
6280 0.00887951
6300 0.00873174
6320 0.00855922
6340 0.00836366
6360 0.00814694
6380 0.00791113
6400 0.00765843
6420 0.00739116
6440 0.00711173
6460 0.00682261
6480 0.00652632
6500 0.00622539
6520 0.00592234
6540 0.00561968
6560 0.00531992
6580 0.00502548
6600 0.00473877
6620 0.00446215
6640 0.00419796
6660 0.00394848
6680 0.003716
6700 0.00350278
6720 0.00331113
6740 0.00314338
6760 0.00300192
6780 0.00288923
6800 0.00280792
6820 0.00276071
6840 0.0027505
6860 0.00278037
6880 0.0028536
6900 0.00297368
6920 0.00314433
6940 0.00336951
6960 0.00365337
6980 0.00400029
7000 0.00441483
7020 0.0049017
7040 0.00546571
7060 0.00611176
7080 0.0068447
7100 0.00766932
7120 0.00859026
7140 0.00961185
7160 0.0107381
7180 0.0119726
7200 0.0133181
7220 0.0147771
7240 0.0163507
7260 0.0180396
7280 0.0198432
7300 0.0217595
7320 0.0237858
7340 0.0259174
7360 0.0281488
7380 0.0304726
7400 0.03288
7420 0.0353609
7440 0.0379035
7460 0.0404947
7480 0.04312
7500 0.0457637
7520 0.0484089
7540 0.0510377
7560 0.0536317
7580 0.0561717
7600 0.0586383
7620 0.0610118
7640 0.0632729
7660 0.0654026
7680 0.0673827
7700 0.0691958
7720 0.0708258
7740 0.0722581
7760 0.0734796
7780 0.0744793
7800 0.075248
7820 0.0757788
7840 0.076067
7860 0.0761105
7880 0.0759092
7900 0.0754657
7920 0.0747847
7940 0.0738734
7960 0.072741
7980 0.0713985
8000 0.069859
8020 0.0681372
8040 0.0662489
8060 0.0642112
8080 0.0620423
8100 0.0597607
8120 0.0573853
8140 0.0549355
8160 0.0524301
8180 0.0498878
8200 0.0473268
8220 0.0447642
8240 0.0422165
8260 0.0396989
8280 0.0372256
8300 0.0348092
8320 0.0324611
8340 0.0301912
8360 0.028008
8380 0.0259184
8400 0.0239281
8420 0.0220412
8440 0.0202606
8460 0.0185879
8480 0.0170235
8500 0.0155669
8520 0.0142165
8540 0.0129699
8560 0.0118239
8580 0.0107747
8600 0.00981813
8620 0.00894948
8640 0.00816375
8660 0.00745578
8680 0.00682025
8700 0.00625185
8720 0.00574527
8740 0.00529532
8760 0.00489697
8780 0.00454537
8800 0.00423595
8820 0.00396437
8840 0.00372658
8860 0.00351887
8880 0.00333779
8900 0.00318023
8920 0.00304337
8940 0.0029247
8960 0.00282197
8980 0.0027332
9000 0.00265665
9020 0.0025908
9040 0.00253431
9060 0.00248601
9080 0.00244489
9100 0.00241002
9120 0.00238059
9140 0.00235581
9160 0.00233496
9180 0.00231733
9200 0.00230219
9220 0.00228879
9240 0.00227633
9260 0.00226396
9280 0.00225078
9300 0.00223577
9320 0.00221787
9340 0.00219592
9360 0.00216866
9380 0.00213476
9400 0.00209284
9420 0.00204141
9440 0.00197895
9460 0.00190389
9480 0.00181465
9500 0.00170964
9520 0.00158726
9540 0.00144599
9560 0.00128433
9580 0.0011009
9600 0.000894414
9620 0.000663727
9640 0.000407858
9660 0.000126016
9680 -0.000182375
9700 -0.000517657
9720 -0.00087991
9740 -0.00126894
9760 -0.00168426
9780 -0.00212507
9800 -0.00259025
9820 -0.00307838
9840 -0.0035877
9860 -0.00411613
9880 -0.00466129
9900 -0.00522049
9920 -0.00579077
9940 -0.00636893
9960 -0.00695153
9980 -0.00753495
10000 -0.00798435
10020 -0.00842868
10040 -0.00886535
10060 -0.00929172
10080 -0.00970518
10100 -0.0101031
10120 -0.0104831
10140 -0.0108426
10160 -0.0111795
10180 -0.0114915
10200 -0.0117769
10220 -0.0120338
10240 -0.0122608
10260 -0.0124568
10280 -0.0126208
10300 -0.0127523
10320 -0.012851
10340 -0.012917
10360 -0.0129506
10380 -0.0129526
10400 -0.012924
10420 -0.0128663
10440 -0.0127809
10460 -0.01267
10480 -0.0125357
10500 -0.0123804
10520 -0.0122069
10540 -0.0120181
10560 -0.0118168
10580 -0.0116062
10600 -0.0113894
10620 -0.0111698
10640 -0.0109505
10660 -0.0107346
10680 -0.0105252
10700 -0.0103254
10720 -0.010138
10740 -0.00996548
10760 -0.00981036
10780 -0.00967477
10800 -0.00956062
10820 -0.00946948
10840 -0.00940264
10860 -0.00936105
10880 -0.00934532
10900 -0.00935571
10920 -0.00939212
10940 -0.00945412
10960 -0.00954092
10980 -0.00965141
11000 -0.00978415
11020 -0.00993739
11040 -0.0101091
11060 -0.010297
11080 -0.0104987
11100 -0.0107113
11120 -0.010932
11140 -0.0111578
11160 -0.0113856
11180 -0.0116122
11200 -0.0118345
11220 -0.0120493
11240 -0.0122535
11260 -0.0124442
11280 -0.0126183
11300 -0.0127734
11320 -0.0129068
11340 -0.0130163
11360 -0.0130998
11380 -0.0131557
11400 -0.0131824
11420 -0.0131789
11440 -0.0131444
11460 -0.0130783
11480 -0.0129805
11500 -0.0128512
11520 -0.0126907
11540 -0.0125
11560 -0.0122801
11580 -0.0120323
11600 -0.0117582
11620 -0.0114596
11640 -0.0111385
11660 -0.010797
11680 -0.0104375
11700 -0.0100624
11720 -0.00967408
11740 -0.00927507
11760 -0.0088679
11780 -0.00845504
11800 -0.00803893
11820 -0.00762194
11840 -0.00720633
11860 -0.00679424
11880 -0.00638768
11900 -0.0059885
11920 -0.00559839
11940 -0.00521887
11960 -0.00485127
11980 -0.00449673
12000 -0.00415622
12020 -0.00383054
12040 -0.00352028
12060 -0.00322588
12080 -0.00294762
12100 -0.00268563
12120 -0.00243988
12140 -0.00221023
12160 -0.00199641
12180 -0.00179807
12200 -0.00161474
12220 -0.00144591
12240 -0.00129097
12260 -0.00114929
12280 -0.00102018
12300 -0.000902942
12320 -0.000796854
12340 -0.000701186
12360 -0.00061521
12380 -0.00053821
12400 -0.000469483
12420 -0.00040835
12440 -0.000354155
12460 -0.000306273
12480 -0.000264113
12500 -0.000227115
12520 -0.000194756
12540 -0.00016655
12560 -0.000142046
12580 -0.000120829
12600 -0.000102519
12620 -8.67702e-05
12640 -7.3268e-05
12660 -6.17295e-05
12680 -5.19002e-05
12700 -4.35527e-05
12720 -3.64845e-05
12740 -3.05163e-05
12760 -2.54899e-05
12780 -2.12663e-05
12800 -1.77241e-05
12820 -1.47574e-05
12840 -1.22746e-05
12860 -1.01966e-05
12880 -8.45542e-06
12900 -6.99316e-06
12920 -5.76051e-06
12940 -4.71581e-06
12960 -3.82412e-06
12980 -3.05631e-06
13000 -2.38831e-06
13020 -1.80041e-06
13040 -1.27666e-06
13060 -8.04327e-07
13080 -3.73441e-07
13100 2.36496e-08
13120 3.92632e-07
13140 7.3755e-07
13160 1.0611e-06
13180 1.36486e-06
13200 1.64954e-06
13220 1.91516e-06
13240 2.1612e-06
13260 2.38682e-06
13280 2.59089e-06
13300 2.77222e-06
13320 2.92955e-06
13340 3.06172e-06
13360 3.16771e-06
13380 3.24668e-06
13400 3.29807e-06
13420 3.32157e-06
13440 3.31721e-06
13460 3.28532e-06
13480 3.22658e-06
13500 3.14198e-06
13520 3.03282e-06
13540 2.90072e-06
13560 2.74753e-06
13580 2.57536e-06
13600 2.38652e-06
13620 2.18345e-06
13640 1.96874e-06
13660 1.74504e-06
13680 1.51503e-06
13700 1.28136e-06
13720 1.04666e-06
13740 8.13431e-07
13760 5.8407e-07
13780 3.60805e-07
13800 1.45679e-07
13820 -5.94734e-08
13840 -2.53043e-07
13860 -4.3366e-07
13880 -6.00198e-07
13900 -7.51775e-07
13920 -8.87756e-07
13940 -1.00774e-06
13960 -1.11156e-06
13980 -1.19926e-06
14000 -1.27107e-06
14020 -1.3274e-06
14040 -1.36885e-06
14060 -1.3961e-06
14080 -1.40999e-06
14100 -1.41143e-06
14120 -1.40141e-06
14140 -1.38097e-06
14160 -1.35118e-06
14180 -1.31311e-06
14200 -1.26784e-06
14220 -1.21644e-06
14240 -1.15993e-06
14260 -1.09931e-06
14280 -1.03551e-06
14300 -9.69434e-07
14320 -9.019e-07
14340 -8.33674e-07
14360 -7.65458e-07
14380 -6.97887e-07
14400 -6.31532e-07
14420 -5.66903e-07
14440 -5.04454e-07
14460 -4.44574e-07
14480 -3.87601e-07
14500 -3.33823e-07
14520 -2.83479e-07
14540 -2.36762e-07
14560 -1.93826e-07
14580 -1.54784e-07
14600 -1.19713e-07
14620 -8.86518e-08
14640 -6.16101e-08
14660 -3.85632e-08
14680 -1.94532e-08
14700 -4.1937e-09
14720 7.32905e-09
14740 1.52599e-08
14760 1.97732e-08
14780 2.10683e-08
14800 1.93714e-08
14820 1.49372e-08
14840 8.04339e-09
14860 -1.01301e-09
14880 -1.19133e-08
14900 -2.43203e-08
14920 -3.78851e-08
14940 -5.22501e-08
14960 -6.70477e-08
14980 -8.19082e-08
15000 -9.19183e-08
15020 -1.01434e-07
15040 -1.10243e-07
15060 -1.18143e-07
15080 -1.2495e-07
15100 -1.30498e-07
15120 -1.34639e-07
15140 -1.37253e-07
15160 -1.38244e-07
15180 -1.37547e-07
15200 -1.35122e-07
15220 -1.30969e-07
15240 -1.25118e-07
15260 -1.17634e-07
15280 -1.08617e-07
15300 -9.82076e-08
15320 -8.65797e-08
15340 -7.39453e-08
15360 -6.05531e-08
15380 -4.66921e-08
15400 -3.26914e-08
15420 -1.89212e-08
15440 -5.79953e-09
15460 6.20084e-09
15480 1.65444e-08
15500 2.46208e-08
15520 2.97243e-08
15540 3.10287e-08
15560 2.75566e-08
15580 1.8136e-08
15600 1.34191e-09
15620 -2.4576e-08
15640 -6.17837e-08
15660 -1.12981e-07
15680 -1.81552e-07
15700 -2.71753e-07
15720 -3.88937e-07
15740 -5.39851e-07
15760 -7.32988e-07
15780 -9.79033e-07
15800 -1.2914e-06
15820 -1.68689e-06
15840 -2.18651e-06
15860 -2.81644e-06
15880 -3.60924e-06
15900 -4.60526e-06
15920 -5.85438e-06
15940 -7.41809e-06
15960 -9.37191e-06
15980 -1.18084e-05
16000 -1.48406e-05
16020 -1.86063e-05
16040 -2.32725e-05
16060 -2.90417e-05
16080 -3.61582e-05
16100 -4.4916e-05
16120 -5.56676e-05
16140 -6.88351e-05
16160 -8.49217e-05
16180 -0.000104526
16200 -0.000128356
16220 -0.000157251
16240 -0.000192198
16260 -0.000234358
16280 -0.000285088
16300 -0.000345973
16320 -0.000418859
16340 -0.000505885
16360 -0.000609527
16380 -0.000732634
16400 -0.000878483
16420 -0.00105082
16440 -0.00125394
16460 -0.00149269
16480 -0.0017726
16500 -0.0020999
16520 -0.0024816
16540 -0.00292556
16560 -0.00344059
16580 -0.00403645
16600 -0.00472402
16620 -0.00551527
16640 -0.0064234
16660 -0.00746289
16680 -0.00864952
16700 -0.0100005
16720 -0.0115343
16740 -0.013271
16760 -0.015232
16780 -0.0174404
16800 -0.0199203
16820 -0.0226974
16840 -0.0257987
16860 -0.0292525
16880 -0.0330878
16900 -0.0373348
16920 -0.0420244
16940 -0.0471877
16960 -0.0528563
16980 -0.0590616
17000 -0.0658344
17020 -0.0732049
17040 -0.0812021
17060 -0.0898531
17080 -0.0991831
17100 -0.109215
17120 -0.119967
17140 -0.131456
17160 -0.143694
17180 -0.156686
17200 -0.170436
17220 -0.184939
17240 -0.200184
17260 -0.216156
17280 -0.232831
17300 -0.250177
17320 -0.268156
17340 -0.286722
17360 -0.305822
17380 -0.325392
17400 -0.345363
17420 -0.365659
17440 -0.386194
17460 -0.406878
17480 -0.427612
17500 -0.448294
17520 -0.468815
17540 -0.489063
17560 -0.508921
17580 -0.528273
17600 -0.546999
17620 -0.56498
17640 -0.582099
17660 -0.598239
17680 -0.613289
17700 -0.627143
17720 -0.639698
17740 -0.650861
17760 -0.660546
17780 -0.668676
17800 -0.675186
17820 -0.680019
17840 -0.683132
17860 -0.684492
17880 -0.68408
17900 -0.681891
17920 -0.677929
17940 -0.672215
17960 -0.664779
17980 -0.655667
18000 -0.644934
18020 -0.632647
18040 -0.618883
18060 -0.60373
18080 -0.587284
18100 -0.569646
18120 -0.550928
18140 -0.531243
18160 -0.510711
18180 -0.489453
18200 -0.467594
18220 -0.445256
18240 -0.422564
18260 -0.399638
18280 -0.376598
18300 -0.35356
18320 -0.330632
18340 -0.307921
18360 -0.285526
18380 -0.263539
18400 -0.242045
18420 -0.221121
18440 -0.200839
18460 -0.18126
18480 -0.162438
18500 -0.144418
18520 -0.127238
18540 -0.11093
18560 -0.0955141
18580 -0.0810069
18600 -0.0674165
18620 -0.0547448
18640 -0.0429875
18660 -0.0321348
18680 -0.0221717
18700 -0.0130786
18720 -0.00483175
18740 0.00259631
18760 0.00923613
18780 0.0151209
18800 0.0202862
18820 0.024769
18840 0.0286079
18860 0.0318424
18880 0.0345124
18900 0.036658
18920 0.0383193
18940 0.0395358
18960 0.0403465
18980 0.0407894
19000 0.0409012
19020 0.0407176
19040 0.0402726
19060 0.0395987
19080 0.0387267
19100 0.0376855
19120 0.0365026
19140 0.0352031
19160 0.0338105
19180 0.0323464
19200 0.0308306
19220 0.029281
19240 0.0277136
19260 0.0261429
19280 0.0245815
19300 0.0230405
19320 0.0215295
19340 0.0200567
19360 0.0186289
19380 0.0172515
19400 0.015929
19420 0.0146647
19440 0.013461
19460 0.0123192
19480 0.01124
19500 0.0102234
19520 0.00926869
19540 0.0083747
19560 0.00753976
19580 0.00676181
19600 0.00603848
19620 0.00536714
19640 0.00474496
19660 0.00416899
19680 0.00363615
19700 0.00314332
19720 0.00268737
19740 0.00226519
19760 0.00187373
19780 0.00150999
19800 0.0011711
19820 0.000854301
19840 0.00055696
19860 0.000276602
19880 1.09085e-05
19900 -0.000242271
19920 -0.000484915
19940 -0.000718825
19960 -0.000945623
19980 -0.00116675
20000 -0.00138348
20020 -0.00159689
20040 -0.00180791
20060 -0.00201727
20080 -0.00222556
20100 -0.00243322
20120 -0.00264052
20140 -0.0028476
20160 -0.00305448
20180 -0.00326105
20200 -0.00346709
20220 -0.00367227
20240 -0.00387621
20260 -0.00407841
20280 -0.00427835
20300 -0.00447546
20320 -0.0046691
20340 -0.00485867
20360 -0.00504351
20380 -0.00522302
20400 -0.00539659
20420 -0.00556366
20440 -0.00572372
20460 -0.00587632
20480 -0.00602109
20500 -0.00615773
20520 -0.00628604
20540 -0.00640592
20560 -0.00651735
20580 -0.00662044
20600 -0.00671541
20620 -0.00680255
20640 -0.0068823
20660 -0.00695517
20680 -0.00702177
20700 -0.0070828
20720 -0.00713903
20740 -0.0071913
20760 -0.00724049
20780 -0.00728753
20800 -0.00733337
20820 -0.00737894
20840 -0.0074252
20860 -0.00747305
20880 -0.00752334
20900 -0.0075769
20920 -0.00763443
20940 -0.00769657
20960 -0.00776384
20980 -0.00783665
21000 -0.00791528
21020 -0.00799985
21040 -0.00809035
21060 -0.00818664
21080 -0.0082884
21100 -0.00839517
21120 -0.00850634
21140 -0.00862117
21160 -0.00873876
21180 -0.00885811
21200 -0.00897809
21220 -0.0090975
21240 -0.00921502
21260 -0.00932929
21280 -0.00943891
21300 -0.00954244
21320 -0.00963844
21340 -0.00972547
21360 -0.00980215
21380 -0.00986714
21400 -0.00991918
21420 -0.0099571
21440 -0.00997982
21460 -0.00998641
21480 -0.00997606
21500 -0.00994812
21520 -0.00990209
21540 -0.00983762
21560 -0.00975455
21580 -0.00965288
21600 -0.00953276
21620 -0.00939453
21640 -0.00923868
21660 -0.00906585
21680 -0.00887682
21700 -0.00867252
21720 -0.00845397
21740 -0.00822232
21760 -0.0079788
21780 -0.00772472
21800 -0.00746143
21820 -0.00719035
21840 -0.00691291
21860 -0.00663054
21880 -0.00634467
21900 -0.00605674
21920 -0.0057681
21940 -0.0054801
21960 -0.005194
21980 -0.004911
22000 -0.00463223
22020 -0.00435873
22040 -0.00409145
22060 -0.00383122
22080 -0.00357882
22100 -0.00333488
22120 -0.00309997
22140 -0.00287453
22160 -0.00265892
22180 -0.00245341
22200 -0.00225817
22220 -0.00207329
22240 -0.00189879
22260 -0.00173461
22280 -0.00158062
22300 -0.00143664
22320 -0.00130243
22340 -0.00117771
22360 -0.00106217
22380 -0.000955444
22400 -0.000857169
22420 -0.000766945
22440 -0.000684362
22460 -0.000609005
22480 -0.00054045
22500 -0.000478278
22520 -0.000422071
22540 -0.00037142
22560 -0.000325928
22580 -0.000285207
22600 -0.000248887
22620 -0.000216611
22640 -0.000188043
22660 -0.000162861
22680 -0.000140763
22700 -0.000121466
22720 -0.000104704
22740 -9.023e-05
22760 -7.78133e-05
22780 -6.72408e-05
22800 -5.83152e-05
22820 -5.08544e-05
22840 -4.46906e-05
22860 -3.96697e-05
22880 -3.56499e-05
22900 -3.25012e-05
22920 -3.01046e-05
22940 -2.8351e-05
22960 -2.71407e-05
22980 -2.63826e-05
23000 -2.59937e-05
23020 -2.58984e-05
23040 -2.60282e-05
23060 -2.6321e-05
23080 -2.6721e-05
23100 -2.71781e-05
23120 -2.7648e-05
23140 -2.80915e-05
23160 -2.84745e-05
23180 -2.87681e-05
23200 -2.89477e-05
23220 -2.89935e-05
23240 -2.889e-05
23260 -2.8626e-05
23280 -2.81941e-05
23300 -2.75907e-05
23320 -2.68159e-05
23340 -2.5873e-05
23360 -2.47684e-05
23380 -2.3511e-05
23400 -2.21124e-05
23420 -2.05863e-05
23440 -1.89482e-05
23460 -1.72148e-05
23480 -1.54042e-05
23500 -1.35351e-05
23520 -1.16266e-05
23540 -9.69797e-06
23560 -7.76819e-06
23580 -5.8557e-06
23600 -3.97815e-06
23620 -2.15217e-06
23640 -3.93066e-07
23660 1.28525e-06
23680 2.87049e-06
23700 4.35203e-06
23720 5.72105e-06
23740 6.97055e-06
23760 8.09536e-06
23780 9.09209e-06
23800 9.9591e-06
23820 1.06964e-05
23840 1.13056e-05
23860 1.17898e-05
23880 1.21531e-05
23900 1.24012e-05
23920 1.25403e-05
23940 1.25778e-05
23960 1.25216e-05
23980 1.23799e-05
24000 1.21615e-05
24020 1.18752e-05
24040 1.15299e-05
24060 1.11344e-05
24080 1.06973e-05
24100 1.02267e-05
24120 9.73046e-06
24140 9.21598e-06
24160 8.69004e-06
24180 8.15887e-06
24200 7.6281e-06
24220 7.10271e-06
24240 6.58712e-06
24260 6.08506e-06
24280 5.5997e-06
24300 5.13364e-06
24320 4.68894e-06
24340 4.26713e-06
24360 3.86929e-06
24380 3.49608e-06
24400 3.14778e-06
24420 2.82435e-06
24440 2.52546e-06
24460 2.25051e-06
24480 1.99872e-06
24500 1.76917e-06
24520 1.56077e-06
24540 1.37236e-06
24560 1.2027e-06
24580 1.05054e-06
24600 9.14601e-07
24620 7.93596e-07
24640 6.86266e-07
24660 5.91395e-07
24680 5.07812e-07
24700 4.34394e-07
24720 3.70069e-07
24740 3.1383e-07
24760 2.64741e-07
24780 2.21926e-07
24800 1.84562e-07
24820 1.51879e-07
24840 1.2317e-07
24860 9.77812e-08
24880 7.50917e-08
24900 5.45111e-08
24920 3.54838e-08
24940 1.74845e-08
24960 0
