-10 0
0 -5.04198e-15
10 6.60313e-15
20 -1.89667e-15
30 -7.25719e-15
40 -3.20307e-15
50 -3.44379e-15
60 -5.53512e-15
70 2.62568e-15
80 1.00086e-15
90 -3.49678e-15
100 -2.90757e-15
110 -9.46861e-15
120 -3.43396e-15
130 -4.39163e-15
140 -1.20979e-14
150 -1.31536e-14
160 -1.63407e-14
170 -9.31861e-15
180 -7.48662e-15
190 -6.60207e-15
200 -1.50917e-14
210 -1.19066e-14
220 -1.41094e-14
230 -1.51439e-14
240 -7.05801e-15
250 -2.46794e-15
260 -1.31883e-14
270 -1.4184e-14
280 -7.41115e-15
290 -5.86183e-15
300 -1.15488e-14
310 -9.24906e-15
320 -1.63038e-14
330 -1.81943e-14
340 -1.04179e-14
350 -1.50059e-14
360 -2.52744e-14
370 -2.22481e-14
380 -1.55285e-14
390 -2.63752e-14
400 -1.40577e-14
410 -1.27249e-14
420 -1.38658e-14
430 -2.72915e-14
440 -1.47338e-14
450 -1.47141e-14
460 -1.6805e-14
470 -1.33449e-14
480 -8.92441e-15
490 -6.06487e-15
500 -8.98647e-15
510 -8.09543e-15
520 -2.30545e-14
530 -1.2012e-14
540 -9.28908e-15
550 -6.93116e-15
560 6.09429e-17
570 -4.08796e-15
580 3.13279e-15
590 4.31173e-15
600 1.38023e-15
610 -1.68339e-15
620 -5.35909e-15
630 -3.26842e-15
640 -1.8457e-14
650 -2.74039e-14
660 -4.1478e-14
670 -5.6091e-14
680 -1.05906e-13
690 -1.99575e-13
700 -3.62496e-13
710 -6.44523e-13
720 -1.14668e-12
730 -2.09411e-12
740 -3.75407e-12
750 -6.69962e-12
760 -1.18993e-11
770 -2.09857e-11
780 -3.67925e-11
790 -6.40988e-11
800 -1.10928e-10
810 -1.90733e-10
820 -3.25828e-10
830 -5.53001e-10
840 -9.32516e-10
850 -1.56237e-09
860 -2.60081e-09
870 -4.30168e-09
880 -7.06931e-09
890 -1.15434e-08
900 -1.87288e-08
910 -3.01935e-08
920 -4.83671e-08
930 -7.69884e-08
940 -1.21771e-07
950 -1.91388e-07
960 -2.9891e-07
970 -4.63905e-07
980 -7.15463e-07
990 -1.09653e-06
1000 -1.67007e-06
1010 -2.52776e-06
1020 -3.80219e-06
1030 -5.6837e-06
1040 -8.44378e-06
1050 -1.24668e-05
1060 -1.82935e-05
1070 -2.66788e-05
1080 -3.86696e-05
1090 -5.57077e-05
1100 -7.97643e-05
1110 -0.000113516
1120 -0.000160572
1130 -0.000225762
1140 -0.000315507
1150 -0.00043828
1160 -0.000605181
1170 -0.000830647
1180 -0.00113332
1190 -0.0015371
1200 -0.0020724
1210 -0.0027776
1220 -0.00370086
1230 -0.00490204
1240 -0.00645506
1250 -0.00845047
1260 -0.0109983
1270 -0.0142312
1280 -0.0183079
1290 -0.0234164
1300 -0.0297781
1310 -0.0376509
1320 -0.0473329
1330 -0.0591654
1340 -0.0735354
1350 -0.0908775
1360 -0.111675
1370 -0.136459
1380 -0.165807
1390 -0.200338
1400 -0.240711
1410 -0.28761
1420 -0.34174
1430 -0.403813
1440 -0.47453
1450 -0.554567
1460 -0.644553
1470 -0.74505
1480 -0.856527
1490 -0.979339
1500 -1.1137
1510 -1.25967
1520 -1.41711
1530 -1.58569
1540 -1.76484
1550 -1.95377
1560 -2.15144
1570 -2.35658
1580 -2.56766
1590 -2.78294
1600 -3.00045
1610 -3.21807
1620 -3.4335
1630 -3.64433
1640 -3.84809
1650 -4.04227
1660 -4.22443
1670 -4.39216
1680 -4.54322
1690 -4.67554
1700 -4.78729
1710 -4.8769
1720 -4.94312
1730 -4.98505
1740 -5.00213
1750 -4.99419
1760 -4.96143
1770 -4.90441
1780 -4.82405
1790 -4.72159
1800 -4.59859
1810 -4.45683
1820 -4.29833
1830 -4.12528
1840 -3.93996
1850 -3.74475
1860 -3.54204
1870 -3.33419
1880 -3.12348
1890 -2.9121
1900 -2.70209
1910 -2.49532
1920 -2.29345
1930 -2.09797
1940 -1.91011
1950 -1.73092
1960 -1.5612
1970 -1.40156
1980 -1.25239
1990 -1.11392
2000 -0.986179
2010 -0.869067
2020 -0.762347
2030 -0.665672
2040 -0.578604
2050 -0.500637
2060 -0.431212
2070 -0.369735
2080 -0.315594
2090 -0.268171
2100 -0.226853
2110 -0.191045
2120 -0.160172
2130 -0.133692
2140 -0.111096
2150 -0.0919118
2160 -0.0757059
2170 -0.0620839
2180 -0.0506904
2190 -0.0412073
2200 -0.0333527
2210 -0.0268784
2220 -0.0215672
2230 -0.017231
2240 -0.0137074
2250 -0.0108577
2260 -0.00856373
2270 -0.00672565
2280 -0.00525967
2290 -0.00409582
2300 -0.00317604
2310 -0.00245245
2320 -0.00188577
2330 -0.00144397
2340 -0.00110106
2350 -0.000836088
2360 -0.000632251
2370 -0.000476132
2380 -0.000357085
2390 -0.000266701
2400 -0.000198379
2410 -0.000146956
2420 -0.000108418
2430 -7.96618e-05
2440 -5.82953e-05
2450 -4.24872e-05
2460 -3.0841e-05
2470 -2.22972e-05
2480 -1.60556e-05
2490 -1.1515e-05
2500 -8.22559e-06
2510 -5.85248e-06
2520 -4.14752e-06
2530 -2.92763e-06
2540 -2.0584e-06
2550 -1.44155e-06
2560 -1.0056e-06
2570 -6.9875e-07
2580 -4.83638e-07
2590 -3.33446e-07
2600 -2.29005e-07
2610 -1.56668e-07
2620 -1.06767e-07
2630 -7.24806e-08
2640 -4.90158e-08
2650 -3.30207e-08
2660 -2.21603e-08
2670 -1.48153e-08
2680 -9.86716e-09
2690 -6.54678e-09
2700 -4.32734e-09
2710 -2.84955e-09
2720 -1.8694e-09
2730 -1.22179e-09
2740 -7.95556e-10
2750 -5.16091e-10
2760 -3.33565e-10
2770 -2.14796e-10
2780 -1.37817e-10
2790 -8.81044e-11
2800 -5.61236e-11
2810 -3.56288e-11
2820 -2.25401e-11
2830 -1.42155e-11
2840 -8.94898e-12
2850 -5.61084e-12
2860 -3.51864e-12
2870 -2.20767e-12
2880 -1.38756e-12
2890 -8.79103e-13
2900 -5.7553e-13
2910 -3.73311e-13
2920 -2.4917e-13
2930 -1.79238e-13
2940 -1.28878e-13
2950 -9.87862e-14
2960 -8.35722e-14
2970 -7.89489e-14
2980 -7.17648e-14
2990 -6.49167e-14
3000 -6.60993e-14
3010 -6.78788e-14
3020 -5.74265e-14
3030 -5.82553e-14
3040 -5.66472e-14
3050 -6.1425e-14
3060 -5.56881e-14
3070 -6.22906e-14
3080 -6.16258e-14
3090 -5.10446e-14
3100 -5.67157e-14
3110 -4.90671e-14
3120 -5.68628e-14
3130 -5.81146e-14
3140 -5.70391e-14
3150 -6.28366e-14
3160 -5.53538e-14
3170 -5.65206e-14
3180 -5.64442e-14
3190 -6.4777e-14
3200 -6.61567e-14
3210 -6.51083e-14
3220 -5.7834e-14
3230 -5.90348e-14
3240 -5.24855e-14
3250 -5.8692e-14
3260 -6.34378e-14
3270 -6.16227e-14
3280 -5.46308e-14
3290 -5.58388e-14
3300 -5.51597e-14
3310 -6.04662e-14
3320 -5.86374e-14
3330 -5.82487e-14
3340 -6.26074e-14
3350 -5.95124e-14
3360 -6.40324e-14
3370 -5.55927e-14
3380 -5.80743e-14
3390 -5.18392e-14
3400 -5.2467e-14
3410 -5.12649e-14
3420 -4.7519e-14
3430 -4.9024e-14
3440 -4.59557e-14
3450 -4.14682e-14
3460 -4.10482e-14
3470 -4.64839e-14
3480 -4.75844e-14
3490 -4.59918e-14
3500 -3.9264e-14
3510 -4.53421e-14
3520 -4.28335e-14
3530 -3.27182e-14
3540 -3.15857e-14
3550 -3.27375e-14
3560 -3.54663e-14
3570 -4.04394e-14
3580 -3.42048e-14
3590 -3.81087e-14
3600 -4.14785e-14
3610 -4.09033e-14
3620 -4.54409e-14
3630 -5.41861e-14
3640 -4.9153e-14
3650 -4.97788e-14
3660 -5.33128e-14
3670 -5.0902e-14
3680 -5.15379e-14
3690 -5.03674e-14
3700 -5.62298e-14
3710 -4.87966e-14
3720 -4.76284e-14
3730 -4.72026e-14
3740 -4.4276e-14
3750 -4.13858e-14
3760 -3.43572e-14
3770 -3.55541e-14
3780 -3.885e-14
3790 -4.73112e-14
3800 -4.02417e-14
3810 -4.03899e-14
3820 -3.80818e-14
3830 -4.20306e-14
3840 -4.06476e-14
3850 -3.92561e-14
3860 -4.08665e-14
3870 -4.63964e-14
3880 -4.36783e-14
3890 -3.23969e-14
3900 -2.67621e-14
3910 -3.31168e-14
3920 -3.42153e-14
3930 -3.59808e-14
3940 -3.45062e-14
3950 -3.02127e-14
3960 -4.25345e-14
3970 -3.543e-14
3980 -4.35417e-14
3990 -4.32862e-14
4000 -4.15255e-14
4010 -4.31702e-14
4020 -4.4697e-14
4030 -3.75816e-14
4040 -5.13412e-14
4050 -4.55636e-14
4060 -4.7523e-14
4070 -5.47486e-14
4080 -5.98257e-14
4090 -5.92949e-14
4100 -6.00351e-14
4110 -5.11792e-14
4120 -5.91446e-14
4130 -6.06837e-14
4140 -6.73638e-14
4150 -5.97972e-14
4160 -6.46715e-14
4170 -6.01272e-14
4180 -5.55799e-14
4190 -5.78127e-14
4200 -6.39468e-14
4210 -6.01173e-14
4220 -5.89533e-14
4230 -5.39937e-14
4240 -5.6647e-14
4250 -6.05255e-14
4260 -6.16331e-14
4270 -5.86459e-14
4280 -5.53821e-14
4290 -5.21626e-14
4300 -5.09445e-14
4310 -5.0909e-14
4320 -5.0062e-14
4330 -5.20315e-14
4340 -5.74654e-14
4350 -6.07279e-14
4360 -6.51547e-14
4370 -7.07446e-14
4380 -6.98848e-14
4390 -7.79911e-14
4400 -7.58169e-14
4410 -7.38914e-14
4420 -7.39019e-14
4430 -7.18274e-14
4440 -6.87116e-14
4450 -7.04274e-14
4460 -7.54853e-14
4470 -6.54903e-14
4480 -6.83041e-14
4490 -5.9509e-14
4500 -6.08622e-14
4510 -6.19256e-14
4520 -6.10072e-14
4530 -5.9969e-14
4540 -5.97685e-14
4550 -5.9478e-14
4560 -5.56357e-14
4570 -5.71557e-14
4580 -5.08419e-14
4590 -5.65196e-14
4600 -5.1479e-14
4610 -5.28782e-14
4620 -5.69913e-14
4630 -4.82246e-14
4640 -4.6573e-14
4650 -4.65598e-14
4660 -4.4963e-14
4670 -4.6721e-14
4680 -5.39248e-14
4690 -5.19098e-14
4700 -5.15226e-14
4710 -5.44343e-14
4720 -5.46294e-14
4730 -4.52674e-14
4740 -3.88754e-14
4750 -4.34636e-14
4760 -3.51148e-14
4770 -3.12951e-14
4780 -3.45639e-14
4790 -3.54324e-14
4800 -3.17546e-14
4810 -3.71459e-14
4820 -3.95813e-14
4830 -4.20356e-14
4840 -4.37416e-14
4850 -4.46663e-14
4860 -4.73817e-14
4870 -4.53517e-14
4880 -4.07581e-14
4890 -5.39247e-14
4900 -4.95938e-14
4910 -4.82023e-14
4920 -4.74749e-14
4930 -4.41723e-14
4940 -4.81571e-14
4950 -5.04688e-14
4960 -4.98518e-14
4970 -4.82818e-14
4980 -4.75749e-14
4990 -4.71682e-14
5000 -5.4453e-14
5010 -5.10245e-14
5020 -4.56061e-14
5030 -3.77068e-14
5040 -4.58532e-14
5050 -4.38761e-14
5060 -4.44891e-14
5070 -4.51446e-14
5080 -4.45003e-14
5090 -4.52574e-14
5100 -3.49706e-14
5110 -4.24406e-14
5120 -4.15064e-14
5130 -4.27271e-14
5140 -3.73122e-14
5150 -4.09045e-14
5160 -4.70367e-14
5170 -4.83316e-14
5180 -3.9575e-14
5190 -3.97376e-14
5200 -4.3919e-14
5210 -3.77227e-14
5220 -3.90274e-14
5230 -3.42212e-14
5240 -3.78776e-14
5250 -4.08461e-14
5260 -3.8095e-14
5270 -3.46674e-14
5280 -4.06162e-14
5290 -3.8588e-14
5300 -4.24438e-14
5310 -4.44834e-14
5320 -4.84727e-14
5330 -4.68287e-14
5340 -5.02145e-14
5350 -4.87025e-14
5360 -4.70976e-14
5370 -4.99403e-14
5380 -4.57339e-14
5390 -5.01656e-14
5400 -4.9207e-14
5410 -5.17558e-14
5420 -5.28846e-14
5430 -5.16441e-14
5440 -4.55611e-14
5450 -5.27176e-14
5460 -4.41665e-14
5470 -4.87175e-14
5480 -5.12015e-14
5490 -5.25634e-14
5500 -4.75714e-14
5510 -4.88856e-14
5520 -4.39422e-14
5530 -4.58698e-14
5540 -3.88131e-14
5550 -4.28355e-14
5560 -4.52353e-14
5570 -4.36311e-14
5580 -3.65535e-14
5590 -4.03554e-14
5600 -3.98497e-14
5610 -4.25814e-14
5620 -4.09144e-14
5630 -4.60902e-14
5640 -4.20612e-14
5650 -4.93407e-14
5660 -4.51624e-14
5670 -4.32008e-14
5680 -4.71374e-14
5690 -4.87535e-14
5700 -5.72911e-14
5710 -5.55324e-14
5720 -5.78137e-14
5730 -5.25972e-14
5740 -5.84502e-14
5750 -5.57111e-14
5760 -5.44308e-14
5770 -5.95565e-14
5780 -6.34101e-14
5790 -6.68716e-14
5800 -6.94862e-14
5810 -6.42979e-14
5820 -6.21936e-14
5830 -5.63506e-14
5840 -5.59978e-14
5850 -5.23348e-14
5860 -5.60955e-14
5870 -5.30924e-14
5880 -5.74408e-14
5890 -5.62426e-14
5900 -6.09764e-14
5910 -6.19689e-14
5920 -6.76936e-14
5930 -6.81401e-14
5940 -7.19553e-14
5950 -7.50547e-14
5960 -7.15344e-14
5970 -7.38439e-14
5980 -7.45989e-14
5990 -7.60761e-14
6000 -8.20827e-14
6010 -8.71535e-14
6020 -8.82354e-14
6030 -8.9929e-14
6040 -8.25876e-14
6050 -8.41956e-14
6060 -8.18665e-14
6070 -8.67349e-14
6080 -8.77648e-14
6090 -8.43168e-14
6100 -8.24551e-14
6110 -8.69216e-14
6120 -8.78034e-14
6130 -9.11306e-14
6140 -9.13422e-14
6150 -9.37302e-14
6160 -9.28189e-14
6170 -8.8991e-14
6180 -8.56196e-14
6190 -8.7331e-14
6200 -8.4658e-14
6210 -8.39269e-14
6220 -9.32633e-14
6230 -9.31557e-14
6240 -9.13739e-14
6250 -8.90627e-14
6260 -9.55304e-14
6270 -9.2047e-14
6280 -9.56334e-14
6290 -9.82764e-14
6300 -9.58476e-14
6310 -1.02287e-13
6320 -9.94601e-14
6330 -1.08647e-13
6340 -1.06027e-13
6350 -1.08286e-13
6360 -1.04793e-13
6370 -1.02746e-13
6380 -1.0124e-13
6390 -1.03196e-13
6400 -1.04084e-13
6410 -1.00645e-13
6420 -1.02377e-13
6430 -1.03109e-13
6440 -1.00716e-13
6450 -9.6111e-14
6460 -1.0158e-13
6470 -9.75407e-14
6480 -9.42017e-14
6490 -9.01155e-14
6500 -9.5027e-14
6510 -9.23234e-14
6520 -8.9959e-14
6530 -9.30019e-14
6540 -8.89342e-14
6550 -9.03829e-14
6560 -8.8946e-14
6570 -8.83019e-14
6580 -8.44423e-14
6590 -8.74862e-14
6600 -8.00599e-14
6610 -8.13952e-14
6620 -7.24261e-14
6630 -7.63098e-14
6640 -7.7762e-14
6650 -7.96687e-14
6660 -8.04343e-14
6670 -8.34745e-14
6680 -8.74556e-14
6690 -8.49698e-14
6700 -8.31034e-14
6710 -8.99551e-14
6720 -8.62292e-14
6730 -8.33643e-14
6740 -7.97349e-14
6750 -8.03144e-14
6760 -8.51002e-14
6770 -9.52119e-14
6780 -8.94939e-14
6790 -9.54401e-14
6800 -1.00987e-13
6810 -1.03747e-13
6820 -1.00978e-13
6830 -1.08061e-13
6840 -1.04979e-13
6850 -1.05247e-13
6860 -1.01944e-13
6870 -1.01864e-13
6880 -9.7565e-14
6890 -1.0389e-13
6900 -9.89092e-14
6910 -1.0841e-13
6920 -1.03051e-13
6930 -1.04247e-13
6940 -1.02257e-13
6950 -1.06718e-13
6960 -1.06706e-13
6970 -9.92303e-14
6980 -9.98426e-14
6990 -9.99717e-14
7000 -9.61305e-14
7010 -9.26946e-14
7020 -1.01432e-13
7030 -1.04358e-13
7040 -1.01304e-13
7050 -9.32072e-14
7060 -8.2285e-14
7070 -6.81534e-14
7080 -4.00491e-14
7090 1.56171e-15
7100 7.39425e-14
7110 1.89759e-13
7120 3.75463e-13
7130 6.71962e-13
7140 1.12886e-12
7150 1.85637e-12
7160 2.99655e-12
7170 4.78095e-12
7180 7.57755e-12
7190 1.1913e-11
7200 1.86488e-11
7210 2.90419e-11
7220 4.50299e-11
7230 6.95193e-11
7240 1.069e-10
7250 1.63744e-10
7260 2.49814e-10
7270 3.79679e-10
7280 5.74848e-10
7290 8.67016e-10
7300 1.30268e-09
7310 1.94982e-09
7320 2.90729e-09
7330 4.31835e-09
7340 6.38967e-09
7350 9.41817e-09
7360 1.38286e-08
7370 2.02259e-08
7380 2.94683e-08
7390 4.27672e-08
7400 6.18262e-08
7410 8.90298e-08
7420 1.27701e-07
7430 1.82451e-07
7440 2.59648e-07
7450 3.6805e-07
7460 5.19644e-07
7470 7.30766e-07
7480 1.02357e-06
7490 1.42798e-06
7500 1.98419e-06
7510 2.74599e-06
7520 3.78497e-06
7530 5.19601e-06
7540 7.10422e-06
7550 9.67378e-06
7560 1.31191e-05
7570 1.77189e-05
7580 2.38335e-05
7590 3.19265e-05
7600 4.25915e-05
7610 5.65846e-05
7620 7.48636e-05
7630 9.86363e-05
7640 0.000129417
7650 0.000169093
7660 0.000220007
7670 0.00028505
7680 0.000367765
7690 0.000472477
7700 0.000604431
7710 0.000769949
7720 0.000976613
7730 0.00123345
7740 0.00155115
7750 0.00194229
7760 0.00242157
7770 0.00300605
7780 0.00371541
7790 0.00457217
7800 0.00560194
7810 0.00683357
7820 0.00829937
7830 0.0100352
7840 0.0120804
7850 0.014478
7860 0.0172743
7870 0.0205188
7880 0.0242636
7890 0.0285632
7900 0.0334733
7910 0.0390505
7920 0.0453505
7930 0.0524278
7940 0.0603333
7950 0.0691137
7960 0.0788088
7970 0.0894508
7980 0.101061
7990 0.113651
8000 0.127215
8010 0.141736
8020 0.157176
8030 0.173481
8040 0.190579
8050 0.208374
8060 0.226753
8070 0.245583
8080 0.26471
8090 0.283965
8100 0.303162
8110 0.322101
8120 0.340574
8130 0.358366
8140 0.375258
8150 0.391034
8160 0.405484
8170 0.41841
8180 0.429626
8190 0.43897
8200 0.446299
8210 0.4515
8220 0.454489
8230 0.455215
8240 0.453658
8250 0.449836
8260 0.443799
8270 0.435628
8280 0.42544
8290 0.413376
8300 0.399604
8310 0.384313
8320 0.367708
8330 0.350007
8340 0.331436
8350 0.312223
8360 0.292593
8370 0.272766
8380 0.252951
8390 0.233343
8400 0.214121
8410 0.195443
8420 0.177449
8430 0.160253
8440 0.143952
8450 0.128617
8460 0.114298
8470 0.101025
8480 0.0888114
8490 0.0776508
8500 0.0675234
8510 0.0583964
8520 0.0502265
8530 0.0429624
8540 0.0365465
8550 0.0309168
8560 0.0260094
8570 0.0217593
8580 0.0181021
8590 0.0149753
8600 0.0123191
8610 0.010077
8620 0.00819634
8630 0.00662894
8640 0.0053308
8650 0.00426245
8660 0.00338872
8670 0.00267864
8680 0.00210518
8690 0.00164494
8700 0.00127788
8710 0.000986973
8720 0.000757851
8730 0.000578522
8740 0.000439042
8750 0.000331233
8760 0.000248426
8770 0.00018522
8780 0.000137278
8790 0.00010114
8800 7.40718e-05
8810 5.39238e-05
8820 3.9021e-05
8830 2.80673e-05
8840 2.00669e-05
8850 1.42602e-05
8860 1.00725e-05
8870 7.07134e-06
8880 4.93417e-06
8890 3.4219e-06
8900 2.3586e-06
8910 1.61573e-06
8920 1.10003e-06
8930 7.44305e-07
8940 5.00501e-07
8950 3.34471e-07
8960 2.22129e-07
8970 1.46601e-07
8980 9.61503e-08
8990 6.26667e-08
9000 4.05872e-08
9010 2.61218e-08
9020 1.67059e-08
9030 1.06166e-08
9040 6.70409e-09
9050 4.20658e-09
9060 2.62269e-09
9070 1.62473e-09
9080 1.00006e-09
9090 6.11603e-10
9100 3.71613e-10
9110 2.2433e-10
9120 1.34516e-10
9130 8.01261e-11
9140 4.74022e-11
9150 2.78356e-11
9160 1.62244e-11
9170 9.36529e-12
9180 5.34861e-12
9190 3.02199e-12
9200 1.66307e-12
9210 8.8318e-13
9220 4.40449e-13
9230 1.85407e-13
9240 4.41071e-14
9250 -4.02569e-14
9260 -8.21708e-14
9270 -1.13933e-13
9280 -1.22687e-13
9290 -1.21779e-13
9300 -1.26358e-13
9310 -1.35582e-13
9320 -1.29e-13
9330 -1.35245e-13
9340 -1.33317e-13
9350 -1.32242e-13
9360 -1.32103e-13
9370 -1.31896e-13
9380 -1.35844e-13
9390 -1.34804e-13
9400 -1.44632e-13
9410 -1.43591e-13
9420 -1.34524e-13
9430 -1.43775e-13
9440 -1.42143e-13
9450 -1.46677e-13
9460 -1.54637e-13
9470 -1.45205e-13
9480 -1.47106e-13
9490 -1.49924e-13
9500 -1.4067e-13
9510 -1.48555e-13
9520 -1.51829e-13
9530 -1.41821e-13
9540 -1.48487e-13
9550 -1.46574e-13
9560 -1.4476e-13
9570 -1.4809e-13
9580 -1.47778e-13
9590 -1.49506e-13
9600 -1.48344e-13
9610 -1.41212e-13
9620 -1.48305e-13
9630 -1.41178e-13
9640 -1.45262e-13
9650 -1.3894e-13
9660 -1.41965e-13
9670 -1.50164e-13
9680 -1.4577e-13
9690 -1.60164e-13
9700 -1.53468e-13
9710 -1.54714e-13
9720 -1.58142e-13
9730 -1.54898e-13
9740 -1.49574e-13
9750 -1.47983e-13
9760 -1.4617e-13
9770 -1.50693e-13
9780 -1.52826e-13
9790 -1.54002e-13
9800 -1.57149e-13
9810 -1.58873e-13
9820 -1.56043e-13
9830 -1.53563e-13
9840 -1.4453e-13
9850 -1.43208e-13
9860 -1.54567e-13
9870 -1.55848e-13
9880 -1.55398e-13
9890 -1.57443e-13
9900 -1.57948e-13
9910 -1.52156e-13
9920 -1.5412e-13
9930 -1.57035e-13
9940 -1.62682e-13
9950 -1.52035e-13
9960 -1.60709e-13
9970 -1.56959e-13
9980 -1.58291e-13
9990 -1.69122e-13
10000 -1.78539e-13
10010 -1.74427e-13
10020 -1.69961e-13
10030 -1.67723e-13
10040 -1.73133e-13
10050 -1.73425e-13
10060 -1.76902e-13
10070 -1.67123e-13
10080 -1.6767e-13
10090 -1.66258e-13
10100 -1.61183e-13
10110 -1.69066e-13
10120 -1.6673e-13
10130 -1.66622e-13
10140 -1.67369e-13
10150 -1.82827e-13
10160 -1.83217e-13
10170 -1.84653e-13
10180 -1.84556e-13
10190 -1.83602e-13
10200 -1.81891e-13
10210 -1.88397e-13
10220 -1.84238e-13
10230 -1.81484e-13
10240 -1.91061e-13
10250 -1.96552e-13
10260 -1.94032e-13
10270 -1.77581e-13
10280 -1.77831e-13
10290 -1.87409e-13
10300 -1.93572e-13
10310 -1.79101e-13
10320 -1.70405e-13
10330 -1.69929e-13
10340 -1.76116e-13
10350 -1.65662e-13
10360 -1.60053e-13
10370 -1.6601e-13
10380 -1.7071e-13
10390 -1.59634e-13
10400 -1.67996e-13
10410 -1.72159e-13
10420 -1.70766e-13
10430 -1.66805e-13
10440 -1.71093e-13
10450 -1.78543e-13
10460 -1.71068e-13
10470 -1.67408e-13
10480 -1.66527e-13
10490 -1.60172e-13
10500 -1.64427e-13
10510 -1.73462e-13
10520 -1.73411e-13
10530 -1.6404e-13
10540 -1.6383e-13
10550 -1.71626e-13
10560 -1.70232e-13
10570 -1.59617e-13
10580 -1.61231e-13
10590 -1.64312e-13
10600 -1.62754e-13
10610 -1.50501e-13
10620 -1.48206e-13
10630 -1.5413e-13
10640 -1.55867e-13
10650 -1.54818e-13
10660 -1.55293e-13
10670 -1.58893e-13
10680 -1.49675e-13
10690 -1.44315e-13
10700 -1.50775e-13
10710 -1.51574e-13
10720 -1.52832e-13
10730 -1.52966e-13
10740 -1.58197e-13
10750 -1.52543e-13
10760 -1.47556e-13
10770 -1.44392e-13
10780 -1.42586e-13
10790 -1.27736e-13
10800 -1.06528e-13
10810 -7.2072e-14
10820 -1.37274e-14
10830 8.37265e-14
10840 2.44059e-13
10850 4.97375e-13
10860 9.13266e-13
10870 1.59738e-12
10880 2.7115e-12
10890 4.50339e-12
10900 7.38625e-12
10910 1.20138e-11
10920 1.93748e-11
10930 3.10405e-11
10940 4.94545e-11
10950 7.838e-11
10960 1.23613e-10
10970 1.93989e-10
10980 3.03013e-10
10990 4.71144e-10
11000 7.29241e-10
11010 1.12364e-09
11020 1.72355e-09
11030 2.63194e-09
11040 4.00117e-09
11050 6.0557e-09
11060 9.12458e-09
11070 1.36879e-08
11080 2.04427e-08
11090 3.03964e-08
11100 4.49981e-08
11110 6.63219e-08
11120 9.73229e-08
11130 1.42191e-07
11140 2.06839e-07
11150 2.99572e-07
11160 4.31996e-07
11170 6.2026e-07
11180 8.86721e-07
11190 1.26219e-06
11200 1.78891e-06
11210 2.52455e-06
11220 3.54744e-06
11230 4.96347e-06
11240 6.91512e-06
11250 9.59317e-06
11260 1.32519e-05
11270 1.82283e-05
11280 2.49677e-05
11290 3.40544e-05
11300 4.62527e-05
11310 6.25568e-05
11320 8.42535e-05
11330 0.000113001
11340 0.000150926
11350 0.00020074
11360 0.000265887
11370 0.000350718
11380 0.000460704
11390 0.000602687
11400 0.000785185
11410 0.00101875
11420 0.00131638
11430 0.00169402
11440 0.00217112
11450 0.00277128
11460 0.003523
11470 0.00446051
11480 0.00562473
11490 0.00706426
11500 0.00883658
11510 0.0110093
11520 0.0136614
11530 0.0168848
11540 0.0207857
11550 0.0254864
11560 0.0311265
11570 0.0378646
11580 0.04588
11590 0.0553736
11600 0.0665698
11610 0.0797169
11620 0.095088
11630 0.112982
11640 0.133722
11650 0.157656
11660 0.185156
11670 0.216615
11680 0.252446
11690 0.293074
11700 0.338941
11710 0.390489
11720 0.448165
11730 0.512407
11740 0.583638
11750 0.662259
11760 0.748639
11770 0.843103
11780 0.945925
11790 1.05732
11800 1.17741
11810 1.30627
11820 1.44384
11830 1.58999
11840 1.74446
11850 1.90688
11860 2.07675
11870 2.25346
11880 2.43625
11890 2.62425
11900 2.81646
11910 3.01176
11920 3.20893
11930 3.40664
11940 3.60348
11950 3.79798
11960 3.98861
11970 4.1738
11980 4.35198
11990 4.52159
12000 4.68111
12010 4.82906
12020 4.96406
12030 5.08481
12040 5.19016
12050 5.27907
12060 5.35069
12070 5.40431
12080 5.43943
12090 5.45571
12100 5.45305
12110 5.43151
12120 5.39136
12130 5.33305
12140 5.25723
12150 5.1647
12160 5.05643
12170 4.93353
12180 4.7972
12190 4.64879
12200 4.48969
12210 4.32137
12220 4.14531
12230 3.96303
12240 3.77604
12250 3.58581
12260 3.39377
12270 3.2013
12280 3.00969
12290 2.82015
12300 2.63379
12310 2.45161
12320 2.27451
12330 2.10325
12340 1.9385
12350 1.7808
12360 1.63058
12370 1.48816
12380 1.35377
12390 1.22751
12400 1.10942
12410 0.999448
12420 0.897474
12430 0.803311
12440 0.716719
12450 0.637412
12460 0.565068
12470 0.499337
12480 0.439848
12490 0.386216
12500 0.338049
12510 0.294953
12520 0.256539
12530 0.222426
12540 0.192244
12550 0.165636
12560 0.142264
12570 0.121809
12580 0.10397
12590 0.0884683
12600 0.0750441
12610 0.06346
12620 0.0534984
12630 0.0449615
12640 0.0376707
12650 0.0314653
12660 0.0262017
12670 0.0217519
12680 0.0180028
12690 0.0148545
12700 0.0122196
12710 0.0100216
12720 0.00819414
12730 0.0066797
12740 0.00542877
12750 0.00439885
12760 0.00355363
12770 0.00286223
12780 0.00229846
12790 0.00184024
12800 0.00146899
12810 0.00116915
12820 0.000927763
12830 0.000734034
12840 0.000579046
12850 0.000455438
12860 0.000357164
12870 0.000279275
12880 0.000217732
12890 0.000169256
12900 0.000131189
12910 0.000101388
12920 7.81286e-05
12930 6.00311e-05
12940 4.59922e-05
12950 3.51348e-05
12960 2.67632e-05
12970 2.03277e-05
12980 1.53954e-05
12990 1.16265e-05
13000 8.75516e-06
13010 6.57413e-06
13020 4.92238e-06
13030 3.67515e-06
13040 2.73617e-06
13050 2.03133e-06
13060 1.50379e-06
13070 1.11012e-06
13080 8.172e-07
13090 5.9988e-07
13100 4.39119e-07
13110 3.2054e-07
13120 2.33329e-07
13130 1.69372e-07
13140 1.22604e-07
13150 8.85037e-08
13160 6.37106e-08
13170 4.57361e-08
13180 3.2742e-08
13190 2.3375e-08
13200 1.66419e-08
13210 1.18157e-08
13220 8.36608e-09
13230 5.90739e-09
13240 4.15989e-09
13250 2.92134e-09
13260 2.04597e-09
13270 1.429e-09
13280 9.95382e-10
13290 6.91462e-10
13300 4.7904e-10
13310 3.30981e-10
13320 2.28067e-10
13330 1.56731e-10
13340 1.07419e-10
13350 7.34242e-11
13360 5.00538e-11
13370 3.40309e-11
13380 2.30756e-11
13390 1.56054e-11
13400 1.05255e-11
13410 7.08041e-12
13420 4.75033e-12
13430 3.17863e-12
13440 2.12134e-12
13450 1.41201e-12
13460 9.37392e-13
13470 6.20675e-13
13480 4.09892e-13
13490 2.69984e-13
13500 1.77367e-13
13510 1.16218e-13
13520 7.59527e-14
13530 4.95091e-14
13540 3.21884e-14
13550 2.08732e-14
13560 1.35007e-14
13570 8.70967e-15
13580 5.60438e-15
13590 3.59697e-15
13600 2.30266e-15
13610 1.47031e-15
13620 9.3643e-16
13630 5.94884e-16
13640 3.76948e-16
13650 2.38245e-16
13660 1.50197e-16
13670 9.44488e-17
13680 5.92421e-17
13690 3.70651e-17
13700 2.31314e-17
13710 1.43994e-17
13720 8.9411e-18
13730 5.53792e-18
13740 3.42146e-18
13750 2.10857e-18
13760 1.29622e-18
13770 7.94843e-19
13780 4.86185e-19
13790 2.96648e-19
13800 1.80551e-19
13810 1.09618e-19
13820 6.63872e-20
13830 4.01063e-20
13840 2.41696e-20
13850 1.45296e-20
13860 8.71298e-21
13870 5.2121e-21
13880 3.11022e-21
13890 1.85142e-21
13900 1.0994e-21
13910 6.51247e-22
13920 3.84835e-22
13930 2.26854e-22
13940 1.33401e-22
13950 7.8256e-23
13960 4.57955e-23
13970 2.67347e-23
13980 1.55696e-23
13990 9.04548e-24
14000 5.24249e-24
14010 3.03109e-24
14020 1.7483e-24
14030 1.00598e-24
14040 5.77459e-25
14050 3.30685e-25
14060 1.88917e-25
14070 1.07669e-25
14080 6.12171e-26
14090 3.47235e-26
14100 1.96491e-26
14110 1.10925e-26
14120 6.24726e-27
14130 3.51012e-27
14140 1.96756e-27
14150 1.1003e-27
14160 6.1386e-28
14170 3.4167e-28
14180 1.89725e-28
14190 1.05105e-28
14200 5.80905e-29
14210 3.20311e-29
14220 1.76207e-29
14230 9.67083e-30
14240 5.29532e-30
14250 2.89275e-30
14260 1.5766e-30
14270 8.57282e-31
14280 4.65073e-31
14290 2.51718e-31
14300 1.35927e-31
14310 7.32308e-32
14320 3.93625e-32
14330 2.11093e-32
14340 1.12945e-32
14350 6.02927e-33
14360 3.2112e-33
14370 1.70639e-33
14380 9.04681e-34
14390 4.78545e-34
14400 2.52558e-34
14410 1.32988e-34
14420 6.98678e-35
14430 3.66233e-35
14440 1.91537e-35
14450 9.99462e-36
14460 5.20354e-36
14470 2.70303e-36
14480 1.40096e-36
14490 7.24474e-37
14500 3.73804e-37
14510 1.92438e-37
14520 9.88472e-38
14530 5.06601e-38
14540 2.59058e-38
14550 1.32178e-38
14560 6.72901e-39
14570 3.41804e-39
14580 1.73236e-39
14590 8.76058e-40
14600 4.42044e-40
14610 2.22554e-40
14620 1.118e-40
14630 5.60391e-41
14640 2.80272e-41
14650 1.39865e-41
14660 6.96436e-42
14670 3.46015e-42
14680 1.71535e-42
14690 8.48499e-43
14700 4.18788e-43
14710 2.06243e-43
14720 1.01345e-43
14730 4.96901e-44
14740 2.43093e-44
14750 1.18662e-44
14760 5.77943e-45
14770 2.80858e-45
14780 1.3618e-45
14790 6.58806e-46
14800 3.17991e-46
14810 1.53136e-46
14820 7.35764e-47
14830 3.52684e-47
14840 1.68659e-47
14850 8.04629e-48
14860 3.82942e-48
14870 1.81805e-48
14880 8.60987e-49
14890 4.06714e-49
14900 1.9163e-49
14910 9.00534e-50
14920 4.22062e-50
14930 1.97274e-50
14940 9.19508e-51
14950 4.27375e-51
14960 1.98064e-51
14970 9.15198e-52
14980 4.21612e-52
14990 1.93629e-52
15000 8.86457e-53
15010 4.04527e-53
15020 1.83996e-53
15030 8.34095e-54
15040 3.76822e-54
15050 1.69646e-54
15060 7.61043e-55
15070 3.40177e-55
15080 1.51496e-55
15090 6.72164e-56
15100 2.97097e-56
15110 1.30811e-56
15120 5.73709e-57
15130 2.50619e-57
15140 1.09041e-57
15150 4.72497e-58
15160 2.039e-58
15170 8.76248e-59
15180 3.7498e-59
15190 1.59788e-59
15200 6.77977e-60
15210 2.86423e-60
15220 1.20478e-60
15230 5.04541e-61
15240 2.1036e-61
15250 8.73168e-62
15260 3.60816e-62
15270 1.48428e-62
15280 6.07829e-63
15290 2.47782e-63
15300 1.00548e-63
15310 4.06149e-64
15320 1.63304e-64
15330 6.53586e-65
15340 2.60373e-65
15350 1.03246e-65
15360 4.07499e-66
15370 1.60086e-66
15380 6.25965e-67
15390 2.4362e-67
15400 9.43709e-68
15410 3.63851e-68
15420 1.39627e-68
15430 5.33296e-69
15440 2.02733e-69
15450 7.67067e-70
15460 2.88866e-70
15470 1.08271e-70
15480 4.03903e-71
15490 1.49967e-71
15500 5.542e-72
15510 2.0384e-72
15520 7.46218e-73
15530 2.71892e-73
15540 9.86009e-74
15550 3.55895e-74
15560 1.27856e-74
15570 4.57168e-75
15580 1.62702e-75
15590 5.76329e-76
15600 2.03195e-76
15610 7.13049e-77
15620 2.49054e-77
15630 8.6584e-78
15640 2.99607e-78
15650 1.03191e-78
15660 3.53758e-79
15670 1.20712e-79
15680 4.09991e-80
15690 1.38606e-80
15700 4.66417e-81
15710 1.56227e-81
15720 5.20868e-82
15730 1.7286e-82
15740 5.71025e-83
15750 1.87765e-83
15760 6.14579e-84
15770 2.00237e-84
15780 6.49408e-85
15790 2.09653e-85
15800 6.73746e-86
15810 2.1553e-86
15820 6.86335e-87
15830 2.17563e-87
15840 6.8653e-88
15850 2.15655e-88
15860 6.74356e-89
15870 2.09918e-89
15880 6.50499e-90
15890 2.00669e-90
15900 6.16248e-91
15910 1.88397e-91
15920 5.73373e-92
15930 1.7372e-92
15940 5.2398e-93
15950 1.57338e-93
15960 4.70337e-94
15970 1.39973e-94
15980 4.14708e-95
15990 1.22322e-95
16000 3.592e-96
16010 1.05012e-96
16020 3.05642e-97
16030 8.85652e-98
16040 2.55501e-98
16050 7.33841e-99
16060 2.09844e-99
16070 5.97414e-100
16080 1.69334e-100
16090 4.77863e-101
16100 1.34263e-101
16110 3.75583e-102
16120 1.04605e-102
16130 2.9007e-103
16140 8.00859e-104
16150 2.20148e-104
16160 6.02535e-105
16170 1.64195e-105
16180 4.45503e-106
16190 1.20353e-106
16200 3.23728e-107
16210 8.67009e-108
16220 2.31201e-108
16230 6.13874e-109
16240 1.62292e-109
16250 4.2721e-110
16260 1.11974e-110
16270 2.92232e-111
16280 7.59403e-112
16290 1.96496e-112
16300 5.06262e-113
16310 1.29879e-113
16320 3.31776e-114
16330 8.43911e-115
16340 2.13745e-115
16350 5.3907e-116
16360 1.35377e-116
16370 3.38532e-117
16380 8.42963e-118
16390 2.09014e-118
16400 5.16059e-119
16410 1.26878e-119
16420 3.10624e-120
16430 7.57265e-121
16440 1.83835e-121
16450 4.44401e-122
16460 1.06978e-122
16470 2.56437e-123
16480 6.1213e-124
16490 1.45506e-124
16500 3.44425e-125
16510 8.11869e-126
16520 1.90571e-126
16530 4.45462e-127
16540 1.03692e-127
16550 2.40362e-128
16560 5.54847e-129
16570 1.27546e-129
16580 2.91978e-130
16590 6.65616e-131
16600 1.51109e-131
16610 3.41624e-132
16620 7.69134e-133
16630 1.72446e-133
16640 3.85034e-134
16650 8.56143e-135
16660 1.8958e-135
16670 4.18063e-136
16680 9.18107e-137
16690 2.00793e-137
16700 4.37331e-138
16710 9.48589e-139
16720 2.04906e-139
16730 4.40797e-140
16740 9.44352e-141
16750 2.01484e-141
16760 4.28115e-142
16770 9.05928e-143
16780 1.90916e-143
16790 4.00688e-144
16800 8.37504e-145
16810 1.74336e-145
16820 3.61414e-146
16830 7.4618e-147
16840 1.53428e-147
16850 3.14185e-148
16860 6.40753e-149
16870 1.30143e-149
16880 2.63254e-150
16890 5.30341e-151
16900 1.06405e-151
16910 2.12617e-152
16920 4.23118e-153
16930 8.38599e-154
16940 1.6553e-154
16950 3.25411e-155
16960 6.37117e-156
16970 1.24233e-156
16980 2.41263e-157
16990 4.66635e-158
17000 8.98876e-159
17010 1.72448e-159
17020 3.29497e-160
17030 6.27021e-161
17040 1.18837e-161
17050 2.24315e-162
17060 4.217e-163
17070 7.89568e-164
17080 1.47237e-164
17090 2.73453e-165
17100 5.05814e-166
17110 9.31838e-167
17120 1.70975e-167
17130 3.12442e-168
17140 5.68654e-169
17150 1.03079e-169
17160 1.86097e-170
17170 3.34619e-171
17180 5.99251e-172
17190 1.06884e-172
17200 1.89872e-173
17210 3.35937e-174
17220 5.91973e-175
17230 1.03895e-175
17240 1.81606e-176
17250 3.16168e-177
17260 5.48217e-178
17270 9.46752e-179
17280 1.62843e-179
17290 2.78965e-180
17300 4.75972e-181
17310 8.0884e-182
17320 1.36897e-182
17330 2.30768e-183
17340 3.87442e-184
17350 6.47871e-185
17360 1.079e-185
17370 1.7898e-186
17380 2.95692e-187
17390 4.86548e-188
17400 7.97375e-189
17410 1.30152e-189
17420 2.11588e-190
17430 3.42596e-191
17440 5.52492e-192
17450 8.87402e-193
17460 1.4196e-193
17470 2.26185e-194
17480 3.58933e-195
17490 5.67303e-196
17500 8.93033e-197
17510 1.40014e-197
17520 2.18639e-198
17530 3.40043e-199
17540 5.26735e-200
17550 8.12646e-201
17560 1.24871e-201
17570 1.91105e-202
17580 2.91296e-203
17590 4.42229e-204
17600 6.68667e-205
17610 1.00699e-205
17620 1.51038e-206
17630 2.25631e-207
17640 3.35708e-208
17650 4.97477e-209
17660 7.34232e-210
17670 1.0793e-210
17680 1.58016e-211
17690 2.30412e-212
17700 3.34626e-213
17710 4.84017e-214
17720 6.97282e-215
17730 1.00047e-215
17740 1.4297e-216
17750 2.03484e-217
17760 2.88445e-218
17770 4.07231e-219
17780 5.72615e-220
17790 8.01916e-221
17800 1.11851e-221
17810 1.55379e-222
17820 2.14975e-223
17830 2.96228e-224
17840 4.06542e-225
17850 5.55681e-226
17860 7.56462e-227
17870 1.02562e-227
17880 1.38493e-228
17890 1.86255e-229
17900 2.49475e-230
17910 3.32799e-231
17920 4.42154e-232
17930 5.85062e-233
17940 7.7102e-234
17950 1.01196e-234
17960 1.32281e-235
17970 1.72212e-236
17980 2.23287e-237
17990 2.88333e-238
18000 3.70814e-239
18010 4.74951e-240
18020 6.05858e-241
18030 7.69701e-242
18040 9.7387e-243
18050 1.22718e-243
18060 1.54007e-244
18070 1.92485e-245
18080 2.39596e-246
18090 2.9702e-247
18100 3.66703e-248
18110 4.50884e-249
18120 5.52123e-250
18130 6.73328e-251
18140 8.17781e-252
18150 9.89156e-253
18160 1.19154e-253
18170 1.42945e-254
18180 1.70783e-255
18190 2.03205e-256
18200 2.40789e-257
18210 2.84152e-258
18220 3.33945e-259
18230 3.90849e-260
18240 4.55565e-261
18250 5.2881e-262
18260 6.113e-263
18270 7.03743e-264
18280 8.06821e-265
18290 9.21177e-266
18300 1.04739e-266
18310 1.18598e-267
18320 1.33734e-268
18330 1.50177e-269
18340 1.67944e-270
18350 1.87033e-271
18360 2.07426e-272
18370 2.29088e-273
18380 2.51961e-274
18390 2.75964e-275
18400 3.00995e-276
18410 3.26929e-277
18420 3.53616e-278
18430 3.80886e-279
18440 4.08545e-280
18450 4.3638e-281
18460 4.64163e-282
18470 4.91646e-283
18480 5.18575e-284
18490 5.44685e-285
18500 5.69707e-286
18510 5.93376e-287
18520 6.15429e-288
18530 6.35616e-289
18540 6.53699e-290
18550 6.69462e-291
18560 6.82712e-292
18570 6.93283e-293
18580 7.01042e-294
18590 7.05887e-295
18600 7.07756e-296
18610 7.06621e-297
18620 7.02493e-298
18630 6.95423e-299
18640 6.85497e-300
18650 6.72836e-301
18660 6.57595e-302
18670 6.39959e-303
18680 6.20137e-304
18690 5.9836e-305
18700 5.74879e-306
18710 5.49953e-307
18720 5.23853e-308
18730 4.9685e-309
18740 4.69215e-310
18750 4.41211e-311
18760 4.13092e-312
18770 3.85098e-313
18780 3.57452e-314
18790 3.30357e-315
18800 3.03994e-316
18810 2.78517e-317
18820 2.53971e-318
18830 2.29978e-319
18840 2.04543e-320
18850 1.60077e-321
18860 0
18870 0
18880 0
18890 0
18900 0
18910 0
18920 0
18930 0
18940 0
18950 0
18960 0
18970 0
18980 0
18990 0
19000 0
19010 0
19020 0
19030 0
19040 0
19050 0
19060 0
19070 0
19080 0
19090 0
19100 0
19110 0
19120 0
19130 0
19140 0
19150 0
19160 0
19170 0
19180 0
19190 0
19200 0
19210 0
19220 0
19230 0
19240 0
19250 0
19260 0
19270 0
19280 0
19290 0
19300 0
19310 0
19320 0
19330 0
19340 0
19350 0
19360 0
19370 0
19380 0
19390 0
19400 0
19410 0
19420 0
19430 0
19440 0
19450 0
19460 0
19470 0
19480 0
19490 0
19500 0
19510 0
19520 0
19530 0
19540 0
19550 0
19560 0
19570 0
19580 0
19590 0
19600 0
19610 0
19620 0
19630 0
19640 0
19650 0
19660 0
19670 0
19680 0
19690 0
19700 0
19710 0
19720 0
19730 0
19740 0
19750 0
19760 0
19770 0
19780 0
19790 0
19800 0
19810 0
19820 0
19830 0
19840 0
19850 0
19860 0
19870 0
19880 0
19890 0
19900 0
19910 0
19920 0
19930 0
19940 0
19950 0
19960 0
19970 0
19980 0
19990 0
20000 0
20010 0
20020 0
20030 0
20040 0
20050 0
20060 0
20070 0
20080 0
20090 0
20100 0
20110 0
20120 0
20130 0
20140 0
20150 0
20160 0
20170 0
20180 0
20190 0
20200 0
20210 0
20220 0
20230 0
20240 0
20250 0
20260 0
20270 0
20280 0
20290 0
20300 0
20310 0
20320 0
20330 0
20340 0
20350 0
20360 0
20370 0
20380 0
20390 0
20400 0
20410 0
20420 0
20430 0
20440 0
20450 0
20460 0
20470 0
20480 0
20490 0
20500 0
20510 0
20520 0
20530 0
20540 0
20550 0
20560 0
20570 0
20580 0
20590 0
20600 0
20610 0
20620 0
20630 0
20640 0
20650 0
20660 0
20670 0
20680 0
20690 0
20700 0
20710 0
20720 0
20730 0
20740 0
20750 0
20760 0
20770 0
20780 0
20790 0
20800 0
20810 0
20820 0
20830 0
20840 0
20850 0
20860 0
20870 0
20880 0
20890 0
20900 0
20910 0
20920 0
20930 0
20940 0
20950 0
20960 0
20970 0
20980 0
20990 0
21000 0
21010 0
21020 0
21030 0
21040 0
21050 0
21060 0
21070 0
21080 0
21090 0
21100 0
21110 0
21120 0
21130 0
21140 0
21150 0
21160 0
21170 0
21180 0
21190 0
21200 0
21210 0
21220 0
21230 0
21240 0
21250 0
21260 0
21270 0
21280 0
21290 0
21300 0
21310 0
21320 0
21330 0
21340 0
21350 0
21360 0
21370 0
21380 0
21390 0
21400 0
21410 0
21420 0
21430 0
21440 0
21450 0
21460 0
21470 0
21480 0
21490 0
21500 0
21510 0
21520 0
21530 0
21540 0
21550 0
21560 0
21570 0
21580 0
21590 0
21600 0
21610 0
21620 0
21630 0
21640 0
21650 0
21660 0
21670 0
21680 0
21690 0
21700 0
21710 0
21720 0
21730 0
21740 0
21750 0
21760 0
21770 0
21780 0
21790 0
21800 0
21810 0
21820 0
21830 0
21840 0
21850 0
21860 0
21870 0
21880 0
21890 0
21900 0
21910 0
21920 0
21930 0
21940 0
21950 0
21960 0
21970 0
21980 0
21990 0
22000 0
22010 0
22020 0
22030 0
22040 0
22050 0
22060 0
22070 0
22080 0
22090 0
22100 0
22110 0
22120 0
22130 0
22140 0
22150 0
22160 0
22170 0
22180 0
22190 0
22200 0
22210 0
22220 0
22230 0
22240 0
22250 0
22260 0
22270 0
22280 0
22290 0
22300 0
22310 0
22320 0
22330 0
22340 0
22350 0
22360 0
22370 0
22380 0
22390 0
22400 0
22410 0
22420 0
22430 0
22440 0
22450 0
22460 0
22470 0
22480 0
22490 0
22500 0
22510 0
22520 0
22530 0
22540 0
22550 0
22560 0
22570 0
22580 0
22590 0
22600 0
22610 0
22620 0
22630 0
22640 0
22650 0
22660 0
22670 0
22680 0
22690 0
22700 0
22710 0
22720 0
22730 0
22740 0
22750 0
22760 0
22770 0
22780 0
22790 0
22800 0
22810 0
22820 0
22830 0
22840 0
22850 0
22860 0
22870 0
22880 0
22890 0
22900 0
22910 0
22920 0
22930 0
22940 0
22950 0
22960 0
22970 0
22980 0
22990 0
23000 0
23010 0
23020 0
23030 0
23040 0
23050 0
23060 0
23070 0
23080 0
23090 0
23100 0
23110 0
23120 0
23130 0
23140 0
23150 0
23160 0
23170 0
23180 0
23190 0
23200 0
23210 0
23220 0
23230 0
23240 0
23250 0
23260 0
23270 0
23280 0
23290 0
23300 0
23310 0
23320 0
23330 0
23340 0
23350 0
23360 0
23370 0
23380 0
23390 0
23400 0
23410 0
23420 0
23430 0
23440 0
23450 0
23460 0
23470 0
23480 0
23490 0
23500 0
23510 0
23520 0
23530 0
23540 0
23550 0
23560 0
23570 0
23580 0
23590 0
23600 0
23610 0
23620 0
23630 0
23640 0
23650 0
23660 0
23670 0
23680 0
23690 0
23700 0
23710 0
23720 0
23730 0
23740 0
23750 0
23760 0
23770 0
23780 0
23790 0
23800 0
23810 0
23820 0
23830 0
23840 0
23850 0
23860 0
23870 0
23880 0
23890 0
23900 0
23910 0
23920 0
23930 0
23940 0
23950 0
23960 0
23970 0
23980 0
23990 0
24000 0
24010 0
24020 0
24030 0
24040 0
24050 0
24060 0
24070 0
24080 0
24090 0
24100 0
24110 0
24120 0
24130 0
24140 0
24150 0
24160 0
24170 0
24180 0
24190 0
24200 0
24210 0
24220 0
24230 0
24240 0
24250 0
24260 0
24270 0
24280 0
24290 0
24300 0
24310 0
24320 0
24330 0
24340 0
24350 0
24360 0
24370 0
24380 0
24390 0
24400 0
24410 0
24420 0
24430 0
24440 0
24450 0
24460 0
24470 0
24480 0
24490 0
24500 0
24510 0
24520 0
24530 0
24540 0
24550 0
24560 0
24570 0
24580 0
24590 0
24600 0
24610 0
24620 0
24630 0
24640 0
24650 0
24660 0
24670 0
24680 0
24690 0
24700 0
24710 0
24720 0
24730 0
24740 0
24750 0
24760 0
24770 0
24780 0
24790 0
24800 0
24810 0
24820 0
24830 0
24840 0
24850 0
24860 0
24870 0
24880 0
24890 0
24900 0
24910 0
24920 0
24930 0
24940 0
24950 0
24960 0
24970 0
24980 0
24990 0
25000 0
25010 0
25020 0
25030 0
25040 0
25050 0
25060 0
25070 0
25080 0
25090 0
25100 0
25110 0
25120 0
25130 0
25140 0
25150 0
25160 0
25170 0
25180 0
25190 0
25200 0
25210 0
25220 0
25230 0
25240 0
25250 0
25260 0
25270 0
25280 0
25290 0
25300 0
25310 0
25320 0
25330 0
25340 0
25350 0
25360 0
25370 0
25380 0
25390 0
25400 0
25410 0
25420 0
25430 0
25440 0
25450 0
25460 0
25470 0
25480 0
25490 0
25500 0
25510 0
25520 0
25530 0
25540 0
25550 0
25560 0
25570 0
25580 0
25590 0
25600 0
25610 0
25620 0
25630 0
25640 0
25650 0
25660 0
25670 0
25680 0
25690 0
25700 0
25710 0
25720 0
25730 0
25740 0
25750 0
25760 0
25770 0
25780 0
25790 0
25800 0
25810 0
25820 0
25830 0
25840 0
25850 0
25860 0
25870 0
25880 0
25890 0
25900 0
25910 0
25920 0
25930 0
25940 0
25950 0
25960 0
25970 0
25980 0
25990 0
26000 0
26010 0
26020 0
26030 0
26040 0
26050 0
26060 0
26070 0
26080 0
26090 0
26100 0
26110 0
26120 0
26130 0
26140 0
26150 0
26160 0
26170 0
26180 0
26190 0
26200 0
26210 0
26220 0
26230 0
26240 0
26250 0
26260 0
26270 0
26280 0
26290 0
26300 0
26310 0
26320 0
26330 0
26340 0
26350 0
26360 0
26370 0
26380 0
26390 0
26400 0
26410 0
26420 0
26430 0
26440 0
26450 0
26460 0
26470 0
26480 0
26490 0
26500 0
26510 0
26520 0
26530 0
26540 0
26550 0
26560 0
26570 0
26580 0
26590 0
26600 0
26610 0
26620 0
26630 0
26640 0
26650 0
26660 0
26670 0
26680 0
26690 0
26700 0
26710 0
26720 0
26730 0
26740 0
26750 0
26760 0
26770 0
26780 0
26790 0
26800 0
26810 0
26820 0
26830 0
26840 0
26850 0
26860 0
26870 0
26880 0
26890 0
26900 0
26910 0
26920 0
26930 0
26940 0
26950 0
26960 0
26970 0
26980 0
26990 0
27000 0
27010 0
27020 0
27030 0
27040 0
27050 0
27060 0
27070 0
27080 0
27090 0
27100 0
27110 0
27120 0
27130 0
27140 0
27150 0
27160 0
27170 0
27180 0
27190 0
27200 0
27210 0
27220 0
27230 0
27240 0
27250 0
27260 0
27270 0
27280 0
27290 0
27300 0
27310 0
27320 0
27330 0
27340 0
27350 0
27360 0
27370 0
27380 0
27390 0
27400 0
27410 0
27420 0
27430 0
27440 0
27450 0
27460 0
27470 0
27480 0
27490 0
27500 0
27510 0
27520 0
27530 0
27540 0
27550 0
27560 0
27570 0
27580 0
27590 0
27600 0
27610 0
27620 0
27630 0
27640 0
27650 0
27660 0
27670 0
27680 0
27690 0
27700 0
27710 0
27720 0
27730 0
27740 0
27750 0
27760 0
27770 0
27780 0
27790 0
27800 0
27810 0
27820 0
27830 0
27840 0
27850 0
27860 0
27870 0
27880 0
27890 0
27900 0
27910 0
27920 0
27930 0
27940 0
27950 0
27960 0
27970 0
27980 0
27990 0
28000 0
28010 0
28020 0
28030 0
28040 0
28050 0
28060 0
28070 0
28080 0
28090 0
28100 0
28110 0
28120 0
28130 0
28140 0
28150 0
28160 0
28170 0
28180 0
28190 0
28200 0
28210 0
28220 0
28230 0
28240 0
28250 0
28260 0
28270 0
28280 0
28290 0
28300 0
28310 0
28320 0
28330 0
28340 0
28350 0
28360 0
28370 0
28380 0
28390 0
28400 0
28410 0
28420 0
28430 0
28440 0
28450 0
28460 0
28470 0
28480 0
28490 0
28500 0
28510 0
28520 0
28530 0
28540 0
28550 0
28560 0
28570 0
28580 0
28590 0
28600 0
28610 0
28620 0
28630 0
28640 0
28650 0
28660 0
28670 0
28680 0
28690 0
28700 0
28710 0
28720 0
28730 0
28740 0
28750 0
28760 0
28770 0
28780 0
28790 0
28800 0
28810 0
28820 0
28830 0
28840 0
28850 0
28860 0
28870 0
28880 0
28890 0
28900 0
28910 0
28920 0
28930 0
28940 0
28950 0
28960 0
28970 0
28980 0
28990 0
29000 0
29010 0
29020 0
29030 0
29040 0
29050 0
29060 0
29070 0
29080 0
29090 0
29100 0
29110 0
29120 0
29130 0
29140 0
29150 0
29160 0
29170 0
29180 0
29190 0
29200 0
29210 0
29220 0
29230 0
29240 0
29250 0
29260 0
29270 0
29280 0
29290 0
29300 0
29310 0
29320 0
29330 0
29340 0
29350 0
29360 0
29370 0
29380 0
29390 0
29400 0
29410 0
29420 0
29430 0
29440 0
29450 0
29460 0
29470 0
29480 0
29490 0
29500 0
29510 0
29520 0
29530 0
29540 0
29550 0
29560 0
29570 0
29580 0
29590 0
29600 0
29610 0
29620 0
29630 0
29640 0
29650 0
29660 0
29670 0
29680 0
29690 0
29700 0
29710 0
29720 0
29730 0
29740 0
29750 0
29760 0
29770 0
29780 0
29790 0
29800 0
29810 0
29820 0
29830 0
29840 0
29850 0
29860 0
29870 0
29880 0
29890 0
29900 0
29910 0
29920 0
29930 0
29940 0
29950 0
29960 0
29970 0
29980 0
29990 0
30000 0
30010 0
30020 0
30030 0
30040 0
30050 0
30060 0
30070 0
30080 0
30090 0
30100 0
30110 0
30120 0
30130 0
30140 0
30150 0
30160 0
30170 0
30180 0
30190 0
30200 0
30210 0
30220 0
30230 0
30240 0
30250 0
30260 0
30270 0
30280 0
30290 0
30300 0
30310 0
30320 0
30330 0
30340 0
30350 0
30360 0
30370 0
30380 0
30390 0
30400 0
30410 0
30420 0
30430 0
30440 0
30450 0
30460 0
30470 0
30480 0
30490 0
30500 0
30510 0
30520 0
30530 0
30540 0
30550 0
30560 0
30570 0
30580 0
30590 0
30600 0
30610 0
30620 0
30630 0
30640 0
30650 0
30660 0
30670 0
30680 0
30690 0
30700 0
30710 0
30720 0
30730 0
30740 0
30750 0
30760 0
30770 0
30780 0
30790 0
30800 0
30810 0
30820 0
30830 0
30840 0
30850 0
30860 0
30870 0
30880 0
30890 0
30900 0
30910 0
30920 0
30930 0
30940 0
30950 0
30960 0
30970 0
30980 0
30990 0
31000 0
31010 0
31020 0
31030 0
31040 0
31050 0
31060 0
31070 0
31080 0
31090 0
31100 0
31110 0
31120 0
31130 0
31140 0
31150 0
31160 0
31170 0
31180 0
31190 0
31200 0
31210 0
31220 0
31230 0
31240 0
31250 0
31260 0
31270 0
31280 0
31290 0
31300 0
31310 0
31320 0
31330 0
31340 0
31350 0
31360 0
31370 0
31380 0
31390 0
31400 0
31410 0
31420 0
31430 0
31440 0
31450 0
31460 0
31470 0
31480 0
31490 0
31500 0
31510 0
31520 0
31530 0
31540 0
31550 0
31560 0
31570 0
31580 0
31590 0
31600 0
31610 0
31620 0
31630 0
31640 0
31650 0
31660 0
31670 0
31680 0
31690 0
31700 0
31710 0
31720 0
31730 0
31740 0
31750 0
31760 0
31770 0
31780 0
31790 0
31800 0
31810 0
31820 0
31830 0
31840 0
31850 0
31860 0
31870 0
31880 0
31890 0
31900 0
31910 0
31920 0
31930 0
31940 0
31950 0
31960 0
31970 0
31980 0
31990 0
32000 0
32010 0
32020 0
32030 0
32040 0
32050 0
32060 0
32070 0
32080 0
32090 0
32100 0
32110 0
32120 0
32130 0
32140 0
32150 0
32160 0
32170 0
32180 0
32190 0
32200 0
32210 0
32220 0
32230 0
32240 0
32250 0
32260 0
32270 0
32280 0
32290 0
32300 0
32310 0
32320 0
32330 0
32340 0
32350 0
32360 0
32370 0
32380 0
32390 0
32400 0
32410 0
32420 0
32430 0
32440 0
32450 0
32460 0
32470 0
32480 0
32490 0
32500 0
32510 0
32520 0
32530 0
32540 0
32550 0
32560 0
32570 0
32580 0
32590 0
32600 0
32610 0
32620 0
32630 0
32640 0
32650 0
32660 0
32670 0
32680 0
32690 0
32700 0
32710 0
32720 0
32730 0
32740 0
32750 0
32760 0
32770 0
32780 0
32790 0
32800 0
32810 0
32820 0
32830 0
32840 0
32850 0
32860 0
32870 0
32880 0
32890 0
32900 0
32910 0
32920 0
32930 0
32940 0
32950 0
32960 0
32970 0
32980 0
32990 0
33000 0
33010 0
33020 0
33030 0
33040 0
33050 0
33060 0
33070 0
33080 0
33090 0
33100 0
33110 0
33120 0
33130 0
33140 0
33150 0
33160 0
33170 0
33180 0
33190 0
33200 0
33210 0
33220 0
33230 0
33240 0
33250 0
33260 0
33270 0
33280 0
33290 0
33300 0
33310 0
33320 0
33330 0
33340 0
33350 0
33360 0
33370 0
33380 0
33390 0
33400 0
33410 0
33420 0
33430 0
33440 0
33450 0
33460 0
33470 0
33480 0
33490 0
33500 0
33510 0
33520 0
33530 0
33540 0
33550 0
33560 0
33570 0
33580 0
33590 0
33600 0
33610 0
33620 0
33630 0
33640 0
33650 0
33660 0
33670 0
33680 0
33690 0
33700 0
33710 0
33720 0
33730 0
33740 0
33750 0
33760 0
33770 0
33780 0
33790 0
33800 0
33810 0
33820 0
33830 0
33840 0
33850 0
33860 0
33870 0
33880 0
33890 0
33900 0
33910 0
33920 0
33930 0
33940 0
33950 0
33960 0
33970 0
33980 0
33990 0
34000 0
34010 0
34020 0
34030 0
34040 0
34050 0
34060 0
34070 0
34080 0
34090 0
34100 0
34110 0
34120 0
34130 0
34140 0
34150 0
34160 0
34170 0
34180 0
34190 0
34200 0
34210 0
34220 0
34230 0
34240 0
34250 0
34260 0
34270 0
34280 0
34290 0
34300 0
34310 0
34320 0
34330 0
34340 0
34350 0
34360 0
34370 0
34380 0
34390 0
34400 0
34410 0
34420 0
34430 0
34440 0
34450 0
34460 0
34470 0
34480 0
34490 0
34500 0
34510 0
34520 0
34530 0
34540 0
34550 0
34560 0
34570 0
34580 0
34590 0
34600 0
34610 0
34620 0
34630 0
34640 0
34650 0
34660 0
34670 0
34680 0
34690 0
34700 0
34710 0
34720 0
34730 0
34740 0
34750 0
34760 0
34770 0
34780 0
34790 0
34800 0
34810 0
34820 0
34830 0
34840 0
34850 0
34860 0
34870 0
34880 0
34890 0
34900 0
34910 0
34920 0
34930 0
34940 0
34950 0
34960 0
34970 0
34980 0
34990 0
35000 0
35010 0
35020 0
35030 0
35040 0
35050 0
35060 0
35070 0
35080 0
35090 0
35100 0
35110 0
35120 0
35130 0
35140 0
35150 0
35160 0
35170 0
35180 0
35190 0
35200 0
35210 0
35220 0
35230 0
35240 0
35250 0
35260 0
35270 0
35280 0
35290 0
35300 0
35310 0
35320 0
35330 0
35340 0
35350 0
35360 0
35370 0
35380 0
35390 0
35400 0
35410 0
35420 0
35430 0
35440 0
35450 0
35460 0
35470 0
35480 0
35490 0
35500 0
35510 0
35520 0
35530 0
35540 0
35550 0
35560 0
35570 0
35580 0
35590 0
35600 0
35610 0
35620 0
35630 0
35640 0
35650 0
35660 0
35670 0
35680 0
35690 0
35700 0
35710 0
35720 0
35730 0
35740 0
35750 0
35760 0
35770 0
35780 0
35790 0
35800 0
35810 0
35820 0
35830 0
35840 0
35850 0
35860 0
35870 0
35880 0
35890 0
35900 0
35910 0
35920 0
35930 0
35940 0
35950 0
35960 0
35970 0
35980 0
35990 0
36000 0
36010 0
36020 0
36030 0
36040 0
36050 0
36060 0
36070 0
36080 0
36090 0
36100 0
36110 0
36120 0
36130 0
36140 0
36150 0
36160 0
36170 0
36180 0
36190 0
36200 0
36210 0
36220 0
36230 0
36240 0
36250 0
36260 0
36270 0
36280 0
36290 0
36300 0
36310 0
36320 0
36330 0
36340 0
36350 0
36360 0
36370 0
36380 0
36390 0
36400 0
36410 0
36420 0
36430 0
36440 0
36450 0
36460 0
36470 0
36480 0
36490 0
36500 0
36510 0
36520 0
36530 0
36540 0
36550 0
36560 0
36570 0
36580 0
36590 0
36600 0
36610 0
36620 0
36630 0
36640 0
36650 0
36660 0
36670 0
36680 0
36690 0
36700 0
36710 0
36720 0
36730 0
36740 0
36750 0
36760 0
36770 0
36780 0
36790 0
36800 0
36810 0
36820 0
36830 0
36840 0
36850 0
36860 0
36870 0
36880 0
36890 0
36900 0
36910 0
36920 0
36930 0
36940 0
36950 0
36960 0
36970 0
36980 0
36990 0
37000 0
37010 0
37020 0
37030 0
37040 0
37050 0
37060 0
37070 0
37080 0
37090 0
37100 0
37110 0
37120 0
37130 0
37140 0
37150 0
37160 0
37170 0
37180 0
37190 0
37200 0
37210 0
37220 0
37230 0
37240 0
37250 0
37260 0
37270 0
37280 0
37290 0
37300 0
37310 0
37320 0
37330 0
37340 0
37350 0
37360 0
37370 0
37380 0
37390 0
37400 0
37410 0
37420 0
37430 0
37440 0
37450 0
37460 0
37470 0
37480 0
37490 0
37500 0
37510 0
37520 0
37530 0
37540 0
37550 0
37560 0
37570 0
37580 0
37590 0
37600 0
37610 0
37620 0
37630 0
37640 0
37650 0
37660 0
37670 0
37680 0
37690 0
37700 0
37710 0
37720 0
37730 0
37740 0
37750 0
37760 0
37770 0
37780 0
37790 0
37800 0
37810 0
37820 0
37830 0
37840 0
37850 0
37860 0
37870 0
37880 0
37890 0
37900 0
37910 0
37920 0
37930 0
37940 0
37950 0
37960 0
37970 0
37980 0
37990 0
38000 0
38010 0
38020 0
38030 0
38040 0
38050 0
38060 0
38070 0
38080 0
38090 0
38100 0
38110 0
38120 0
38130 0
38140 0
38150 0
38160 0
38170 0
38180 0
38190 0
38200 0
38210 0
38220 0
38230 0
38240 0
38250 0
38260 0
38270 0
38280 0
38290 0
38300 0
38310 0
38320 0
38330 0
38340 0
38350 0
38360 0
38370 0
38380 0
38390 0
38400 0
38410 0
38420 0
38430 0
38440 0
38450 0
38460 0
38470 0
38480 0
38490 0
38500 0
38510 0
38520 0
38530 0
38540 0
38550 0
38560 0
38570 0
38580 0
38590 0
38600 0
38610 0
38620 0
38630 0
38640 0
38650 0
38660 0
38670 0
38680 0
38690 0
38700 0
38710 0
38720 0
38730 0
38740 0
38750 0
38760 0
38770 0
38780 0
38790 0
38800 0
38810 0
38820 0
38830 0
38840 0
38850 0
38860 0
38870 0
38880 0
38890 0
38900 0
38910 0
38920 0
38930 0
38940 0
38950 0
38960 0
38970 0
38980 0
38990 0
39000 0
39010 0
39020 0
39030 0
39040 0
39050 0
39060 0
39070 0
39080 0
39090 0
39100 0
39110 0
39120 0
39130 0
39140 0
39150 0
39160 0
39170 0
39180 0
39190 0
39200 0
39210 0
39220 0
39230 0
39240 0
39250 0
39260 0
39270 0
39280 0
39290 0
39300 0
39310 0
39320 0
39330 0
39340 0
39350 0
39360 0
39370 0
39380 0
39390 0
39400 0
39410 0
39420 0
39430 0
39440 0
39450 0
39460 0
39470 0
39480 0
39490 0
39500 0
39510 0
39520 0
39530 0
39540 0
39550 0
39560 0
39570 0
39580 0
39590 0
39600 0
39610 0
39620 0
39630 0
39640 0
39650 0
39660 0
39670 0
39680 0
39690 0
39700 0
39710 0
39720 0
39730 0
39740 0
39750 0
39760 0
39770 0
39780 0
39790 0
39800 0
39810 0
39820 0
39830 0
39840 0
39850 0
39860 0
39870 0
39880 0
39890 0
39900 0
39910 0
39920 0
39930 0
39940 0
39950 0
39960 0
39970 0
39980 0
