-10 0
0 6.44293e-15
10 -2.21673e-15
20 6.77705e-15
30 3.8131e-15
40 1.83154e-15
50 1.62711e-14
60 1.27788e-14
70 2.25736e-14
80 1.29083e-14
90 8.92469e-15
100 1.03723e-14
110 1.53025e-14
120 2.07384e-14
130 1.93825e-14
140 1.5389e-14
150 4.52648e-15
160 1.87021e-14
170 1.48245e-14
180 1.80954e-14
190 1.1106e-14
200 1.81102e-14
210 2.13622e-14
220 2.7762e-14
230 3.34299e-14
240 2.52494e-14
250 2.58228e-14
260 3.17046e-14
270 3.70247e-14
280 3.54605e-14
290 3.43024e-14
300 4.20854e-14
310 3.98705e-14
320 3.95689e-14
330 3.66162e-14
340 3.03994e-14
350 3.86084e-14
360 3.6839e-14
370 3.7198e-14
380 4.21941e-14
390 4.218e-14
400 4.11019e-14
410 4.96291e-14
420 5.36766e-14
430 5.5555e-14
440 5.33301e-14
450 6.78428e-14
460 7.2845e-14
470 7.76742e-14
480 6.11879e-14
490 6.51645e-14
500 6.34956e-14
510 5.55723e-14
520 6.03753e-14
530 5.85675e-14
540 5.32781e-14
550 5.4622e-14
560 5.31542e-14
570 4.89865e-14
580 5.3068e-14
590 3.51877e-14
600 3.4389e-14
610 3.44585e-14
620 3.49871e-14
630 3.99957e-14
640 3.70128e-14
650 5.13868e-14
660 4.59366e-14
670 4.27176e-14
680 4.93595e-14
690 4.66352e-14
700 4.90828e-14
710 5.20193e-14
720 4.90446e-14
730 4.59764e-14
740 4.95665e-14
750 3.80074e-14
760 3.53769e-14
770 3.50029e-14
780 3.15896e-14
790 3.44005e-14
800 3.16104e-14
810 3.28892e-14
820 3.03051e-14
830 3.04979e-14
840 3.71633e-14
850 4.06436e-14
860 2.80523e-14
870 2.4731e-14
880 4.79683e-14
890 4.57833e-14
900 4.23029e-14
910 4.94774e-14
920 4.76722e-14
930 4.71219e-14
940 4.94748e-14
950 4.81279e-14
960 5.13572e-14
970 5.0861e-14
980 4.03819e-14
990 3.91412e-14
1000 3.52113e-14
1010 3.18948e-14
1020 1.29619e-14
1030 2.01357e-15
1040 1.38855e-14
1050 1.16129e-14
1060 1.03172e-14
1070 6.27146e-15
1080 6.40667e-15
1090 6.73398e-15
1100 1.43033e-14
1110 1.02652e-14
1120 1.11317e-14
1130 1.26455e-14
1140 9.60762e-15
1150 1.61525e-14
1160 1.17888e-14
1170 2.18265e-14
1180 1.56729e-14
1190 1.21476e-14
1200 2.32042e-14
1210 2.48545e-14
1220 1.91706e-14
1230 2.19132e-14
1240 2.37921e-14
1250 2.27704e-14
1260 2.8468e-14
1270 2.29567e-14
1280 1.4115e-14
1290 1.26957e-15
1300 1.59529e-15
1310 -4.86241e-15
1320 -1.03842e-14
1330 -1.15625e-14
1340 -2.05825e-14
1350 -2.72956e-14
1360 -2.60162e-14
1370 9.48901e-15
1380 1.2084e-13
1390 3.93818e-13
1400 9.55289e-13
1410 1.91665e-12
1420 3.19978e-12
1430 3.97058e-12
1440 1.1694e-12
1450 -1.35986e-11
1460 -6.09007e-11
1470 -1.87143e-10
1480 -4.91084e-10
1490 -1.17323e-09
1500 -2.62534e-09
1510 -5.58806e-09
1520 -1.14212e-08
1530 -2.25572e-08
1540 -4.32445e-08
1550 -8.07431e-08
1560 -1.47209e-07
1570 -2.62608e-07
1580 -4.59154e-07
1590 -7.87933e-07
1600 -1.32866e-06
1610 -2.20377e-06
1620 -3.59856e-06
1630 -5.78941e-06
1640 -9.18281e-06
1650 -1.43686e-05
1660 -2.21915e-05
1670 -3.38458e-05
1680 -5.0999e-05
1690 -7.59507e-05
1700 -0.000111835
1710 -0.000162873
1720 -0.000234682
1730 -0.000334659
1740 -0.000472424
1750 -0.000660359
1760 -0.000914222
1770 -0.00125384
1780 -0.0017039
1790 -0.0022948
1800 -0.00306354
1810 -0.0040547
1820 -0.00532136
1830 -0.00692605
1840 -0.00894157
1850 -0.0114517
1860 -0.0145517
1870 -0.0183485
1880 -0.0229609
1890 -0.0285187
1900 -0.035162
1910 -0.0430395
1920 -0.0523069
1930 -0.0631237
1940 -0.0756503
1950 -0.0900441
1960 -0.106455
1970 -0.12502
1980 -0.14586
1990 -0.169072
2000 -0.194723
2010 -0.222849
2020 -0.253443
2030 -0.286458
2040 -0.321797
2050 -0.359313
2060 -0.398807
2070 -0.440027
2080 -0.482669
2090 -0.526381
2100 -0.570764
2110 -0.615381
2120 -0.659762
2130 -0.70341
2140 -0.745817
2150 -0.786466
2160 -0.824849
2170 -0.860472
2180 -0.892868
2190 -0.92161
2200 -0.946316
2210 -0.966659
2220 -0.982377
2230 -0.993273
2240 -0.999225
2250 -1.00018
2260 -0.996176
2270 -0.987299
2280 -0.97372
2290 -0.955672
2300 -0.933445
2310 -0.907381
2320 -0.877864
2330 -0.84531
2340 -0.81016
2350 -0.77287
2360 -0.7339
2370 -0.693707
2380 -0.652736
2390 -0.611413
2400 -0.570139
2410 -0.529285
2420 -0.489184
2430 -0.450135
2440 -0.412394
2450 -0.376178
2460 -0.341663
2470 -0.308986
2480 -0.278243
2490 -0.249499
2500 -0.222783
2510 -0.198095
2520 -0.175411
2530 -0.154683
2540 -0.135843
2550 -0.118811
2560 -0.103492
2570 -0.0897837
2580 -0.0775784
2590 -0.0667645
2600 -0.0572296
2610 -0.0488625
2620 -0.0415547
2630 -0.0352017
2640 -0.0297039
2650 -0.0249678
2660 -0.0209061
2670 -0.017438
2680 -0.0144899
2690 -0.0119945
2700 -0.00989141
2710 -0.00812645
2720 -0.00665148
2730 -0.00542399
2740 -0.00440666
2750 -0.00356696
2760 -0.00287669
2770 -0.00231154
2780 -0.00185067
2790 -0.00147634
2800 -0.00117349
2810 -0.000929423
2820 -0.000733495
2830 -0.000576817
2840 -0.000452004
2850 -0.000352952
2860 -0.000274642
2870 -0.000212962
2880 -0.000164561
2890 -0.000126721
2900 -9.7246e-05
2910 -7.43713e-05
2920 -5.66832e-05
2930 -4.30552e-05
2940 -3.2593e-05
2950 -2.459e-05
2960 -1.84897e-05
2970 -1.38564e-05
2980 -1.03495e-05
2990 -7.70458e-06
3000 -5.71663e-06
3010 -4.22767e-06
3020 -3.11628e-06
3030 -2.28956e-06
3040 -1.67669e-06
3050 -1.2239e-06
3060 -8.90498e-07
3070 -6.45837e-07
3080 -4.66896e-07
3090 -3.36457e-07
3100 -2.41689e-07
3110 -1.73064e-07
3120 -1.23533e-07
3130 -8.79009e-08
3140 -6.23506e-08
3150 -4.40891e-08
3160 -3.10791e-08
3170 -2.18403e-08
3180 -1.53005e-08
3190 -1.0686e-08
3200 -7.44032e-09
3210 -5.16462e-09
3220 -3.57407e-09
3230 -2.46587e-09
3240 -1.69616e-09
3250 -1.1632e-09
3260 -7.95323e-10
3270 -5.4217e-10
3280 -3.6851e-10
3290 -2.49735e-10
3300 -1.6875e-10
3310 -1.13704e-10
3320 -7.63937e-11
3330 -5.11845e-11
3340 -3.42089e-11
3350 -2.2806e-11
3360 -1.51765e-11
3370 -1.00881e-11
3380 -6.70078e-12
3390 -4.45065e-12
3400 -2.96548e-12
3410 -1.97417e-12
3420 -1.32572e-12
3430 -8.9808e-13
3440 -6.12957e-13
3450 -4.40908e-13
3460 -3.20444e-13
3470 -2.41143e-13
3480 -1.97688e-13
3490 -1.75857e-13
3500 -1.51308e-13
3510 -1.34522e-13
3520 -1.22983e-13
3530 -1.26267e-13
3540 -1.15042e-13
3550 -1.15318e-13
3560 -1.07626e-13
3570 -1.07383e-13
3580 -1.03407e-13
3590 -9.71639e-14
3600 -9.05291e-14
3610 -8.91487e-14
3620 -8.70966e-14
3630 -9.79718e-14
3640 -9.88323e-14
3650 -9.36508e-14
3660 -8.96045e-14
3670 -8.95039e-14
3680 -8.232e-14
3690 -8.94715e-14
3700 -8.43728e-14
3710 -8.54533e-14
3720 -8.23952e-14
3730 -6.72998e-14
3740 -7.31342e-14
3750 -7.13814e-14
3760 -8.42502e-14
3770 -8.47645e-14
3780 -8.65387e-14
3790 -8.2057e-14
3800 -8.88461e-14
3810 -8.74001e-14
3820 -8.82761e-14
3830 -7.9814e-14
3840 -8.39022e-14
3850 -8.96799e-14
3860 -9.05146e-14
3870 -9.57325e-14
3880 -8.0207e-14
3890 -8.42439e-14
3900 -8.46684e-14
3910 -7.94814e-14
3920 -8.98945e-14
3930 -8.32539e-14
3940 -8.86908e-14
3950 -9.46827e-14
3960 -8.98775e-14
3970 -8.26457e-14
3980 -8.42167e-14
3990 -7.82311e-14
4000 -7.72062e-14
4010 -8.19274e-14
4020 -8.00827e-14
4030 -8.11407e-14
4040 -8.32385e-14
4050 -8.52524e-14
4060 -9.54888e-14
4070 -9.13578e-14
4080 -8.92552e-14
4090 -8.00394e-14
4100 -9.07303e-14
4110 -7.86746e-14
4120 -6.52999e-14
4130 -6.82818e-14
4140 -6.78796e-14
4150 -6.72049e-14
4160 -6.20599e-14
4170 -7.58923e-14
4180 -7.45473e-14
4190 -7.33889e-14
4200 -7.44649e-14
4210 -7.73927e-14
4220 -8.40966e-14
4230 -8.11463e-14
4240 -8.46531e-14
4250 -8.36083e-14
4260 -8.94255e-14
4270 -9.36414e-14
4280 -9.35105e-14
4290 -9.27643e-14
4300 -9.44263e-14
4310 -8.77018e-14
4320 -8.47358e-14
4330 -9.25511e-14
4340 -9.90393e-14
4350 -1.13238e-13
4360 -1.14649e-13
4370 -1.22209e-13
4380 -1.1817e-13
4390 -1.18649e-13
4400 -1.23898e-13
4410 -1.12144e-13
4420 -1.07187e-13
4430 -9.07944e-14
4440 -1.00654e-13
4450 -9.51787e-14
4460 -1.09846e-13
4470 -1.05488e-13
4480 -1.01149e-13
4490 -1.09091e-13
4500 -1.09713e-13
4510 -1.16355e-13
4520 -1.20431e-13
4530 -1.18405e-13
4540 -1.22246e-13
4550 -1.32441e-13
4560 -1.37669e-13
4570 -1.374e-13
4580 -1.39145e-13
4590 -1.30326e-13
4600 -1.28509e-13
4610 -1.37734e-13
4620 -1.36456e-13
4630 -1.28966e-13
4640 -1.31578e-13
4650 -1.25302e-13
4660 -1.3167e-13
4670 -1.3136e-13
4680 -1.29531e-13
4690 -1.31016e-13
4700 -1.26724e-13
4710 -1.34382e-13
4720 -1.31197e-13
4730 -1.30023e-13
4740 -1.36953e-13
4750 -1.37393e-13
4760 -1.30814e-13
4770 -1.41795e-13
4780 -1.33808e-13
4790 -1.38193e-13
4800 -1.3803e-13
4810 -1.44532e-13
4820 -1.51116e-13
4830 -1.5037e-13
4840 -1.57424e-13
4850 -1.47669e-13
4860 -1.52931e-13
4870 -1.53354e-13
4880 -1.53478e-13
4890 -1.44771e-13
4900 -1.43845e-13
4910 -1.38388e-13
4920 -1.44985e-13
4930 -1.41318e-13
4940 -1.4898e-13
4950 -1.52315e-13
4960 -1.46011e-13
4970 -1.45333e-13
4980 -1.51671e-13
4990 -1.54906e-13
5000 -1.54996e-13
5010 -1.62357e-13
5020 -1.60316e-13
5030 -1.63577e-13
5040 -1.65477e-13
5050 -1.62253e-13
5060 -1.51069e-13
5070 -1.47568e-13
5080 -1.36912e-13
5090 -1.52601e-13
5100 -1.4831e-13
5110 -1.50521e-13
5120 -1.48865e-13
5130 -1.56383e-13
5140 -1.54619e-13
5150 -1.61201e-13
5160 -1.49262e-13
5170 -1.58622e-13
5180 -1.46044e-13
5190 -1.49855e-13
5200 -1.45868e-13
5210 -1.49412e-13
5220 -1.54553e-13
5230 -1.56872e-13
5240 -1.57525e-13
5250 -1.56926e-13
5260 -1.61656e-13
5270 -1.59726e-13
5280 -1.58818e-13
5290 -1.64479e-13
5300 -1.66672e-13
5310 -1.59493e-13
5320 -1.5608e-13
5330 -1.66731e-13
5340 -1.57996e-13
5350 -1.57772e-13
5360 -1.60256e-13
5370 -1.67344e-13
5380 -1.65752e-13
5390 -1.66877e-13
5400 -1.63081e-13
5410 -1.5418e-13
5420 -1.57806e-13
5430 -1.64093e-13
5440 -1.6283e-13
5450 -1.65041e-13
5460 -1.7834e-13
5470 -1.74027e-13
5480 -1.77765e-13
5490 -1.71389e-13
5500 -1.79479e-13
5510 -1.7432e-13
5520 -1.77092e-13
5530 -1.73305e-13
5540 -1.74375e-13
5550 -1.71058e-13
5560 -1.84792e-13
5570 -1.80209e-13
5580 -1.78472e-13
5590 -1.79412e-13
5600 -1.71689e-13
5610 -1.89625e-13
5620 -1.82201e-13
5630 -1.788e-13
5640 -1.88599e-13
5650 -1.87674e-13
5660 -1.87825e-13
5670 -1.89672e-13
5680 -1.87557e-13
5690 -1.86208e-13
5700 -1.79237e-13
5710 -1.87378e-13
5720 -1.75377e-13
5730 -1.76655e-13
5740 -1.72214e-13
5750 -1.654e-13
5760 -1.74737e-13
5770 -1.60982e-13
5780 -1.56407e-13
5790 -1.6132e-13
5800 -1.72818e-13
5810 -1.64416e-13
5820 -1.55934e-13
5830 -1.65695e-13
5840 -1.7192e-13
5850 -1.68841e-13
5860 -1.67447e-13
5870 -1.60871e-13
5880 -1.59743e-13
5890 -1.58778e-13
5900 -1.56487e-13
5910 -1.56887e-13
5920 -1.56707e-13
5930 -1.69038e-13
5940 -1.54529e-13
5950 -1.70894e-13
5960 -1.6386e-13
5970 -1.63369e-13
5980 -1.57213e-13
5990 -1.47967e-13
6000 -1.49341e-13
6010 -1.41433e-13
6020 -1.44022e-13
6030 -1.41488e-13
6040 -1.43158e-13
6050 -1.36662e-13
6060 -1.34728e-13
6070 -1.33331e-13
6080 -1.41106e-13
6090 -1.49034e-13
6100 -1.39493e-13
6110 -1.38991e-13
6120 -1.43562e-13
6130 -1.39147e-13
6140 -1.43468e-13
6150 -1.49516e-13
6160 -1.52998e-13
6170 -1.43288e-13
6180 -1.57536e-13
6190 -1.49124e-13
6200 -1.39063e-13
6210 -1.47406e-13
6220 -1.45631e-13
6230 -1.42111e-13
6240 -1.38871e-13
6250 -1.29261e-13
6260 -1.17195e-13
6270 -1.16438e-13
6280 -1.14657e-13
6290 -1.18602e-13
6300 -1.14417e-13
6310 -1.17032e-13
6320 -1.17791e-13
6330 -1.19081e-13
6340 -1.16645e-13
6350 -1.28163e-13
6360 -1.12253e-13
6370 -1.19442e-13
6380 -1.17332e-13
6390 -1.19932e-13
6400 -1.21424e-13
6410 -1.22327e-13
6420 -1.12042e-13
6430 -1.14022e-13
6440 -1.25234e-13
6450 -1.27927e-13
6460 -1.34679e-13
6470 -1.43766e-13
6480 -1.63014e-13
6490 -1.8059e-13
6500 -2.20395e-13
6510 -2.71694e-13
6520 -3.51999e-13
6530 -4.82116e-13
6540 -6.58328e-13
6550 -9.32545e-13
6560 -1.34705e-12
6570 -1.99282e-12
6580 -2.97305e-12
6590 -4.45689e-12
6600 -6.72195e-12
6610 -1.01148e-11
6620 -1.52117e-11
6630 -2.2847e-11
6640 -3.42421e-11
6650 -5.12281e-11
6660 -7.6424e-11
6670 -1.13727e-10
6680 -1.68779e-10
6690 -2.49753e-10
6700 -3.68511e-10
6710 -5.42172e-10
6720 -7.95318e-10
6730 -1.1632e-09
6740 -1.69615e-09
6750 -2.46588e-09
6760 -3.57407e-09
6770 -5.16462e-09
6780 -7.4403e-09
6790 -1.0686e-08
6800 -1.53005e-08
6810 -2.18403e-08
6820 -3.10791e-08
6830 -4.40891e-08
6840 -6.23506e-08
6850 -8.79009e-08
6860 -1.23533e-07
6870 -1.73064e-07
6880 -2.41689e-07
6890 -3.36457e-07
6900 -4.66896e-07
6910 -6.45837e-07
6920 -8.90498e-07
6930 -1.2239e-06
6940 -1.67669e-06
6950 -2.28956e-06
6960 -3.11628e-06
6970 -4.22767e-06
6980 -5.71663e-06
6990 -7.70458e-06
7000 -1.03495e-05
7010 -1.38564e-05
7020 -1.84897e-05
7030 -2.459e-05
7040 -3.2593e-05
7050 -4.30552e-05
7060 -5.66832e-05
7070 -7.43713e-05
7080 -9.7246e-05
7090 -0.000126721
7100 -0.000164561
7110 -0.000212962
7120 -0.000274642
7130 -0.000352952
7140 -0.000452004
7150 -0.000576817
7160 -0.000733495
7170 -0.000929423
7180 -0.00117349
7190 -0.00147634
7200 -0.00185067
7210 -0.00231154
7220 -0.00287669
7230 -0.00356696
7240 -0.00440666
7250 -0.00542399
7260 -0.00665148
7270 -0.00812645
7280 -0.00989141
7290 -0.0119945
7300 -0.0144899
7310 -0.017438
7320 -0.0209061
7330 -0.0249678
7340 -0.0297039
7350 -0.0352017
7360 -0.0415547
7370 -0.0488625
7380 -0.0572296
7390 -0.0667645
7400 -0.0775784
7410 -0.0897837
7420 -0.103492
7430 -0.118811
7440 -0.135843
7450 -0.154683
7460 -0.175411
7470 -0.198095
7480 -0.222783
7490 -0.249499
7500 -0.278243
7510 -0.308986
7520 -0.341663
7530 -0.376178
7540 -0.412394
7550 -0.450135
7560 -0.489184
7570 -0.529285
7580 -0.570139
7590 -0.611413
7600 -0.652736
7610 -0.693707
7620 -0.7339
7630 -0.77287
7640 -0.81016
7650 -0.84531
7660 -0.877864
7670 -0.907381
7680 -0.933445
7690 -0.955672
7700 -0.97372
7710 -0.987299
7720 -0.996176
7730 -1.00018
7740 -0.999225
7750 -0.993273
7760 -0.982377
7770 -0.966659
7780 -0.946316
7790 -0.92161
7800 -0.892868
7810 -0.860472
7820 -0.824849
7830 -0.786466
7840 -0.745817
7850 -0.70341
7860 -0.659762
7870 -0.615381
7880 -0.570764
7890 -0.526381
7900 -0.482669
7910 -0.440027
7920 -0.398807
7930 -0.359313
7940 -0.321797
7950 -0.286458
7960 -0.253443
7970 -0.222849
7980 -0.194723
7990 -0.169072
8000 -0.14586
8010 -0.12502
8020 -0.106455
8030 -0.0900441
8040 -0.0756503
8050 -0.0631237
8060 -0.0523069
8070 -0.0430395
8080 -0.035162
8090 -0.0285187
8100 -0.0229609
8110 -0.0183485
8120 -0.0145517
8130 -0.0114517
8140 -0.00894157
8150 -0.00692605
8160 -0.00532136
8170 -0.0040547
8180 -0.00306354
8190 -0.0022948
8200 -0.0017039
8210 -0.00125384
8220 -0.000914222
8230 -0.000660359
8240 -0.000472424
8250 -0.000334659
8260 -0.000234682
8270 -0.000162873
8280 -0.000111835
8290 -7.59507e-05
8300 -5.0999e-05
8310 -3.38458e-05
8320 -2.21915e-05
8330 -1.43686e-05
8340 -9.18281e-06
8350 -5.78941e-06
8360 -3.59856e-06
8370 -2.20377e-06
8380 -1.32866e-06
8390 -7.87933e-07
8400 -4.59154e-07
8410 -2.62608e-07
8420 -1.47209e-07
8430 -8.07433e-08
8440 -4.32447e-08
8450 -2.25574e-08
8460 -1.14214e-08
8470 -5.58823e-09
8480 -2.62552e-09
8490 -1.1734e-09
8500 -4.91261e-10
8510 -1.8733e-10
8520 -6.10685e-11
8530 -1.37655e-11
8540 1.017e-12
8550 3.80682e-12
8560 3.04558e-12
8570 1.75337e-12
8580 7.88603e-13
8590 2.14952e-13
8600 -5.78909e-14
8610 -1.74097e-13
8620 -2.14144e-13
8630 -2.16458e-13
8640 -2.09145e-13
8650 -1.948e-13
8660 -1.98555e-13
8670 -1.96786e-13
8680 -1.82063e-13
8690 -1.87464e-13
8700 -2.02465e-13
8710 -2.00904e-13
8720 -2.02466e-13
8730 -2.02395e-13
8740 -2.10113e-13
8750 -2.08106e-13
8760 -2.02113e-13
8770 -1.94973e-13
8780 -1.9311e-13
8790 -1.94605e-13
8800 -1.92649e-13
8810 -1.96788e-13
8820 -1.93755e-13
8830 -1.92099e-13
8840 -1.92014e-13
8850 -1.90673e-13
8860 -1.92692e-13
8870 -1.87289e-13
8880 -1.79479e-13
8890 -1.79746e-13
8900 -1.83855e-13
8910 -1.91722e-13
8920 -1.79713e-13
8930 -1.81162e-13
8940 -1.8233e-13
8950 -1.8392e-13
8960 -1.90175e-13
8970 -1.97707e-13
8980 -1.90717e-13
8990 -1.85044e-13
9000 -1.84179e-13
9010 -1.91617e-13
9020 -1.85699e-13
9030 -1.9456e-13
9040 -1.90526e-13
9050 -1.90234e-13
9060 -1.86273e-13
9070 -1.87618e-13
9080 -1.72967e-13
9090 -1.69262e-13
9100 -1.69871e-13
9110 -1.60091e-13
9120 -1.50763e-13
9130 -1.47709e-13
9140 -1.52026e-13
9150 -1.48479e-13
9160 -1.45809e-13
9170 -1.47752e-13
9180 -1.47501e-13
9190 -1.41162e-13
9200 -1.48969e-13
9210 -1.42199e-13
9220 -1.48087e-13
9230 -1.57727e-13
9240 -1.45291e-13
9250 -1.46901e-13
9260 -1.48975e-13
9270 -1.41152e-13
9280 -1.45786e-13
9290 -1.46174e-13
9300 -1.39656e-13
9310 -1.42355e-13
9320 -1.53737e-13
9330 -1.63324e-13
9340 -1.54874e-13
9350 -1.57429e-13
9360 -1.48656e-13
9370 -1.4918e-13
9380 -1.4334e-13
9390 -1.51145e-13
9400 -1.4452e-13
9410 -1.44222e-13
9420 -1.4259e-13
9430 -1.42687e-13
9440 -1.51379e-13
9450 -1.43794e-13
9460 -1.45874e-13
9470 -1.37632e-13
9480 -1.38008e-13
9490 -1.40175e-13
9500 -1.33133e-13
9510 -1.26192e-13
9520 -1.32317e-13
9530 -1.31608e-13
9540 -1.23316e-13
9550 -1.31565e-13
9560 -1.28207e-13
9570 -1.27141e-13
9580 -1.38919e-13
9590 -1.23723e-13
9600 -1.27471e-13
9610 -1.33021e-13
9620 -1.33876e-13
9630 -1.30922e-13
9640 -1.39692e-13
9650 -1.26977e-13
9660 -1.39849e-13
9670 -1.31156e-13
9680 -1.15972e-13
9690 -1.14847e-13
9700 -1.21317e-13
9710 -1.17922e-13
9720 -1.18735e-13
9730 -1.07816e-13
9740 -1.10476e-13
9750 -1.12316e-13
9760 -1.16656e-13
9770 -1.07369e-13
9780 -1.12235e-13
9790 -1.13191e-13
9800 -1.18254e-13
9810 -1.19167e-13
9820 -1.15985e-13
9830 -1.20323e-13
9840 -1.11197e-13
9850 -1.21716e-13
9860 -1.158e-13
9870 -1.24804e-13
9880 -1.28648e-13
9890 -1.23087e-13
9900 -1.18726e-13
9910 -1.16769e-13
9920 -1.12761e-13
9930 -1.05409e-13
9940 -1.04934e-13
9950 -1.01426e-13
9960 -1.03722e-13
9970 -9.66848e-14
9980 -9.29033e-14
9990 -9.09353e-14
10000 -8.32515e-14
10010 -8.65479e-14
10020 -9.63174e-14
10030 -9.75832e-14
10040 -9.28015e-14
10050 -9.84837e-14
10060 -9.93439e-14
10070 -9.72996e-14
10080 -9.68752e-14
10090 -1.02099e-13
10100 -9.60332e-14
10110 -9.60257e-14
10120 -8.44773e-14
10130 -8.70191e-14
10140 -8.20748e-14
10150 -8.87966e-14
10160 -9.25999e-14
10170 -1.06036e-13
10180 -1.02452e-13
10190 -9.33731e-14
10200 -7.82901e-14
10210 -8.70421e-14
10220 -8.3911e-14
10230 -9.74602e-14
10240 -8.83536e-14
10250 -9.82666e-14
10260 -8.28922e-14
10270 -8.05244e-14
10280 -8.21959e-14
10290 -8.83591e-14
10300 -8.43783e-14
10310 -8.59311e-14
10320 -8.0608e-14
10330 -7.82723e-14
10340 -8.08446e-14
10350 -7.85352e-14
10360 -8.48471e-14
10370 -7.88747e-14
10380 -7.99589e-14
10390 -7.83204e-14
10400 -7.90021e-14
10410 -8.31777e-14
10420 -9.15676e-14
10430 -9.29613e-14
10440 -9.884e-14
10450 -8.69999e-14
10460 -8.42749e-14
10470 -8.92432e-14
10480 -9.1092e-14
10490 -9.83492e-14
10500 -1.07553e-13
10510 -9.5543e-14
10520 -9.18259e-14
10530 -8.52613e-14
10540 -8.78276e-14
10550 -8.77031e-14
10560 -8.93251e-14
10570 -8.7792e-14
10580 -8.95888e-14
10590 -7.53226e-14
10600 -8.39748e-14
10610 -8.23342e-14
10620 -8.91577e-14
10630 -9.48809e-14
10640 -9.59534e-14
10650 -8.92401e-14
10660 -8.55539e-14
10670 -9.00522e-14
10680 -8.70699e-14
10690 -7.91681e-14
10700 -8.06855e-14
10710 -8.06231e-14
10720 -8.8157e-14
10730 -9.44583e-14
10740 -9.23026e-14
10750 -9.38978e-14
10760 -9.18255e-14
10770 -9.73225e-14
10780 -9.48951e-14
10790 -9.15038e-14
10800 -1.00927e-13
10810 -1.0083e-13
10820 -9.37761e-14
10830 -8.88076e-14
10840 -9.23616e-14
10850 -9.16537e-14
10860 -8.25815e-14
10870 -7.88505e-14
10880 -9.00714e-14
10890 -9.3419e-14
10900 -1.09703e-13
10910 -1.11566e-13
10920 -1.06302e-13
10930 -9.926e-14
10940 -9.29504e-14
10950 -9.02361e-14
10960 -1.00011e-13
10970 -1.11855e-13
10980 -1.07975e-13
10990 -9.98435e-14
11000 -9.22518e-14
11010 -1.00142e-13
11020 -9.60293e-14
11030 -1.04142e-13
11040 -1.01012e-13
11050 -9.55188e-14
11060 -8.70606e-14
11070 -9.15381e-14
11080 -8.90118e-14
11090 -8.22925e-14
11100 -7.53738e-14
11110 -6.86939e-14
11120 -7.09881e-14
11130 -7.39586e-14
11140 -6.52166e-14
11150 -7.26383e-14
11160 -7.09563e-14
11170 -8.14742e-14
11180 -8.22769e-14
11190 -8.22033e-14
11200 -8.22993e-14
11210 -8.30613e-14
11220 -7.88209e-14
11230 -8.13658e-14
11240 -8.65436e-14
11250 -8.38928e-14
11260 -8.87623e-14
11270 -7.25379e-14
11280 -7.61524e-14
11290 -7.29162e-14
11300 -8.04282e-14
11310 -7.84228e-14
11320 -7.57066e-14
11330 -7.1851e-14
11340 -8.38239e-14
11350 -8.95675e-14
11360 -8.4654e-14
11370 -8.14333e-14
11380 -7.61027e-14
11390 -7.07239e-14
11400 -6.01921e-14
11410 -7.32726e-14
11420 -7.54762e-14
11430 -8.01095e-14
11440 -7.29218e-14
11450 -6.82666e-14
11460 -6.60725e-14
11470 -5.64294e-14
11480 -5.85405e-14
11490 -5.26408e-14
11500 -5.68567e-14
11510 -4.56508e-14
11520 -4.5508e-14
11530 -4.66975e-14
11540 -4.83424e-14
11550 -3.80909e-14
11560 -5.23076e-14
11570 -4.05192e-14
11580 -3.61959e-14
11590 -3.38292e-14
11600 -2.89119e-14
11610 -2.60017e-14
11620 -3.85593e-14
11630 -4.07712e-14
11640 -4.62717e-14
11650 -3.4803e-14
11660 -2.97606e-14
11670 -2.45809e-14
11680 -1.70354e-14
11690 -2.05588e-14
11700 -2.55077e-14
11710 -2.60281e-14
11720 -2.33282e-14
11730 -2.04428e-14
11740 -1.79545e-14
11750 -2.54325e-14
11760 -3.16503e-14
11770 -2.93629e-14
11780 -2.46086e-14
11790 -1.47157e-14
11800 -3.86698e-15
11810 -7.10345e-15
11820 -8.28382e-15
11830 -1.1043e-14
11840 -1.12849e-14
11850 -1.24646e-14
11860 -1.41734e-14
11870 -1.42356e-14
11880 -1.45453e-14
11890 -4.59756e-15
11900 -2.29479e-14
11910 -1.08809e-14
11920 -2.05607e-14
11930 -5.21029e-15
11940 -1.94882e-15
11950 5.10191e-15
11960 2.63878e-15
11970 -1.0366e-15
11980 -4.92857e-15
11990 9.41696e-15
12000 3.48364e-14
12010 8.96163e-14
12020 1.90907e-13
12030 2.89927e-13
12040 4.09054e-13
12050 4.47324e-13
12060 2.51034e-13
12070 -5.59318e-13
12080 -2.7115e-12
12090 -7.62386e-12
12100 -1.78547e-11
12110 -3.80252e-11
12120 -7.60583e-11
12130 -1.45428e-10
12140 -2.68504e-10
12150 -4.81811e-10
12160 -8.44107e-10
12170 -1.44842e-09
12180 -2.44032e-09
12190 -4.04459e-09
12200 -6.60443e-09
12210 -1.06382e-08
12220 -1.69206e-08
12230 -2.65985e-08
12240 -4.13534e-08
12250 -6.3629e-08
12260 -9.69464e-08
12270 -1.46337e-07
12280 -2.18933e-07
12290 -3.24767e-07
12300 -4.77848e-07
12310 -6.97592e-07
12320 -1.01072e-06
12330 -1.45377e-06
12340 -2.07635e-06
12350 -2.94536e-06
12360 -4.15051e-06
12370 -5.81129e-06
12380 -8.08591e-06
12390 -1.11826e-05
12400 -1.53737e-05
12410 -2.10137e-05
12420 -2.8561e-05
12430 -3.86054e-05
12440 -5.19011e-05
12450 -6.94082e-05
12460 -9.23416e-05
12470 -0.000122231
12480 -0.000160992
12490 -0.000211012
12500 -0.000275252
12510 -0.000357362
12520 -0.000461825
12530 -0.000594116
12540 -0.000760889
12550 -0.000970194
12560 -0.00123172
12570 -0.00155709
12580 -0.00196014
12590 -0.00245731
12600 -0.00306801
12610 -0.00381508
12620 -0.00472522
12630 -0.00582956
12640 -0.0071642
12650 -0.00877076
12660 -0.0106971
12670 -0.0129979
12680 -0.0157355
12690 -0.0189803
12700 -0.0228118
12710 -0.0273193
12720 -0.0326023
12730 -0.0387716
12740 -0.0459495
12750 -0.0542707
12760 -0.0638827
12770 -0.0749459
12780 -0.0876345
12790 -0.102136
12800 -0.118651
12810 -0.137393
12820 -0.15859
12830 -0.18248
12840 -0.209313
12850 -0.239348
12860 -0.272852
12870 -0.310099
12880 -0.351367
12890 -0.396935
12900 -0.447082
12910 -0.502082
12920 -0.5622
12930 -0.627692
12940 -0.698799
12950 -0.775741
12960 -0.858716
12970 -0.947894
12980 -1.04341
12990 -1.14538
13000 -1.25385
13010 -1.36885
13020 -1.49034
13030 -1.61824
13040 -1.75242
13050 -1.89269
13060 -2.03879
13070 -2.19042
13080 -2.34719
13090 -2.50867
13100 -2.67437
13110 -2.84373
13120 -3.01614
13130 -3.19094
13140 -3.36739
13150 -3.54475
13160 -3.7222
13170 -3.8989
13180 -4.07399
13190 -4.24659
13200 -4.41577
13210 -4.58064
13220 -4.7403
13230 -4.89384
13240 -5.04039
13250 -5.1791
13260 -5.30917
13270 -5.42983
13280 -5.54035
13290 -5.6401
13300 -5.72847
13310 -5.80495
13320 -5.8691
13330 -5.92055
13340 -5.95903
13350 -5.98434
13360 -5.99639
13370 -5.99515
13380 -5.9807
13390 -5.95319
13400 -5.91287
13410 -5.86006
13420 -5.79515
13430 -5.71863
13440 -5.63101
13450 -5.53291
13460 -5.42496
13470 -5.30787
13480 -5.18237
13490 -5.04923
13500 -4.90924
13510 -4.7632
13520 -4.61195
13530 -4.45629
13540 -4.29704
13550 -4.13502
13560 -3.97101
13570 -3.80577
13580 -3.64003
13590 -3.47452
13600 -3.30988
13610 -3.14676
13620 -2.98573
13630 -2.82733
13640 -2.67205
13650 -2.52034
13660 -2.37259
13670 -2.22915
13680 -2.09031
13690 -1.95632
13700 -1.8274
13710 -1.70368
13720 -1.58531
13730 -1.47234
13740 -1.36483
13750 -1.26277
13760 -1.16614
13770 -1.07488
13780 -0.988898
13790 -0.908099
13800 -0.83235
13810 -0.761504
13820 -0.6954
13830 -0.633865
13840 -0.576714
13850 -0.523755
13860 -0.474792
13870 -0.429624
13880 -0.388048
13890 -0.349863
13900 -0.314867
13910 -0.282862
13920 -0.253657
13930 -0.227061
13940 -0.202892
13950 -0.180974
13960 -0.161139
13970 -0.143225
13980 -0.127079
13990 -0.112556
14000 -0.0995182
14010 -0.0878376
14020 -0.0773934
14030 -0.0680731
14040 -0.0597718
14050 -0.0523926
14060 -0.0458457
14070 -0.0400482
14080 -0.0349241
14090 -0.0304039
14100 -0.0264238
14110 -0.0229259
14120 -0.0198575
14130 -0.0171709
14140 -0.0148228
14150 -0.0127744
14160 -0.0109907
14170 -0.00944039
14180 -0.00809527
14190 -0.00693032
14200 -0.00592322
14210 -0.00505414
14220 -0.00430549
14230 -0.00366174
14240 -0.00310914
14250 -0.00263564
14260 -0.00223062
14270 -0.00188478
14280 -0.00158999
14290 -0.00133914
14300 -0.00112605
14310 -0.00094535
14320 -0.000792377
14330 -0.000663097
14340 -0.000554025
14350 -0.00046216
14360 -0.000384915
14370 -0.000320075
14380 -0.000265737
14390 -0.000220276
14400 -0.000182306
14410 -0.000150645
14420 -0.000124288
14430 -0.000102382
14440 -8.42065e-05
14450 -6.91499e-05
14460 -5.66976e-05
14470 -4.64158e-05
14480 -3.794e-05
14490 -3.09643e-05
14500 -2.52323e-05
14510 -2.053e-05
14520 -1.66784e-05
14530 -1.35288e-05
14540 -1.09573e-05
14550 -8.86109e-06
14560 -7.15506e-06
14570 -5.76876e-06
14580 -4.64405e-06
14590 -3.73299e-06
14600 -2.99616e-06
14610 -2.40116e-06
14620 -1.92144e-06
14630 -1.53528e-06
14640 -1.22489e-06
14650 -9.75806e-07
14660 -7.7622e-07
14670 -6.16543e-07
14680 -4.8899e-07
14690 -3.87255e-07
14700 -3.06234e-07
14710 -2.41809e-07
14720 -1.90659e-07
14730 -1.50108e-07
14740 -1.1801e-07
14750 -9.264e-08
14760 -7.26186e-08
14770 -5.68417e-08
14780 -4.44281e-08
14790 -3.46753e-08
14800 -2.70244e-08
14810 -2.10313e-08
14820 -1.63437e-08
14830 -1.26828e-08
14840 -9.82779e-09
14850 -7.60459e-09
14860 -5.87593e-09
14870 -4.53377e-09
14880 -3.49321e-09
14890 -2.68765e-09
14900 -2.06494e-09
14910 -1.58426e-09
14920 -1.21377e-09
14930 -9.28605e-10
14940 -7.09443e-10
14950 -5.41244e-10
14960 -4.12342e-10
14970 -3.13698e-10
14980 -2.38318e-10
14990 -1.80807e-10
15000 -1.36982e-10
15010 -1.03632e-10
15020 -7.82938e-11
15030 -5.90702e-11
15040 -4.45061e-11
15050 -3.3488e-11
15060 -2.51656e-11
15070 -1.88805e-11
15080 -1.41443e-11
15090 -1.05846e-11
15100 -7.9113e-12
15110 -5.90425e-12
15120 -4.39921e-12
15130 -3.27725e-12
15140 -2.4361e-12
15150 -1.80902e-12
15160 -1.3422e-12
15170 -9.88606e-13
15180 -7.36651e-13
15190 -5.41552e-13
15200 -3.96087e-13
15210 -2.92192e-13
15220 -2.1953e-13
15230 -1.66657e-13
15240 -1.19676e-13
15250 -9.48136e-14
15260 -7.12774e-14
15270 -5.87334e-14
15280 -3.73728e-14
15290 -2.90704e-14
15300 -1.8431e-14
15310 -1.50926e-14
15320 -1.19146e-14
15330 -9.24952e-15
15340 -6.47929e-15
15350 -6.48765e-15
15360 -2.92207e-15
15370 -3.8774e-15
15380 -2.16704e-15
15390 2.1928e-16
15400 -2.91862e-16
15410 -1.02263e-14
15420 -1.01294e-14
15430 -3.76973e-15
15440 -5.08616e-15
15450 1.48935e-15
15460 9.92371e-16
15470 1.24286e-15
15480 -8.46491e-15
15490 -6.20395e-15
15500 -9.73906e-15
15510 -1.07635e-14
15520 -5.59668e-15
15530 -6.76047e-15
15540 -3.76913e-15
15550 -1.57458e-15
15560 -3.41386e-15
15570 3.32197e-15
15580 -1.84352e-15
15590 -1.18401e-15
15600 -9.47348e-15
15610 -1.63767e-14
15620 -1.08775e-14
15630 -9.72636e-15
15640 -6.27247e-15
15650 -1.28822e-14
15660 -1.68576e-14
15670 -1.5089e-14
15680 -2.12739e-14
15690 -1.7821e-14
15700 -2.15627e-14
15710 -2.45455e-14
15720 -2.18348e-14
15730 -2.16373e-14
15740 -1.5211e-14
15750 -8.78216e-15
15760 -5.24172e-15
15770 2.88718e-16
15780 3.42971e-15
15790 9.76705e-15
15800 1.32897e-14
15810 3.7461e-15
15820 1.02382e-14
15830 4.59913e-15
15840 1.20209e-14
15850 9.3518e-15
15860 8.84329e-15
15870 1.50007e-14
15880 1.78414e-14
15890 1.66592e-14
15900 1.71312e-14
15910 1.82995e-14
15920 1.60703e-14
15930 2.07432e-14
15940 2.13474e-14
15950 1.18345e-14
15960 1.04989e-14
15970 1.22656e-14
15980 1.87369e-14
15990 2.18225e-14
16000 1.83147e-14
16010 1.58502e-14
16020 2.13424e-14
16030 2.38533e-14
16040 2.448e-14
16050 2.21928e-14
16060 1.60953e-14
16070 2.26185e-14
16080 2.58689e-14
16090 2.33039e-14
16100 2.84737e-14
16110 2.40737e-14
16120 2.76365e-14
16130 1.99937e-14
16140 1.85221e-14
16150 1.23214e-14
16160 2.02455e-14
16170 1.75251e-14
16180 1.50701e-14
16190 1.96969e-14
16200 1.61829e-14
16210 1.70336e-14
16220 1.67148e-14
16230 1.73999e-14
16240 1.1649e-14
16250 9.45688e-15
16260 2.99587e-15
16270 5.35792e-15
16280 4.30305e-15
16290 7.08825e-15
16300 9.58044e-15
16310 1.71518e-14
16320 2.40141e-14
16330 2.15674e-14
16340 2.90196e-14
16350 2.68177e-14
16360 2.59764e-14
16370 2.86111e-14
16380 2.7214e-14
16390 3.08651e-14
16400 2.52165e-14
16410 2.29455e-14
16420 2.35852e-14
16430 2.3235e-14
16440 2.19176e-14
16450 1.75105e-14
16460 1.99652e-14
16470 1.39846e-14
16480 1.88774e-14
16490 1.58684e-14
16500 1.30727e-14
16510 1.59039e-14
16520 1.74998e-14
16530 1.37466e-14
16540 1.28152e-14
16550 1.42804e-14
16560 1.23858e-14
16570 9.73501e-15
16580 1.15112e-14
16590 1.49458e-14
16600 1.58748e-14
16610 8.22459e-15
16620 4.31066e-15
16630 6.33089e-15
16640 1.27717e-14
16650 1.01068e-14
16660 1.80755e-14
16670 1.19941e-14
16680 8.74549e-15
16690 1.14289e-14
16700 1.43888e-14
16710 1.24907e-14
16720 1.00832e-14
16730 1.13169e-14
16740 1.33066e-14
16750 1.31913e-14
16760 1.16422e-14
16770 1.48586e-14
16780 1.64447e-14
16790 1.40334e-14
16800 1.38081e-14
16810 1.07574e-14
16820 5.75456e-15
16830 5.81994e-15
16840 -1.12161e-15
16850 -2.61806e-15
16860 -1.2041e-15
16870 -7.9352e-15
16880 -9.49973e-15
16890 -8.74497e-15
16900 -1.19672e-14
16910 -3.59759e-15
16920 -8.93461e-15
16930 -3.79655e-15
16940 4.40324e-16
16950 3.73091e-15
16960 9.6623e-15
16970 1.10944e-14
16980 7.24028e-15
16990 7.06781e-15
17000 7.56763e-15
17010 1.39953e-15
17020 4.00378e-15
17030 4.83613e-15
17040 1.78523e-16
17050 2.005e-15
17060 -5.59011e-15
17070 -2.83357e-15
17080 -1.01338e-14
17090 -1.45987e-14
17100 -9.06739e-15
17110 -8.28041e-15
17120 -1.43356e-15
17130 -3.44869e-15
17140 -1.57163e-16
17150 -8.83236e-16
17160 1.76941e-15
17170 3.10393e-15
17180 5.07824e-15
17190 1.02542e-14
17200 5.9513e-15
17210 1.19638e-14
17220 8.29034e-15
17230 3.6205e-15
17240 1.14203e-14
17250 6.32176e-15
17260 2.02949e-15
17270 2.36296e-16
17280 2.42413e-15
17290 -2.57949e-15
17300 5.05931e-15
17310 -6.1352e-15
17320 -9.32152e-15
17330 -1.29741e-15
17340 -6.95542e-16
17350 -6.6018e-15
17360 -9.96806e-15
17370 -8.45422e-15
17380 -6.4669e-15
17390 -1.83817e-15
17400 -3.12911e-15
17410 1.48579e-15
17420 -5.68333e-16
17430 -9.59228e-16
17440 1.37547e-15
17450 -3.27131e-15
17460 -3.51907e-15
17470 2.2023e-15
17480 8.48975e-15
17490 9.9067e-15
17500 9.28483e-15
17510 9.95229e-15
17520 7.63068e-15
17530 2.15064e-15
17540 3.89477e-15
17550 6.39821e-15
17560 4.95733e-15
17570 7.40915e-15
17580 7.33259e-15
17590 6.93114e-15
17600 8.66387e-15
17610 1.55956e-14
17620 1.48739e-14
17630 1.31586e-14
17640 1.53742e-14
17650 1.91122e-14
17660 2.37385e-14
17670 1.82524e-14
17680 1.63224e-14
17690 1.14267e-14
17700 1.22218e-14
17710 4.55395e-15
17720 1.23582e-14
17730 1.15122e-14
17740 7.73088e-15
17750 1.05628e-14
17760 8.12329e-15
17770 4.6113e-15
17780 5.26127e-15
17790 8.86845e-15
17800 1.14947e-14
17810 8.29223e-15
17820 1.19963e-14
17830 8.28191e-15
17840 1.57139e-14
17850 1.48141e-14
17860 2.39102e-14
17870 2.52464e-14
17880 2.19536e-14
17890 2.38161e-14
17900 2.14859e-14
17910 2.40759e-14
17920 2.16935e-14
17930 1.99672e-14
17940 1.74002e-14
17950 2.58206e-14
17960 2.26724e-14
17970 2.01553e-14
17980 1.75465e-14
17990 1.89217e-14
18000 2.17965e-14
18010 2.7554e-14
18020 2.21183e-14
18030 2.35139e-14
18040 2.89035e-14
18050 3.13227e-14
18060 2.35975e-14
18070 1.94533e-14
18080 2.55268e-14
18090 1.9022e-14
18100 1.91756e-14
18110 1.96428e-14
18120 2.08852e-14
18130 1.86199e-14
18140 2.05911e-14
18150 1.88214e-14
18160 2.39296e-14
18170 2.19888e-14
18180 2.71348e-14
18190 2.4778e-14
18200 2.69508e-14
18210 2.82491e-14
18220 3.0155e-14
18230 3.32337e-14
18240 3.60535e-14
18250 3.53402e-14
18260 3.63899e-14
18270 4.26034e-14
18280 4.45279e-14
18290 4.64804e-14
18300 4.58482e-14
18310 5.32514e-14
18320 5.1544e-14
18330 5.02503e-14
18340 4.51248e-14
18350 4.25501e-14
18360 4.65924e-14
18370 4.79247e-14
18380 4.71501e-14
18390 4.54834e-14
18400 4.17558e-14
18410 3.96053e-14
18420 4.43146e-14
18430 3.73104e-14
18440 3.91485e-14
18450 3.86394e-14
18460 3.62867e-14
18470 3.38871e-14
18480 3.46063e-14
18490 4.14791e-14
18500 4.69103e-14
18510 4.79745e-14
18520 4.28076e-14
18530 4.44896e-14
18540 4.45642e-14
18550 4.11895e-14
18560 4.13535e-14
18570 4.3507e-14
18580 4.26423e-14
18590 5.26564e-14
18600 4.37786e-14
18610 5.50071e-14
18620 6.12228e-14
18630 6.40073e-14
18640 6.69956e-14
18650 7.0278e-14
18660 6.80862e-14
18670 6.64362e-14
18680 5.76421e-14
18690 6.19819e-14
18700 6.17439e-14
18710 6.57998e-14
18720 6.8924e-14
18730 6.64812e-14
18740 6.97179e-14
18750 6.45799e-14
18760 6.36949e-14
18770 6.93233e-14
18780 6.55414e-14
18790 7.14143e-14
18800 5.95583e-14
18810 6.48416e-14
18820 6.81802e-14
18830 6.71583e-14
18840 7.33784e-14
18850 7.03385e-14
18860 7.34036e-14
18870 7.78173e-14
18880 7.9335e-14
18890 7.97314e-14
18900 8.38943e-14
18910 8.65264e-14
18920 8.38196e-14
18930 8.68687e-14
18940 9.00564e-14
18950 8.91692e-14
18960 9.616e-14
18970 9.63896e-14
18980 1.01114e-13
18990 9.89428e-14
19000 9.82435e-14
19010 9.90075e-14
19020 1.02903e-13
19030 1.0327e-13
19040 1.14129e-13
19050 1.07007e-13
19060 1.11167e-13
19070 1.07989e-13
19080 1.1636e-13
19090 1.15744e-13
19100 1.08964e-13
19110 1.12527e-13
19120 1.15297e-13
19130 1.14525e-13
19140 1.15642e-13
19150 1.12685e-13
19160 1.19645e-13
19170 1.21771e-13
19180 1.2139e-13
19190 1.17303e-13
19200 1.18466e-13
19210 1.19449e-13
19220 1.18596e-13
19230 1.11119e-13
19240 1.09162e-13
19250 1.04209e-13
19260 1.11239e-13
19270 1.09487e-13
19280 1.09117e-13
19290 1.08286e-13
19300 1.01753e-13
19310 1.02572e-13
19320 9.29419e-14
19330 9.27308e-14
19340 9.16034e-14
19350 9.03454e-14
19360 9.35626e-14
19370 8.81344e-14
19380 8.66159e-14
19390 9.49069e-14
19400 9.26487e-14
19410 9.60798e-14
19420 9.0679e-14
19430 8.62898e-14
19440 9.37795e-14
19450 9.88789e-14
19460 1.00771e-13
19470 1.04948e-13
19480 9.95215e-14
19490 1.05918e-13
19500 1.06344e-13
19510 1.11234e-13
19520 1.05575e-13
19530 9.51805e-14
19540 1.01099e-13
19550 9.74278e-14
19560 1.00884e-13
19570 9.71919e-14
19580 9.81629e-14
19590 1.02571e-13
19600 1.01429e-13
19610 1.0113e-13
19620 1.02339e-13
19630 9.88646e-14
19640 1.02583e-13
19650 1.03179e-13
19660 1.00552e-13
19670 9.83226e-14
19680 9.76478e-14
19690 9.71191e-14
19700 9.49661e-14
19710 9.6206e-14
19720 9.62541e-14
19730 9.44995e-14
19740 9.59655e-14
19750 9.6558e-14
19760 9.19939e-14
19770 9.96013e-14
19780 1.10742e-13
19790 1.05499e-13
19800 1.11808e-13
19810 1.0729e-13
19820 1.04273e-13
19830 1.03672e-13
19840 1.00496e-13
19850 1.05723e-13
19860 1.02629e-13
19870 1.09752e-13
19880 1.08976e-13
19890 1.15874e-13
19900 1.18885e-13
19910 1.1302e-13
19920 1.17867e-13
19930 1.14568e-13
19940 1.23599e-13
19950 1.21436e-13
19960 1.16081e-13
19970 1.27756e-13
19980 1.18134e-13
19990 1.18944e-13
20000 1.19483e-13
20010 1.22927e-13
20020 1.22508e-13
20030 1.25201e-13
20040 1.21911e-13
20050 1.30246e-13
20060 1.22018e-13
20070 1.20355e-13
20080 1.18287e-13
20090 1.15986e-13
20100 1.18533e-13
20110 1.16455e-13
20120 1.14594e-13
20130 1.13004e-13
20140 1.10749e-13
20150 1.0349e-13
20160 1.0011e-13
20170 9.91676e-14
20180 9.73254e-14
20190 9.74683e-14
20200 9.87463e-14
20210 1.01026e-13
20220 9.77581e-14
20230 9.65255e-14
20240 9.79536e-14
20250 9.45736e-14
20260 9.60946e-14
20270 9.80096e-14
20280 9.21137e-14
20290 9.15747e-14
20300 8.651e-14
20310 8.94211e-14
20320 9.85435e-14
20330 9.49923e-14
20340 9.49565e-14
20350 9.66031e-14
20360 9.83033e-14
20370 9.82105e-14
20380 1.00501e-13
20390 9.88276e-14
20400 9.83925e-14
20410 1.0103e-13
20420 1.06818e-13
20430 1.0877e-13
20440 1.2123e-13
20450 1.0986e-13
20460 1.19639e-13
20470 1.14253e-13
20480 1.15384e-13
20490 1.14299e-13
20500 1.14922e-13
20510 1.16502e-13
20520 1.17367e-13
20530 1.11037e-13
20540 1.12588e-13
20550 1.06469e-13
20560 1.15236e-13
20570 1.09083e-13
20580 1.1068e-13
20590 1.16455e-13
20600 1.16064e-13
20610 1.16338e-13
20620 1.24063e-13
20630 1.16192e-13
20640 1.21182e-13
20650 1.22004e-13
20660 1.2622e-13
20670 1.24731e-13
20680 1.25799e-13
20690 1.24812e-13
20700 1.2894e-13
20710 1.22249e-13
20720 1.20443e-13
20730 1.21496e-13
20740 1.16837e-13
20750 1.23531e-13
20760 1.22608e-13
20770 1.19515e-13
20780 1.19563e-13
20790 1.19979e-13
20800 1.18748e-13
20810 1.18911e-13
20820 1.18391e-13
20830 1.22589e-13
20840 1.14272e-13
20850 1.09574e-13
20860 1.09306e-13
20870 1.10176e-13
20880 1.19114e-13
20890 1.18419e-13
20900 1.16205e-13
20910 1.10157e-13
20920 1.07397e-13
20930 1.16008e-13
20940 1.1447e-13
20950 1.15947e-13
20960 1.17492e-13
20970 1.21413e-13
20980 1.10289e-13
20990 1.11723e-13
21000 1.11781e-13
21010 1.09211e-13
21020 1.18124e-13
21030 1.19605e-13
21040 1.15548e-13
21050 1.12984e-13
21060 1.12791e-13
21070 1.23894e-13
21080 1.15039e-13
21090 1.11491e-13
21100 1.08066e-13
21110 1.06015e-13
21120 1.08522e-13
21130 1.09138e-13
21140 1.13497e-13
21150 1.14014e-13
21160 1.23973e-13
21170 1.17666e-13
21180 1.20887e-13
21190 1.18946e-13
21200 1.21665e-13
21210 1.1374e-13
21220 1.17339e-13
21230 1.1608e-13
21240 1.12873e-13
21250 1.23421e-13
21260 1.14643e-13
21270 1.12723e-13
21280 1.12086e-13
21290 1.0945e-13
21300 1.08797e-13
21310 1.04496e-13
21320 1.0524e-13
21330 1.02885e-13
21340 1.00711e-13
21350 1.0203e-13
21360 1.03778e-13
21370 1.07902e-13
21380 1.10738e-13
21390 1.10159e-13
21400 1.1223e-13
21410 1.12372e-13
21420 1.08118e-13
21430 1.18034e-13
21440 1.18619e-13
21450 1.17398e-13
21460 1.15256e-13
21470 1.13065e-13
21480 1.19608e-13
21490 1.23379e-13
21500 1.21754e-13
21510 1.16733e-13
21520 1.14509e-13
21530 1.16789e-13
21540 1.17491e-13
21550 1.12589e-13
21560 1.10542e-13
21570 1.14345e-13
21580 1.17721e-13
21590 1.24783e-13
21600 1.17523e-13
21610 1.12245e-13
21620 1.17231e-13
21630 1.10047e-13
21640 1.12751e-13
21650 1.11256e-13
21660 1.10213e-13
21670 1.10891e-13
21680 1.0937e-13
21690 1.08687e-13
21700 1.09812e-13
21710 1.13985e-13
21720 1.14239e-13
21730 1.15704e-13
21740 1.10562e-13
21750 1.09534e-13
21760 1.1051e-13
21770 1.05946e-13
21780 1.13999e-13
21790 1.14096e-13
21800 1.17452e-13
21810 1.07672e-13
21820 1.12072e-13
21830 1.08648e-13
21840 1.14835e-13
21850 1.16023e-13
21860 1.19808e-13
21870 1.2049e-13
21880 1.15462e-13
21890 1.21073e-13
21900 1.12211e-13
21910 1.19274e-13
21920 1.13653e-13
21930 1.21811e-13
21940 1.17975e-13
21950 1.12843e-13
21960 1.12164e-13
21970 1.09908e-13
21980 1.08601e-13
21990 1.09584e-13
22000 1.1523e-13
22010 1.14454e-13
22020 1.09507e-13
22030 1.11702e-13
22040 1.0395e-13
22050 1.05643e-13
22060 1.08062e-13
22070 1.10551e-13
22080 1.1069e-13
22090 1.02855e-13
22100 9.97034e-14
22110 9.82665e-14
22120 9.81111e-14
22130 1.03798e-13
22140 1.03856e-13
22150 1.059e-13
22160 9.53862e-14
22170 1.01263e-13
22180 1.03244e-13
22190 1.10912e-13
22200 1.09836e-13
22210 1.09947e-13
22220 1.13394e-13
22230 1.11011e-13
22240 1.15802e-13
22250 1.08916e-13
22260 1.10115e-13
22270 1.07552e-13
22280 1.14773e-13
22290 1.14511e-13
22300 1.11658e-13
22310 1.17324e-13
22320 1.22277e-13
22330 1.33345e-13
22340 1.31452e-13
22350 1.26586e-13
22360 1.27578e-13
22370 1.2662e-13
22380 1.28516e-13
22390 1.27442e-13
22400 1.21459e-13
22410 1.1902e-13
22420 1.18449e-13
22430 1.2408e-13
22440 1.15767e-13
22450 1.17089e-13
22460 1.09312e-13
22470 1.20983e-13
22480 1.19647e-13
22490 1.24727e-13
22500 1.27281e-13
22510 1.29862e-13
22520 1.32507e-13
22530 1.36231e-13
22540 1.29038e-13
22550 1.36009e-13
22560 1.40079e-13
22570 1.43236e-13
22580 1.45479e-13
22590 1.40363e-13
22600 1.51939e-13
22610 1.49285e-13
22620 1.46863e-13
22630 1.35712e-13
22640 1.44931e-13
22650 1.41512e-13
22660 1.39519e-13
22670 1.41001e-13
22680 1.38761e-13
22690 1.4472e-13
22700 1.49043e-13
22710 1.47871e-13
22720 1.38341e-13
22730 1.42135e-13
22740 1.45856e-13
22750 1.42011e-13
22760 1.50923e-13
22770 1.41476e-13
22780 1.33831e-13
22790 1.39337e-13
22800 1.3875e-13
22810 1.42956e-13
22820 1.46696e-13
22830 1.3624e-13
22840 1.34314e-13
22850 1.43791e-13
22860 1.37451e-13
22870 1.42303e-13
22880 1.36135e-13
22890 1.42445e-13
22900 1.4583e-13
22910 1.46137e-13
22920 1.45936e-13
22930 1.37331e-13
22940 1.37006e-13
22950 1.34617e-13
22960 1.38274e-13
22970 1.39675e-13
22980 1.32437e-13
22990 1.31015e-13
23000 1.33185e-13
23010 1.37942e-13
23020 1.34614e-13
23030 1.31661e-13
23040 1.26785e-13
23050 1.24349e-13
23060 1.287e-13
23070 1.25848e-13
23080 1.3145e-13
23090 1.33152e-13
23100 1.27344e-13
23110 1.36355e-13
23120 1.33737e-13
23130 1.31374e-13
23140 1.28052e-13
23150 1.19314e-13
23160 1.22363e-13
23170 1.24165e-13
23180 1.34645e-13
23190 1.3469e-13
23200 1.38378e-13
23210 1.3931e-13
23220 1.32426e-13
23230 1.36197e-13
23240 1.36606e-13
23250 1.37695e-13
23260 1.36848e-13
23270 1.4374e-13
23280 1.39071e-13
23290 1.32575e-13
23300 1.37206e-13
23310 1.35025e-13
23320 1.36977e-13
23330 1.40139e-13
23340 1.31737e-13
23350 1.29573e-13
23360 1.33784e-13
23370 1.33755e-13
23380 1.34486e-13
23390 1.26963e-13
23400 1.25572e-13
23410 1.3189e-13
23420 1.26935e-13
23430 1.3135e-13
23440 1.31108e-13
23450 1.25618e-13
23460 1.34119e-13
23470 1.34451e-13
23480 1.3206e-13
23490 1.36557e-13
23500 1.34531e-13
23510 1.33578e-13
23520 1.2842e-13
23530 1.30422e-13
23540 1.24186e-13
23550 1.25858e-13
23560 1.29017e-13
23570 1.29651e-13
23580 1.21288e-13
23590 1.26429e-13
23600 1.30766e-13
23610 1.32843e-13
23620 1.4037e-13
23630 1.42567e-13
23640 1.33207e-13
23650 1.50629e-13
23660 1.45656e-13
23670 1.39284e-13
23680 1.40376e-13
23690 1.37782e-13
23700 1.40118e-13
23710 1.4205e-13
23720 1.43341e-13
23730 1.45088e-13
23740 1.43321e-13
23750 1.41442e-13
23760 1.5493e-13
23770 1.4986e-13
23780 1.45219e-13
23790 1.47989e-13
23800 1.37799e-13
23810 1.45386e-13
23820 1.42572e-13
23830 1.4656e-13
23840 1.4702e-13
23850 1.37007e-13
23860 1.33897e-13
23870 1.38719e-13
23880 1.52032e-13
23890 1.55422e-13
23900 1.55029e-13
23910 1.44974e-13
23920 1.52392e-13
23930 1.5351e-13
23940 1.53053e-13
23950 1.59605e-13
23960 1.53599e-13
23970 1.52413e-13
23980 1.51331e-13
23990 1.59304e-13
24000 1.60387e-13
24010 1.53079e-13
24020 1.50264e-13
24030 1.4398e-13
24040 1.42411e-13
24050 1.42615e-13
24060 1.46124e-13
24070 1.48758e-13
24080 1.38866e-13
24090 1.45194e-13
24100 1.45099e-13
24110 1.51792e-13
24120 1.46123e-13
24130 1.52754e-13
24140 1.44811e-13
24150 1.45287e-13
24160 1.44477e-13
24170 1.50557e-13
24180 1.45383e-13
24190 1.39214e-13
24200 1.49694e-13
24210 1.43761e-13
24220 1.45725e-13
24230 1.47763e-13
24240 1.38463e-13
24250 1.39529e-13
24260 1.52556e-13
24270 1.49323e-13
24280 1.44908e-13
24290 1.50128e-13
24300 1.49314e-13
24310 1.4217e-13
24320 1.52843e-13
24330 1.50759e-13
24340 1.54973e-13
24350 1.52063e-13
24360 1.43779e-13
24370 1.50449e-13
24380 1.56082e-13
24390 1.49876e-13
24400 1.47422e-13
24410 1.51612e-13
24420 1.50768e-13
24430 1.56051e-13
24440 1.6029e-13
24450 1.6123e-13
24460 1.70917e-13
24470 1.71924e-13
24480 1.68034e-13
24490 1.80278e-13
24500 1.72993e-13
24510 1.70925e-13
24520 1.69147e-13
24530 1.68745e-13
24540 1.6777e-13
24550 1.71115e-13
24560 1.77059e-13
24570 1.7289e-13
24580 1.69743e-13
24590 1.6767e-13
24600 1.5744e-13
24610 1.59641e-13
24620 1.65295e-13
24630 1.63208e-13
24640 1.64211e-13
24650 1.58529e-13
24660 1.66307e-13
24670 1.67978e-13
24680 1.63304e-13
24690 1.59735e-13
24700 1.57249e-13
24710 1.60254e-13
24720 1.59978e-13
24730 1.6105e-13
24740 1.54279e-13
24750 1.56791e-13
24760 1.57764e-13
24770 1.58851e-13
24780 1.57306e-13
24790 1.5028e-13
24800 1.44481e-13
24810 1.51355e-13
24820 1.55122e-13
24830 1.51666e-13
24840 1.49021e-13
24850 1.461e-13
24860 1.51508e-13
24870 1.51179e-13
24880 1.50662e-13
24890 1.35681e-13
24900 1.34039e-13
24910 1.41976e-13
24920 1.49638e-13
24930 1.39515e-13
24940 1.27868e-13
24950 1.39278e-13
24960 1.39188e-13
24970 1.35321e-13
24980 1.4048e-13
24990 1.39473e-13
25000 1.34315e-13
25010 1.39861e-13
25020 1.30606e-13
25030 1.32806e-13
25040 1.36594e-13
25050 1.44617e-13
25060 1.37686e-13
25070 1.37443e-13
25080 1.29414e-13
25090 1.33704e-13
25100 1.38012e-13
25110 1.41914e-13
25120 1.39421e-13
25130 1.32417e-13
25140 1.39486e-13
25150 1.34702e-13
25160 1.41381e-13
25170 1.517e-13
25180 1.52163e-13
25190 1.41845e-13
25200 1.44484e-13
25210 1.40387e-13
25220 1.38185e-13
25230 1.29464e-13
25240 1.21369e-13
25250 1.28114e-13
25260 1.29136e-13
25270 1.31255e-13
25280 1.21233e-13
25290 1.26339e-13
25300 1.31326e-13
25310 1.25343e-13
25320 1.29696e-13
25330 1.27719e-13
25340 1.18112e-13
25350 1.1787e-13
25360 1.26838e-13
25370 1.2431e-13
25380 1.2894e-13
25390 1.25149e-13
25400 1.22621e-13
25410 1.19999e-13
25420 1.16332e-13
25430 1.25649e-13
25440 1.34151e-13
25450 1.18499e-13
25460 1.22126e-13
25470 1.25358e-13
25480 1.2665e-13
25490 1.33656e-13
25500 1.27877e-13
25510 1.23087e-13
25520 1.17504e-13
25530 1.15795e-13
25540 1.10204e-13
25550 1.15829e-13
25560 1.14937e-13
25570 1.13674e-13
25580 1.0727e-13
25590 1.13918e-13
25600 1.0763e-13
25610 1.11033e-13
25620 1.16399e-13
25630 1.1331e-13
25640 1.15555e-13
25650 1.08029e-13
25660 1.17132e-13
25670 1.16939e-13
25680 1.18524e-13
25690 1.12656e-13
25700 1.09745e-13
25710 1.1281e-13
25720 1.13812e-13
25730 1.05991e-13
25740 1.03812e-13
25750 1.01579e-13
25760 1.07059e-13
25770 1.04515e-13
25780 1.07112e-13
25790 1.10249e-13
25800 1.06031e-13
25810 9.87089e-14
25820 1.04458e-13
25830 9.94433e-14
25840 9.67578e-14
25850 9.28903e-14
25860 1.00787e-13
25870 1.02846e-13
25880 1.02168e-13
25890 1.02138e-13
25900 9.981e-14
25910 9.88806e-14
25920 9.4051e-14
25930 1.00076e-13
25940 9.93882e-14
25950 9.6067e-14
25960 9.09739e-14
25970 9.80142e-14
25980 9.66283e-14
25990 8.95573e-14
26000 8.25952e-14
26010 8.8675e-14
26020 8.54381e-14
26030 8.199e-14
26040 8.10137e-14
26050 7.45373e-14
26060 6.88852e-14
26070 7.87865e-14
26080 7.90863e-14
26090 8.12904e-14
26100 8.63057e-14
26110 8.85378e-14
26120 8.75793e-14
26130 8.22622e-14
26140 9.35624e-14
26150 9.2426e-14
26160 8.36238e-14
26170 8.22335e-14
26180 9.03494e-14
26190 8.81275e-14
26200 9.44942e-14
26210 9.68435e-14
26220 9.35931e-14
26230 8.8406e-14
26240 8.67667e-14
26250 8.434e-14
26260 9.22358e-14
26270 9.41455e-14
26280 8.75517e-14
26290 8.93981e-14
26300 1.00415e-13
26310 1.01652e-13
26320 1.02512e-13
26330 1.02591e-13
26340 9.48093e-14
26350 8.60609e-14
26360 8.96792e-14
26370 9.51231e-14
26380 1.0559e-13
26390 1.0488e-13
26400 1.00157e-13
26410 1.01396e-13
26420 9.92233e-14
26430 1.03291e-13
26440 1.00856e-13
26450 9.18773e-14
26460 9.54867e-14
26470 1.07223e-13
26480 1.06486e-13
26490 1.00375e-13
26500 9.67751e-14
26510 9.17933e-14
26520 9.599e-14
26530 1.12737e-13
26540 1.07921e-13
26550 9.80412e-14
26560 9.54215e-14
26570 9.30994e-14
26580 9.2912e-14
26590 9.07884e-14
26600 1.03641e-13
26610 1.00177e-13
26620 9.06954e-14
26630 8.36112e-14
26640 8.82593e-14
26650 8.58031e-14
26660 8.76511e-14
26670 9.08852e-14
26680 8.76798e-14
26690 8.96581e-14
26700 8.6489e-14
26710 9.12349e-14
26720 8.71028e-14
26730 9.54066e-14
26740 1.05754e-13
26750 1.05503e-13
26760 1.04646e-13
26770 1.12638e-13
26780 1.16722e-13
26790 1.24176e-13
26800 1.44974e-13
26810 1.74929e-13
26820 2.26159e-13
26830 2.85306e-13
26840 3.97602e-13
26850 5.77197e-13
26860 8.42001e-13
26870 1.24402e-12
26880 1.87006e-12
26890 2.79889e-12
26900 4.19826e-12
26910 6.32915e-12
26920 9.51526e-12
26930 1.42765e-11
26940 2.1361e-11
26950 3.18568e-11
26960 4.73579e-11
26970 7.0172e-11
26980 1.0362e-10
26990 1.52488e-10
27000 2.23617e-10
27010 3.26788e-10
27020 4.75875e-10
27030 6.90541e-10
27040 9.98519e-10
27050 1.4388e-09
27060 2.06597e-09
27070 2.95619e-09
27080 4.21535e-09
27090 5.99005e-09
27100 8.48264e-09
27110 1.19713e-08
27120 1.68372e-08
27130 2.36004e-08
27140 3.29685e-08
27150 4.59001e-08
27160 6.36898e-08
27170 8.80795e-08
27180 1.21404e-07
27190 1.66784e-07
27200 2.28371e-07
27210 3.11673e-07
27220 4.23973e-07
27230 5.74859e-07
27240 7.76919e-07
27250 1.04661e-06
27260 1.4054e-06
27270 1.88115e-06
27280 2.50992e-06
27290 3.33823e-06
27300 4.42588e-06
27310 5.84943e-06
27320 7.70663e-06
27330 1.01218e-05
27340 1.32526e-05
27350 1.7298e-05
27360 2.25086e-05
27370 2.9199e-05
27380 3.7762e-05
27390 4.86875e-05
27400 6.25836e-05
27410 8.02027e-05
27420 0.000102472
27430 0.000130533
27440 0.000165782
27450 0.000209921
27460 0.000265025
27470 0.000333606
27480 0.000418698
27490 0.000523954
27500 0.000653755
27510 0.000813341
27520 0.00100895
27530 0.00124799
27540 0.00153922
27550 0.00189297
27560 0.00232138
27570 0.00283865
27580 0.00346134
27590 0.0042087
27600 0.00510303
27610 0.00617006
27620 0.00743935
27630 0.00894479
27640 0.010725
27650 0.0128241
27660 0.0152917
27670 0.018184
27680 0.0215643
27690 0.0255033
27700 0.0300798
27710 0.0353816
27720 0.0415055
27730 0.0485585
27740 0.0566578
27750 0.0659314
27760 0.0765188
27770 0.0885708
27780 0.10225
27790 0.117731
27800 0.135199
27810 0.154854
27820 0.176902
27830 0.201565
27840 0.22907
27850 0.259656
27860 0.293569
27870 0.331058
27880 0.372379
27890 0.41779
27900 0.467546
27910 0.521902
27920 0.581105
27930 0.645394
27940 0.714995
27950 0.79012
27960 0.870958
27970 0.957679
27980 1.05042
27990 1.1493
28000 1.25438
28010 1.3657
28020 1.48326
28030 1.60701
28040 1.73683
28050 1.87259
28060 2.01406
28070 2.161
28080 2.31306
28090 2.46989
28100 2.63104
28110 2.79601
28120 2.96425
28130 3.13515
28140 3.30806
28150 3.48228
28160 3.65703
28170 3.83155
28180 4.005
28190 4.17653
28200 4.34527
28210 4.51034
28220 4.67084
28230 4.82589
28240 4.97461
28250 5.11614
28260 5.24965
28270 5.37434
28280 5.48947
28290 5.59432
28300 5.68826
28310 5.77072
28320 5.84118
28330 5.89921
28340 5.94446
28350 5.97666
28360 5.99564
28370 6.0013
28380 5.99364
28390 5.97274
28400 5.93877
28410 5.892
28420 5.83276
28430 5.76146
28440 5.67859
28450 5.58472
28460 5.48046
28470 5.36647
28480 5.24349
28490 5.11226
28500 4.97358
28510 4.82828
28520 4.67717
28530 4.52111
28540 4.36093
28550 4.19748
28560 4.03157
28570 3.86403
28580 3.69562
28590 3.52711
28600 3.35919
28610 3.19256
28620 3.02785
28630 2.86564
28640 2.70646
28650 2.55082
28660 2.39913
28670 2.2518
28680 2.10916
28690 1.97148
28700 1.839
28710 1.7119
28720 1.59033
28730 1.47437
28740 1.36408
28750 1.25948
28760 1.16054
28770 1.06721
28780 0.979401
28790 0.897006
28800 0.819891
28810 0.747901
28820 0.680867
28830 0.618602
28840 0.560911
28850 0.507588
28860 0.458422
28870 0.413198
28880 0.371699
28890 0.333708
28900 0.29901
28910 0.267394
28920 0.238651
28930 0.212581
28940 0.18899
28950 0.167689
28960 0.148499
28970 0.13125
28980 0.11578
28990 0.101936
29000 0.0895736
29010 0.0785591
29020 0.0687667
29030 0.0600793
29040 0.052389
29050 0.0455958
29060 0.0396077
29070 0.0343406
29080 0.0297173
29090 0.0256677
29100 0.0221279
29110 0.0190403
29120 0.0163527
29130 0.0140179
29140 0.011994
29150 0.010243
29160 0.00873129
29170 0.00742877
29180 0.00630878
29190 0.00534767
29200 0.00452456
29210 0.00382105
29220 0.00322095
29230 0.00271008
29240 0.00227603
29250 0.00190798
29260 0.00159651
29270 0.00133343
29280 0.00111167
29290 0.000925094
29300 0.000768427
29310 0.000637129
29320 0.000527305
29330 0.00043562
29340 0.000359225
29350 0.000295691
29360 0.000242955
29370 0.000199264
29380 0.000163136
29390 0.000133319
29400 0.000108756
29410 8.85597e-05
29420 7.19851e-05
29430 5.84082e-05
29440 4.73076e-05
29450 3.82485e-05
29460 3.08693e-05
29470 2.48696e-05
29480 2.00005e-05
29490 1.60563e-05
29500 1.28672e-05
29510 1.02934e-05
29520 8.21993e-06
29530 6.55261e-06
29540 5.21434e-06
29550 4.14213e-06
29560 3.28466e-06
29570 2.60015e-06
29580 2.0547e-06
29590 1.62086e-06
29600 1.2764e-06
29610 1.0034e-06
29620 7.87428e-07
29630 6.16874e-07
29640 4.82428e-07
29650 3.76635e-07
29660 2.93536e-07
29670 2.28379e-07
29680 1.7738e-07
29690 1.37535e-07
29700 1.06457e-07
29710 8.22616e-08
29720 6.34569e-08
29730 4.88676e-08
29740 3.75686e-08
29750 2.88332e-08
29760 2.20914e-08
29770 1.68974e-08
29780 1.29027e-08
29790 9.8358e-09
29800 7.48523e-09
29810 5.68679e-09
29820 4.31314e-09
29830 3.26575e-09
29840 2.46846e-09
29850 1.86256e-09
29860 1.40284e-09
29870 1.05455e-09
29880 7.91037e-10
29890 5.91865e-10
29900 4.41392e-10
29910 3.27645e-10
29920 2.41456e-10
29930 1.75785e-10
29940 1.25192e-10
29950 8.54286e-11
29960 5.31069e-11
29970 2.54359e-11
29980 0
