-10 0
0 1.29077e-29
10 3.30568e-29
20 7.16341e-29
30 1.49801e-28
40 3.09957e-28
50 6.38053e-28
60 1.30831e-27
70 2.67289e-27
80 5.44119e-27
90 1.1037e-26
100 2.23076e-26
110 4.49256e-26
120 9.01512e-26
130 1.80253e-25
140 3.59108e-25
150 7.12844e-25
160 1.4099e-24
170 2.77844e-24
180 5.45547e-24
190 1.06728e-23
200 2.08033e-23
210 4.04013e-23
220 7.8174e-23
230 1.50706e-22
240 2.89464e-22
250 5.53927e-22
260 1.05609e-21
270 2.00603e-21
280 3.79626e-21
290 7.1574e-21
300 1.34441e-20
310 2.51582e-20
320 4.69028e-20
330 8.71133e-20
340 1.61188e-19
350 2.97125e-19
360 5.45636e-19
370 9.98202e-19
380 1.81921e-18
390 3.30287e-18
400 5.9737e-18
410 1.0763e-17
420 1.93177e-17
430 3.45391e-17
440 6.15168e-17
450 1.09144e-16
460 1.92897e-16
470 3.39601e-16
480 5.95559e-16
490 1.04038e-15
500 1.81034e-15
510 3.13786e-15
520 5.41758e-15
530 9.3169e-15
540 1.59598e-14
550 2.72316e-14
560 4.62808e-14
570 7.83445e-14
580 1.32097e-13
590 2.21845e-13
600 3.71086e-13
610 6.18251e-13
620 1.02593e-12
630 1.69561e-12
640 2.79118e-12
650 4.57615e-12
660 7.47237e-12
670 1.21523e-11
680 1.96833e-11
690 3.17521e-11
700 5.10125e-11
710 8.16222e-11
720 1.30066e-10
730 2.06413e-10
740 3.26232e-10
750 5.13485e-10
760 8.0489e-10
770 1.25646e-09
780 1.95327e-09
790 3.02392e-09
800 4.66198e-09
810 7.15747e-09
820 1.09429e-08
830 1.66604e-08
840 2.5259e-08
850 3.81345e-08
860 5.7331e-08
870 8.58272e-08
880 1.27944e-07
890 1.89921e-07
900 2.80724e-07
910 4.13174e-07
920 6.05525e-07
930 8.83633e-07
940 1.28395e-06
950 1.85762e-06
960 2.67606e-06
970 3.83848e-06
980 5.48204e-06
990 7.79548e-06
1000 1.10371e-05
1010 1.55589e-05
1020 2.18376e-05
1030 3.05163e-05
1040 4.24577e-05
1050 5.88129e-05
1060 8.11106e-05
1070 0.00011137
1080 0.000152243
1090 0.000207198
1100 0.00028074
1110 0.000378697
1120 0.000508562
1130 0.000679918
1140 0.000904951
1150 0.00119907
1160 0.00158167
1170 0.00207696
1180 0.00271507
1190 0.00353322
1200 0.00457713
1210 0.00590259
1220 0.00757732
1230 0.00968299
1240 0.0123174
1250 0.015597
1260 0.0196593
1270 0.0246662
1280 0.030806
1290 0.0382969
1300 0.0473897
1310 0.0583703
1320 0.0715622
1330 0.0873284
1340 0.106073
1350 0.12824
1360 0.154316
1370 0.184825
1380 0.220329
1390 0.26142
1400 0.308716
1410 0.362849
1420 0.42446
1430 0.494184
1440 0.572634
1450 0.660386
1460 0.757962
1470 0.865807
1480 0.984274
1490 1.1136
1500 1.25387
1510 1.40504
1520 1.56685
1530 1.73888
1540 1.92048
1550 2.11078
1560 2.3087
1570 2.51292
1580 2.72191
1590 2.93391
1600 3.147
1610 3.35906
1620 3.56786
1630 3.77105
1640 3.96623
1650 4.15098
1660 4.32293
1670 4.47977
1680 4.61934
1690 4.73967
1700 4.839
1710 4.91586
1720 4.96909
1730 4.99785
1740 5.00169
1750 4.9805
1760 4.93456
1770 4.86452
1780 4.77139
1790 4.65649
1800 4.52147
1810 4.36822
1820 4.19883
1830 4.01559
1840 3.82089
1850 3.61719
1860 3.40694
1870 3.19259
1880 2.97649
1890 2.76085
1900 2.54776
1910 2.33909
1920 2.13651
1930 1.94147
1940 1.75518
1950 1.57861
1960 1.41249
1970 1.25734
1980 1.11346
1990 0.980953
2000 0.859746
2010 0.749615
2020 0.650205
2030 0.561053
2040 0.481611
2050 0.411268
2060 0.349372
2070 0.295246
2080 0.248204
2090 0.207569
2100 0.17268
2110 0.142903
2120 0.117643
2130 0.0963405
2140 0.0784819
2150 0.0635983
2160 0.0512666
2170 0.041109
2180 0.0327905
2190 0.0260177
2200 0.020535
2210 0.0161223
2220 0.0125911
2230 0.0097814
2240 0.00755857
2250 0.00581001
2260 0.00444235
2270 0.00337866
2280 0.00255607
2290 0.00192351
2300 0.00143982
2310 0.00107205
2320 0.000793982
2330 0.000584921
2340 0.00042862
2350 0.000312418
2360 0.00022651
2370 0.000163352
2380 0.000117178
2390 8.36089e-05
2400 5.93395e-05
2410 4.18908e-05
2420 2.94156e-05
2430 2.05456e-05
2440 1.42739e-05
2450 9.86385e-06
2460 6.78006e-06
2470 4.63556e-06
2480 3.15248e-06
2490 2.13247e-06
2500 1.43481e-06
2510 9.60257e-07
2520 6.39237e-07
2530 4.2327e-07
2540 2.78775e-07
2550 1.8263e-07
2560 1.19007e-07
2570 7.71356e-08
2580 4.97302e-08
2590 3.1891e-08
2600 2.03423e-08
2610 1.29067e-08
2620 8.14549e-09
2630 5.11333e-09
2640 3.19285e-09
2650 1.98308e-09
2660 1.22516e-09
2670 7.52894e-10
2680 4.60226e-10
2690 2.79838e-10
2700 1.69261e-10
2710 1.01839e-10
2720 6.09528e-11
2730 3.62829e-11
2740 2.15041e-11
2750 1.26759e-11
2760 7.43932e-12
2770 4.34518e-12
2780 2.53449e-12
2790 1.47391e-12
2800 8.54709e-13
2810 5.00792e-13
2820 3.02984e-13
2830 1.75249e-13
2840 1.22094e-13
2850 7.61839e-14
2860 5.41069e-14
2870 3.80816e-14
2880 3.00325e-14
2890 3.5477e-14
2900 3.02274e-14
2910 3.56177e-14
2920 3.63394e-14
2930 3.27048e-14
2940 3.34645e-14
2950 3.88281e-14
2960 4.33297e-14
2970 4.12406e-14
2980 4.53041e-14
2990 4.29664e-14
3000 4.52543e-14
3010 4.50329e-14
3020 4.26822e-14
3030 4.54899e-14
3040 5.05012e-14
3050 4.9149e-14
3060 4.37059e-14
3070 4.8619e-14
3080 4.43194e-14
3090 4.35857e-14
3100 4.08198e-14
3110 5.07103e-14
3120 4.96611e-14
3130 5.06436e-14
3140 5.12183e-14
3150 4.99789e-14
3160 5.23191e-14
3170 5.26224e-14
3180 4.44588e-14
3190 4.47842e-14
3200 4.51233e-14
3210 3.96627e-14
3220 3.4744e-14
3230 3.73661e-14
3240 3.64301e-14
3250 3.93675e-14
3260 4.69717e-14
3270 4.50674e-14
3280 4.37804e-14
3290 4.4702e-14
3300 4.52811e-14
3310 4.50311e-14
3320 4.17929e-14
3330 4.51683e-14
3340 3.80482e-14
3350 3.78094e-14
3360 3.69948e-14
3370 3.63686e-14
3380 3.73991e-14
3390 3.95524e-14
3400 3.73062e-14
3410 3.77437e-14
3420 3.76928e-14
3430 3.70312e-14
3440 3.86422e-14
3450 3.69157e-14
3460 3.88782e-14
3470 3.64956e-14
3480 3.34328e-14
3490 3.42079e-14
3500 3.84191e-14
3510 3.7468e-14
3520 3.55064e-14
3530 3.78874e-14
3540 3.46688e-14
3550 3.74886e-14
3560 4.07253e-14
3570 2.82838e-14
3580 3.7634e-14
3590 3.31656e-14
3600 3.33727e-14
3610 3.50758e-14
3620 3.68784e-14
3630 3.62054e-14
3640 3.45818e-14
3650 3.8954e-14
3660 3.88501e-14
3670 4.94239e-14
3680 3.82871e-14
3690 4.31054e-14
3700 3.56294e-14
3710 3.76352e-14
3720 2.97058e-14
3730 3.45431e-14
3740 2.66601e-14
3750 3.36352e-14
3760 2.72544e-14
3770 2.63416e-14
3780 3.21943e-14
3790 3.36617e-14
3800 3.32395e-14
3810 3.22031e-14
3820 3.58395e-14
3830 2.9775e-14
3840 3.57684e-14
3850 3.56275e-14
3860 3.67731e-14
3870 3.42438e-14
3880 3.21618e-14
3890 2.55767e-14
3900 2.37375e-14
3910 2.68264e-14
3920 3.01953e-14
3930 3.47148e-14
3940 3.54639e-14
3950 3.36337e-14
3960 2.67488e-14
3970 2.07986e-14
3980 2.18033e-14
3990 1.53461e-14
4000 1.84292e-14
4010 2.10945e-14
4020 2.1986e-14
4030 2.0928e-14
4040 2.61759e-14
4050 2.25697e-14
4060 2.39347e-14
4070 2.61529e-14
4080 2.65807e-14
4090 2.07302e-14
4100 2.69346e-14
4110 2.0765e-14
4120 2.56615e-14
4130 3.01168e-14
4140 3.13931e-14
4150 3.34162e-14
4160 3.67458e-14
4170 2.95028e-14
4180 3.37881e-14
4190 3.36543e-14
4200 3.79311e-14
4210 3.71137e-14
4220 4.09717e-14
4230 4.42865e-14
4240 4.05208e-14
4250 4.33331e-14
4260 4.50795e-14
4270 4.09791e-14
4280 4.29498e-14
4290 4.44228e-14
4300 4.45061e-14
4310 3.91759e-14
4320 4.08048e-14
4330 3.8349e-14
4340 4.33128e-14
4350 3.86229e-14
4360 4.04463e-14
4370 3.32942e-14
4380 3.2074e-14
4390 3.76161e-14
4400 3.87054e-14
4410 3.22589e-14
4420 3.65756e-14
4430 3.93838e-14
4440 3.71931e-14
4450 2.8578e-14
4460 2.30652e-14
4470 2.10118e-14
4480 2.14248e-14
4490 1.69138e-14
4500 2.02602e-14
4510 1.88356e-14
4520 1.34081e-14
4530 1.47715e-14
4540 1.7069e-14
4550 2.09188e-14
4560 2.08051e-14
4570 1.25386e-14
4580 1.15981e-14
4590 1.01328e-14
4600 1.42677e-14
4610 1.06708e-14
4620 7.83873e-15
4630 6.41908e-15
4640 3.33441e-15
4650 2.69478e-15
4660 9.44699e-15
4670 6.13398e-16
4680 1.24165e-15
4690 -3.58007e-15
4700 -7.95813e-15
4710 -1.45333e-14
4720 -1.02512e-14
4730 -1.11562e-14
4740 -1.88831e-14
4750 -1.65167e-14
4760 -1.31933e-14
4770 -1.42272e-14
4780 -6.24206e-15
4790 -1.18325e-14
4800 -1.07681e-14
4810 -1.38946e-14
4820 -1.30941e-14
4830 -1.59342e-14
4840 -1.03971e-14
4850 -6.08973e-15
4860 1.53124e-15
4870 -1.07834e-15
4880 4.73617e-15
4890 3.68987e-16
4900 1.06925e-15
4910 1.15772e-15
4920 -6.48474e-16
4930 -3.72039e-15
4940 -9.28733e-15
4950 -4.22499e-15
4960 -4.28644e-15
4970 -6.17114e-16
4980 -3.59776e-15
4990 -6.26817e-15
5000 -4.91456e-15
5010 -4.16375e-15
5020 -4.33063e-15
5030 -5.20625e-15
5040 -1.00611e-14
5050 -1.12568e-14
5060 -1.37053e-14
5070 -1.00004e-14
5080 -1.10712e-14
5090 -1.5306e-14
5100 -1.27666e-14
5110 -1.36329e-14
5120 -9.80222e-15
5130 -1.48428e-14
5140 -1.04074e-14
5150 -1.11255e-14
5160 7.92897e-16
5170 -9.44112e-15
5180 -4.89773e-15
5190 -9.65311e-15
5200 -8.09471e-15
5210 -6.01103e-15
5220 -7.48025e-15
5230 -1.49879e-14
5240 -5.3251e-15
5250 -6.10779e-15
5260 -8.41778e-15
5270 -8.34209e-15
5280 -3.92755e-15
5290 3.12761e-15
5300 -4.94521e-15
5310 2.85761e-15
5320 -3.64835e-15
5330 -6.63033e-15
5340 -1.80509e-15
5350 5.51104e-16
5360 6.58603e-16
5370 -2.66268e-15
5380 7.75156e-16
5390 4.83908e-15
5400 -7.32543e-15
5410 -1.0558e-14
5420 -2.20416e-14
5430 -1.5438e-14
5440 -1.39496e-14
5450 -1.82945e-14
5460 -1.03375e-14
5470 -5.64366e-15
5480 -8.22221e-15
5490 -4.17587e-15
5500 -1.95148e-14
5510 -1.51765e-14
5520 -1.37205e-14
5530 -6.99436e-15
5540 -6.18783e-15
5550 -7.91527e-15
5560 -8.06354e-15
5570 -3.78316e-15
5580 -1.15715e-14
5590 -8.04762e-15
5600 2.0068e-15
5610 3.54389e-15
5620 1.84298e-15
5630 4.82581e-15
5640 5.6093e-15
5650 1.38605e-14
5660 1.50319e-14
5670 1.86418e-14
5680 2.37143e-14
5690 2.61553e-14
5700 2.69334e-14
5710 3.10632e-14
5720 3.22254e-14
5730 3.16947e-14
5740 3.14779e-14
5750 2.79577e-14
5760 2.76379e-14
5770 2.92511e-14
5780 2.46983e-14
5790 1.74352e-14
5800 1.58124e-14
5810 1.49787e-14
5820 1.53099e-14
5830 9.05736e-15
5840 5.30654e-15
5850 7.25577e-15
5860 6.92008e-15
5870 8.60187e-15
5880 -1.48871e-15
5890 -6.52764e-15
5900 -1.13925e-14
5910 -1.26944e-14
5920 -1.39954e-14
5930 -2.29323e-14
5940 -2.13734e-14
5950 -2.39675e-14
5960 -2.25857e-14
5970 -2.29727e-14
5980 -2.99456e-14
5990 -2.62938e-14
6000 -2.34894e-14
6010 -3.01657e-14
6020 -3.05972e-14
6030 -3.61917e-14
6040 -3.42523e-14
6050 -3.38112e-14
6060 -3.72009e-14
6070 -3.79153e-14
6080 -4.95313e-14
6090 -3.96188e-14
6100 -4.62353e-14
6110 -4.47938e-14
6120 -4.54247e-14
6130 -4.52699e-14
6140 -4.79106e-14
6150 -4.65898e-14
6160 -5.15933e-14
6170 -5.58943e-14
6180 -5.40949e-14
6190 -5.88462e-14
6200 -6.59209e-14
6210 -6.38132e-14
6220 -7.50707e-14
6230 -7.13301e-14
6240 -6.91829e-14
6250 -7.44548e-14
6260 -7.48626e-14
6270 -7.23022e-14
6280 -6.56094e-14
6290 -5.90168e-14
6300 -6.1516e-14
6310 -5.81362e-14
6320 -6.20587e-14
6330 -6.35032e-14
6340 -7.33472e-14
6350 -7.02379e-14
6360 -6.9946e-14
6370 -6.88003e-14
6380 -7.32342e-14
6390 -7.45971e-14
6400 -6.412e-14
6410 -6.77621e-14
6420 -5.96542e-14
6430 -6.74485e-14
6440 -6.63097e-14
6450 -6.91742e-14
6460 -6.89172e-14
6470 -6.7394e-14
6480 -6.82821e-14
6490 -7.01871e-14
6500 -6.54539e-14
6510 -6.00565e-14
6520 -7.22237e-14
6530 -7.26196e-14
6540 -7.71595e-14
6550 -7.13602e-14
6560 -6.95665e-14
6570 -6.94936e-14
6580 -6.58332e-14
6590 -6.14868e-14
6600 -5.70873e-14
6610 -6.5811e-14
6620 -6.94218e-14
6630 -6.79653e-14
6640 -6.79529e-14
6650 -6.8445e-14
6660 -7.6118e-14
6670 -7.48868e-14
6680 -7.43217e-14
6690 -7.80619e-14
6700 -7.97969e-14
6710 -8.45262e-14
6720 -7.77552e-14
6730 -7.40011e-14
6740 -7.89999e-14
6750 -7.60148e-14
6760 -7.12107e-14
6770 -6.89426e-14
6780 -6.8502e-14
6790 -5.90693e-14
6800 -7.2746e-14
6810 -5.98217e-14
6820 -5.81475e-14
6830 -6.08697e-14
6840 -6.09075e-14
6850 -6.65717e-14
6860 -7.01871e-14
6870 -7.02158e-14
6880 -6.80908e-14
6890 -6.69955e-14
6900 -6.80683e-14
6910 -7.53007e-14
6920 -6.19658e-14
6930 -6.77421e-14
6940 -6.50016e-14
6950 -6.4575e-14
6960 -6.07922e-14
6970 -6.13718e-14
6980 -6.61686e-14
6990 -6.59678e-14
7000 -6.69178e-14
7010 -6.71078e-14
7020 -6.4664e-14
7030 -5.68653e-14
7040 -6.22971e-14
7050 -6.66372e-14
7060 -6.11971e-14
7070 -5.97688e-14
7080 -6.72837e-14
7090 -6.12717e-14
7100 -5.45567e-14
7110 -5.42824e-14
7120 -4.68978e-14
7130 -2.62051e-14
7140 1.65499e-14
7150 7.46929e-14
7160 1.91608e-13
7170 3.93422e-13
7180 7.56139e-13
7190 1.37384e-12
7200 2.44108e-12
7210 4.24339e-12
7220 7.34639e-12
7230 1.25803e-11
7240 2.1409e-11
7250 3.61985e-11
7260 6.08546e-11
7270 1.01728e-10
7280 1.69155e-10
7290 2.7973e-10
7300 4.60116e-10
7310 7.52791e-10
7320 1.22505e-09
7330 1.98297e-09
7340 3.19274e-09
7350 5.11323e-09
7360 8.14539e-09
7370 1.29066e-08
7380 2.03422e-08
7390 3.18909e-08
7400 4.97301e-08
7410 7.71355e-08
7420 1.19007e-07
7430 1.8263e-07
7440 2.78775e-07
7450 4.23269e-07
7460 6.39237e-07
7470 9.60257e-07
7480 1.43481e-06
7490 2.13247e-06
7500 3.15248e-06
7510 4.63556e-06
7520 6.78006e-06
7530 9.86385e-06
7540 1.42739e-05
7550 2.05456e-05
7560 2.94156e-05
7570 4.18908e-05
7580 5.93395e-05
7590 8.36089e-05
7600 0.000117178
7610 0.000163352
7620 0.00022651
7630 0.000312418
7640 0.00042862
7650 0.000584921
7660 0.000793982
7670 0.00107205
7680 0.00143982
7690 0.00192351
7700 0.00255607
7710 0.00337866
7720 0.00444235
7730 0.00581001
7740 0.00755857
7750 0.0097814
7760 0.0125911
7770 0.0161223
7780 0.020535
7790 0.0260177
7800 0.0327905
7810 0.041109
7820 0.0512666
7830 0.0635983
7840 0.0784819
7850 0.0963405
7860 0.117643
7870 0.142903
7880 0.17268
7890 0.207569
7900 0.248204
7910 0.295246
7920 0.349372
7930 0.411268
7940 0.481611
7950 0.561053
7960 0.650205
7970 0.749615
7980 0.859746
7990 0.980953
8000 1.11346
8010 1.25734
8020 1.41249
8030 1.57861
8040 1.75518
8050 1.94147
8060 2.13651
8070 2.33909
8080 2.54776
8090 2.76085
8100 2.97649
8110 3.19259
8120 3.40694
8130 3.61719
8140 3.82089
8150 4.01559
8160 4.19883
8170 4.36822
8180 4.52147
8190 4.65649
8200 4.77139
8210 4.86452
8220 4.93456
8230 4.9805
8240 5.00169
8250 4.99785
8260 4.96909
8270 4.91586
8280 4.839
8290 4.73967
8300 4.61934
8310 4.47977
8320 4.32293
8330 4.15098
8340 3.96623
8350 3.77105
8360 3.56786
8370 3.35906
8380 3.147
8390 2.93391
8400 2.72191
8410 2.51292
8420 2.3087
8430 2.11078
8440 1.92048
8450 1.73888
8460 1.56685
8470 1.40504
8480 1.25387
8490 1.1136
8500 0.984274
8510 0.865807
8520 0.757962
8530 0.660386
8540 0.572634
8550 0.494184
8560 0.42446
8570 0.362849
8580 0.308716
8590 0.26142
8600 0.220329
8610 0.184825
8620 0.154316
8630 0.12824
8640 0.106073
8650 0.0873284
8660 0.0715622
8670 0.0583703
8680 0.0473897
8690 0.0382969
8700 0.030806
8710 0.0246662
8720 0.0196593
8730 0.015597
8740 0.0123174
8750 0.00968299
8760 0.00757732
8770 0.00590259
8780 0.00457713
8790 0.00353322
8800 0.00271507
8810 0.00207696
8820 0.00158167
8830 0.00119907
8840 0.000904951
8850 0.000679918
8860 0.000508562
8870 0.000378697
8880 0.00028074
8890 0.000207198
8900 0.000152243
8910 0.00011137
8920 8.11106e-05
8930 5.88129e-05
8940 4.24577e-05
8950 3.05163e-05
8960 2.18376e-05
8970 1.55589e-05
8980 1.10371e-05
8990 7.79548e-06
9000 5.48204e-06
9010 3.83848e-06
9020 2.67606e-06
9030 1.85762e-06
9040 1.28395e-06
9050 8.83633e-07
9060 6.05525e-07
9070 4.13174e-07
9080 2.80724e-07
9090 1.89921e-07
9100 1.27944e-07
9110 8.58272e-08
9120 5.7331e-08
9130 3.81345e-08
9140 2.5259e-08
9150 1.66604e-08
9160 1.09429e-08
9170 7.15747e-09
9180 4.66198e-09
9190 3.02392e-09
9200 1.95327e-09
9210 1.25646e-09
9220 8.0489e-10
9230 5.13485e-10
9240 3.26232e-10
9250 2.06413e-10
9260 1.30066e-10
9270 8.16222e-11
9280 5.10125e-11
9290 3.17521e-11
9300 1.96833e-11
9310 1.21523e-11
9320 7.47237e-12
9330 4.57615e-12
9340 2.79118e-12
9350 1.69561e-12
9360 1.02593e-12
9370 6.18251e-13
9380 3.71086e-13
9390 2.21845e-13
9400 1.32097e-13
9410 7.83445e-14
9420 4.62808e-14
9430 2.72316e-14
9440 1.59598e-14
9450 9.3169e-15
9460 5.41758e-15
9470 3.13786e-15
9480 1.81034e-15
9490 1.04038e-15
9500 5.95559e-16
9510 3.39601e-16
9520 1.92897e-16
9530 1.09144e-16
9540 6.15168e-17
9550 3.45391e-17
9560 1.93177e-17
9570 1.0763e-17
9580 5.9737e-18
9590 3.30287e-18
9600 1.81921e-18
9610 9.98202e-19
9620 5.45636e-19
9630 2.97125e-19
9640 1.61188e-19
9650 8.71133e-20
9660 4.69028e-20
9670 2.51582e-20
9680 1.34441e-20
9690 7.1574e-21
9700 3.79626e-21
9710 2.00603e-21
9720 1.05609e-21
9730 5.53927e-22
9740 2.89464e-22
9750 1.50706e-22
9760 7.8174e-23
9770 4.04013e-23
9780 2.08033e-23
9790 1.06728e-23
9800 5.45547e-24
9810 2.77844e-24
9820 1.4099e-24
9830 7.12844e-25
9840 3.59108e-25
9850 1.80253e-25
9860 9.01512e-26
9870 4.49256e-26
9880 2.23076e-26
9890 1.1037e-26
9900 5.4412e-27
9910 2.67291e-27
9920 1.30836e-27
9930 6.38156e-28
9940 3.10178e-28
9950 1.5027e-28
9960 7.26303e-29
9970 3.51643e-29
9980 1.73507e-29
9990 9.33401e-30
10000 5.00863e-30
10010 2.68084e-30
10020 1.43127e-30
10030 7.62217e-31
10040 4.04892e-31
10050 2.14539e-31
10060 1.13391e-31
10070 5.97808e-32
10080 3.14379e-32
10090 1.64914e-32
10100 8.62929e-33
10110 4.50408e-33
10120 2.34506e-33
10130 1.21792e-33
10140 6.30957e-34
10150 3.26063e-34
10160 1.68084e-34
10170 8.64313e-35
10180 4.43344e-35
10190 2.26849e-35
10200 1.15786e-35
10210 5.89532e-36
10220 2.99424e-36
10230 1.51703e-36
10240 7.6672e-37
10250 3.86555e-37
10260 1.94411e-37
10270 9.75361e-38
10280 4.88144e-38
10290 2.43707e-38
10300 1.21375e-38
10310 6.03015e-39
10320 2.98862e-39
10330 1.47759e-39
10340 7.28757e-40
10350 3.58554e-40
10360 1.75983e-40
10370 8.61647e-41
10380 4.20855e-41
10390 2.05058e-41
10400 9.96692e-42
10410 4.83262e-42
10420 2.33742e-42
10430 1.12777e-42
10440 5.42778e-43
10450 2.60578e-43
10460 1.24782e-43
10470 5.96015e-44
10480 2.83944e-44
10490 1.34916e-44
10500 6.39328e-45
10510 3.02129e-45
10520 1.42377e-45
10530 6.69009e-46
10540 3.13427e-46
10550 1.46391e-46
10560 6.81585e-47
10570 3.16309e-47
10580 1.46298e-47
10590 6.74297e-48
10600 3.09666e-48
10610 1.41681e-48
10620 6.45725e-49
10630 2.93118e-49
10640 1.32506e-49
10650 5.96445e-50
10660 2.67291e-50
10670 1.19239e-50
10680 5.29438e-51
10690 2.33947e-51
10700 1.02865e-51
10710 4.49999e-52
10720 1.95838e-52
10730 8.47767e-53
10740 3.65006e-53
10750 1.56286e-53
10760 6.65421e-54
10770 2.817e-54
10780 1.18564e-54
10790 4.96088e-55
10800 2.06334e-55
10810 8.53017e-56
10820 3.50502e-56
10830 1.43134e-56
10840 5.80883e-57
10850 2.34264e-57
10860 9.38804e-58
10870 3.73831e-58
10880 1.47908e-58
10890 5.81439e-59
10900 2.27093e-59
10910 8.81201e-60
10920 3.39709e-60
10930 1.30104e-60
10940 4.95012e-61
10950 1.87101e-61
10960 7.02526e-62
10970 2.62042e-62
10980 9.70949e-63
10990 3.57383e-63
11000 1.30672e-63
11010 4.74607e-64
11020 1.71235e-64
11030 6.13694e-65
11040 2.18481e-65
11050 7.72639e-66
11060 2.71419e-66
11070 9.47123e-67
11080 3.28302e-67
11090 1.13043e-67
11100 3.86652e-68
11110 1.31372e-68
11120 4.43397e-69
11130 1.4866e-69
11140 4.95116e-70
11150 1.63808e-70
11160 5.38373e-71
11170 1.75773e-71
11180 5.7009e-72
11190 1.8368e-72
11200 5.87912e-73
11210 1.86937e-73
11220 5.90497e-74
11230 1.85302e-74
11240 5.77678e-75
11250 1.78912e-75
11260 5.50485e-76
11270 1.6827e-76
11280 5.11008e-77
11290 1.54174e-77
11300 4.62126e-78
11310 1.3762e-78
11320 4.0717e-79
11330 1.19687e-79
11340 3.49545e-80
11350 1.01424e-80
11360 2.92396e-81
11370 8.37518e-82
11380 2.38349e-82
11390 6.73957e-83
11400 1.89346e-83
11410 5.28551e-84
11420 1.46598e-84
11430 4.04005e-85
11440 1.10627e-85
11450 3.00995e-86
11460 8.13733e-87
11470 2.18592e-87
11480 5.83468e-88
11490 1.54752e-88
11500 4.07843e-89
11510 1.06805e-89
11520 2.77931e-90
11530 7.1867e-91
11540 1.8466e-91
11550 4.71489e-92
11560 1.19626e-92
11570 3.01608e-93
11580 7.55651e-94
11590 1.88134e-94
11600 4.65457e-95
11610 1.14437e-95
11620 2.79591e-96
11630 6.78828e-97
11640 1.63785e-97
11650 3.9271e-98
11660 9.35736e-99
11670 2.21575e-99
11680 5.21409e-100
11690 1.21935e-100
11700 2.8338e-101
11710 6.54497e-102
11720 1.50226e-102
11730 3.42673e-103
11740 7.76816e-104
11750 1.75009e-104
11760 3.9184e-105
11770 8.71898e-106
11780 1.92811e-106
11790 4.2375e-107
11800 9.25552e-108
11810 2.00912e-108
11820 4.3344e-109
11830 9.2933e-110
11840 1.9803e-110
11850 4.19384e-111
11860 8.82705e-112
11870 1.84647e-112
11880 3.83881e-113
11890 7.93187e-114
11900 1.62886e-114
11910 3.32444e-115
11920 6.74348e-116
11930 1.3595e-116
11940 2.72401e-117
11950 5.42464e-118
11960 1.07366e-118
11970 2.11201e-119
11980 4.12915e-120
11990 8.02347e-121
12000 1.54953e-121
12010 2.97424e-122
12020 5.67401e-123
12030 1.07583e-123
12040 2.02738e-124
12050 3.79722e-125
12060 7.06867e-126
12070 1.30782e-126
12080 2.40493e-127
12090 4.39537e-128
12100 7.98416e-129
12110 1.44147e-129
12120 2.58656e-130
12130 4.61297e-131
12140 8.17675e-132
12150 1.44053e-132
12160 2.52235e-133
12170 4.38964e-134
12180 7.59265e-135
12190 1.30527e-135
12200 2.23021e-136
12210 3.78731e-137
12220 6.3923e-138
12230 1.07231e-138
12240 1.78783e-139
12250 2.96257e-140
12260 4.87921e-141
12270 7.98668e-142
12280 1.29933e-142
12290 2.10092e-143
12300 3.37625e-144
12310 5.39254e-145
12320 8.56023e-146
12330 1.35055e-146
12340 2.11771e-147
12350 3.30029e-148
12360 5.11173e-149
12370 7.86886e-150
12380 1.20388e-150
12390 1.83055e-151
12400 2.76632e-152
12410 4.15478e-153
12420 6.20176e-154
12430 9.20032e-155
12440 1.35647e-155
12450 1.98763e-156
12460 2.89452e-157
12470 4.18921e-158
12480 6.0256e-159
12490 8.61351e-160
12500 1.22368e-160
12510 1.72769e-161
12520 2.42421e-162
12530 3.38047e-163
12540 4.68474e-164
12550 6.45201e-165
12560 8.83084e-166
12570 1.20117e-166
12580 1.62369e-167
12590 2.18118e-168
12600 2.91185e-169
12610 3.86308e-170
12620 5.09311e-171
12630 6.67291e-172
12640 8.68814e-173
12650 1.12413e-173
12660 1.44537e-174
12670 1.84678e-175
12680 2.34489e-176
12690 2.95866e-177
12700 3.70963e-178
12710 4.62199e-179
12720 5.72249e-180
12730 7.04039e-181
12740 8.60717e-182
12750 1.04562e-182
12760 1.26221e-183
12770 1.51404e-184
12780 1.80459e-185
12790 2.13726e-186
12800 2.51519e-187
12810 2.94112e-188
12820 3.41729e-189
12830 3.94524e-190
12840 4.5257e-191
12850 5.15837e-192
12860 5.84187e-193
12870 6.57355e-194
12880 7.34941e-195
12890 8.16405e-196
12900 9.01064e-197
12910 9.88095e-198
12920 1.07654e-198
12930 1.16533e-199
12940 1.25327e-200
12950 1.33912e-201
12960 1.42155e-202
12970 1.49926e-203
12980 1.57092e-204
12990 1.63527e-205
13000 1.69114e-206
13010 1.73747e-207
13020 1.77338e-208
13030 1.79815e-209
13040 1.81129e-210
13050 1.8125e-211
13060 1.80175e-212
13070 1.77922e-213
13080 1.74535e-214
13090 1.70076e-215
13100 1.64631e-216
13110 1.58299e-217
13120 1.51196e-218
13130 1.43446e-219
13140 1.35183e-220
13150 1.26542e-221
13160 1.17657e-222
13170 1.08659e-223
13180 9.96728e-225
13190 9.08115e-226
13200 8.21776e-227
13210 7.38599e-228
13220 6.59326e-229
13230 5.8455e-230
13240 5.14715e-231
13250 4.50121e-232
13260 3.90933e-233
13270 3.37193e-234
13280 2.88838e-235
13290 2.45708e-236
13300 2.07572e-237
13310 1.74139e-238
13320 1.45075e-239
13330 1.20019e-240
13340 9.85973e-242
13350 8.04318e-243
13360 6.51526e-244
13370 5.24046e-245
13380 4.18535e-246
13390 3.31905e-247
13400 2.61339e-248
13410 2.04314e-249
13420 1.58594e-250
13430 1.22225e-251
13440 9.35221e-253
13450 7.10455e-254
13460 5.35822e-255
13470 4.01197e-256
13480 2.98221e-257
13490 2.20067e-258
13500 1.61212e-259
13510 1.17235e-260
13520 8.46306e-262
13530 6.06451e-263
13540 4.31374e-264
13550 3.04574e-265
13560 2.13453e-266
13570 1.48482e-267
13580 1.02517e-268
13590 7.0252e-270
13600 4.77808e-271
13610 3.22529e-272
13620 2.16071e-273
13630 1.43656e-274
13640 9.47849e-276
13650 6.20632e-277
13660 4.03271e-278
13670 2.60026e-279
13680 1.66373e-280
13690 1.05629e-281
13700 6.65433e-283
13710 4.15946e-284
13720 2.5797e-285
13730 1.58741e-286
13740 9.69135e-288
13750 5.87005e-289
13760 3.52736e-290
13770 2.10278e-291
13780 1.24355e-292
13790 7.29536e-294
13800 4.24548e-295
13810 2.45072e-296
13820 1.40324e-297
13830 7.96941e-299
13840 4.48917e-300
13850 2.50805e-301
13860 1.3897e-302
13870 7.63672e-304
13880 4.16179e-305
13890 2.24918e-306
13900 1.20538e-307
13910 6.40569e-309
13920 3.37546e-310
13930 1.76364e-311
13940 9.13651e-313
13950 4.69275e-314
13960 2.38966e-315
13970 1.20639e-316
13980 6.0374e-318
13990 2.99344e-319
14000 1.4407e-320
14010 5.33591e-322
14020 0
14030 0
14040 0
14050 0
14060 0
14070 0
14080 0
14090 0
14100 0
14110 0
14120 0
14130 0
14140 0
14150 0
14160 0
14170 0
14180 0
14190 0
14200 0
14210 0
14220 0
14230 0
14240 0
14250 0
14260 0
14270 0
14280 0
14290 0
14300 0
14310 0
14320 0
14330 0
14340 0
14350 0
14360 0
14370 0
14380 0
14390 0
14400 0
14410 0
14420 0
14430 0
14440 0
14450 0
14460 0
14470 0
14480 0
14490 0
14500 0
14510 0
14520 0
14530 0
14540 0
14550 0
14560 0
14570 0
14580 0
14590 0
14600 0
14610 0
14620 0
14630 0
14640 0
14650 0
14660 0
14670 0
14680 0
14690 0
14700 0
14710 0
14720 0
14730 0
14740 0
14750 0
14760 0
14770 0
14780 0
14790 0
14800 0
14810 0
14820 0
14830 0
14840 0
14850 0
14860 0
14870 0
14880 0
14890 0
14900 0
14910 0
14920 0
14930 0
14940 0
14950 0
14960 0
14970 0
14980 0
14990 0
15000 0
15010 0
15020 0
15030 0
15040 0
15050 0
15060 0
15070 0
15080 0
15090 0
15100 0
15110 0
15120 0
15130 0
15140 0
15150 0
15160 0
15170 0
15180 0
15190 0
15200 0
15210 0
15220 0
15230 0
15240 0
15250 0
15260 0
15270 0
15280 0
15290 0
15300 0
15310 0
15320 0
15330 0
15340 0
15350 0
15360 0
15370 0
15380 0
15390 0
15400 0
15410 0
15420 0
15430 0
15440 0
15450 0
15460 0
15470 0
15480 0
15490 0
15500 0
15510 0
15520 0
15530 0
15540 0
15550 0
15560 0
15570 0
15580 0
15590 0
15600 0
15610 0
15620 0
15630 0
15640 0
15650 0
15660 0
15670 0
15680 0
15690 0
15700 0
15710 0
15720 0
15730 0
15740 0
15750 0
15760 0
15770 0
15780 0
15790 0
15800 0
15810 0
15820 0
15830 0
15840 0
15850 0
15860 0
15870 0
15880 0
15890 0
15900 0
15910 0
15920 0
15930 0
15940 0
15950 0
15960 0
15970 0
15980 0
15990 0
16000 0
16010 0
16020 0
16030 0
16040 0
16050 0
16060 0
16070 0
16080 0
16090 0
16100 0
16110 0
16120 0
16130 0
16140 0
16150 0
16160 0
16170 0
16180 0
16190 0
16200 0
16210 0
16220 0
16230 0
16240 0
16250 0
16260 0
16270 0
16280 0
16290 0
16300 0
16310 0
16320 0
16330 0
16340 0
16350 0
16360 0
16370 0
16380 0
16390 0
16400 0
16410 0
16420 0
16430 0
16440 0
16450 0
16460 0
16470 0
16480 0
16490 0
16500 0
16510 0
16520 0
16530 0
16540 0
16550 0
16560 0
16570 0
16580 0
16590 0
16600 0
16610 0
16620 0
16630 0
16640 0
16650 0
16660 0
16670 0
16680 0
16690 0
16700 0
16710 0
16720 0
16730 0
16740 0
16750 0
16760 0
16770 0
16780 0
16790 0
16800 0
16810 0
16820 0
16830 0
16840 0
16850 0
16860 0
16870 0
16880 0
16890 0
16900 0
16910 0
16920 0
16930 0
16940 0
16950 0
16960 0
16970 0
16980 0
16990 0
17000 0
17010 0
17020 0
17030 0
17040 0
17050 0
17060 0
17070 0
17080 0
17090 0
17100 0
17110 0
17120 0
17130 0
17140 0
17150 0
17160 0
17170 0
17180 0
17190 0
17200 0
17210 0
17220 0
17230 0
17240 0
17250 0
17260 0
17270 0
17280 0
17290 0
17300 0
17310 0
17320 0
17330 0
17340 0
17350 0
17360 0
17370 0
17380 0
17390 0
17400 0
17410 0
17420 0
17430 0
17440 0
17450 0
17460 0
17470 0
17480 0
17490 0
17500 0
17510 0
17520 0
17530 0
17540 0
17550 0
17560 0
17570 0
17580 0
17590 0
17600 0
17610 0
17620 0
17630 0
17640 0
17650 0
17660 0
17670 0
17680 0
17690 0
17700 0
17710 0
17720 0
17730 0
17740 0
17750 0
17760 0
17770 0
17780 0
17790 0
17800 0
17810 0
17820 0
17830 0
17840 0
17850 0
17860 0
17870 0
17880 0
17890 0
17900 0
17910 0
17920 0
17930 0
17940 0
17950 0
17960 0
17970 0
17980 0
17990 0
18000 0
18010 0
18020 0
18030 0
18040 0
18050 0
18060 0
18070 0
18080 0
18090 0
18100 0
18110 0
18120 0
18130 0
18140 0
18150 0
18160 0
18170 0
18180 0
18190 0
18200 0
18210 0
18220 0
18230 0
18240 0
18250 0
18260 0
18270 0
18280 0
18290 0
18300 0
18310 0
18320 0
18330 0
18340 0
18350 0
18360 0
18370 0
18380 0
18390 0
18400 0
18410 0
18420 0
18430 0
18440 0
18450 0
18460 0
18470 0
18480 0
18490 0
18500 0
18510 0
18520 0
18530 0
18540 0
18550 0
18560 0
18570 0
18580 0
18590 0
18600 0
18610 0
18620 0
18630 0
18640 0
18650 0
18660 0
18670 0
18680 0
18690 0
18700 0
18710 0
18720 0
18730 0
18740 0
18750 0
18760 0
18770 0
18780 0
18790 0
18800 0
18810 0
18820 0
18830 0
18840 0
18850 0
18860 0
18870 0
18880 0
18890 0
18900 0
18910 0
18920 0
18930 0
18940 0
18950 0
18960 0
18970 0
18980 0
18990 0
19000 0
19010 0
19020 0
19030 0
19040 0
19050 0
19060 0
19070 0
19080 0
19090 0
19100 0
19110 0
19120 0
19130 0
19140 0
19150 0
19160 0
19170 0
19180 0
19190 0
19200 0
19210 0
19220 0
19230 0
19240 0
19250 0
19260 0
19270 0
19280 0
19290 0
19300 0
19310 0
19320 0
19330 0
19340 0
19350 0
19360 0
19370 0
19380 0
19390 0
19400 0
19410 0
19420 0
19430 0
19440 0
19450 0
19460 0
19470 0
19480 0
19490 0
19500 0
19510 0
19520 0
19530 0
19540 0
19550 0
19560 0
19570 0
19580 0
19590 0
19600 0
19610 0
19620 0
19630 0
19640 0
19650 0
19660 0
19670 0
19680 0
19690 0
19700 0
19710 0
19720 0
19730 0
19740 0
19750 0
19760 0
19770 0
19780 0
19790 0
19800 0
19810 0
19820 0
19830 0
19840 0
19850 0
19860 0
19870 0
19880 0
19890 0
19900 0
19910 0
19920 0
19930 0
19940 0
19950 0
19960 0
19970 0
19980 0
19990 0
20000 0
20010 0
20020 0
20030 0
20040 0
20050 0
20060 0
20070 0
20080 0
20090 0
20100 0
20110 0
20120 0
20130 0
20140 0
20150 0
20160 0
20170 0
20180 0
20190 0
20200 0
20210 0
20220 0
20230 0
20240 0
20250 0
20260 0
20270 0
20280 0
20290 0
20300 0
20310 0
20320 0
20330 0
20340 0
20350 0
20360 0
20370 0
20380 0
20390 0
20400 0
20410 0
20420 0
20430 0
20440 0
20450 0
20460 0
20470 0
20480 0
20490 0
20500 0
20510 0
20520 0
20530 0
20540 0
20550 0
20560 0
20570 0
20580 0
20590 0
20600 0
20610 0
20620 0
20630 0
20640 0
20650 0
20660 0
20670 0
20680 0
20690 0
20700 0
20710 0
20720 0
20730 0
20740 0
20750 0
20760 0
20770 0
20780 0
20790 0
20800 0
20810 0
20820 0
20830 0
20840 0
20850 0
20860 0
20870 0
20880 0
20890 0
20900 0
20910 0
20920 0
20930 0
20940 0
20950 0
20960 0
20970 0
20980 0
20990 0
21000 0
21010 0
21020 0
21030 0
21040 0
21050 0
21060 0
21070 0
21080 0
21090 0
21100 0
21110 0
21120 0
21130 0
21140 0
21150 0
21160 0
21170 0
21180 0
21190 0
21200 0
21210 0
21220 0
21230 0
21240 0
21250 0
21260 0
21270 0
21280 0
21290 0
21300 0
21310 0
21320 0
21330 0
21340 0
21350 0
21360 0
21370 0
21380 0
21390 0
21400 0
21410 0
21420 0
21430 0
21440 0
21450 0
21460 0
21470 0
21480 0
21490 0
21500 0
21510 0
21520 0
21530 0
21540 0
21550 0
21560 0
21570 0
21580 0
21590 0
21600 0
21610 0
21620 0
21630 0
21640 0
21650 0
21660 0
21670 0
21680 0
21690 0
21700 0
21710 0
21720 0
21730 0
21740 0
21750 0
21760 0
21770 0
21780 0
21790 0
21800 0
21810 0
21820 0
21830 0
21840 0
21850 0
21860 0
21870 0
21880 0
21890 0
21900 0
21910 0
21920 0
21930 0
21940 0
21950 0
21960 0
21970 0
21980 0
21990 0
22000 0
22010 0
22020 0
22030 0
22040 0
22050 0
22060 0
22070 0
22080 0
22090 0
22100 0
22110 0
22120 0
22130 0
22140 0
22150 0
22160 0
22170 0
22180 0
22190 0
22200 0
22210 0
22220 0
22230 0
22240 0
22250 0
22260 0
22270 0
22280 0
22290 0
22300 0
22310 0
22320 0
22330 0
22340 0
22350 0
22360 0
22370 0
22380 0
22390 0
22400 0
22410 0
22420 0
22430 0
22440 0
22450 0
22460 0
22470 0
22480 0
22490 0
22500 0
22510 0
22520 0
22530 0
22540 0
22550 0
22560 0
22570 0
22580 0
22590 0
22600 0
22610 0
22620 0
22630 0
22640 0
22650 0
22660 0
22670 0
22680 0
22690 0
22700 0
22710 0
22720 0
22730 0
22740 0
22750 0
22760 0
22770 0
22780 0
22790 0
22800 0
22810 0
22820 0
22830 0
22840 0
22850 0
22860 0
22870 0
22880 0
22890 0
22900 0
22910 0
22920 0
22930 0
22940 0
22950 0
22960 0
22970 0
22980 0
22990 0
23000 0
23010 0
23020 0
23030 0
23040 0
23050 0
23060 0
23070 0
23080 0
23090 0
23100 0
23110 0
23120 0
23130 0
23140 0
23150 0
23160 0
23170 0
23180 0
23190 0
23200 0
23210 0
23220 0
23230 0
23240 0
23250 0
23260 0
23270 0
23280 0
23290 0
23300 0
23310 0
23320 0
23330 0
23340 0
23350 0
23360 0
23370 0
23380 0
23390 0
23400 0
23410 0
23420 0
23430 0
23440 0
23450 0
23460 0
23470 0
23480 0
23490 0
23500 0
23510 0
23520 0
23530 0
23540 0
23550 0
23560 0
23570 0
23580 0
23590 0
23600 0
23610 0
23620 0
23630 0
23640 0
23650 0
23660 0
23670 0
23680 0
23690 0
23700 0
23710 0
23720 0
23730 0
23740 0
23750 0
23760 0
23770 0
23780 0
23790 0
23800 0
23810 0
23820 0
23830 0
23840 0
23850 0
23860 0
23870 0
23880 0
23890 0
23900 0
23910 0
23920 0
23930 0
23940 0
23950 0
23960 0
23970 0
23980 0
23990 0
24000 0
24010 0
24020 0
24030 0
24040 0
24050 0
24060 0
24070 0
24080 0
24090 0
24100 0
24110 0
24120 0
24130 0
24140 0
24150 0
24160 0
24170 0
24180 0
24190 0
24200 0
24210 0
24220 0
24230 0
24240 0
24250 0
24260 0
24270 0
24280 0
24290 0
24300 0
24310 0
24320 0
24330 0
24340 0
24350 0
24360 0
24370 0
24380 0
24390 0
24400 0
24410 0
24420 0
24430 0
24440 0
24450 0
24460 0
24470 0
24480 0
24490 0
24500 0
24510 0
24520 0
24530 0
24540 0
24550 0
24560 0
24570 0
24580 0
24590 0
24600 0
24610 0
24620 0
24630 0
24640 0
24650 0
24660 0
24670 0
24680 0
24690 0
24700 0
24710 0
24720 0
24730 0
24740 0
24750 0
24760 0
24770 0
24780 0
24790 0
24800 0
24810 0
24820 0
24830 0
24840 0
24850 0
24860 0
24870 0
24880 0
24890 0
24900 0
24910 0
24920 0
24930 0
24940 0
24950 0
24960 0
24970 0
24980 0
24990 0
25000 0
25010 0
25020 0
25030 0
25040 0
25050 0
25060 0
25070 0
25080 0
25090 0
25100 0
25110 0
25120 0
25130 0
25140 0
25150 0
25160 0
25170 0
25180 0
25190 0
25200 0
25210 0
25220 0
25230 0
25240 0
25250 0
25260 0
25270 0
25280 0
25290 0
25300 0
25310 0
25320 0
25330 0
25340 0
25350 0
25360 0
25370 0
25380 0
25390 0
25400 0
25410 0
25420 0
25430 0
25440 0
25450 0
25460 0
25470 0
25480 0
25490 0
25500 0
25510 0
25520 0
25530 0
25540 0
25550 0
25560 0
25570 0
25580 0
25590 0
25600 0
25610 0
25620 0
25630 0
25640 0
25650 0
25660 0
25670 0
25680 0
25690 0
25700 0
25710 0
25720 0
25730 0
25740 0
25750 0
25760 0
25770 0
25780 0
25790 0
25800 0
25810 0
25820 0
25830 0
25840 0
25850 0
25860 0
25870 0
25880 0
25890 0
25900 0
25910 0
25920 0
25930 0
25940 0
25950 0
25960 0
25970 0
25980 0
25990 0
26000 0
26010 0
26020 0
26030 0
26040 0
26050 0
26060 0
26070 0
26080 0
26090 0
26100 0
26110 0
26120 0
26130 0
26140 0
26150 0
26160 0
26170 0
26180 0
26190 0
26200 0
26210 0
26220 0
26230 0
26240 0
26250 0
26260 0
26270 0
26280 0
26290 0
26300 0
26310 0
26320 0
26330 0
26340 0
26350 0
26360 0
26370 0
26380 0
26390 0
26400 0
26410 0
26420 0
26430 0
26440 0
26450 0
26460 0
26470 0
26480 0
26490 0
26500 0
26510 0
26520 0
26530 0
26540 0
26550 0
26560 0
26570 0
26580 0
26590 0
26600 0
26610 0
26620 0
26630 0
26640 0
26650 0
26660 0
26670 0
26680 0
26690 0
26700 0
26710 0
26720 0
26730 0
26740 0
26750 0
26760 0
26770 0
26780 0
26790 0
26800 0
26810 0
26820 0
26830 0
26840 0
26850 0
26860 0
26870 0
26880 0
26890 0
26900 0
26910 0
26920 0
26930 0
26940 0
26950 0
26960 0
26970 0
26980 0
26990 0
27000 0
27010 0
27020 0
27030 0
27040 0
27050 0
27060 0
27070 0
27080 0
27090 0
27100 0
27110 0
27120 0
27130 0
27140 0
27150 0
27160 0
27170 0
27180 0
27190 0
27200 0
27210 0
27220 0
27230 0
27240 0
27250 0
27260 0
27270 0
27280 0
27290 0
27300 0
27310 0
27320 0
27330 0
27340 0
27350 0
27360 0
27370 0
27380 0
27390 0
27400 0
27410 0
27420 0
27430 0
27440 0
27450 0
27460 0
27470 0
27480 0
27490 0
27500 0
27510 0
27520 0
27530 0
27540 0
27550 0
27560 0
27570 0
27580 0
27590 0
27600 0
27610 0
27620 0
27630 0
27640 0
27650 0
27660 0
27670 0
27680 0
27690 0
27700 0
27710 0
27720 0
27730 0
27740 0
27750 0
27760 0
27770 0
27780 0
27790 0
27800 0
27810 0
27820 0
27830 0
27840 0
27850 0
27860 0
27870 0
27880 0
27890 0
27900 0
27910 0
27920 0
27930 0
27940 0
27950 0
27960 0
27970 0
27980 0
27990 0
28000 0
28010 0
28020 0
28030 0
28040 0
28050 0
28060 0
28070 0
28080 0
28090 0
28100 0
28110 0
28120 0
28130 0
28140 0
28150 0
28160 0
28170 0
28180 0
28190 0
28200 0
28210 0
28220 0
28230 0
28240 0
28250 0
28260 0
28270 0
28280 0
28290 0
28300 0
28310 0
28320 0
28330 0
28340 0
28350 0
28360 0
28370 0
28380 0
28390 0
28400 0
28410 0
28420 0
28430 0
28440 0
28450 0
28460 0
28470 0
28480 0
28490 0
28500 0
28510 0
28520 0
28530 0
28540 0
28550 0
28560 0
28570 0
28580 0
28590 0
28600 0
28610 0
28620 0
28630 0
28640 0
28650 0
28660 0
28670 0
28680 0
28690 0
28700 0
28710 0
28720 0
28730 0
28740 0
28750 0
28760 0
28770 0
28780 0
28790 0
28800 0
28810 0
28820 0
28830 0
28840 0
28850 0
28860 0
28870 0
28880 0
28890 0
28900 0
28910 0
28920 0
28930 0
28940 0
28950 0
28960 0
28970 0
28980 0
28990 0
29000 0
29010 0
29020 0
29030 0
29040 0
29050 0
29060 0
29070 0
29080 0
29090 0
29100 0
29110 0
29120 0
29130 0
29140 0
29150 0
29160 0
29170 0
29180 0
29190 0
29200 0
29210 0
29220 0
29230 0
29240 0
29250 0
29260 0
29270 0
29280 0
29290 0
29300 0
29310 0
29320 0
29330 0
29340 0
29350 0
29360 0
29370 0
29380 0
29390 0
29400 0
29410 0
29420 0
29430 0
29440 0
29450 0
29460 0
29470 0
29480 0
29490 0
29500 0
29510 0
29520 0
29530 0
29540 0
29550 0
29560 0
29570 0
29580 0
29590 0
29600 0
29610 0
29620 0
29630 0
29640 0
29650 0
29660 0
29670 0
29680 0
29690 0
29700 0
29710 0
29720 0
29730 0
29740 0
29750 0
29760 0
29770 0
29780 0
29790 0
29800 0
29810 0
29820 0
29830 0
29840 0
29850 0
29860 0
29870 0
29880 0
29890 0
29900 0
29910 0
29920 0
29930 0
29940 0
29950 0
29960 0
29970 0
29980 0
29990 0
30000 0
30010 0
30020 0
30030 0
30040 0
30050 0
30060 0
30070 0
30080 0
30090 0
30100 0
30110 0
30120 0
30130 0
30140 0
30150 0
30160 0
30170 0
30180 0
30190 0
30200 0
30210 0
30220 0
30230 0
30240 0
30250 0
30260 0
30270 0
30280 0
30290 0
30300 0
30310 0
30320 0
30330 0
30340 0
30350 0
30360 0
30370 0
30380 0
30390 0
30400 0
30410 0
30420 0
30430 0
30440 0
30450 0
30460 0
30470 0
30480 0
30490 0
30500 0
30510 0
30520 0
30530 0
30540 0
30550 0
30560 0
30570 0
30580 0
30590 0
30600 0
30610 0
30620 0
30630 0
30640 0
30650 0
30660 0
30670 0
30680 0
30690 0
30700 0
30710 0
30720 0
30730 0
30740 0
30750 0
30760 0
30770 0
30780 0
30790 0
30800 0
30810 0
30820 0
30830 0
30840 0
30850 0
30860 0
30870 0
30880 0
30890 0
30900 0
30910 0
30920 0
30930 0
30940 0
30950 0
30960 0
30970 0
30980 0
30990 0
31000 0
31010 0
31020 0
31030 0
31040 0
31050 0
31060 0
31070 0
31080 0
31090 0
31100 0
31110 0
31120 0
31130 0
31140 0
31150 0
31160 0
31170 0
31180 0
31190 0
31200 0
31210 0
31220 0
31230 0
31240 0
31250 0
31260 0
31270 0
31280 0
31290 0
31300 0
31310 0
31320 0
31330 0
31340 0
31350 0
31360 0
31370 0
31380 0
31390 0
31400 0
31410 0
31420 0
31430 0
31440 0
31450 0
31460 0
31470 0
31480 0
31490 0
31500 0
31510 0
31520 0
31530 0
31540 0
31550 0
31560 0
31570 0
31580 0
31590 0
31600 0
31610 0
31620 0
31630 0
31640 0
31650 0
31660 0
31670 0
31680 0
31690 0
31700 0
31710 0
31720 0
31730 0
31740 0
31750 0
31760 0
31770 0
31780 0
31790 0
31800 0
31810 0
31820 0
31830 0
31840 0
31850 0
31860 0
31870 0
31880 0
31890 0
31900 0
31910 0
31920 0
31930 0
31940 0
31950 0
31960 0
31970 0
31980 0
31990 0
32000 0
32010 0
32020 0
32030 0
32040 0
32050 0
32060 0
32070 0
32080 0
32090 0
32100 0
32110 0
32120 0
32130 0
32140 0
32150 0
32160 0
32170 0
32180 0
32190 0
32200 0
32210 0
32220 0
32230 0
32240 0
32250 0
32260 0
32270 0
32280 0
32290 0
32300 0
32310 0
32320 0
32330 0
32340 0
32350 0
32360 0
32370 0
32380 0
32390 0
32400 0
32410 0
32420 0
32430 0
32440 0
32450 0
32460 0
32470 0
32480 0
32490 0
32500 0
32510 0
32520 0
32530 0
32540 0
32550 0
32560 0
32570 0
32580 0
32590 0
32600 0
32610 0
32620 0
32630 0
32640 0
32650 0
32660 0
32670 0
32680 0
32690 0
32700 0
32710 0
32720 0
32730 0
32740 0
32750 0
32760 0
32770 0
32780 0
32790 0
32800 0
32810 0
32820 0
32830 0
32840 0
32850 0
32860 0
32870 0
32880 0
32890 0
32900 0
32910 0
32920 0
32930 0
32940 0
32950 0
32960 0
32970 0
32980 0
32990 0
33000 0
33010 0
33020 0
33030 0
33040 0
33050 0
33060 0
33070 0
33080 0
33090 0
33100 0
33110 0
33120 0
33130 0
33140 0
33150 0
33160 0
33170 0
33180 0
33190 0
33200 0
33210 0
33220 0
33230 0
33240 0
33250 0
33260 0
33270 0
33280 0
33290 0
33300 0
33310 0
33320 0
33330 0
33340 0
33350 0
33360 0
33370 0
33380 0
33390 0
33400 0
33410 0
33420 0
33430 0
33440 0
33450 0
33460 0
33470 0
33480 0
33490 0
33500 0
33510 0
33520 0
33530 0
33540 0
33550 0
33560 0
33570 0
33580 0
33590 0
33600 0
33610 0
33620 0
33630 0
33640 0
33650 0
33660 0
33670 0
33680 0
33690 0
33700 0
33710 0
33720 0
33730 0
33740 0
33750 0
33760 0
33770 0
33780 0
33790 0
33800 0
33810 0
33820 0
33830 0
33840 0
33850 0
33860 0
33870 0
33880 0
33890 0
33900 0
33910 0
33920 0
33930 0
33940 0
33950 0
33960 0
33970 0
33980 0
33990 0
34000 0
34010 0
34020 0
34030 0
34040 0
34050 0
34060 0
34070 0
34080 0
34090 0
34100 0
34110 0
34120 0
34130 0
34140 0
34150 0
34160 0
34170 0
34180 0
34190 0
34200 0
34210 0
34220 0
34230 0
34240 0
34250 0
34260 0
34270 0
34280 0
34290 0
34300 0
34310 0
34320 0
34330 0
34340 0
34350 0
34360 0
34370 0
34380 0
34390 0
34400 0
34410 0
34420 0
34430 0
34440 0
34450 0
34460 0
34470 0
34480 0
34490 0
34500 0
34510 0
34520 0
34530 0
34540 0
34550 0
34560 0
34570 0
34580 0
34590 0
34600 0
34610 0
34620 0
34630 0
34640 0
34650 0
34660 0
34670 0
34680 0
34690 0
34700 0
34710 0
34720 0
34730 0
34740 0
34750 0
34760 0
34770 0
34780 0
34790 0
34800 0
34810 0
34820 0
34830 0
34840 0
34850 0
34860 0
34870 0
34880 0
34890 0
34900 0
34910 0
34920 0
34930 0
34940 0
34950 0
34960 0
34970 0
34980 0
34990 0
35000 0
35010 0
35020 0
35030 0
35040 0
35050 0
35060 0
35070 0
35080 0
35090 0
35100 0
35110 0
35120 0
35130 0
35140 0
35150 0
35160 0
35170 0
35180 0
35190 0
35200 0
35210 0
35220 0
35230 0
35240 0
35250 0
35260 0
35270 0
35280 0
35290 0
35300 0
35310 0
35320 0
35330 0
35340 0
35350 0
35360 0
35370 0
35380 0
35390 0
35400 0
35410 0
35420 0
35430 0
35440 0
35450 0
35460 0
35470 0
35480 0
35490 0
35500 0
35510 0
35520 0
35530 0
35540 0
35550 0
35560 0
35570 0
35580 0
35590 0
35600 0
35610 0
35620 0
35630 0
35640 0
35650 0
35660 0
35670 0
35680 0
35690 0
35700 0
35710 0
35720 0
35730 0
35740 0
35750 0
35760 0
35770 0
35780 0
35790 0
35800 0
35810 0
35820 0
35830 0
35840 0
35850 0
35860 0
35870 0
35880 0
35890 0
35900 0
35910 0
35920 0
35930 0
35940 0
35950 0
35960 0
35970 0
35980 0
35990 0
36000 0
36010 0
36020 0
36030 0
36040 0
36050 0
36060 0
36070 0
36080 0
36090 0
36100 0
36110 0
36120 0
36130 0
36140 0
36150 0
36160 0
36170 0
36180 0
36190 0
36200 0
36210 0
36220 0
36230 0
36240 0
36250 0
36260 0
36270 0
36280 0
36290 0
36300 0
36310 0
36320 0
36330 0
36340 0
36350 0
36360 0
36370 0
36380 0
36390 0
36400 0
36410 0
36420 0
36430 0
36440 0
36450 0
36460 0
36470 0
36480 0
36490 0
36500 0
36510 0
36520 0
36530 0
36540 0
36550 0
36560 0
36570 0
36580 0
36590 0
36600 0
36610 0
36620 0
36630 0
36640 0
36650 0
36660 0
36670 0
36680 0
36690 0
36700 0
36710 0
36720 0
36730 0
36740 0
36750 0
36760 0
36770 0
36780 0
36790 0
36800 0
36810 0
36820 0
36830 0
36840 0
36850 0
36860 0
36870 0
36880 0
36890 0
36900 0
36910 0
36920 0
36930 0
36940 0
36950 0
36960 0
36970 0
36980 0
36990 0
37000 0
37010 0
37020 0
37030 0
37040 0
37050 0
37060 0
37070 0
37080 0
37090 0
37100 0
37110 0
37120 0
37130 0
37140 0
37150 0
37160 0
37170 0
37180 0
37190 0
37200 0
37210 0
37220 0
37230 0
37240 0
37250 0
37260 0
37270 0
37280 0
37290 0
37300 0
37310 0
37320 0
37330 0
37340 0
37350 0
37360 0
37370 0
37380 0
37390 0
37400 0
37410 0
37420 0
37430 0
37440 0
37450 0
37460 0
37470 0
37480 0
37490 0
37500 0
37510 0
37520 0
37530 0
37540 0
37550 0
37560 0
37570 0
37580 0
37590 0
37600 0
37610 0
37620 0
37630 0
37640 0
37650 0
37660 0
37670 0
37680 0
37690 0
37700 0
37710 0
37720 0
37730 0
37740 0
37750 0
37760 0
37770 0
37780 0
37790 0
37800 0
37810 0
37820 0
37830 0
37840 0
37850 0
37860 0
37870 0
37880 0
37890 0
37900 0
37910 0
37920 0
37930 0
37940 0
37950 0
37960 0
37970 0
37980 0
37990 0
38000 0
38010 0
38020 0
38030 0
38040 0
38050 0
38060 0
38070 0
38080 0
38090 0
38100 0
38110 0
38120 0
38130 0
38140 0
38150 0
38160 0
38170 0
38180 0
38190 0
38200 0
38210 0
38220 0
38230 0
38240 0
38250 0
38260 0
38270 0
38280 0
38290 0
38300 0
38310 0
38320 0
38330 0
38340 0
38350 0
38360 0
38370 0
38380 0
38390 0
38400 0
38410 0
38420 0
38430 0
38440 0
38450 0
38460 0
38470 0
38480 0
38490 0
38500 0
38510 0
38520 0
38530 0
38540 0
38550 0
38560 0
38570 0
38580 0
38590 0
38600 0
38610 0
38620 0
38630 0
38640 0
38650 0
38660 0
38670 0
38680 0
38690 0
38700 0
38710 0
38720 0
38730 0
38740 0
38750 0
38760 0
38770 0
38780 0
38790 0
38800 0
38810 0
38820 0
38830 0
38840 0
38850 0
38860 0
38870 0
38880 0
38890 0
38900 0
38910 0
38920 0
38930 0
38940 0
38950 0
38960 0
38970 0
38980 0
38990 0
39000 0
39010 0
39020 0
39030 0
39040 0
39050 0
39060 0
39070 0
39080 0
39090 0
39100 0
39110 0
39120 0
39130 0
39140 0
39150 0
39160 0
39170 0
39180 0
39190 0
39200 0
39210 0
39220 0
39230 0
39240 0
39250 0
39260 0
39270 0
39280 0
39290 0
39300 0
39310 0
39320 0
39330 0
39340 0
39350 0
39360 0
39370 0
39380 0
39390 0
39400 0
39410 0
39420 0
39430 0
39440 0
39450 0
39460 0
39470 0
39480 0
39490 0
39500 0
39510 0
39520 0
39530 0
39540 0
39550 0
39560 0
39570 0
39580 0
39590 0
39600 0
39610 0
39620 0
39630 0
39640 0
39650 0
39660 0
39670 0
39680 0
39690 0
39700 0
39710 0
39720 0
39730 0
39740 0
39750 0
39760 0
39770 0
39780 0
39790 0
39800 0
39810 0
39820 0
39830 0
39840 0
39850 0
39860 0
39870 0
39880 0
39890 0
39900 0
39910 0
39920 0
39930 0
39940 0
39950 0
39960 0
39970 0
39980 0
