-10 0
0 -8.09114e-15
10 -1.18488e-14
20 -1.86831e-14
30 -9.8025e-15
40 -1.58575e-14
50 -1.35239e-14
60 -8.52444e-15
70 -8.23102e-15
80 -8.80149e-15
90 -4.9228e-15
100 5.78825e-16
110 -2.60848e-15
120 -1.15224e-15
130 -1.33875e-15
140 -5.74581e-15
150 -8.04866e-15
160 -1.68067e-15
170 -2.75027e-15
180 6.6919e-15
190 2.93437e-15
200 6.74861e-15
210 -1.37266e-15
220 -1.42451e-14
230 -1.8054e-14
240 -2.17606e-14
250 -3.04533e-14
260 -2.68094e-14
270 -4.19125e-14
280 -3.85274e-14
290 -4.09911e-14
300 -4.46391e-14
310 -3.04061e-14
320 -3.89095e-14
330 -3.72688e-14
340 -2.8552e-14
350 -2.55433e-14
360 -2.27473e-14
370 -2.21133e-14
380 -2.55959e-14
390 -9.57961e-15
400 -1.74429e-14
410 -1.76645e-14
420 -1.58857e-14
430 -1.09586e-14
440 -1.22215e-14
450 -1.56104e-15
460 -1.3972e-14
470 -1.24496e-14
480 1.52626e-15
490 2.54305e-15
500 4.28069e-15
510 7.05147e-15
520 1.03033e-14
530 4.06093e-15
540 2.3842e-15
550 6.53638e-16
560 -3.73305e-15
570 -3.71311e-15
580 -8.53026e-15
590 5.98575e-15
600 1.57167e-14
610 3.98774e-14
620 1.05827e-13
630 1.82462e-13
640 2.38555e-13
650 3.85996e-15
660 -1.22109e-12
670 -5.38811e-12
680 -1.71306e-11
690 -4.68709e-11
700 -1.1705e-10
710 -2.73933e-10
720 -6.09703e-10
730 -1.3025e-09
740 -2.68723e-09
750 -5.37803e-09
760 -1.04757e-08
770 -1.9912e-08
780 -3.70094e-08
790 -6.73772e-08
800 -1.20318e-07
810 -2.11002e-07
820 -3.63768e-07
830 -6.17071e-07
840 -1.03076e-06
850 -1.69665e-06
860 -2.75366e-06
870 -4.40915e-06
880 -6.96854e-06
890 -1.08761e-05
900 -1.67697e-05
910 -2.55548e-05
920 -3.85002e-05
930 -5.73644e-05
940 -8.45556e-05
950 -0.000123335
960 -0.000178068
970 -0.000254538
980 -0.000360318
990 -0.000505221
1000 -0.000701825
1010 -0.000966079
1020 -0.00131799
1030 -0.00178241
1040 -0.00238983
1050 -0.00317731
1060 -0.00418941
1070 -0.00547909
1080 -0.00710862
1090 -0.00915043
1100 -0.0116878
1110 -0.0148152
1120 -0.0186389
1130 -0.0232765
1140 -0.0288568
1150 -0.0355184
1160 -0.043409
1170 -0.0526825
1180 -0.0634971
1190 -0.0760119
1200 -0.0903831
1210 -0.106759
1220 -0.125278
1230 -0.146058
1240 -0.169196
1250 -0.194762
1260 -0.222791
1270 -0.253278
1280 -0.286178
1290 -0.321396
1300 -0.358788
1310 -0.398159
1320 -0.43926
1330 -0.481791
1340 -0.525402
1350 -0.569699
1360 -0.614248
1370 -0.65858
1380 -0.702203
1390 -0.74461
1400 -0.785284
1410 -0.823717
1420 -0.859415
1430 -0.89191
1440 -0.920773
1450 -0.945617
1460 -0.966114
1470 -0.981997
1480 -0.993066
1490 -0.999193
1500 -1.00033
1510 -0.996486
1520 -0.987767
1530 -0.974334
1540 -0.956415
1550 -0.934299
1560 -0.908324
1570 -0.878875
1580 -0.846367
1590 -0.81124
1600 -0.773952
1610 -0.734964
1620 -0.694735
1630 -0.653711
1640 -0.612322
1650 -0.570971
1660 -0.53003
1670 -0.489838
1680 -0.450693
1690 -0.412856
1700 -0.376545
1710 -0.341939
1720 -0.309174
1730 -0.278351
1740 -0.249533
1750 -0.222752
1760 -0.198007
1770 -0.175275
1780 -0.154506
1790 -0.135635
1800 -0.118578
1810 -0.103242
1820 -0.089524
1830 -0.077314
1840 -0.0665005
1850 -0.0569702
1860 -0.0486113
1870 -0.0413144
1880 -0.0349743
1890 -0.0294911
1900 -0.0247704
1910 -0.0207246
1920 -0.0172726
1930 -0.0143402
1940 -0.0118601
1950 -0.00977161
1960 -0.00802037
1970 -0.00655816
1980 -0.00534241
1990 -0.00433577
2000 -0.00350573
2010 -0.00282411
2020 -0.00226663
2030 -0.00181253
2040 -0.00144412
2050 -0.00114641
2060 -0.000906777
2070 -0.000714655
2080 -0.000561219
2090 -0.000439153
2100 -0.000342415
2110 -0.000266042
2120 -0.000205975
2130 -0.000158911
2140 -0.000122172
2150 -9.36002e-05
2160 -7.14619e-05
2170 -5.43715e-05
2180 -4.12262e-05
2190 -3.11521e-05
2200 -2.34594e-05
2210 -1.76064e-05
2220 -1.31691e-05
2230 -9.81687e-06
2240 -7.29343e-06
2250 -5.40054e-06
2260 -3.98561e-06
2270 -2.93164e-06
2280 -2.14926e-06
2290 -1.5705e-06
2300 -1.14382e-06
2310 -8.30349e-07
2320 -6.00824e-07
2330 -4.33335e-07
2340 -3.11527e-07
2350 -2.23238e-07
2360 -1.59458e-07
2370 -1.13537e-07
2380 -8.05824e-08
2390 -5.70119e-08
2400 -4.02084e-08
2410 -2.82682e-08
2420 -1.98114e-08
2430 -1.38412e-08
2440 -9.64e-09
2450 -6.69314e-09
2460 -4.63273e-09
2470 -3.19673e-09
2480 -2.19907e-09
2490 -1.50815e-09
2500 -1.03116e-09
2510 -7.02899e-10
2520 -4.77687e-10
2530 -3.23666e-10
2540 -2.18662e-10
2550 -1.47298e-10
2560 -9.89303e-11
2570 -6.62552e-11
2580 -4.42546e-11
2590 -2.94842e-11
2600 -1.95893e-11
2610 -1.29984e-11
2620 -8.60812e-12
2630 -5.70403e-12
2640 -3.78106e-12
2650 -2.50311e-12
2660 -1.66401e-12
2670 -1.11888e-12
2680 -7.5457e-13
2690 -5.19077e-13
2700 -3.68161e-13
2710 -2.65736e-13
2720 -2.07506e-13
2730 -1.62987e-13
2740 -1.46176e-13
2750 -1.43463e-13
2760 -1.32035e-13
2770 -1.26434e-13
2780 -1.19946e-13
2790 -1.11069e-13
2800 -1.03125e-13
2810 -1.03734e-13
2820 -1.01708e-13
2830 -9.58551e-14
2840 -9.86038e-14
2850 -9.36972e-14
2860 -8.51292e-14
2870 -8.35992e-14
2880 -8.19211e-14
2890 -8.15794e-14
2900 -8.25267e-14
2910 -8.69486e-14
2920 -9.31001e-14
2930 -8.73651e-14
2940 -8.17721e-14
2950 -7.21717e-14
2960 -7.93388e-14
2970 -7.83324e-14
2980 -7.54611e-14
2990 -6.97711e-14
3000 -7.82822e-14
3010 -6.87712e-14
3020 -7.99798e-14
3030 -8.11331e-14
3040 -7.83094e-14
3050 -8.56486e-14
3060 -8.49305e-14
3070 -7.04744e-14
3080 -6.68518e-14
3090 -7.21806e-14
3100 -7.19993e-14
3110 -8.93794e-14
3120 -8.40807e-14
3130 -8.49023e-14
3140 -9.16791e-14
3150 -8.96116e-14
3160 -9.93198e-14
3170 -8.00955e-14
3180 -8.33943e-14
3190 -8.55182e-14
3200 -9.20808e-14
3210 -9.6382e-14
3220 -9.1239e-14
3230 -9.4989e-14
3240 -1.01612e-13
3250 -9.45893e-14
3260 -9.47525e-14
3270 -9.29726e-14
3280 -8.82244e-14
3290 -9.18832e-14
3300 -9.78041e-14
3310 -9.88658e-14
3320 -1.08815e-13
3330 -1.02865e-13
3340 -1.04373e-13
3350 -1.04033e-13
3360 -9.0571e-14
3370 -8.81623e-14
3380 -8.08884e-14
3390 -8.45261e-14
3400 -8.45999e-14
3410 -7.45162e-14
3420 -7.22196e-14
3430 -7.80514e-14
3440 -8.0586e-14
3450 -8.18619e-14
3460 -7.98331e-14
3470 -7.18772e-14
3480 -7.37019e-14
3490 -7.91277e-14
3500 -8.6481e-14
3510 -8.13515e-14
3520 -8.41627e-14
3530 -9.47604e-14
3540 -9.16057e-14
3550 -9.69347e-14
3560 -9.20478e-14
3570 -9.91402e-14
3580 -9.07066e-14
3590 -8.32507e-14
3600 -9.50035e-14
3610 -1.11457e-13
3620 -1.06121e-13
3630 -1.22135e-13
3640 -1.12505e-13
3650 -1.15979e-13
3660 -1.03861e-13
3670 -9.82571e-14
3680 -1.01445e-13
3690 -9.57429e-14
3700 -9.71141e-14
3710 -9.16843e-14
3720 -1.03483e-13
3730 -1.01848e-13
3740 -1.06647e-13
3750 -1.04011e-13
3760 -1.04029e-13
3770 -1.0212e-13
3780 -9.88971e-14
3790 -1.09622e-13
3800 -1.19766e-13
3810 -1.18937e-13
3820 -1.21813e-13
3830 -1.12382e-13
3840 -1.25853e-13
3850 -1.28841e-13
3860 -1.30791e-13
3870 -1.1926e-13
3880 -1.16839e-13
3890 -1.3474e-13
3900 -1.32991e-13
3910 -1.40561e-13
3920 -1.3188e-13
3930 -1.36307e-13
3940 -1.38003e-13
3950 -1.39614e-13
3960 -1.48487e-13
3970 -1.44432e-13
3980 -1.52678e-13
3990 -1.44947e-13
4000 -1.57339e-13
4010 -1.50418e-13
4020 -1.44432e-13
4030 -1.41815e-13
4040 -1.44762e-13
4050 -1.42095e-13
4060 -1.44578e-13
4070 -1.39345e-13
4080 -1.38418e-13
4090 -1.55455e-13
4100 -1.5161e-13
4110 -1.54311e-13
4120 -1.61698e-13
4130 -1.642e-13
4140 -1.58705e-13
4150 -1.61174e-13
4160 -1.57547e-13
4170 -1.52507e-13
4180 -1.57448e-13
4190 -1.45e-13
4200 -1.51093e-13
4210 -1.52336e-13
4220 -1.56096e-13
4230 -1.5207e-13
4240 -1.52875e-13
4250 -1.54514e-13
4260 -1.46538e-13
4270 -1.58625e-13
4280 -1.62228e-13
4290 -1.67009e-13
4300 -1.65247e-13
4310 -1.60183e-13
4320 -1.60601e-13
4330 -1.53789e-13
4340 -1.57974e-13
4350 -1.5844e-13
4360 -1.60843e-13
4370 -1.61479e-13
4380 -1.72149e-13
4390 -1.65307e-13
4400 -1.63491e-13
4410 -1.72207e-13
4420 -1.75731e-13
4430 -1.75548e-13
4440 -1.73747e-13
4450 -1.7911e-13
4460 -1.71967e-13
4470 -1.67523e-13
4480 -1.78666e-13
4490 -1.76202e-13
4500 -1.75841e-13
4510 -1.77324e-13
4520 -1.79296e-13
4530 -1.7739e-13
4540 -1.8486e-13
4550 -1.85722e-13
4560 -1.9052e-13
4570 -1.85635e-13
4580 -1.82883e-13
4590 -1.81439e-13
4600 -1.91655e-13
4610 -1.90105e-13
4620 -1.86493e-13
4630 -1.88353e-13
4640 -1.86088e-13
4650 -1.83499e-13
4660 -1.83844e-13
4670 -1.85766e-13
4680 -1.75621e-13
4690 -1.75778e-13
4700 -1.7537e-13
4710 -1.79968e-13
4720 -1.85407e-13
4730 -1.99886e-13
4740 -1.93271e-13
4750 -1.95062e-13
4760 -1.97084e-13
4770 -1.93593e-13
4780 -1.95522e-13
4790 -1.88484e-13
4800 -1.99783e-13
4810 -1.98025e-13
4820 -2.01126e-13
4830 -2.08299e-13
4840 -2.04129e-13
4850 -2.07628e-13
4860 -2.11836e-13
4870 -2.14796e-13
4880 -2.12947e-13
4890 -2.13234e-13
4900 -2.21913e-13
4910 -2.08182e-13
4920 -2.07525e-13
4930 -2.05932e-13
4940 -2.00745e-13
4950 -2.04074e-13
4960 -2.08122e-13
4970 -1.97141e-13
4980 -2.00663e-13
4990 -1.95167e-13
5000 -2.03138e-13
5010 -2.08899e-13
5020 -2.00411e-13
5030 -2.01288e-13
5040 -1.91758e-13
5050 -1.98048e-13
5060 -1.96358e-13
5070 -1.99822e-13
5080 -1.9572e-13
5090 -2.08196e-13
5100 -2.03157e-13
5110 -2.12708e-13
5120 -2.06779e-13
5130 -2.14366e-13
5140 -2.02163e-13
5150 -2.01413e-13
5160 -1.93675e-13
5170 -1.90192e-13
5180 -1.93614e-13
5190 -1.93825e-13
5200 -1.89463e-13
5210 -1.97043e-13
5220 -1.93959e-13
5230 -1.89903e-13
5240 -1.95878e-13
5250 -1.84261e-13
5260 -1.68144e-13
5270 -1.89293e-13
5280 -1.75062e-13
5290 -1.84578e-13
5300 -1.86424e-13
5310 -1.75119e-13
5320 -1.77095e-13
5330 -1.78741e-13
5340 -1.74175e-13
5350 -1.76513e-13
5360 -1.8372e-13
5370 -1.82106e-13
5380 -1.83615e-13
5390 -1.75986e-13
5400 -1.72192e-13
5410 -1.6427e-13
5420 -1.64494e-13
5430 -1.68628e-13
5440 -1.69516e-13
5450 -1.64091e-13
5460 -1.63552e-13
5470 -1.64874e-13
5480 -1.66574e-13
5490 -1.72722e-13
5500 -1.61821e-13
5510 -1.55002e-13
5520 -1.54739e-13
5530 -1.52736e-13
5540 -1.53479e-13
5550 -1.44207e-13
5560 -1.53291e-13
5570 -1.55628e-13
5580 -1.59612e-13
5590 -1.54331e-13
5600 -1.5955e-13
5610 -1.52643e-13
5620 -1.53194e-13
5630 -1.47167e-13
5640 -1.5634e-13
5650 -1.54964e-13
5660 -1.64006e-13
5670 -1.6545e-13
5680 -1.58521e-13
5690 -1.7345e-13
5700 -1.56414e-13
5710 -1.67303e-13
5720 -1.70094e-13
5730 -1.78291e-13
5740 -1.85449e-13
5750 -1.93844e-13
5760 -1.97123e-13
5770 -1.84864e-13
5780 -1.94357e-13
5790 -1.92239e-13
5800 -1.93535e-13
5810 -1.86099e-13
5820 -1.76318e-13
5830 -1.74485e-13
5840 -1.62353e-13
5850 -1.69289e-13
5860 -1.68625e-13
5870 -1.70164e-13
5880 -1.71354e-13
5890 -1.71847e-13
5900 -1.72218e-13
5910 -1.67071e-13
5920 -1.6121e-13
5930 -1.52283e-13
5940 -1.45485e-13
5950 -1.51026e-13
5960 -1.48277e-13
5970 -1.53384e-13
5980 -1.46015e-13
5990 -1.47974e-13
6000 -1.48594e-13
6010 -1.48923e-13
6020 -1.46768e-13
6030 -1.60879e-13
6040 -1.60186e-13
6050 -1.53399e-13
6060 -1.55767e-13
6070 -1.58127e-13
6080 -1.65733e-13
6090 -1.54727e-13
6100 -1.58218e-13
6110 -1.65051e-13
6120 -1.65594e-13
6130 -1.61507e-13
6140 -1.65553e-13
6150 -1.61008e-13
6160 -1.65429e-13
6170 -1.7036e-13
6180 -1.8117e-13
6190 -1.75807e-13
6200 -1.8029e-13
6210 -1.77214e-13
6220 -1.81118e-13
6230 -1.78118e-13
6240 -1.72473e-13
6250 -1.73071e-13
6260 -1.67481e-13
6270 -1.68074e-13
6280 -1.59655e-13
6290 -1.67977e-13
6300 -1.61635e-13
6310 -1.67431e-13
6320 -1.64409e-13
6330 -1.6649e-13
6340 -1.60025e-13
6350 -1.6099e-13
6360 -1.62244e-13
6370 -1.7598e-13
6380 -1.71697e-13
6390 -1.76629e-13
6400 -1.83915e-13
6410 -1.91471e-13
6420 -1.82266e-13
6430 -1.83504e-13
6440 -1.81441e-13
6450 -1.76991e-13
6460 -1.75531e-13
6470 -1.68231e-13
6480 -1.69889e-13
6490 -1.64134e-13
6500 -1.67603e-13
6510 -1.7017e-13
6520 -1.69094e-13
6530 -1.68944e-13
6540 -1.77784e-13
6550 -1.76815e-13
6560 -1.81891e-13
6570 -1.81835e-13
6580 -1.84918e-13
6590 -1.76858e-13
6600 -1.61114e-13
6610 -1.86136e-13
6620 -1.75057e-13
6630 -1.65178e-13
6640 -1.78815e-13
6650 -1.86022e-13
6660 -1.73617e-13
6670 -1.857e-13
6680 -1.87827e-13
6690 -1.9497e-13
6700 -2.00288e-13
6710 -2.00426e-13
6720 -2.04174e-13
6730 -1.91882e-13
6740 -1.97147e-13
6750 -1.91729e-13
6760 -1.88803e-13
6770 -1.8736e-13
6780 -1.92718e-13
6790 -2.03435e-13
6800 -1.98548e-13
6810 -2.02157e-13
6820 -1.93872e-13
6830 -1.92705e-13
6840 -2.06254e-13
6850 -2.06803e-13
6860 -1.93675e-13
6870 -2.16073e-13
6880 -2.15024e-13
6890 -2.07384e-13
6900 -2.09762e-13
6910 -2.12753e-13
6920 -2.10451e-13
6930 -2.1311e-13
6940 -2.10576e-13
6950 -2.07601e-13
6960 -2.15269e-13
6970 -2.10141e-13
6980 -1.9584e-13
6990 -1.97605e-13
7000 -1.98077e-13
7010 -2.04046e-13
7020 -2.01186e-13
7030 -1.96211e-13
7040 -1.88577e-13
7050 -1.88807e-13
7060 -1.88205e-13
7070 -1.82043e-13
7080 -1.89883e-13
7090 -2.00322e-13
7100 -1.98215e-13
7110 -2.05561e-13
7120 -1.99452e-13
7130 -1.92193e-13
7140 -1.99709e-13
7150 -2.01349e-13
7160 -2.0671e-13
7170 -2.0289e-13
7180 -2.12524e-13
7190 -2.11033e-13
7200 -1.99574e-13
7210 -2.1119e-13
7220 -2.1511e-13
7230 -2.23849e-13
7240 -2.4074e-13
7250 -2.80461e-13
7260 -3.18794e-13
7270 -3.84191e-13
7280 -4.82708e-13
7290 -6.28825e-13
7300 -8.55076e-13
7310 -1.21983e-12
7320 -1.77044e-12
7330 -2.60507e-12
7340 -3.88567e-12
7350 -5.80858e-12
7360 -8.72079e-12
7370 -1.31066e-11
7380 -1.9712e-11
7390 -2.95982e-11
7400 -4.43787e-11
7410 -6.63745e-11
7420 -9.90405e-11
7430 -1.47401e-10
7440 -2.1877e-10
7450 -3.23784e-10
7460 -4.77798e-10
7470 -7.03005e-10
7480 -1.03126e-09
7490 -1.50826e-09
7500 -2.19917e-09
7510 -3.19682e-09
7520 -4.63283e-09
7530 -6.69322e-09
7540 -9.64007e-09
7550 -1.38413e-08
7560 -1.98115e-08
7570 -2.82683e-08
7580 -4.02085e-08
7590 -5.7012e-08
7600 -8.05825e-08
7610 -1.13537e-07
7620 -1.59458e-07
7630 -2.23238e-07
7640 -3.11527e-07
7650 -4.33335e-07
7660 -6.00824e-07
7670 -8.30349e-07
7680 -1.14382e-06
7690 -1.5705e-06
7700 -2.14926e-06
7710 -2.93164e-06
7720 -3.98561e-06
7730 -5.40054e-06
7740 -7.29343e-06
7750 -9.81687e-06
7760 -1.31691e-05
7770 -1.76064e-05
7780 -2.34594e-05
7790 -3.11521e-05
7800 -4.12262e-05
7810 -5.43715e-05
7820 -7.14619e-05
7830 -9.36002e-05
7840 -0.000122172
7850 -0.000158911
7860 -0.000205975
7870 -0.000266042
7880 -0.000342415
7890 -0.000439153
7900 -0.000561219
7910 -0.000714655
7920 -0.000906777
7930 -0.00114641
7940 -0.00144412
7950 -0.00181253
7960 -0.00226663
7970 -0.00282411
7980 -0.00350573
7990 -0.00433577
8000 -0.00534241
8010 -0.00655816
8020 -0.00802037
8030 -0.00977161
8040 -0.0118601
8050 -0.0143402
8060 -0.0172726
8070 -0.0207246
8080 -0.0247704
8090 -0.0294911
8100 -0.0349743
8110 -0.0413144
8120 -0.0486113
8130 -0.0569702
8140 -0.0665005
8150 -0.077314
8160 -0.089524
8170 -0.103242
8180 -0.118578
8190 -0.135635
8200 -0.154506
8210 -0.175275
8220 -0.198007
8230 -0.222752
8240 -0.249533
8250 -0.278351
8260 -0.309174
8270 -0.341939
8280 -0.376545
8290 -0.412856
8300 -0.450693
8310 -0.489838
8320 -0.53003
8330 -0.570971
8340 -0.612322
8350 -0.653711
8360 -0.694735
8370 -0.734964
8380 -0.773952
8390 -0.81124
8400 -0.846367
8410 -0.878875
8420 -0.908324
8430 -0.934299
8440 -0.956415
8450 -0.974334
8460 -0.987767
8470 -0.996486
8480 -1.00033
8490 -0.999193
8500 -0.993066
8510 -0.981997
8520 -0.966114
8530 -0.945617
8540 -0.920773
8550 -0.89191
8560 -0.859415
8570 -0.823717
8580 -0.785284
8590 -0.74461
8600 -0.702203
8610 -0.65858
8620 -0.614248
8630 -0.569699
8640 -0.525402
8650 -0.481791
8660 -0.43926
8670 -0.398159
8680 -0.358788
8690 -0.321396
8700 -0.286178
8710 -0.253278
8720 -0.222791
8730 -0.194762
8740 -0.169196
8750 -0.146058
8760 -0.125278
8770 -0.106759
8780 -0.0903831
8790 -0.0760119
8800 -0.0634971
8810 -0.0526825
8820 -0.043409
8830 -0.0355184
8840 -0.0288568
8850 -0.0232765
8860 -0.0186389
8870 -0.0148152
8880 -0.0116878
8890 -0.00915043
8900 -0.00710862
8910 -0.00547909
8920 -0.00418941
8930 -0.00317731
8940 -0.00238983
8950 -0.00178241
8960 -0.00131799
8970 -0.000966079
8980 -0.000701825
8990 -0.000505221
9000 -0.000360318
9010 -0.000254538
9020 -0.000178068
9030 -0.000123335
9040 -8.45556e-05
9050 -5.73644e-05
9060 -3.85002e-05
9070 -2.55548e-05
9080 -1.67697e-05
9090 -1.08761e-05
9100 -6.96854e-06
9110 -4.40915e-06
9120 -2.75366e-06
9130 -1.69665e-06
9140 -1.03076e-06
9150 -6.17071e-07
9160 -3.63769e-07
9170 -2.11002e-07
9180 -1.20318e-07
9190 -6.73774e-08
9200 -3.70096e-08
9210 -1.99122e-08
9220 -1.04759e-08
9230 -5.37823e-09
9240 -2.68742e-09
9250 -1.30269e-09
9260 -6.09889e-10
9270 -2.7412e-10
9280 -1.1722e-10
9290 -4.70458e-11
9300 -1.72971e-11
9310 -5.56458e-12
9320 -1.38917e-12
9330 -1.49269e-13
9340 7.54203e-14
9350 2.47322e-14
9360 -6.43872e-14
9370 -1.20719e-13
9380 -1.57253e-13
9390 -1.7108e-13
9400 -1.72387e-13
9410 -1.64587e-13
9420 -1.69003e-13
9430 -1.68639e-13
9440 -1.64919e-13
9450 -1.77761e-13
9460 -1.71822e-13
9470 -1.66896e-13
9480 -1.74012e-13
9490 -1.75623e-13
9500 -1.72406e-13
9510 -1.78721e-13
9520 -1.73315e-13
9530 -1.73864e-13
9540 -1.84775e-13
9550 -1.75026e-13
9560 -1.78345e-13
9570 -1.8364e-13
9580 -1.78879e-13
9590 -1.73237e-13
9600 -1.82896e-13
9610 -1.89039e-13
9620 -1.79684e-13
9630 -1.68642e-13
9640 -1.82028e-13
9650 -1.80832e-13
9660 -1.87536e-13
9670 -1.75532e-13
9680 -1.83759e-13
9690 -1.83264e-13
9700 -1.9538e-13
9710 -1.7738e-13
9720 -1.76288e-13
9730 -1.82949e-13
9740 -1.8465e-13
9750 -1.82125e-13
9760 -1.88078e-13
9770 -1.91056e-13
9780 -1.80982e-13
9790 -1.82359e-13
9800 -1.78852e-13
9810 -1.81094e-13
9820 -1.77089e-13
9830 -1.67585e-13
9840 -1.7455e-13
9850 -1.80456e-13
9860 -1.77832e-13
9870 -1.82946e-13
9880 -1.73848e-13
9890 -1.62883e-13
9900 -1.7267e-13
9910 -1.77609e-13
9920 -1.70588e-13
9930 -1.61571e-13
9940 -1.5742e-13
9950 -1.67901e-13
9960 -1.62318e-13
9970 -1.50473e-13
9980 -1.57076e-13
9990 -1.49851e-13
10000 -1.52909e-13
10010 -1.50221e-13
10020 -1.51721e-13
10030 -1.53262e-13
10040 -1.5684e-13
10050 -1.59911e-13
10060 -1.57278e-13
10070 -1.548e-13
10080 -1.65997e-13
10090 -1.63649e-13
10100 -1.75832e-13
10110 -1.61236e-13
10120 -1.68123e-13
10130 -1.66708e-13
10140 -1.84552e-13
10150 -1.64956e-13
10160 -1.63964e-13
10170 -1.58147e-13
10180 -1.60508e-13
10190 -1.59097e-13
10200 -1.70526e-13
10210 -1.71119e-13
10220 -1.72661e-13
10230 -1.65913e-13
10240 -1.66915e-13
10250 -1.67414e-13
10260 -1.64762e-13
10270 -1.57388e-13
10280 -1.46418e-13
10290 -1.37158e-13
10300 -1.45447e-13
10310 -1.53843e-13
10320 -1.6321e-13
10330 -1.59407e-13
10340 -1.51714e-13
10350 -1.46723e-13
10360 -1.44535e-13
10370 -1.42777e-13
10380 -1.40732e-13
10390 -1.40633e-13
10400 -1.38728e-13
10410 -1.35164e-13
10420 -1.2747e-13
10430 -1.29329e-13
10440 -1.27937e-13
10450 -1.26045e-13
10460 -1.28459e-13
10470 -1.27436e-13
10480 -1.21003e-13
10490 -1.20058e-13
10500 -1.12798e-13
10510 -1.24852e-13
10520 -1.25435e-13
10530 -1.27346e-13
10540 -1.19695e-13
10550 -1.1758e-13
10560 -1.01934e-13
10570 -1.07203e-13
10580 -1.10043e-13
10590 -1.12009e-13
10600 -1.18405e-13
10610 -1.14933e-13
10620 -1.05169e-13
10630 -1.03974e-13
10640 -9.20085e-14
10650 -1.01147e-13
10660 -1.067e-13
10670 -1.09832e-13
10680 -1.03403e-13
10690 -9.15665e-14
10700 -8.98067e-14
10710 -9.3874e-14
10720 -1.03473e-13
10730 -1.16029e-13
10740 -1.02711e-13
10750 -9.85593e-14
10760 -9.89923e-14
10770 -9.75671e-14
10780 -9.96276e-14
10790 -1.07832e-13
10800 -1.03002e-13
10810 -9.83441e-14
10820 -9.76228e-14
10830 -8.75907e-14
10840 -8.06194e-14
10850 -6.9194e-14
10860 -7.00561e-14
10870 -5.60366e-14
10880 -2.72046e-14
10890 2.07434e-14
10900 7.3112e-14
10910 7.2814e-14
10920 -7.38977e-14
10930 -5.90513e-13
10940 -1.87526e-12
10950 -4.7311e-12
10960 -1.06435e-11
10970 -2.2208e-11
10980 -4.3992e-11
10990 -8.37701e-11
11000 -1.54507e-10
11010 -2.77534e-10
11020 -4.87349e-10
11030 -8.3894e-10
11040 -1.41892e-09
11050 -2.36187e-09
11060 -3.87471e-09
11070 -6.27203e-09
11080 -1.00272e-08
11090 -1.58457e-08
11100 -2.47689e-08
11110 -3.83205e-08
11120 -5.87108e-08
11130 -8.91195e-08
11140 -1.34085e-07
11150 -2.00032e-07
11160 -2.95995e-07
11170 -4.34576e-07
11180 -6.3324e-07
11190 -9.16017e-07
11200 -1.31575e-06
11210 -1.87705e-06
11220 -2.66008e-06
11230 -3.74554e-06
11240 -5.24097e-06
11250 -7.28881e-06
11260 -1.00766e-05
11270 -1.38501e-05
11280 -1.89289e-05
11290 -2.5727e-05
11300 -3.47775e-05
11310 -4.67627e-05
11320 -6.25521e-05
11330 -8.32472e-05
11340 -0.000110236
11350 -0.00014526
11360 -0.000190492
11370 -0.000248628
11380 -0.000322999
11390 -0.000417699
11400 -0.000537738
11410 -0.000689212
11420 -0.000879508
11430 -0.00111753
11440 -0.00141397
11450 -0.00178159
11460 -0.00223557
11470 -0.00279386
11480 -0.00347762
11490 -0.00431164
11500 -0.00532485
11510 -0.00655088
11520 -0.00802858
11530 -0.00980269
11540 -0.0119244
11550 -0.0144523
11560 -0.0174525
11570 -0.021
11580 -0.025179
11590 -0.0300839
11600 -0.0358195
11610 -0.0425022
11620 -0.0502603
11630 -0.0592346
11640 -0.0695787
11650 -0.0814597
11660 -0.0950579
11670 -0.110567
11680 -0.128194
11690 -0.14816
11700 -0.170695
11710 -0.196045
11720 -0.224462
11730 -0.25621
11740 -0.29156
11750 -0.330786
11760 -0.374167
11770 -0.421982
11780 -0.474505
11790 -0.532009
11800 -0.594753
11810 -0.662984
11820 -0.736935
11830 -0.816814
11840 -0.902806
11850 -0.995066
11860 -1.09372
11870 -1.19884
11880 -1.31047
11890 -1.42862
11900 -1.55322
11910 -1.68416
11920 -1.8213
11930 -1.96439
11940 -2.11317
11950 -2.26729
11960 -2.42635
11970 -2.58989
11980 -2.75738
11990 -2.92823
12000 -3.10181
12010 -3.27744
12020 -3.45436
12030 -3.63179
12040 -3.80891
12050 -3.98488
12060 -4.15881
12070 -4.3298
12080 -4.49694
12090 -4.65934
12100 -4.81609
12110 -4.9663
12120 -5.10911
12130 -5.24369
12140 -5.36925
12150 -5.48505
12160 -5.5904
12170 -5.68467
12180 -5.76732
12190 -5.83785
12200 -5.89586
12210 -5.94103
12220 -5.97312
12230 -5.99199
12240 -5.99757
12250 -5.98989
12260 -5.96906
12270 -5.93527
12280 -5.88882
12290 -5.83005
12300 -5.75941
12310 -5.67739
12320 -5.58457
12330 -5.48155
12340 -5.36903
12350 -5.2477
12360 -5.11833
12370 -4.9817
12380 -4.8386
12390 -4.68986
12400 -4.53629
12410 -4.37872
12420 -4.21795
12430 -4.05479
12440 -3.89001
12450 -3.72436
12460 -3.55858
12470 -3.39334
12480 -3.2293
12490 -3.06705
12500 -2.90718
12510 -2.75018
12520 -2.59654
12530 -2.44666
12540 -2.30092
12550 -2.15965
12560 -2.02311
12570 -1.89154
12580 -1.76512
12590 -1.64398
12600 -1.52823
12610 -1.41791
12620 -1.31306
12630 -1.21366
12640 -1.11967
12650 -1.03101
12660 -0.947595
12670 -0.869301
12680 -0.795991
12690 -0.727512
12700 -0.663694
12710 -0.604359
12720 -0.549317
12730 -0.498374
12740 -0.451331
12750 -0.407984
12760 -0.368132
12770 -0.331572
12780 -0.298105
12790 -0.267534
12800 -0.239669
12810 -0.214323
12820 -0.191316
12830 -0.170476
12840 -0.151637
12850 -0.134642
12860 -0.119342
12870 -0.105595
12880 -0.0932686
12890 -0.0822373
12900 -0.0723847
12910 -0.0636022
12920 -0.0557887
12930 -0.0488508
12940 -0.0427023
12950 -0.0372637
12960 -0.0324623
12970 -0.0282313
12980 -0.0245101
12990 -0.0212434
13000 -0.0183809
13010 -0.0158774
13020 -0.0136918
13030 -0.0117873
13040 -0.0101308
13050 -0.00869253
13060 -0.00744608
13070 -0.00636778
13080 -0.00543664
13090 -0.004634
13100 -0.00394337
13110 -0.00335016
13120 -0.00284153
13130 -0.00240619
13140 -0.00203423
13150 -0.00171698
13160 -0.00144686
13170 -0.00121726
13180 -0.00102245
13190 -0.000857437
13200 -0.000717901
13210 -0.000600111
13220 -0.000500847
13230 -0.000417337
13240 -0.000347199
13250 -0.000288391
13260 -0.000239165
13270 -0.000198028
13280 -0.00016371
13290 -0.000135126
13300 -0.000111358
13310 -9.16279e-05
13320 -7.52758e-05
13330 -6.17457e-05
13340 -5.0569e-05
13350 -4.13513e-05
13360 -3.37615e-05
13370 -2.75223e-05
13380 -2.24016e-05
13390 -1.82057e-05
13400 -1.47731e-05
13410 -1.19693e-05
13420 -9.6829e-06
13430 -7.82133e-06
13440 -6.30807e-06
13450 -5.07988e-06
13460 -4.08464e-06
13470 -3.27944e-06
13480 -2.629e-06
13490 -2.1044e-06
13500 -1.68196e-06
13510 -1.34231e-06
13520 -1.06965e-06
13530 -8.51104e-07
13540 -6.76204e-07
13550 -5.36449e-07
13560 -4.24948e-07
13570 -3.36125e-07
13580 -2.65476e-07
13590 -2.09368e-07
13600 -1.64876e-07
13610 -1.29649e-07
13620 -1.01799e-07
13630 -7.98146e-08
13640 -6.24869e-08
13650 -4.88499e-08
13660 -3.81336e-08
13670 -2.9725e-08
13680 -2.31371e-08
13690 -1.79832e-08
13700 -1.39573e-08
13710 -1.08171e-08
13720 -8.37132e-09
13730 -6.46929e-09
13740 -4.99227e-09
13750 -3.84697e-09
13760 -2.9602e-09
13770 -2.2746e-09
13780 -1.74532e-09
13790 -1.3373e-09
13800 -1.02321e-09
13810 -7.81791e-10
13820 -5.96491e-10
13830 -4.54473e-10
13840 -3.45778e-10
13850 -2.62709e-10
13860 -1.99321e-10
13870 -1.51018e-10
13880 -1.14253e-10
13890 -8.63266e-11
13900 -6.51378e-11
13910 -4.90834e-11
13920 -3.69298e-11
13930 -2.77544e-11
13940 -2.08265e-11
13950 -1.56089e-11
13960 -1.16853e-11
13970 -8.73295e-12
13980 -6.52147e-12
13990 -4.85562e-12
14000 -3.61612e-12
14010 -2.69669e-12
14020 -2.0016e-12
14030 -1.4842e-12
14040 -1.10197e-12
14050 -8.14249e-13
14060 -6.04153e-13
14070 -4.43975e-13
14080 -3.26456e-13
14090 -2.43314e-13
14100 -1.80176e-13
14110 -1.28574e-13
14120 -9.8065e-14
14130 -6.97344e-14
14140 -5.19518e-14
14150 -4.3793e-14
14160 -2.67829e-14
14170 -2.49322e-14
14180 -1.0937e-14
14190 -7.7612e-15
14200 -8.09987e-15
14210 -8.81185e-16
14220 1.97414e-15
14230 -1.11544e-18
14240 -6.46548e-16
14250 5.00235e-15
14260 5.20852e-15
14270 4.72939e-15
14280 2.27662e-15
14290 -1.147e-15
14300 7.6853e-16
14310 4.24047e-15
14320 2.80434e-15
14330 7.54826e-15
14340 8.85094e-15
14350 1.4059e-14
14360 1.10667e-14
14370 8.79874e-15
14380 1.69563e-16
14390 3.46287e-15
14400 6.95503e-15
14410 1.31867e-14
14420 1.34747e-14
14430 1.20702e-14
14440 1.85344e-14
14450 1.733e-14
14460 2.12574e-14
14470 1.94652e-14
14480 1.43778e-14
14490 1.49981e-14
14500 1.03139e-14
14510 1.04045e-14
14520 1.35563e-14
14530 1.98098e-14
14540 1.50036e-14
14550 1.2683e-14
14560 8.00915e-15
14570 7.65378e-15
14580 1.24407e-15
14590 6.52274e-15
14600 4.86426e-15
14610 3.19877e-15
14620 -1.05681e-15
14630 7.75714e-15
14640 1.1265e-14
14650 1.69295e-14
14660 1.9499e-14
14670 1.52449e-14
14680 2.012e-14
14690 1.78361e-14
14700 1.48995e-14
14710 1.22763e-14
14720 1.16631e-14
14730 1.05853e-14
14740 1.70787e-14
14750 1.5325e-14
14760 1.91758e-14
14770 2.26447e-14
14780 2.36477e-14
14790 2.27598e-14
14800 2.76482e-14
14810 2.92569e-14
14820 3.03078e-14
14830 3.07446e-14
14840 3.46644e-14
14850 3.4713e-14
14860 3.74403e-14
14870 3.82206e-14
14880 3.77264e-14
14890 4.64773e-14
14900 4.43584e-14
14910 4.09821e-14
14920 4.15018e-14
14930 3.99522e-14
14940 4.37093e-14
14950 4.70564e-14
14960 4.55498e-14
14970 4.8489e-14
14980 4.17694e-14
14990 4.78237e-14
15000 5.009e-14
15010 4.52887e-14
15020 4.4112e-14
15030 4.46336e-14
15040 4.92025e-14
15050 4.46825e-14
15060 4.6728e-14
15070 4.29307e-14
15080 4.5362e-14
15090 4.41382e-14
15100 4.48945e-14
15110 3.91192e-14
15120 4.22766e-14
15130 4.17746e-14
15140 3.5589e-14
15150 3.73364e-14
15160 3.28775e-14
15170 4.29228e-14
15180 3.96951e-14
15190 4.12831e-14
15200 4.49484e-14
15210 4.7352e-14
15220 4.57997e-14
15230 4.65502e-14
15240 5.07021e-14
15250 5.79802e-14
15260 5.51618e-14
15270 5.98814e-14
15280 5.59553e-14
15290 5.59688e-14
15300 5.97573e-14
15310 5.50145e-14
15320 5.38778e-14
15330 5.56055e-14
15340 5.40145e-14
15350 5.58099e-14
15360 5.55432e-14
15370 5.51675e-14
15380 4.89318e-14
15390 5.08707e-14
15400 5.12891e-14
15410 5.09843e-14
15420 5.38062e-14
15430 5.26173e-14
15440 5.37481e-14
15450 4.98838e-14
15460 4.97386e-14
15470 5.47978e-14
15480 5.12716e-14
15490 4.93143e-14
15500 4.93744e-14
15510 4.65492e-14
15520 4.73814e-14
15530 4.53643e-14
15540 4.81425e-14
15550 4.26933e-14
15560 4.33407e-14
15570 3.63457e-14
15580 3.08765e-14
15590 2.88361e-14
15600 3.56562e-14
15610 3.74226e-14
15620 4.14391e-14
15630 3.00304e-14
15640 3.23205e-14
15650 3.65424e-14
15660 4.01802e-14
15670 3.91412e-14
15680 3.90451e-14
15690 4.37969e-14
15700 3.71403e-14
15710 4.05787e-14
15720 3.3772e-14
15730 3.61917e-14
15740 3.29393e-14
15750 3.81871e-14
15760 3.43124e-14
15770 3.45402e-14
15780 3.29726e-14
15790 3.16865e-14
15800 3.30903e-14
15810 3.08737e-14
15820 3.1301e-14
15830 3.30456e-14
15840 3.51752e-14
15850 3.60267e-14
15860 3.35988e-14
15870 3.06235e-14
15880 2.77275e-14
15890 2.50057e-14
15900 2.65095e-14
15910 2.51911e-14
15920 2.92866e-14
15930 2.51686e-14
15940 2.32702e-14
15950 2.42875e-14
15960 2.18601e-14
15970 2.40084e-14
15980 2.11089e-14
15990 2.76162e-14
16000 2.7314e-14
16010 3.31266e-14
16020 3.3613e-14
16030 3.43078e-14
16040 3.56349e-14
16050 2.99761e-14
16060 3.10517e-14
16070 3.73715e-14
16080 3.03181e-14
16090 2.96106e-14
16100 2.41893e-14
16110 3.06564e-14
16120 2.66632e-14
16130 2.50463e-14
16140 2.51924e-14
16150 2.29509e-14
16160 1.93912e-14
16170 2.02177e-14
16180 1.58588e-14
16190 1.7601e-14
16200 1.76447e-14
16210 1.51698e-14
16220 1.71963e-14
16230 1.25749e-14
16240 1.4543e-14
16250 1.35611e-14
16260 1.53793e-14
16270 1.28627e-14
16280 1.23298e-14
16290 2.06337e-14
16300 1.76547e-14
16310 2.06445e-14
16320 1.25172e-14
16330 1.08823e-14
16340 1.30681e-14
16350 1.01351e-14
16360 1.40175e-14
16370 1.31551e-14
16380 1.61658e-14
16390 1.63133e-14
16400 2.13245e-14
16410 1.27736e-14
16420 1.51208e-14
16430 1.51941e-14
16440 2.02639e-14
16450 2.31318e-14
16460 2.00807e-14
16470 2.91631e-14
16480 2.11255e-14
16490 2.30846e-14
16500 2.70801e-14
16510 3.00507e-14
16520 2.71092e-14
16530 3.65797e-14
16540 2.98487e-14
16550 2.67507e-14
16560 3.17701e-14
16570 3.11478e-14
16580 2.52187e-14
16590 1.6285e-14
16600 1.64301e-14
16610 1.71624e-14
16620 2.52079e-14
16630 2.52926e-14
16640 1.8845e-14
16650 2.15009e-14
16660 1.33165e-14
16670 2.60934e-14
16680 2.1973e-14
16690 1.95509e-14
16700 2.35811e-14
16710 1.77342e-14
16720 2.18017e-14
16730 2.0443e-14
16740 2.78212e-14
16750 2.45889e-14
16760 2.44236e-14
16770 2.45646e-14
16780 2.71154e-14
16790 2.41539e-14
16800 1.49953e-14
16810 1.76449e-14
16820 1.38976e-14
16830 1.4507e-14
16840 1.65391e-14
16850 1.29917e-14
16860 1.76002e-14
16870 1.92519e-14
16880 1.98868e-14
16890 2.37273e-14
16900 2.35706e-14
16910 2.94892e-14
16920 3.39117e-14
16930 3.29988e-14
16940 2.7517e-14
16950 2.51139e-14
16960 3.05035e-14
16970 2.9671e-14
16980 2.59123e-14
16990 2.50783e-14
17000 2.84822e-14
17010 2.8523e-14
17020 3.53565e-14
17030 3.16244e-14
17040 2.72801e-14
17050 2.72048e-14
17060 2.99895e-14
17070 2.59247e-14
17080 2.5369e-14
17090 2.28075e-14
17100 2.00296e-14
17110 2.15855e-14
17120 2.14971e-14
17130 2.17993e-14
17140 2.83113e-14
17150 3.22221e-14
17160 2.80878e-14
17170 2.80649e-14
17180 3.10539e-14
17190 2.90065e-14
17200 2.52319e-14
17210 3.07175e-14
17220 2.77714e-14
17230 2.69039e-14
17240 2.047e-14
17250 1.83779e-14
17260 1.27348e-14
17270 1.48215e-14
17280 1.46113e-14
17290 1.48539e-14
17300 1.32922e-14
17310 9.1139e-15
17320 1.14323e-14
17330 1.47825e-14
17340 1.37736e-14
17350 1.38288e-14
17360 8.38781e-15
17370 1.55782e-14
17380 1.7465e-14
17390 1.23821e-14
17400 1.62384e-14
17410 2.06382e-14
17420 2.50083e-14
17430 2.56947e-14
17440 2.16241e-14
17450 2.33475e-14
17460 3.53635e-14
17470 3.5725e-14
17480 3.11727e-14
17490 3.32855e-14
17500 3.55354e-14
17510 3.86707e-14
17520 3.83621e-14
17530 3.26874e-14
17540 3.54649e-14
17550 3.05081e-14
17560 3.15822e-14
17570 2.52702e-14
17580 2.57162e-14
17590 2.50715e-14
17600 2.79113e-14
17610 2.92064e-14
17620 2.69852e-14
17630 2.68635e-14
17640 1.87554e-14
17650 2.30138e-14
17660 1.93123e-14
17670 2.05185e-14
17680 1.99092e-14
17690 2.17005e-14
17700 1.80905e-14
17710 2.06537e-14
17720 2.3701e-14
17730 2.485e-14
17740 2.57923e-14
17750 2.88587e-14
17760 2.63746e-14
17770 3.09753e-14
17780 2.95128e-14
17790 4.07434e-14
17800 3.63875e-14
17810 3.74468e-14
17820 3.69039e-14
17830 4.09779e-14
17840 4.38212e-14
17850 4.21703e-14
17860 4.57938e-14
17870 4.63417e-14
17880 5.19382e-14
17890 4.29334e-14
17900 4.29826e-14
17910 4.02774e-14
17920 4.08729e-14
17930 4.17615e-14
17940 4.59479e-14
17950 4.13973e-14
17960 3.6732e-14
17970 3.32153e-14
17980 2.95559e-14
17990 3.16612e-14
18000 2.66467e-14
18010 3.04154e-14
18020 2.92684e-14
18030 2.63983e-14
18040 3.46645e-14
18050 3.37646e-14
18060 3.02582e-14
18070 3.74846e-14
18080 3.62415e-14
18090 3.62012e-14
18100 3.21609e-14
18110 3.27034e-14
18120 3.18603e-14
18130 3.00763e-14
18140 3.4377e-14
18150 3.4527e-14
18160 3.33383e-14
18170 3.49429e-14
18180 2.60656e-14
18190 2.60321e-14
18200 1.79051e-14
18210 1.37693e-14
18220 1.76903e-14
18230 1.61322e-14
18240 1.7682e-14
18250 1.58398e-14
18260 1.49272e-14
18270 1.92093e-14
18280 2.10198e-14
18290 2.25302e-14
18300 2.43535e-14
18310 2.82821e-14
18320 3.1483e-14
18330 3.05567e-14
18340 3.27446e-14
18350 3.64899e-14
18360 4.01235e-14
18370 4.27746e-14
18380 3.30995e-14
18390 3.54594e-14
18400 3.30104e-14
18410 3.88036e-14
18420 3.47258e-14
18430 2.95582e-14
18440 3.26786e-14
18450 2.66763e-14
18460 3.99042e-14
18470 3.31135e-14
18480 3.50616e-14
18490 3.86834e-14
18500 3.9421e-14
18510 4.70428e-14
18520 4.69197e-14
18530 4.79023e-14
18540 4.10915e-14
18550 4.43804e-14
18560 4.91505e-14
18570 4.37394e-14
18580 4.11508e-14
18590 3.58268e-14
18600 4.05043e-14
18610 3.90631e-14
18620 4.3071e-14
18630 3.95512e-14
18640 4.10546e-14
18650 3.78968e-14
18660 4.13793e-14
18670 3.81009e-14
18680 4.4566e-14
18690 3.88771e-14
18700 4.03104e-14
18710 4.47932e-14
18720 3.87219e-14
18730 4.36114e-14
18740 4.41672e-14
18750 4.58865e-14
18760 5.18829e-14
18770 4.708e-14
18780 5.15065e-14
18790 5.26614e-14
18800 5.04644e-14
18810 5.26305e-14
18820 5.49221e-14
18830 4.84093e-14
18840 5.519e-14
18850 5.21602e-14
18860 4.84275e-14
18870 5.02126e-14
18880 4.63726e-14
18890 5.1886e-14
18900 5.16299e-14
18910 5.64214e-14
18920 5.26262e-14
18930 4.9162e-14
18940 6.1409e-14
18950 6.15596e-14
18960 6.14872e-14
18970 6.14073e-14
18980 6.2211e-14
18990 6.81265e-14
19000 6.07118e-14
19010 6.25976e-14
19020 6.43618e-14
19030 6.07755e-14
19040 5.82302e-14
19050 5.5053e-14
19060 5.1621e-14
19070 6.07061e-14
19080 5.23301e-14
19090 5.75273e-14
19100 5.78447e-14
19110 5.92671e-14
19120 5.69819e-14
19130 5.57991e-14
19140 5.75247e-14
19150 6.068e-14
19160 5.39098e-14
19170 5.38321e-14
19180 5.15889e-14
19190 5.45115e-14
19200 4.59894e-14
19210 5.43022e-14
19220 4.97829e-14
19230 5.21408e-14
19240 5.3385e-14
19250 5.1353e-14
19260 5.23865e-14
19270 5.37141e-14
19280 5.9999e-14
19290 6.24977e-14
19300 6.61588e-14
19310 6.62108e-14
19320 7.06264e-14
19330 7.93082e-14
19340 7.84634e-14
19350 7.48719e-14
19360 7.04871e-14
19370 7.21756e-14
19380 7.27093e-14
19390 7.12384e-14
19400 7.64888e-14
19410 7.56471e-14
19420 8.24718e-14
19430 7.6991e-14
19440 7.7222e-14
19450 7.92939e-14
19460 7.66374e-14
19470 8.49131e-14
19480 8.6374e-14
19490 8.61534e-14
19500 8.92467e-14
19510 8.31817e-14
19520 9.51753e-14
19530 9.48043e-14
19540 9.36606e-14
19550 8.93127e-14
19560 9.29717e-14
19570 9.3749e-14
19580 9.21469e-14
19590 9.0086e-14
19600 8.86744e-14
19610 9.93108e-14
19620 8.9257e-14
19630 8.54375e-14
19640 9.01959e-14
19650 8.83772e-14
19660 9.10767e-14
19670 8.93457e-14
19680 8.3018e-14
19690 8.3564e-14
19700 8.56441e-14
19710 8.88714e-14
19720 8.93566e-14
19730 9.24994e-14
19740 8.86866e-14
19750 9.51216e-14
19760 9.42862e-14
19770 9.93949e-14
19780 9.52849e-14
19790 9.31764e-14
19800 9.22154e-14
19810 8.99786e-14
19820 9.12518e-14
19830 9.13646e-14
19840 9.88655e-14
19850 9.15531e-14
19860 9.47468e-14
19870 8.86191e-14
19880 8.60462e-14
19890 8.98479e-14
19900 8.57214e-14
19910 8.83879e-14
19920 9.24508e-14
19930 8.63281e-14
19940 9.12405e-14
19950 8.50438e-14
19960 8.53444e-14
19970 8.15927e-14
19980 8.42526e-14
19990 9.22784e-14
20000 8.3588e-14
20010 8.26079e-14
20020 9.27679e-14
20030 9.48198e-14
20040 1.02218e-13
20050 1.02247e-13
20060 1.04137e-13
20070 1.07231e-13
20080 1.02725e-13
20090 1.03162e-13
20100 1.03453e-13
20110 1.01599e-13
20120 1.06473e-13
20130 1.07024e-13
20140 1.09951e-13
20150 1.06842e-13
20160 1.13313e-13
20170 1.07752e-13
20180 1.07747e-13
20190 1.0238e-13
20200 1.10351e-13
20210 1.12667e-13
20220 1.10679e-13
20230 1.12581e-13
20240 1.05689e-13
20250 1.14447e-13
20260 1.18222e-13
20270 1.21709e-13
20280 1.23205e-13
20290 1.27327e-13
20300 1.24796e-13
20310 1.33117e-13
20320 1.32358e-13
20330 1.31633e-13
20340 1.26394e-13
20350 1.27146e-13
20360 1.24703e-13
20370 1.22044e-13
20380 1.20826e-13
20390 1.24861e-13
20400 1.19551e-13
20410 1.11241e-13
20420 1.07255e-13
20430 1.02899e-13
20440 1.03042e-13
20450 1.16452e-13
20460 1.10191e-13
20470 1.07761e-13
20480 1.03426e-13
20490 1.1178e-13
20500 1.05955e-13
20510 1.04564e-13
20520 9.45858e-14
20530 9.47424e-14
20540 1.01535e-13
20550 1.1144e-13
20560 9.66785e-14
20570 1.01472e-13
20580 9.89105e-14
20590 1.01875e-13
20600 1.08055e-13
20610 1.08757e-13
20620 1.10008e-13
20630 1.08697e-13
20640 1.06313e-13
20650 1.10045e-13
20660 1.05487e-13
20670 1.13187e-13
20680 1.19249e-13
20690 1.15769e-13
20700 1.1151e-13
20710 1.0816e-13
20720 1.06428e-13
20730 1.04804e-13
20740 1.06917e-13
20750 1.09368e-13
20760 1.09748e-13
20770 1.11798e-13
20780 1.03938e-13
20790 9.64484e-14
20800 9.77818e-14
20810 1.04971e-13
20820 1.01987e-13
20830 1.05856e-13
20840 9.89587e-14
20850 1.02199e-13
20860 1.01611e-13
20870 1.00285e-13
20880 1.09714e-13
20890 1.10433e-13
20900 1.12193e-13
20910 1.11309e-13
20920 1.12657e-13
20930 1.0181e-13
20940 1.08857e-13
20950 1.01343e-13
20960 1.06698e-13
20970 1.06439e-13
20980 1.06073e-13
20990 1.07001e-13
21000 1.02727e-13
21010 1.0414e-13
21020 1.08023e-13
21030 1.1108e-13
21040 1.13692e-13
21050 1.16211e-13
21060 1.14295e-13
21070 1.19005e-13
21080 1.17575e-13
21090 1.20794e-13
21100 1.20296e-13
21110 1.18742e-13
21120 1.17325e-13
21130 1.19826e-13
21140 1.19041e-13
21150 1.24174e-13
21160 1.22098e-13
21170 1.23501e-13
21180 1.18623e-13
21190 1.23075e-13
21200 1.24204e-13
21210 1.17164e-13
21220 1.17044e-13
21230 1.13788e-13
21240 1.19015e-13
21250 1.10771e-13
21260 1.10525e-13
21270 1.05386e-13
21280 1.04455e-13
21290 1.10224e-13
21300 1.12159e-13
21310 1.08957e-13
21320 1.02095e-13
21330 1.04341e-13
21340 1.11626e-13
21350 1.08458e-13
21360 1.07264e-13
21370 1.02898e-13
21380 1.09285e-13
21390 1.14848e-13
21400 1.1289e-13
21410 1.11471e-13
21420 1.16946e-13
21430 1.19232e-13
21440 1.17972e-13
21450 1.20004e-13
21460 1.15724e-13
21470 1.24519e-13
21480 1.22387e-13
21490 1.25706e-13
21500 1.12714e-13
21510 1.10337e-13
21520 1.15304e-13
21530 1.17604e-13
21540 1.09704e-13
21550 1.02935e-13
21560 1.16135e-13
21570 1.10223e-13
21580 1.16984e-13
21590 1.121e-13
21600 1.15053e-13
21610 1.16758e-13
21620 1.17889e-13
21630 1.17601e-13
21640 1.12993e-13
21650 1.17996e-13
21660 1.16164e-13
21670 1.16686e-13
21680 1.06866e-13
21690 1.10964e-13
21700 1.13663e-13
21710 1.17805e-13
21720 1.16905e-13
21730 1.14336e-13
21740 1.08156e-13
21750 1.08577e-13
21760 1.08467e-13
21770 1.17517e-13
21780 1.12853e-13
21790 1.11237e-13
21800 1.11068e-13
21810 1.10525e-13
21820 1.11984e-13
21830 1.04515e-13
21840 1.03992e-13
21850 9.70046e-14
21860 1.06624e-13
21870 1.12715e-13
21880 1.0557e-13
21890 1.01704e-13
21900 1.04358e-13
21910 1.07578e-13
21920 1.07524e-13
21930 1.12959e-13
21940 9.95494e-14
21950 9.20526e-14
21960 9.66899e-14
21970 9.52132e-14
21980 1.07532e-13
21990 1.02167e-13
22000 1.02509e-13
22010 9.6253e-14
22020 9.90012e-14
22030 9.34828e-14
22040 8.77343e-14
22050 9.43719e-14
22060 9.92993e-14
22070 9.68204e-14
22080 1.07925e-13
22090 1.02532e-13
22100 1.08073e-13
22110 1.0674e-13
22120 1.01816e-13
22130 1.05382e-13
22140 1.08427e-13
22150 1.12726e-13
22160 1.08772e-13
22170 1.19959e-13
22180 1.12503e-13
22190 1.10918e-13
22200 1.14178e-13
22210 1.1091e-13
22220 1.15149e-13
22230 1.12629e-13
22240 1.14643e-13
22250 1.09988e-13
22260 1.05854e-13
22270 1.16894e-13
22280 1.11838e-13
22290 1.0974e-13
22300 1.09925e-13
22310 1.05511e-13
22320 1.13845e-13
22330 1.1375e-13
22340 1.17131e-13
22350 1.09717e-13
22360 1.13675e-13
22370 1.14008e-13
22380 1.20287e-13
22390 1.0812e-13
22400 1.0717e-13
22410 9.76868e-14
22420 9.53015e-14
22430 9.22297e-14
22440 8.91122e-14
22450 8.75325e-14
22460 8.99874e-14
22470 9.76162e-14
22480 9.8581e-14
22490 9.80831e-14
22500 9.91111e-14
22510 9.67698e-14
22520 9.66254e-14
22530 9.91255e-14
22540 9.35195e-14
22550 9.13918e-14
22560 9.46948e-14
22570 9.56319e-14
22580 9.11544e-14
22590 9.56989e-14
22600 9.21811e-14
22610 9.63241e-14
22620 1.01876e-13
22630 1.01888e-13
22640 1.03986e-13
22650 9.95936e-14
22660 1.05601e-13
22670 1.03572e-13
22680 9.82023e-14
22690 1.05253e-13
22700 1.02685e-13
22710 9.87386e-14
22720 1.05771e-13
22730 1.1089e-13
22740 1.05035e-13
22750 1.06755e-13
22760 1.05988e-13
22770 1.04923e-13
22780 1.14253e-13
22790 1.17464e-13
22800 1.16486e-13
22810 1.15842e-13
22820 1.14187e-13
22830 1.16432e-13
22840 1.1671e-13
22850 1.23346e-13
22860 1.23292e-13
22870 1.12312e-13
22880 1.13721e-13
22890 1.14813e-13
22900 1.06708e-13
22910 1.08212e-13
22920 1.03219e-13
22930 1.01605e-13
22940 1.07542e-13
22950 1.03323e-13
22960 1.07935e-13
22970 1.08972e-13
22980 1.06513e-13
22990 1.05554e-13
23000 1.0795e-13
23010 1.07859e-13
23020 1.13417e-13
23030 1.09269e-13
23040 1.09336e-13
23050 1.11257e-13
23060 1.08326e-13
23070 1.06477e-13
23080 1.1117e-13
23090 1.05089e-13
23100 1.00309e-13
23110 1.0435e-13
23120 1.00866e-13
23130 1.06485e-13
23140 1.02835e-13
23150 1.03866e-13
23160 1.11356e-13
23170 1.07645e-13
23180 1.13727e-13
23190 1.07154e-13
23200 9.90593e-14
23210 1.02579e-13
23220 1.07831e-13
23230 1.1016e-13
23240 1.13789e-13
23250 1.10578e-13
23260 1.06212e-13
23270 1.12474e-13
23280 1.04061e-13
23290 1.12644e-13
23300 1.15703e-13
23310 1.13529e-13
23320 1.20409e-13
23330 1.23346e-13
23340 1.3358e-13
23350 1.39507e-13
23360 1.41485e-13
23370 1.35299e-13
23380 1.29098e-13
23390 1.40197e-13
23400 1.36553e-13
23410 1.31663e-13
23420 1.34915e-13
23430 1.42241e-13
23440 1.45364e-13
23450 1.37645e-13
23460 1.49469e-13
23470 1.48432e-13
23480 1.44152e-13
23490 1.35007e-13
23500 1.40453e-13
23510 1.37694e-13
23520 1.43972e-13
23530 1.38984e-13
23540 1.31148e-13
23550 1.31028e-13
23560 1.22423e-13
23570 1.22387e-13
23580 1.2952e-13
23590 1.25797e-13
23600 1.31934e-13
23610 1.27021e-13
23620 1.3086e-13
23630 1.3622e-13
23640 1.35018e-13
23650 1.27656e-13
23660 1.26674e-13
23670 1.28849e-13
23680 1.36799e-13
23690 1.41089e-13
23700 1.36757e-13
23710 1.31516e-13
23720 1.42223e-13
23730 1.4448e-13
23740 1.35863e-13
23750 1.34902e-13
23760 1.33044e-13
23770 1.29901e-13
23780 1.38082e-13
23790 1.39478e-13
23800 1.37826e-13
23810 1.31604e-13
23820 1.34435e-13
23830 1.47193e-13
23840 1.39876e-13
23850 1.35184e-13
23860 1.2909e-13
23870 1.36428e-13
23880 1.388e-13
23890 1.43063e-13
23900 1.31144e-13
23910 1.25459e-13
23920 1.30017e-13
23930 1.29704e-13
23940 1.30666e-13
23950 1.26844e-13
23960 1.26649e-13
23970 1.24641e-13
23980 1.2584e-13
23990 1.21999e-13
24000 1.26133e-13
24010 1.37252e-13
24020 1.36661e-13
24030 1.22426e-13
24040 1.33476e-13
24050 1.30184e-13
24060 1.33081e-13
24070 1.44079e-13
24080 1.38423e-13
24090 1.30638e-13
24100 1.28113e-13
24110 1.2255e-13
24120 1.22831e-13
24130 1.15257e-13
24140 1.13786e-13
24150 1.10635e-13
24160 1.1324e-13
24170 1.13401e-13
24180 1.19159e-13
24190 1.15338e-13
24200 1.09478e-13
24210 1.19637e-13
24220 1.16848e-13
24230 1.16624e-13
24240 1.18729e-13
24250 1.11603e-13
24260 1.13671e-13
24270 1.27144e-13
24280 1.24722e-13
24290 1.09814e-13
24300 1.13925e-13
24310 1.19901e-13
24320 1.17819e-13
24330 1.25943e-13
24340 1.27053e-13
24350 1.2358e-13
24360 1.23951e-13
24370 1.21698e-13
24380 1.23537e-13
24390 1.26004e-13
24400 1.22342e-13
24410 1.19097e-13
24420 1.15882e-13
24430 1.11213e-13
24440 1.12345e-13
24450 1.18902e-13
24460 1.23939e-13
24470 1.18624e-13
24480 1.18946e-13
24490 1.20712e-13
24500 1.18383e-13
24510 1.16014e-13
24520 1.19956e-13
24530 1.25319e-13
24540 1.17061e-13
24550 1.17353e-13
24560 1.15595e-13
24570 1.12856e-13
24580 1.11453e-13
24590 1.09169e-13
24600 1.09694e-13
24610 1.06829e-13
24620 1.04051e-13
24630 1.08039e-13
24640 1.16891e-13
24650 1.16986e-13
24660 1.12924e-13
24670 1.19664e-13
24680 1.21818e-13
24690 1.21539e-13
24700 1.23778e-13
24710 1.10333e-13
24720 1.17259e-13
24730 1.20958e-13
24740 1.18423e-13
24750 1.25568e-13
24760 1.26964e-13
24770 1.21758e-13
24780 1.27434e-13
24790 1.2751e-13
24800 1.20426e-13
24810 1.23779e-13
24820 1.17272e-13
24830 1.23429e-13
24840 1.28932e-13
24850 1.24802e-13
24860 1.25747e-13
24870 1.23105e-13
24880 1.21795e-13
24890 1.19371e-13
24900 1.15839e-13
24910 1.13068e-13
24920 1.16645e-13
24930 1.13341e-13
24940 1.1245e-13
24950 1.08545e-13
24960 1.03896e-13
24970 1.09247e-13
24980 1.13044e-13
24990 1.23013e-13
25000 1.23172e-13
25010 1.15757e-13
25020 1.17331e-13
25030 1.26859e-13
25040 1.28772e-13
25050 1.27787e-13
25060 1.25873e-13
25070 1.21812e-13
25080 1.2498e-13
25090 1.25798e-13
25100 1.25701e-13
25110 1.25073e-13
25120 1.25472e-13
25130 1.1084e-13
25140 1.13541e-13
25150 1.16314e-13
25160 1.21909e-13
25170 1.24784e-13
25180 1.16344e-13
25190 1.17233e-13
25200 1.28826e-13
25210 1.31416e-13
25220 1.26633e-13
25230 1.22623e-13
25240 1.26076e-13
25250 1.20586e-13
25260 1.18982e-13
25270 1.3375e-13
25280 1.34595e-13
25290 1.34009e-13
25300 1.26513e-13
25310 1.28045e-13
25320 1.22272e-13
25330 1.30011e-13
25340 1.32337e-13
25350 1.35516e-13
25360 1.38489e-13
25370 1.32932e-13
25380 1.29951e-13
25390 1.33181e-13
25400 1.31001e-13
25410 1.22756e-13
25420 1.34312e-13
25430 1.38938e-13
25440 1.44034e-13
25450 1.35567e-13
25460 1.26304e-13
25470 1.26434e-13
25480 1.25208e-13
25490 1.35101e-13
25500 1.40076e-13
25510 1.30205e-13
25520 1.22299e-13
25530 1.23332e-13
25540 1.19231e-13
25550 1.22314e-13
25560 1.26934e-13
25570 1.29548e-13
25580 1.33885e-13
25590 1.28927e-13
25600 1.29409e-13
25610 1.2674e-13
25620 1.37116e-13
25630 1.40001e-13
25640 1.41306e-13
25650 1.46156e-13
25660 1.63571e-13
25670 1.78815e-13
25680 1.94921e-13
25690 2.47613e-13
25700 3.16184e-13
25710 4.17262e-13
25720 5.73983e-13
25730 8.20446e-13
25740 1.1969e-12
25750 1.77536e-12
25760 2.64959e-12
25770 3.95894e-12
25780 5.92463e-12
25790 8.87892e-12
25800 1.32635e-11
25810 1.97899e-11
25820 2.94555e-11
25830 4.37247e-11
25840 6.4674e-11
25850 9.53445e-11
25860 1.40112e-10
25870 2.05195e-10
25880 2.99482e-10
25890 4.35598e-10
25900 6.31395e-10
25910 9.12038e-10
25920 1.31287e-09
25930 1.8834e-09
25940 2.69262e-09
25950 3.83637e-09
25960 5.44737e-09
25970 7.70868e-09
25980 1.08719e-08
25990 1.52816e-08
26000 2.1408e-08
26010 2.98906e-08
26020 4.15956e-08
26030 5.76929e-08
26040 7.97563e-08
26050 1.09896e-07
26060 1.5093e-07
26070 2.06612e-07
26080 2.8192e-07
26090 3.83435e-07
26100 5.19829e-07
26110 7.02485e-07
26120 9.46293e-07
26130 1.27067e-06
26140 1.70085e-06
26150 2.26948e-06
26160 3.01871e-06
26170 4.00274e-06
26180 5.29102e-06
26190 6.97223e-06
26200 9.15925e-06
26210 1.19952e-05
26220 1.56612e-05
26230 2.03851e-05
26240 2.6453e-05
26250 3.42232e-05
26260 4.4142e-05
26270 5.67643e-05
26280 7.27771e-05
26290 9.30284e-05
26300 0.000118561
26310 0.000150654
26320 0.000190868
26330 0.000241105
26340 0.000303673
26350 0.00038136
26360 0.000477527
26370 0.00059621
26380 0.000742241
26390 0.00092138
26400 0.00114047
26410 0.00140763
26420 0.00173242
26430 0.00212609
26440 0.00260185
26450 0.0031751
26460 0.00386377
26470 0.00468865
26480 0.00567376
26490 0.00684678
26500 0.00823942
26510 0.00988796
26520 0.0118337
26530 0.0141235
26540 0.0168103
26550 0.0199538
26560 0.0236208
26570 0.0278861
26580 0.0328328
26590 0.0385532
26600 0.0451489
26610 0.052732
26620 0.0614248
26630 0.0713608
26640 0.082685
26650 0.0955538
26660 0.110135
26670 0.12661
26680 0.145169
26690 0.166015
26700 0.189362
26710 0.215435
26720 0.244466
26730 0.276696
26740 0.312374
26750 0.351751
26760 0.395084
26770 0.44263
26780 0.494642
26790 0.551373
26800 0.613064
26810 0.67995
26820 0.752248
26830 0.830159
26840 0.913863
26850 1.00352
26860 1.09924
26870 1.20113
26880 1.30925
26890 1.4236
26900 1.54416
26910 1.67086
26920 1.80356
26930 1.94209
26940 2.08621
26950 2.23563
26960 2.39001
26970 2.54894
26980 2.71194
26990 2.87851
27000 3.04806
27010 3.21995
27020 3.39351
27030 3.56801
27040 3.74268
27050 3.91671
27060 4.08927
27070 4.25949
27080 4.42649
27090 4.58939
27100 4.7473
27110 4.89933
27120 5.04462
27130 5.18231
27140 5.3116
27150 5.4317
27160 5.5419
27170 5.64151
27180 5.72992
27190 5.80659
27200 5.87105
27210 5.9229
27220 5.96183
27230 5.98762
27240 6.00013
27250 5.9993
27260 5.98519
27270 5.9579
27280 5.91766
27290 5.86477
27300 5.79959
27310 5.72258
27320 5.63426
27330 5.53523
27340 5.42611
27350 5.30762
27360 5.18048
27370 5.04548
27380 4.90342
27390 4.75513
27400 4.60144
27410 4.4432
27420 4.28126
27430 4.11644
27440 3.94956
27450 3.78143
27460 3.6128
27470 3.44442
27480 3.27698
27490 3.11114
27500 2.9475
27510 2.78664
27520 2.62907
27530 2.47525
27540 2.32559
27550 2.18046
27560 2.04016
27570 1.90495
27580 1.77505
27590 1.65061
27600 1.53175
27610 1.41854
27620 1.31103
27630 1.20919
27640 1.113
27650 1.02239
27660 0.937259
27670 0.857481
27680 0.782914
27690 0.713395
27700 0.648746
27710 0.588776
27720 0.533282
27730 0.482056
27740 0.434885
27750 0.39155
27760 0.351836
27770 0.315526
27780 0.282404
27790 0.252262
27800 0.224895
27810 0.200103
27820 0.177696
27830 0.15749
27840 0.13931
27850 0.122989
27860 0.108369
27870 0.0953017
27880 0.0836482
27890 0.0732781
27900 0.0640699
27910 0.0559112
27920 0.0486978
27930 0.0423338
27940 0.0367311
27950 0.0318091
27960 0.0274942
27970 0.0237195
27980 0.0204242
27990 0.0175534
28000 0.0150576
28010 0.0128923
28020 0.0110176
28030 0.00939775
28040 0.00800106
28050 0.00679918
28060 0.00576704
28070 0.00488246
28080 0.00412586
28090 0.00348002
28100 0.00292984
28110 0.00246206
28120 0.00206515
28130 0.00172902
28140 0.00144494
28150 0.00120531
28160 0.00100357
28170 0.000834068
28180 0.000691926
28190 0.00057296
28200 0.000473582
28210 0.000390729
28220 0.000321785
28230 0.000264526
28240 0.000217061
28250 0.000177791
28260 0.000145363
28270 0.000118636
28280 9.66481e-05
28290 7.85944e-05
28300 6.37984e-05
28310 5.16952e-05
28320 4.18132e-05
28330 3.376e-05
28340 2.72092e-05
28350 2.18906e-05
28360 1.75803e-05
28370 1.40937e-05
28380 1.12786e-05
28390 9.00981e-06
28400 7.18473e-06
28410 5.71926e-06
28420 4.54469e-06
28430 3.60501e-06
28440 2.85461e-06
28450 2.25645e-06
28460 1.78052e-06
28470 1.40251e-06
28480 1.10284e-06
28490 8.65686e-07
28500 6.78351e-07
28510 5.30633e-07
28520 4.14364e-07
28530 3.23012e-07
28540 2.51365e-07
28550 1.95273e-07
28560 1.51437e-07
28570 1.1724e-07
28580 9.06092e-08
28590 6.99077e-08
28600 5.38436e-08
28610 4.14001e-08
28620 3.17781e-08
28630 2.43508e-08
28640 1.86278e-08
28650 1.42256e-08
28660 1.08453e-08
28670 8.25428e-09
28680 6.27164e-09
28690 4.75718e-09
28700 3.60235e-09
28710 2.72327e-09
28720 2.05525e-09
28730 1.54849e-09
28740 1.16473e-09
28750 8.74611e-10
28760 6.55659e-10
28770 4.907e-10
28780 3.66631e-10
28790 2.73476e-10
28800 2.03652e-10
28810 1.51403e-10
28820 1.12373e-10
28830 8.32664e-11
28840 6.1597e-11
28850 4.54916e-11
28860 3.35419e-11
28870 2.46904e-11
28880 1.81449e-11
28890 1.33128e-11
28900 9.75147e-12
28910 7.13115e-12
28920 5.20642e-12
28930 3.79498e-12
28940 2.76166e-12
28950 2.00643e-12
28960 1.45536e-12
28970 1.05393e-12
28980 7.61991e-13
28990 5.50026e-13
29000 3.96381e-13
29010 2.85194e-13
29020 2.04865e-13
29030 1.46925e-13
29040 1.05202e-13
29050 7.52059e-14
29060 5.36764e-14
29070 3.82489e-14
29080 2.72118e-14
29090 1.93287e-14
29100 1.37073e-14
29110 9.70534e-15
29120 6.86082e-15
29130 4.84229e-15
29140 3.4122e-15
29150 2.40065e-15
29160 1.6863e-15
29170 1.18264e-15
29180 8.28098e-16
29190 5.7893e-16
29200 4.04096e-16
29210 2.81617e-16
29220 1.95952e-16
29230 1.36131e-16
29240 9.44244e-17
29250 6.53927e-17
29260 4.52161e-17
29270 3.12161e-17
29280 2.15171e-17
29290 1.48086e-17
29300 1.01757e-17
29310 6.98133e-18
29320 4.78231e-18
29330 3.27086e-18
29340 2.23364e-18
29350 1.52297e-18
29360 1.0368e-18
29370 7.0474e-19
29380 4.7829e-19
29390 3.24104e-19
29400 2.19284e-19
29410 1.48137e-19
29420 9.99194e-20
29430 6.7293e-20
29440 4.52506e-20
29450 3.03817e-20
29460 2.03675e-20
29470 1.36332e-20
29480 9.11158e-21
29490 6.08034e-21
29500 4.05136e-21
29510 2.69533e-21
29520 1.79046e-21
29530 1.18756e-21
29540 7.86482e-22
29550 5.20072e-22
29560 3.43385e-22
29570 2.26382e-22
29580 1.49021e-22
29590 9.79486e-23
29600 6.42826e-23
29610 4.21246e-23
29620 2.75629e-23
29630 1.80078e-23
29640 1.17475e-23
29650 7.65207e-24
29660 4.97694e-24
29670 3.23219e-24
29680 2.09595e-24
29690 1.35712e-24
29700 8.7742e-25
29710 5.66435e-25
29720 3.65129e-25
29730 2.35016e-25
29740 1.51044e-25
29750 9.69314e-26
29760 6.2113e-26
29770 3.97428e-26
29780 2.53917e-26
29790 1.61988e-26
29800 1.03189e-26
29810 6.56363e-27
29820 4.16884e-27
29830 2.64391e-27
29840 1.67433e-27
29850 1.05876e-27
29860 6.68517e-28
29870 4.2149e-28
29880 2.65348e-28
29890 1.66793e-28
29900 1.04672e-28
29910 6.55603e-29
29920 4.09531e-29
29930 2.54628e-29
29940 1.56756e-29
29950 9.41947e-30
29960 5.29616e-30
29970 2.37708e-30
29980 0
