-10 0
0 1.36986e-90
10 1.06301e-89
20 7.98535e-89
30 5.89884e-88
40 4.28632e-87
50 3.06385e-86
60 2.15443e-85
70 1.49037e-84
80 1.0143e-83
90 6.79151e-83
100 4.47406e-82
110 2.89993e-81
120 1.8494e-80
130 1.1605e-79
140 7.16537e-79
150 4.35329e-78
160 2.60249e-77
170 1.53094e-76
180 8.86205e-76
190 5.04798e-75
200 2.82953e-74
210 1.56072e-73
220 8.47137e-73
230 4.52481e-72
240 2.3783e-71
250 1.23013e-70
260 6.26115e-70
270 3.13598e-69
280 1.54564e-68
290 7.49643e-68
300 3.57775e-67
310 1.68024e-66
320 7.76488e-66
330 3.53099e-65
340 1.57998e-64
350 6.95657e-64
360 3.01387e-63
370 1.2848e-62
380 5.38917e-62
390 2.22425e-61
400 9.03263e-61
410 3.60923e-60
420 1.419e-59
430 5.48932e-59
440 2.08942e-58
450 7.82541e-58
460 2.88383e-57
470 1.04574e-56
480 3.73149e-56
490 1.31027e-55
500 4.52776e-55
510 1.53984e-54
520 5.1543e-54
530 1.69828e-53
540 5.50859e-53
550 1.75923e-52
560 5.53254e-52
570 1.71367e-51
580 5.22905e-51
590 1.57225e-50
600 4.65955e-50
610 1.36155e-49
620 3.92418e-49
630 1.11601e-48
640 3.13321e-48
650 8.68815e-48
660 2.38078e-47
670 6.45085e-47
680 1.72937e-46
690 4.58996e-46
700 1.20689e-45
710 3.14593e-45
720 8.13463e-45
730 2.0879e-44
740 5.32257e-44
750 1.34838e-43
760 3.39625e-43
770 8.50874e-43
780 2.12115e-42
790 5.26315e-42
800 1.30015e-41
810 3.19811e-41
820 7.8344e-41
830 1.91149e-40
840 4.64536e-40
850 1.12452e-39
860 2.7116e-39
870 6.51333e-39
880 1.55847e-38
890 3.71463e-38
900 8.81964e-38
910 2.08595e-37
920 4.91441e-37
930 1.15333e-36
940 2.69614e-36
950 6.27829e-36
960 1.45628e-35
970 3.36474e-35
980 7.74389e-35
990 1.77527e-34
1000 4.05381e-34
1010 9.22051e-34
1020 2.08899e-33
1030 4.71418e-33
1040 1.05964e-32
1050 2.37244e-32
1060 5.29068e-32
1070 1.17518e-31
1080 2.59998e-31
1090 5.7294e-31
1100 1.25753e-30
1110 2.7491e-30
1120 5.98588e-30
1130 1.29816e-29
1140 2.80404e-29
1150 6.0325e-29
1160 1.2926e-28
1170 2.75854e-28
1180 5.86333e-28
1190 1.24124e-27
1200 2.61701e-27
1210 5.49538e-27
1220 1.14928e-26
1230 2.39381e-26
1240 4.96575e-26
1250 1.02591e-25
1260 2.11086e-25
1270 4.32547e-25
1280 8.82729e-25
1290 1.79407e-24
1300 3.63135e-24
1310 7.31996e-24
1320 1.46946e-23
1330 2.93776e-23
1340 5.84896e-23
1350 1.15969e-22
1360 2.28984e-22
1370 4.5026e-22
1380 8.81688e-22
1390 1.71932e-21
1400 3.33878e-21
1410 6.45659e-21
1420 1.24337e-20
1430 2.38439e-20
1440 4.55335e-20
1450 8.65882e-20
1460 1.63967e-19
1470 3.09189e-19
1480 5.80572e-19
1490 1.08555e-18
1500 2.02119e-18
1510 3.7473e-18
1520 6.91806e-18
1530 1.27175e-17
1540 2.32792e-17
1550 4.24307e-17
1560 7.70078e-17
1570 1.39165e-16
1580 2.50416e-16
1590 4.48672e-16
1600 8.00437e-16
1610 1.42185e-15
1620 2.51483e-15
1630 4.42878e-15
1640 7.7657e-15
1650 1.3558e-14
1660 2.35681e-14
1670 4.0791e-14
1680 7.02933e-14
1690 1.20606e-13
1700 2.06029e-13
1710 3.50419e-13
1720 5.93395e-13
1730 1.00045e-12
1740 1.67934e-12
1750 2.80654e-12
1760 4.66971e-12
1770 7.73555e-12
1780 1.27577e-11
1790 2.09476e-11
1800 3.42428e-11
1810 5.57283e-11
1820 9.02925e-11
1830 1.45644e-10
1840 2.33883e-10
1850 3.73909e-10
1860 5.951e-10
1870 9.42907e-10
1880 1.48731e-09
1890 2.3355e-09
1900 3.65097e-09
1910 5.6817e-09
1920 8.80217e-09
1930 1.3575e-08
1940 2.08413e-08
1950 3.18523e-08
1960 4.84605e-08
1970 7.33942e-08
1980 1.10652e-07
1990 1.66065e-07
2000 2.48094e-07
2010 3.68951e-07
2020 5.46178e-07
2030 8.04841e-07
2040 1.18057e-06
2050 1.72378e-06
2060 2.50536e-06
2070 3.62459e-06
2080 5.21968e-06
2090 7.48208e-06
2100 1.06756e-05
2110 1.51618e-05
2120 2.14335e-05
2130 3.01591e-05
2140 4.224e-05
2150 5.88852e-05
2160 8.17079e-05
2170 0.000112848
2180 0.000155129
2190 0.000212255
2200 0.000289059
2210 0.000391811
2220 0.000528599
2230 0.000709792
2240 0.000948615
2250 0.00126183
2260 0.00167054
2270 0.0022012
2280 0.00288673
2290 0.00376785
2300 0.00489461
2310 0.00632817
2320 0.00814275
2330 0.0104278
2340 0.0132906
2350 0.0168586
2360 0.0212825
2370 0.0267388
2380 0.0334333
2390 0.0416038
2400 0.0515228
2410 0.0635004
2420 0.0778864
2430 0.0950721
2440 0.115491
2450 0.139619
2460 0.167973
2470 0.201108
2480 0.239616
2490 0.284114
2500 0.335243
2510 0.393654
2520 0.459997
2530 0.534906
2540 0.618986
2550 0.712792
2560 0.81681
2570 0.931437
2580 1.05696
2590 1.19353
2600 1.34114
2610 1.49963
2620 1.66861
2630 1.84752
2640 2.03556
2650 2.23169
2660 2.43468
2670 2.64303
2680 2.85506
2690 3.06886
2700 3.28237
2710 3.49337
2720 3.69952
2730 3.89843
2740 4.08765
2750 4.26479
2760 4.42749
2770 4.57356
2780 4.70093
2790 4.80779
2800 4.89258
2810 4.95404
2820 4.99123
2830 5.00359
2840 4.99091
2850 4.95336
2860 4.8915
2870 4.80621
2880 4.69875
2890 4.57065
2900 4.42373
2910 4.26004
2920 4.08179
2930 3.89134
2940 3.69112
2950 3.48358
2960 3.27114
2970 3.05619
2980 2.84097
2990 2.62758
3000 2.41795
3010 2.21382
3020 2.01668
3030 1.82781
3040 1.64825
3050 1.47881
3060 1.32008
3070 1.17241
3080 1.03599
3090 0.910811
3100 0.796695
3110 0.693343
3120 0.600337
3130 0.51717
3140 0.443263
3150 0.377989
3160 0.32069
3170 0.270694
3180 0.227332
3190 0.189946
3200 0.157901
3210 0.130594
3220 0.107461
3230 0.0879756
3240 0.0716568
3250 0.0580681
3260 0.0468167
3270 0.0375533
3280 0.0299695
3290 0.0237954
3300 0.018797
3310 0.014773
3320 0.0115512
3330 0.00898613
3340 0.00695502
3350 0.00535558
3360 0.00410296
3370 0.0031273
3380 0.00237151
3390 0.00178921
3400 0.00134302
3410 0.00100296
3420 0.000745191
3430 0.000550853
3440 0.000405122
3450 0.000296429
3460 0.000215793
3470 0.000156293
3480 0.000112623
3490 8.07416e-05
3500 5.75908e-05
3510 4.08691e-05
3520 2.88551e-05
3530 2.02692e-05
3540 1.41657e-05
3550 9.84982e-06
3560 6.81406e-06
3570 4.69e-06
3580 3.21165e-06
3590 2.18814e-06
3600 1.48325e-06
3610 1.00033e-06
3620 6.7122e-07
3630 4.48105e-07
3640 2.97639e-07
3650 1.96696e-07
3660 1.29329e-07
3670 8.46045e-08
3680 5.50668e-08
3690 3.56602e-08
3700 2.29762e-08
3710 1.47291e-08
3720 9.39449e-09
3730 5.96176e-09
3740 3.76426e-09
3750 2.36478e-09
3760 1.47812e-09
3770 9.19256e-10
3780 5.68813e-10
3790 3.50207e-10
3800 2.14527e-10
3810 1.30758e-10
3820 7.9296e-11
3830 4.78526e-11
3840 2.87288e-11
3850 1.71638e-11
3860 1.01999e-11
3870 6.03624e-12
3880 3.54842e-12
3890 2.08079e-12
3900 1.21016e-12
3910 6.9982e-13
3920 4.05449e-13
3930 2.35676e-13
3940 1.33182e-13
3950 8.23665e-14
3960 4.2485e-14
3970 2.32984e-14
3980 1.36731e-14
3990 6.92393e-15
4000 4.78003e-15
4010 -2.54586e-15
4020 -5.01944e-15
4030 -7.90033e-15
4040 -8.43964e-15
4050 -1.0757e-14
4060 -8.72066e-15
4070 -1.22151e-14
4080 -5.75035e-15
4090 -1.06775e-14
4100 -6.49952e-15
4110 -7.65093e-15
4120 -1.01573e-14
4130 -8.89676e-15
4140 -1.37811e-14
4150 -1.16142e-14
4160 -1.02251e-14
4170 -8.52116e-15
4180 -7.82272e-15
4190 -8.32708e-15
4200 -6.51695e-15
4210 -1.09664e-14
4220 -9.42545e-15
4230 -1.06716e-14
4240 -1.31183e-14
4250 -1.64357e-14
4260 -1.39306e-14
4270 -1.26323e-14
4280 -1.30743e-14
4290 -8.71435e-15
4300 -1.38621e-14
4310 -1.42807e-14
4320 -1.85426e-14
4330 -1.71383e-14
4340 -1.59739e-14
4350 -1.25192e-14
4360 -1.22004e-14
4370 -1.54175e-14
4380 -1.02607e-14
4390 -1.41378e-14
4400 -1.04178e-14
4410 -1.19096e-14
4420 -7.54257e-15
4430 -5.68357e-15
4440 -3.0913e-15
4450 -1.24535e-15
4460 -6.61438e-16
4470 -5.54654e-15
4480 -7.67999e-15
4490 -4.33711e-15
4500 -8.83141e-15
4510 -8.25263e-15
4520 -8.27578e-15
4530 -6.48696e-15
4540 -8.02779e-15
4550 -8.40719e-15
4560 -6.83277e-15
4570 -7.15356e-15
4580 -3.72286e-15
4590 -7.88366e-15
4600 -7.3801e-15
4610 -9.14717e-15
4620 -9.89585e-15
4630 -1.18891e-14
4640 -9.48568e-15
4650 -5.45259e-15
4660 -1.47353e-15
4670 -1.54967e-15
4680 2.45263e-15
4690 2.49276e-15
4700 1.19356e-15
4710 1.22299e-15
4720 5.73798e-16
4730 1.29668e-15
4740 2.15231e-15
4750 4.07474e-15
4760 -1.95787e-15
4770 1.39038e-15
4780 2.52352e-15
4790 2.86806e-15
4800 3.26936e-15
4810 4.57066e-15
4820 4.37536e-15
4830 4.27197e-15
4840 1.81382e-15
4850 5.71578e-15
4860 6.14016e-15
4870 7.09874e-15
4880 6.16548e-15
4890 5.69579e-15
4900 9.50787e-15
4910 7.22313e-15
4920 1.21614e-14
4930 1.0378e-14
4940 1.2229e-14
4950 9.55501e-15
4960 1.33865e-14
4970 1.37927e-14
4980 1.12381e-14
4990 1.77093e-14
5000 1.12381e-14
5010 1.37927e-14
5020 1.33865e-14
5030 9.55501e-15
5040 1.2229e-14
5050 1.0378e-14
5060 1.21614e-14
5070 7.22313e-15
5080 9.50787e-15
5090 5.69579e-15
5100 6.16548e-15
5110 7.09874e-15
5120 6.14016e-15
5130 5.71578e-15
5140 1.81382e-15
5150 4.27197e-15
5160 4.37536e-15
5170 4.57066e-15
5180 3.26936e-15
5190 2.86806e-15
5200 2.52352e-15
5210 1.39038e-15
5220 -1.95787e-15
5230 4.07474e-15
5240 2.15231e-15
5250 1.29668e-15
5260 5.73798e-16
5270 1.22299e-15
5280 1.19356e-15
5290 2.49276e-15
5300 2.45263e-15
5310 -1.54967e-15
5320 -1.47353e-15
5330 -5.45259e-15
5340 -9.48568e-15
5350 -1.18891e-14
5360 -9.89585e-15
5370 -9.14717e-15
5380 -7.3801e-15
5390 -7.88366e-15
5400 -3.72286e-15
5410 -7.15356e-15
5420 -6.83277e-15
5430 -8.40719e-15
5440 -8.02779e-15
5450 -6.48696e-15
5460 -8.27578e-15
5470 -8.25263e-15
5480 -8.83141e-15
5490 -4.33711e-15
5500 -7.67999e-15
5510 -5.54654e-15
5520 -6.61438e-16
5530 -1.24535e-15
5540 -3.0913e-15
5550 -5.68357e-15
5560 -7.54257e-15
5570 -1.19096e-14
5580 -1.04178e-14
5590 -1.41378e-14
5600 -1.02607e-14
5610 -1.54175e-14
5620 -1.22004e-14
5630 -1.25192e-14
5640 -1.59739e-14
5650 -1.71383e-14
5660 -1.85426e-14
5670 -1.42807e-14
5680 -1.38621e-14
5690 -8.71435e-15
5700 -1.30743e-14
5710 -1.26323e-14
5720 -1.39306e-14
5730 -1.64357e-14
5740 -1.31183e-14
5750 -1.06716e-14
5760 -9.42545e-15
5770 -1.09664e-14
5780 -6.51695e-15
5790 -8.32708e-15
5800 -7.82272e-15
5810 -8.52116e-15
5820 -1.02251e-14
5830 -1.16142e-14
5840 -1.37811e-14
5850 -8.89676e-15
5860 -1.01573e-14
5870 -7.65093e-15
5880 -6.49952e-15
5890 -1.06775e-14
5900 -5.75035e-15
5910 -1.22151e-14
5920 -8.72066e-15
5930 -1.0757e-14
5940 -8.43964e-15
5950 -7.90033e-15
5960 -5.01944e-15
5970 -2.54586e-15
5980 4.78003e-15
5990 6.92393e-15
6000 1.36731e-14
6010 2.32984e-14
6020 4.2485e-14
6030 8.23665e-14
6040 1.33182e-13
6050 2.35676e-13
6060 4.05449e-13
6070 6.9982e-13
6080 1.21016e-12
6090 2.08079e-12
6100 3.54842e-12
6110 6.03624e-12
6120 1.01999e-11
6130 1.71638e-11
6140 2.87288e-11
6150 4.78526e-11
6160 7.9296e-11
6170 1.30758e-10
6180 2.14527e-10
6190 3.50207e-10
6200 5.68813e-10
6210 9.19256e-10
6220 1.47812e-09
6230 2.36478e-09
6240 3.76426e-09
6250 5.96176e-09
6260 9.39449e-09
6270 1.47291e-08
6280 2.29762e-08
6290 3.56602e-08
6300 5.50668e-08
6310 8.46045e-08
6320 1.29329e-07
6330 1.96696e-07
6340 2.97639e-07
6350 4.48105e-07
6360 6.7122e-07
6370 1.00033e-06
6380 1.48325e-06
6390 2.18814e-06
6400 3.21165e-06
6410 4.69e-06
6420 6.81406e-06
6430 9.84982e-06
6440 1.41657e-05
6450 2.02692e-05
6460 2.88551e-05
6470 4.08691e-05
6480 5.75908e-05
6490 8.07416e-05
6500 0.000112623
6510 0.000156293
6520 0.000215793
6530 0.000296429
6540 0.000405122
6550 0.000550853
6560 0.000745191
6570 0.00100296
6580 0.00134302
6590 0.00178921
6600 0.00237151
6610 0.0031273
6620 0.00410296
6630 0.00535558
6640 0.00695502
6650 0.00898613
6660 0.0115512
6670 0.014773
6680 0.018797
6690 0.0237954
6700 0.0299695
6710 0.0375533
6720 0.0468167
6730 0.0580681
6740 0.0716568
6750 0.0879756
6760 0.107461
6770 0.130594
6780 0.157901
6790 0.189946
6800 0.227332
6810 0.270694
6820 0.32069
6830 0.377989
6840 0.443263
6850 0.51717
6860 0.600337
6870 0.693343
6880 0.796695
6890 0.910811
6900 1.03599
6910 1.17241
6920 1.32008
6930 1.47881
6940 1.64825
6950 1.82781
6960 2.01668
6970 2.21382
6980 2.41795
6990 2.62758
7000 2.84097
7010 3.05619
7020 3.27114
7030 3.48358
7040 3.69112
7050 3.89134
7060 4.08179
7070 4.26004
7080 4.42373
7090 4.57065
7100 4.69875
7110 4.80621
7120 4.8915
7130 4.95336
7140 4.99091
7150 5.00359
7160 4.99123
7170 4.95404
7180 4.89258
7190 4.80779
7200 4.70093
7210 4.57356
7220 4.42749
7230 4.26479
7240 4.08765
7250 3.89843
7260 3.69952
7270 3.49337
7280 3.28237
7290 3.06886
7300 2.85506
7310 2.64303
7320 2.43468
7330 2.23169
7340 2.03556
7350 1.84752
7360 1.66861
7370 1.49963
7380 1.34114
7390 1.19353
7400 1.05696
7410 0.931437
7420 0.81681
7430 0.712792
7440 0.618986
7450 0.534906
7460 0.459997
7470 0.393654
7480 0.335243
7490 0.284114
7500 0.239616
7510 0.201108
7520 0.167973
7530 0.139619
7540 0.115491
7550 0.0950721
7560 0.0778864
7570 0.0635004
7580 0.0515228
7590 0.0416038
7600 0.0334333
7610 0.0267388
7620 0.0212825
7630 0.0168586
7640 0.0132906
7650 0.0104278
7660 0.00814275
7670 0.00632817
7680 0.00489461
7690 0.00376785
7700 0.00288673
7710 0.0022012
7720 0.00167054
7730 0.00126183
7740 0.000948615
7750 0.000709792
7760 0.000528599
7770 0.000391811
7780 0.000289059
7790 0.000212255
7800 0.000155129
7810 0.000112848
7820 8.17079e-05
7830 5.88852e-05
7840 4.224e-05
7850 3.01591e-05
7860 2.14335e-05
7870 1.51618e-05
7880 1.06756e-05
7890 7.48208e-06
7900 5.21968e-06
7910 3.62459e-06
7920 2.50536e-06
7930 1.72378e-06
7940 1.18057e-06
7950 8.04841e-07
7960 5.46178e-07
7970 3.68951e-07
7980 2.48094e-07
7990 1.66065e-07
8000 1.10652e-07
8010 7.33942e-08
8020 4.84605e-08
8030 3.18523e-08
8040 2.08413e-08
8050 1.3575e-08
8060 8.80217e-09
8070 5.6817e-09
8080 3.65097e-09
8090 2.3355e-09
8100 1.48731e-09
8110 9.42907e-10
8120 5.951e-10
8130 3.73909e-10
8140 2.33883e-10
8150 1.45644e-10
8160 9.02925e-11
8170 5.57283e-11
8180 3.42428e-11
8190 2.09476e-11
8200 1.27577e-11
8210 7.73555e-12
8220 4.66971e-12
8230 2.80654e-12
8240 1.67934e-12
8250 1.00045e-12
8260 5.93395e-13
8270 3.50419e-13
8280 2.06029e-13
8290 1.20606e-13
8300 7.02933e-14
8310 4.0791e-14
8320 2.35681e-14
8330 1.3558e-14
8340 7.7657e-15
8350 4.42878e-15
8360 2.51483e-15
8370 1.42185e-15
8380 8.00437e-16
8390 4.48672e-16
8400 2.50416e-16
8410 1.39165e-16
8420 7.70078e-17
8430 4.24307e-17
8440 2.32792e-17
8450 1.27175e-17
8460 6.91806e-18
8470 3.7473e-18
8480 2.02119e-18
8490 1.08555e-18
8500 5.80572e-19
8510 3.09189e-19
8520 1.63967e-19
8530 8.65882e-20
8540 4.55335e-20
8550 2.38439e-20
8560 1.24337e-20
8570 6.45659e-21
8580 3.33878e-21
8590 1.71932e-21
8600 8.81688e-22
8610 4.5026e-22
8620 2.28984e-22
8630 1.15969e-22
8640 5.84896e-23
8650 2.93776e-23
8660 1.46946e-23
8670 7.31996e-24
8680 3.63135e-24
8690 1.79407e-24
8700 8.82729e-25
8710 4.32547e-25
8720 2.11086e-25
8730 1.02591e-25
8740 4.96575e-26
8750 2.39381e-26
8760 1.14928e-26
8770 5.49538e-27
8780 2.61701e-27
8790 1.24124e-27
8800 5.86333e-28
8810 2.75854e-28
8820 1.2926e-28
8830 6.0325e-29
8840 2.80404e-29
8850 1.29816e-29
8860 5.98588e-30
8870 2.7491e-30
8880 1.25753e-30
8890 5.7294e-31
8900 2.59998e-31
8910 1.17518e-31
8920 5.29068e-32
8930 2.37244e-32
8940 1.05964e-32
8950 4.71418e-33
8960 2.08899e-33
8970 9.22051e-34
8980 4.05381e-34
8990 1.77527e-34
9000 7.74389e-35
9010 3.36474e-35
9020 1.45628e-35
9030 6.27829e-36
9040 2.69614e-36
9050 1.15333e-36
9060 4.91441e-37
9070 2.08595e-37
9080 8.81964e-38
9090 3.71463e-38
9100 1.55847e-38
9110 6.51333e-39
9120 2.7116e-39
9130 1.12452e-39
9140 4.64536e-40
9150 1.91149e-40
9160 7.8344e-41
9170 3.19811e-41
9180 1.30015e-41
9190 5.26315e-42
9200 2.12115e-42
9210 8.50874e-43
9220 3.39625e-43
9230 1.34838e-43
9240 5.32257e-44
9250 2.0879e-44
9260 8.13463e-45
9270 3.14593e-45
9280 1.20689e-45
9290 4.58996e-46
9300 1.72937e-46
9310 6.45085e-47
9320 2.38078e-47
9330 8.68815e-48
9340 3.13321e-48
9350 1.11601e-48
9360 3.92418e-49
9370 1.36155e-49
9380 4.65955e-50
9390 1.57225e-50
9400 5.22905e-51
9410 1.71367e-51
9420 5.53254e-52
9430 1.75923e-52
9440 5.50859e-53
9450 1.69828e-53
9460 5.1543e-54
9470 1.53984e-54
9480 4.52776e-55
9490 1.31027e-55
9500 3.73149e-56
9510 1.04574e-56
9520 2.88383e-57
9530 7.82541e-58
9540 2.08942e-58
9550 5.48932e-59
9560 1.419e-59
9570 3.60923e-60
9580 9.03263e-61
9590 2.22425e-61
9600 5.38917e-62
9610 1.2848e-62
9620 3.01387e-63
9630 6.95657e-64
9640 1.57998e-64
9650 3.53099e-65
9660 7.76488e-66
9670 1.68024e-66
9680 3.57775e-67
9690 7.49643e-68
9700 1.54564e-68
9710 3.13598e-69
9720 6.26115e-70
9730 1.23013e-70
9740 2.3783e-71
9750 4.52481e-72
9760 8.47137e-73
9770 1.56072e-73
9780 2.82953e-74
9790 5.04798e-75
9800 8.86205e-76
9810 1.53094e-76
9820 2.60249e-77
9830 4.35329e-78
9840 7.16537e-79
9850 1.1605e-79
9860 1.8494e-80
9870 2.89993e-81
9880 4.47406e-82
9890 6.79151e-83
9900 1.0143e-83
9910 1.49037e-84
9920 2.15443e-85
9930 3.06385e-86
9940 4.28632e-87
9950 5.89884e-88
9960 7.98539e-89
9970 1.06334e-89
9980 1.39653e-90
9990 2.10513e-91
10000 2.66773e-92
10010 3.32464e-93
10020 4.07442e-94
10030 4.90997e-95
10040 5.81777e-96
10050 6.77754e-97
10060 7.76239e-98
10070 8.73971e-99
10080 9.67262e-100
10090 1.05221e-100
10100 1.12497e-101
10110 1.18201e-102
10120 1.22042e-103
10130 1.23811e-104
10140 1.23406e-105
10150 1.20837e-106
10160 1.16225e-107
10170 1.09799e-108
10180 1.01869e-109
10190 9.28079e-111
10200 8.3019e-112
10210 7.29066e-113
10220 6.28489e-114
10230 5.31759e-115
10240 4.41529e-116
10250 3.59726e-117
10260 2.87533e-118
10270 2.25446e-119
10280 1.73369e-120
10290 1.30737e-121
10300 9.66629e-123
10310 7.00607e-124
10320 4.97698e-125
10330 3.46461e-126
10340 2.36296e-127
10350 1.57864e-128
10360 1.03288e-129
10370 6.61691e-131
10380 4.14963e-132
10390 2.54688e-133
10400 1.5295e-134
10410 8.98506e-136
10420 5.16195e-137
10430 2.8994e-138
10440 1.59178e-139
10450 8.53913e-141
10460 4.47471e-142
10470 2.28981e-143
10480 1.14386e-144
10490 5.57623e-146
10500 2.65181e-147
10510 1.22974e-148
10520 5.5589e-150
10530 2.44843e-151
10540 1.05033e-152
10550 4.38634e-154
10560 1.78246e-155
10570 7.04469e-157
10580 2.70647e-158
10590 1.0102e-159
10600 3.66122e-161
10610 1.28765e-162
10620 4.39183e-164
10630 1.45171e-165
10640 4.6472e-167
10650 1.43964e-168
10660 4.31245e-170
10670 1.24805e-171
10680 3.48652e-173
10690 9.3926e-175
10700 2.43765e-176
10710 6.08797e-178
10720 1.46145e-179
10730 3.3679e-181
10740 7.44063e-183
10750 1.57363e-184
10760 3.18089e-186
10770 6.13486e-188
10780 1.12682e-189
10790 1.96703e-191
10800 3.25606e-193
10810 5.09826e-195
10820 7.53013e-197
10830 1.04592e-198
10840 1.3615e-200
10850 1.65447e-202
10860 1.86854e-204
10870 1.95134e-206
10880 1.87318e-208
10890 1.64143e-210
10900 1.30217e-212
10910 9.2588e-215
10920 5.8277e-217
10930 3.19642e-219
10940 1.4966e-221
10950 5.81561e-224
10960 1.80058e-226
10970 4.16421e-229
10980 6.39459e-232
10990 4.89012e-235
11000 0
11010 0
11020 0
11030 0
11040 0
11050 0
11060 0
11070 0
11080 0
11090 0
11100 0
11110 0
11120 0
11130 0
11140 0
11150 0
11160 0
11170 0
11180 0
11190 0
11200 0
11210 0
11220 0
11230 0
11240 0
11250 0
11260 0
11270 0
11280 0
11290 0
11300 0
11310 0
11320 0
11330 0
11340 0
11350 0
11360 0
11370 0
11380 0
11390 0
11400 0
11410 0
11420 0
11430 0
11440 0
11450 0
11460 0
11470 0
11480 0
11490 0
11500 0
11510 0
11520 0
11530 0
11540 0
11550 0
11560 0
11570 0
11580 0
11590 0
11600 0
11610 0
11620 0
11630 0
11640 0
11650 0
11660 0
11670 0
11680 0
11690 0
11700 0
11710 0
11720 0
11730 0
11740 0
11750 0
11760 0
11770 0
11780 0
11790 0
11800 0
11810 0
11820 0
11830 0
11840 0
11850 0
11860 0
11870 0
11880 0
11890 0
11900 0
11910 0
11920 0
11930 0
11940 0
11950 0
11960 0
11970 0
11980 0
11990 0
12000 0
12010 0
12020 0
12030 0
12040 0
12050 0
12060 0
12070 0
12080 0
12090 0
12100 0
12110 0
12120 0
12130 0
12140 0
12150 0
12160 0
12170 0
12180 0
12190 0
12200 0
12210 0
12220 0
12230 0
12240 0
12250 0
12260 0
12270 0
12280 0
12290 0
12300 0
12310 0
12320 0
12330 0
12340 0
12350 0
12360 0
12370 0
12380 0
12390 0
12400 0
12410 0
12420 0
12430 0
12440 0
12450 0
12460 0
12470 0
12480 0
12490 0
12500 0
12510 0
12520 0
12530 0
12540 0
12550 0
12560 0
12570 0
12580 0
12590 0
12600 0
12610 0
12620 0
12630 0
12640 0
12650 0
12660 0
12670 0
12680 0
12690 0
12700 0
12710 0
12720 0
12730 0
12740 0
12750 0
12760 0
12770 0
12780 0
12790 0
12800 0
12810 0
12820 0
12830 0
12840 0
12850 0
12860 0
12870 0
12880 0
12890 0
12900 0
12910 0
12920 0
12930 0
12940 0
12950 0
12960 0
12970 0
12980 0
12990 0
13000 0
13010 0
13020 0
13030 0
13040 0
13050 0
13060 0
13070 0
13080 0
13090 0
13100 0
13110 0
13120 0
13130 0
13140 0
13150 0
13160 0
13170 0
13180 0
13190 0
13200 0
13210 0
13220 0
13230 0
13240 0
13250 0
13260 0
13270 0
13280 0
13290 0
13300 0
13310 0
13320 0
13330 0
13340 0
13350 0
13360 0
13370 0
13380 0
13390 0
13400 0
13410 0
13420 0
13430 0
13440 0
13450 0
13460 0
13470 0
13480 0
13490 0
13500 0
13510 0
13520 0
13530 0
13540 0
13550 0
13560 0
13570 0
13580 0
13590 0
13600 0
13610 0
13620 0
13630 0
13640 0
13650 0
13660 0
13670 0
13680 0
13690 0
13700 0
13710 0
13720 0
13730 0
13740 0
13750 0
13760 0
13770 0
13780 0
13790 0
13800 0
13810 0
13820 0
13830 0
13840 0
13850 0
13860 0
13870 0
13880 0
13890 0
13900 0
13910 0
13920 0
13930 0
13940 0
13950 0
13960 0
13970 0
13980 0
13990 0
14000 0
14010 0
14020 0
14030 0
14040 0
14050 0
14060 0
14070 0
14080 0
14090 0
14100 0
14110 0
14120 0
14130 0
14140 0
14150 0
14160 0
14170 0
14180 0
14190 0
14200 0
14210 0
14220 0
14230 0
14240 0
14250 0
14260 0
14270 0
14280 0
14290 0
14300 0
14310 0
14320 0
14330 0
14340 0
14350 0
14360 0
14370 0
14380 0
14390 0
14400 0
14410 0
14420 0
14430 0
14440 0
14450 0
14460 0
14470 0
14480 0
14490 0
14500 0
14510 0
14520 0
14530 0
14540 0
14550 0
14560 0
14570 0
14580 0
14590 0
14600 0
14610 0
14620 0
14630 0
14640 0
14650 0
14660 0
14670 0
14680 0
14690 0
14700 0
14710 0
14720 0
14730 0
14740 0
14750 0
14760 0
14770 0
14780 0
14790 0
14800 0
14810 0
14820 0
14830 0
14840 0
14850 0
14860 0
14870 0
14880 0
14890 0
14900 0
14910 0
14920 0
14930 0
14940 0
14950 0
14960 0
14970 0
14980 0
14990 0
15000 0
15010 0
15020 0
15030 0
15040 0
15050 0
15060 0
15070 0
15080 0
15090 0
15100 0
15110 0
15120 0
15130 0
15140 0
15150 0
15160 0
15170 0
15180 0
15190 0
15200 0
15210 0
15220 0
15230 0
15240 0
15250 0
15260 0
15270 0
15280 0
15290 0
15300 0
15310 0
15320 0
15330 0
15340 0
15350 0
15360 0
15370 0
15380 0
15390 0
15400 0
15410 0
15420 0
15430 0
15440 0
15450 0
15460 0
15470 0
15480 0
15490 0
15500 0
15510 0
15520 0
15530 0
15540 0
15550 0
15560 0
15570 0
15580 0
15590 0
15600 0
15610 0
15620 0
15630 0
15640 0
15650 0
15660 0
15670 0
15680 0
15690 0
15700 0
15710 0
15720 0
15730 0
15740 0
15750 0
15760 0
15770 0
15780 0
15790 0
15800 0
15810 0
15820 0
15830 0
15840 0
15850 0
15860 0
15870 0
15880 0
15890 0
15900 0
15910 0
15920 0
15930 0
15940 0
15950 0
15960 0
15970 0
15980 0
15990 0
16000 0
16010 0
16020 0
16030 0
16040 0
16050 0
16060 0
16070 0
16080 0
16090 0
16100 0
16110 0
16120 0
16130 0
16140 0
16150 0
16160 0
16170 0
16180 0
16190 0
16200 0
16210 0
16220 0
16230 0
16240 0
16250 0
16260 0
16270 0
16280 0
16290 0
16300 0
16310 0
16320 0
16330 0
16340 0
16350 0
16360 0
16370 0
16380 0
16390 0
16400 0
16410 0
16420 0
16430 0
16440 0
16450 0
16460 0
16470 0
16480 0
16490 0
16500 0
16510 0
16520 0
16530 0
16540 0
16550 0
16560 0
16570 0
16580 0
16590 0
16600 0
16610 0
16620 0
16630 0
16640 0
16650 0
16660 0
16670 0
16680 0
16690 0
16700 0
16710 0
16720 0
16730 0
16740 0
16750 0
16760 0
16770 0
16780 0
16790 0
16800 0
16810 0
16820 0
16830 0
16840 0
16850 0
16860 0
16870 0
16880 0
16890 0
16900 0
16910 0
16920 0
16930 0
16940 0
16950 0
16960 0
16970 0
16980 0
16990 0
17000 0
17010 0
17020 0
17030 0
17040 0
17050 0
17060 0
17070 0
17080 0
17090 0
17100 0
17110 0
17120 0
17130 0
17140 0
17150 0
17160 0
17170 0
17180 0
17190 0
17200 0
17210 0
17220 0
17230 0
17240 0
17250 0
17260 0
17270 0
17280 0
17290 0
17300 0
17310 0
17320 0
17330 0
17340 0
17350 0
17360 0
17370 0
17380 0
17390 0
17400 0
17410 0
17420 0
17430 0
17440 0
17450 0
17460 0
17470 0
17480 0
17490 0
17500 0
17510 0
17520 0
17530 0
17540 0
17550 0
17560 0
17570 0
17580 0
17590 0
17600 0
17610 0
17620 0
17630 0
17640 0
17650 0
17660 0
17670 0
17680 0
17690 0
17700 0
17710 0
17720 0
17730 0
17740 0
17750 0
17760 0
17770 0
17780 0
17790 0
17800 0
17810 0
17820 0
17830 0
17840 0
17850 0
17860 0
17870 0
17880 0
17890 0
17900 0
17910 0
17920 0
17930 0
17940 0
17950 0
17960 0
17970 0
17980 0
17990 0
18000 0
18010 0
18020 0
18030 0
18040 0
18050 0
18060 0
18070 0
18080 0
18090 0
18100 0
18110 0
18120 0
18130 0
18140 0
18150 0
18160 0
18170 0
18180 0
18190 0
18200 0
18210 0
18220 0
18230 0
18240 0
18250 0
18260 0
18270 0
18280 0
18290 0
18300 0
18310 0
18320 0
18330 0
18340 0
18350 0
18360 0
18370 0
18380 0
18390 0
18400 0
18410 0
18420 0
18430 0
18440 0
18450 0
18460 0
18470 0
18480 0
18490 0
18500 0
18510 0
18520 0
18530 0
18540 0
18550 0
18560 0
18570 0
18580 0
18590 0
18600 0
18610 0
18620 0
18630 0
18640 0
18650 0
18660 0
18670 0
18680 0
18690 0
18700 0
18710 0
18720 0
18730 0
18740 0
18750 0
18760 0
18770 0
18780 0
18790 0
18800 0
18810 0
18820 0
18830 0
18840 0
18850 0
18860 0
18870 0
18880 0
18890 0
18900 0
18910 0
18920 0
18930 0
18940 0
18950 0
18960 0
18970 0
18980 0
18990 0
19000 0
19010 0
19020 0
19030 0
19040 0
19050 0
19060 0
19070 0
19080 0
19090 0
19100 0
19110 0
19120 0
19130 0
19140 0
19150 0
19160 0
19170 0
19180 0
19190 0
19200 0
19210 0
19220 0
19230 0
19240 0
19250 0
19260 0
19270 0
19280 0
19290 0
19300 0
19310 0
19320 0
19330 0
19340 0
19350 0
19360 0
19370 0
19380 0
19390 0
19400 0
19410 0
19420 0
19430 0
19440 0
19450 0
19460 0
19470 0
19480 0
19490 0
19500 0
19510 0
19520 0
19530 0
19540 0
19550 0
19560 0
19570 0
19580 0
19590 0
19600 0
19610 0
19620 0
19630 0
19640 0
19650 0
19660 0
19670 0
19680 0
19690 0
19700 0
19710 0
19720 0
19730 0
19740 0
19750 0
19760 0
19770 0
19780 0
19790 0
19800 0
19810 0
19820 0
19830 0
19840 0
19850 0
19860 0
19870 0
19880 0
19890 0
19900 0
19910 0
19920 0
19930 0
19940 0
19950 0
19960 0
19970 0
19980 0
19990 0
20000 0
20010 0
20020 0
20030 0
20040 0
20050 0
20060 0
20070 0
20080 0
20090 0
20100 0
20110 0
20120 0
20130 0
20140 0
20150 0
20160 0
20170 0
20180 0
20190 0
20200 0
20210 0
20220 0
20230 0
20240 0
20250 0
20260 0
20270 0
20280 0
20290 0
20300 0
20310 0
20320 0
20330 0
20340 0
20350 0
20360 0
20370 0
20380 0
20390 0
20400 0
20410 0
20420 0
20430 0
20440 0
20450 0
20460 0
20470 0
20480 0
20490 0
20500 0
20510 0
20520 0
20530 0
20540 0
20550 0
20560 0
20570 0
20580 0
20590 0
20600 0
20610 0
20620 0
20630 0
20640 0
20650 0
20660 0
20670 0
20680 0
20690 0
20700 0
20710 0
20720 0
20730 0
20740 0
20750 0
20760 0
20770 0
20780 0
20790 0
20800 0
20810 0
20820 0
20830 0
20840 0
20850 0
20860 0
20870 0
20880 0
20890 0
20900 0
20910 0
20920 0
20930 0
20940 0
20950 0
20960 0
20970 0
20980 0
20990 0
21000 0
21010 0
21020 0
21030 0
21040 0
21050 0
21060 0
21070 0
21080 0
21090 0
21100 0
21110 0
21120 0
21130 0
21140 0
21150 0
21160 0
21170 0
21180 0
21190 0
21200 0
21210 0
21220 0
21230 0
21240 0
21250 0
21260 0
21270 0
21280 0
21290 0
21300 0
21310 0
21320 0
21330 0
21340 0
21350 0
21360 0
21370 0
21380 0
21390 0
21400 0
21410 0
21420 0
21430 0
21440 0
21450 0
21460 0
21470 0
21480 0
21490 0
21500 0
21510 0
21520 0
21530 0
21540 0
21550 0
21560 0
21570 0
21580 0
21590 0
21600 0
21610 0
21620 0
21630 0
21640 0
21650 0
21660 0
21670 0
21680 0
21690 0
21700 0
21710 0
21720 0
21730 0
21740 0
21750 0
21760 0
21770 0
21780 0
21790 0
21800 0
21810 0
21820 0
21830 0
21840 0
21850 0
21860 0
21870 0
21880 0
21890 0
21900 0
21910 0
21920 0
21930 0
21940 0
21950 0
21960 0
21970 0
21980 0
21990 0
22000 0
22010 0
22020 0
22030 0
22040 0
22050 0
22060 0
22070 0
22080 0
22090 0
22100 0
22110 0
22120 0
22130 0
22140 0
22150 0
22160 0
22170 0
22180 0
22190 0
22200 0
22210 0
22220 0
22230 0
22240 0
22250 0
22260 0
22270 0
22280 0
22290 0
22300 0
22310 0
22320 0
22330 0
22340 0
22350 0
22360 0
22370 0
22380 0
22390 0
22400 0
22410 0
22420 0
22430 0
22440 0
22450 0
22460 0
22470 0
22480 0
22490 0
22500 0
22510 0
22520 0
22530 0
22540 0
22550 0
22560 0
22570 0
22580 0
22590 0
22600 0
22610 0
22620 0
22630 0
22640 0
22650 0
22660 0
22670 0
22680 0
22690 0
22700 0
22710 0
22720 0
22730 0
22740 0
22750 0
22760 0
22770 0
22780 0
22790 0
22800 0
22810 0
22820 0
22830 0
22840 0
22850 0
22860 0
22870 0
22880 0
22890 0
22900 0
22910 0
22920 0
22930 0
22940 0
22950 0
22960 0
22970 0
22980 0
22990 0
23000 0
23010 0
23020 0
23030 0
23040 0
23050 0
23060 0
23070 0
23080 0
23090 0
23100 0
23110 0
23120 0
23130 0
23140 0
23150 0
23160 0
23170 0
23180 0
23190 0
23200 0
23210 0
23220 0
23230 0
23240 0
23250 0
23260 0
23270 0
23280 0
23290 0
23300 0
23310 0
23320 0
23330 0
23340 0
23350 0
23360 0
23370 0
23380 0
23390 0
23400 0
23410 0
23420 0
23430 0
23440 0
23450 0
23460 0
23470 0
23480 0
23490 0
23500 0
23510 0
23520 0
23530 0
23540 0
23550 0
23560 0
23570 0
23580 0
23590 0
23600 0
23610 0
23620 0
23630 0
23640 0
23650 0
23660 0
23670 0
23680 0
23690 0
23700 0
23710 0
23720 0
23730 0
23740 0
23750 0
23760 0
23770 0
23780 0
23790 0
23800 0
23810 0
23820 0
23830 0
23840 0
23850 0
23860 0
23870 0
23880 0
23890 0
23900 0
23910 0
23920 0
23930 0
23940 0
23950 0
23960 0
23970 0
23980 0
23990 0
24000 0
24010 0
24020 0
24030 0
24040 0
24050 0
24060 0
24070 0
24080 0
24090 0
24100 0
24110 0
24120 0
24130 0
24140 0
24150 0
24160 0
24170 0
24180 0
24190 0
24200 0
24210 0
24220 0
24230 0
24240 0
24250 0
24260 0
24270 0
24280 0
24290 0
24300 0
24310 0
24320 0
24330 0
24340 0
24350 0
24360 0
24370 0
24380 0
24390 0
24400 0
24410 0
24420 0
24430 0
24440 0
24450 0
24460 0
24470 0
24480 0
24490 0
24500 0
24510 0
24520 0
24530 0
24540 0
24550 0
24560 0
24570 0
24580 0
24590 0
24600 0
24610 0
24620 0
24630 0
24640 0
24650 0
24660 0
24670 0
24680 0
24690 0
24700 0
24710 0
24720 0
24730 0
24740 0
24750 0
24760 0
24770 0
24780 0
24790 0
24800 0
24810 0
24820 0
24830 0
24840 0
24850 0
24860 0
24870 0
24880 0
24890 0
24900 0
24910 0
24920 0
24930 0
24940 0
24950 0
24960 0
24970 0
24980 0
24990 0
25000 0
25010 0
25020 0
25030 0
25040 0
25050 0
25060 0
25070 0
25080 0
25090 0
25100 0
25110 0
25120 0
25130 0
25140 0
25150 0
25160 0
25170 0
25180 0
25190 0
25200 0
25210 0
25220 0
25230 0
25240 0
25250 0
25260 0
25270 0
25280 0
25290 0
25300 0
25310 0
25320 0
25330 0
25340 0
25350 0
25360 0
25370 0
25380 0
25390 0
25400 0
25410 0
25420 0
25430 0
25440 0
25450 0
25460 0
25470 0
25480 0
25490 0
25500 0
25510 0
25520 0
25530 0
25540 0
25550 0
25560 0
25570 0
25580 0
25590 0
25600 0
25610 0
25620 0
25630 0
25640 0
25650 0
25660 0
25670 0
25680 0
25690 0
25700 0
25710 0
25720 0
25730 0
25740 0
25750 0
25760 0
25770 0
25780 0
25790 0
25800 0
25810 0
25820 0
25830 0
25840 0
25850 0
25860 0
25870 0
25880 0
25890 0
25900 0
25910 0
25920 0
25930 0
25940 0
25950 0
25960 0
25970 0
25980 0
25990 0
26000 0
26010 0
26020 0
26030 0
26040 0
26050 0
26060 0
26070 0
26080 0
26090 0
26100 0
26110 0
26120 0
26130 0
26140 0
26150 0
26160 0
26170 0
26180 0
26190 0
26200 0
26210 0
26220 0
26230 0
26240 0
26250 0
26260 0
26270 0
26280 0
26290 0
26300 0
26310 0
26320 0
26330 0
26340 0
26350 0
26360 0
26370 0
26380 0
26390 0
26400 0
26410 0
26420 0
26430 0
26440 0
26450 0
26460 0
26470 0
26480 0
26490 0
26500 0
26510 0
26520 0
26530 0
26540 0
26550 0
26560 0
26570 0
26580 0
26590 0
26600 0
26610 0
26620 0
26630 0
26640 0
26650 0
26660 0
26670 0
26680 0
26690 0
26700 0
26710 0
26720 0
26730 0
26740 0
26750 0
26760 0
26770 0
26780 0
26790 0
26800 0
26810 0
26820 0
26830 0
26840 0
26850 0
26860 0
26870 0
26880 0
26890 0
26900 0
26910 0
26920 0
26930 0
26940 0
26950 0
26960 0
26970 0
26980 0
26990 0
27000 0
27010 0
27020 0
27030 0
27040 0
27050 0
27060 0
27070 0
27080 0
27090 0
27100 0
27110 0
27120 0
27130 0
27140 0
27150 0
27160 0
27170 0
27180 0
27190 0
27200 0
27210 0
27220 0
27230 0
27240 0
27250 0
27260 0
27270 0
27280 0
27290 0
27300 0
27310 0
27320 0
27330 0
27340 0
27350 0
27360 0
27370 0
27380 0
27390 0
27400 0
27410 0
27420 0
27430 0
27440 0
27450 0
27460 0
27470 0
27480 0
27490 0
27500 0
27510 0
27520 0
27530 0
27540 0
27550 0
27560 0
27570 0
27580 0
27590 0
27600 0
27610 0
27620 0
27630 0
27640 0
27650 0
27660 0
27670 0
27680 0
27690 0
27700 0
27710 0
27720 0
27730 0
27740 0
27750 0
27760 0
27770 0
27780 0
27790 0
27800 0
27810 0
27820 0
27830 0
27840 0
27850 0
27860 0
27870 0
27880 0
27890 0
27900 0
27910 0
27920 0
27930 0
27940 0
27950 0
27960 0
27970 0
27980 0
27990 0
28000 0
28010 0
28020 0
28030 0
28040 0
28050 0
28060 0
28070 0
28080 0
28090 0
28100 0
28110 0
28120 0
28130 0
28140 0
28150 0
28160 0
28170 0
28180 0
28190 0
28200 0
28210 0
28220 0
28230 0
28240 0
28250 0
28260 0
28270 0
28280 0
28290 0
28300 0
28310 0
28320 0
28330 0
28340 0
28350 0
28360 0
28370 0
28380 0
28390 0
28400 0
28410 0
28420 0
28430 0
28440 0
28450 0
28460 0
28470 0
28480 0
28490 0
28500 0
28510 0
28520 0
28530 0
28540 0
28550 0
28560 0
28570 0
28580 0
28590 0
28600 0
28610 0
28620 0
28630 0
28640 0
28650 0
28660 0
28670 0
28680 0
28690 0
28700 0
28710 0
28720 0
28730 0
28740 0
28750 0
28760 0
28770 0
28780 0
28790 0
28800 0
28810 0
28820 0
28830 0
28840 0
28850 0
28860 0
28870 0
28880 0
28890 0
28900 0
28910 0
28920 0
28930 0
28940 0
28950 0
28960 0
28970 0
28980 0
28990 0
29000 0
29010 0
29020 0
29030 0
29040 0
29050 0
29060 0
29070 0
29080 0
29090 0
29100 0
29110 0
29120 0
29130 0
29140 0
29150 0
29160 0
29170 0
29180 0
29190 0
29200 0
29210 0
29220 0
29230 0
29240 0
29250 0
29260 0
29270 0
29280 0
29290 0
29300 0
29310 0
29320 0
29330 0
29340 0
29350 0
29360 0
29370 0
29380 0
29390 0
29400 0
29410 0
29420 0
29430 0
29440 0
29450 0
29460 0
29470 0
29480 0
29490 0
29500 0
29510 0
29520 0
29530 0
29540 0
29550 0
29560 0
29570 0
29580 0
29590 0
29600 0
29610 0
29620 0
29630 0
29640 0
29650 0
29660 0
29670 0
29680 0
29690 0
29700 0
29710 0
29720 0
29730 0
29740 0
29750 0
29760 0
29770 0
29780 0
29790 0
29800 0
29810 0
29820 0
29830 0
29840 0
29850 0
29860 0
29870 0
29880 0
29890 0
29900 0
29910 0
29920 0
29930 0
29940 0
29950 0
29960 0
29970 0
29980 0
