-10 0
0 -4.38793e-15
10 2.01441e-17
20 -2.87007e-15
30 -7.33663e-15
40 -4.08793e-16
50 -1.95655e-15
60 4.71987e-15
70 -2.1357e-15
80 4.83653e-15
90 1.40932e-14
100 1.39483e-14
110 1.13703e-14
120 2.28581e-14
130 2.60597e-14
140 3.21553e-14
150 3.03872e-14
160 2.64727e-14
170 2.0478e-14
180 2.70996e-14
190 2.31443e-14
200 1.51173e-14
210 1.7633e-14
220 2.12998e-14
230 1.63205e-14
240 2.08702e-14
250 1.97034e-14
260 1.17282e-14
270 1.47515e-14
280 6.23341e-15
290 1.04791e-14
300 8.61628e-15
310 6.41142e-15
320 8.74823e-15
330 6.3544e-15
340 4.87412e-15
350 5.8932e-15
360 6.61712e-15
370 7.92032e-15
380 1.41707e-14
390 1.09112e-14
400 1.74738e-14
410 1.99516e-14
420 2.93886e-14
430 2.79048e-14
440 2.8957e-14
450 3.30876e-14
460 2.64967e-14
470 2.26795e-14
480 1.71686e-14
490 1.98436e-14
500 2.81114e-14
510 2.70711e-14
520 2.07697e-14
530 3.26349e-14
540 2.72313e-14
550 3.44965e-14
560 3.9889e-14
570 3.97025e-14
580 3.94287e-14
590 3.53993e-14
600 2.60911e-14
610 2.30158e-14
620 2.56183e-14
630 3.13126e-14
640 3.95189e-14
650 3.76749e-14
660 3.81822e-14
670 3.59136e-14
680 4.09085e-14
690 3.77398e-14
700 3.5536e-14
710 3.75444e-14
720 3.90842e-14
730 2.82183e-14
740 2.78961e-14
750 2.99736e-14
760 2.74008e-14
770 3.28531e-14
780 2.67059e-14
790 1.60803e-14
800 2.48209e-14
810 2.09063e-14
820 2.39164e-14
830 2.29113e-14
840 2.77321e-14
850 2.1883e-14
860 1.77835e-14
870 2.62427e-14
880 2.60511e-14
890 2.99451e-14
900 3.05698e-14
910 3.41864e-14
920 3.75016e-14
930 2.35122e-14
940 2.65632e-14
950 2.23418e-14
960 2.13199e-14
970 2.86448e-14
980 2.8351e-14
990 3.2825e-14
1000 2.94859e-14
1010 3.39181e-14
1020 3.23211e-14
1030 3.36153e-14
1040 3.56573e-14
1050 3.08287e-14
1060 3.41323e-14
1070 3.47731e-14
1080 4.46974e-14
1090 4.3283e-14
1100 5.18281e-14
1110 4.57043e-14
1120 4.55637e-14
1130 5.38103e-14
1140 4.27659e-14
1150 5.48022e-14
1160 5.36357e-14
1170 6.01102e-14
1180 5.5503e-14
1190 5.53004e-14
1200 5.941e-14
1210 6.13796e-14
1220 7.56849e-14
1230 6.54113e-14
1240 7.259e-14
1250 6.71138e-14
1260 7.10796e-14
1270 7.17928e-14
1280 6.62553e-14
1290 5.76805e-14
1300 5.68893e-14
1310 6.2827e-14
1320 6.15783e-14
1330 6.14402e-14
1340 5.56084e-14
1350 6.20114e-14
1360 5.24516e-14
1370 5.33756e-14
1380 5.52191e-14
1390 5.42139e-14
1400 4.61969e-14
1410 3.91851e-14
1420 3.40027e-14
1430 3.4082e-14
1440 2.53483e-14
1450 2.8708e-14
1460 2.70715e-14
1470 1.63562e-14
1480 2.14114e-14
1490 1.1462e-14
1500 1.16983e-14
1510 1.14309e-14
1520 4.20364e-15
1530 5.31401e-15
1540 9.27526e-15
1550 6.95258e-15
1560 -1.02286e-15
1570 -1.46024e-15
1580 -1.12742e-17
1590 9.78814e-17
1600 3.8111e-15
1610 -3.78628e-15
1620 -2.87073e-15
1630 -1.41006e-14
1640 -2.24912e-14
1650 -1.35672e-14
1660 -8.61777e-15
1670 -7.19584e-15
1680 -6.68944e-17
1690 2.81154e-15
1700 -1.05094e-15
1710 2.85631e-15
1720 5.19358e-15
1730 7.99723e-15
1740 6.13836e-15
1750 1.01242e-14
1760 1.26506e-14
1770 5.8996e-15
1780 1.1244e-14
1790 6.18659e-15
1800 2.94005e-15
1810 7.84182e-15
1820 -1.53364e-15
1830 -1.39352e-15
1840 -7.85678e-15
1850 -3.79974e-15
1860 -1.18374e-14
1870 -3.35804e-15
1880 -7.07533e-15
1890 -8.90425e-15
1900 -1.45301e-14
1910 -1.75013e-14
1920 -2.32628e-14
1930 -3.32806e-14
1940 -3.57466e-14
1950 -2.20025e-14
1960 -3.2302e-14
1970 -3.17029e-14
1980 -3.12774e-14
1990 -2.78928e-14
2000 -3.67336e-14
2010 -2.6101e-14
2020 -2.57619e-14
2030 -2.7783e-14
2040 -3.48449e-14
2050 -3.156e-14
2060 -3.13526e-14
2070 -2.76365e-14
2080 -3.18636e-14
2090 -3.63423e-14
2100 -2.55867e-14
2110 -2.45427e-14
2120 -2.20212e-14
2130 -1.69085e-14
2140 -1.74213e-14
2150 -2.5935e-14
2160 -3.31469e-14
2170 -2.99069e-14
2180 -3.40182e-14
2190 -2.50075e-14
2200 -3.13846e-14
2210 -2.986e-14
2220 -3.57471e-14
2230 -2.11046e-14
2240 -2.09473e-14
2250 -2.93383e-14
2260 -2.62885e-14
2270 -3.54629e-14
2280 -3.07491e-14
2290 -2.7098e-14
2300 -2.26554e-14
2310 -2.10536e-14
2320 -1.4908e-14
2330 -1.05718e-14
2340 -4.68137e-15
2350 -2.37285e-15
2360 7.05108e-16
2370 -1.51189e-14
2380 -1.76288e-14
2390 -1.72278e-14
2400 -2.13888e-14
2410 -2.63149e-14
2420 -2.33174e-14
2430 -2.90512e-14
2440 -3.30595e-14
2450 -3.46032e-14
2460 -4.52853e-14
2470 -6.18628e-14
2480 -8.79222e-14
2490 -1.17491e-13
2500 -1.4825e-13
2510 -2.01996e-13
2520 -2.94793e-13
2530 -4.2345e-13
2540 -6.25894e-13
2550 -9.26792e-13
2560 -1.35946e-12
2570 -2.02094e-12
2580 -3.00986e-12
2590 -4.48873e-12
2600 -6.68223e-12
2610 -9.93843e-12
2620 -1.47599e-11
2630 -2.18501e-11
2640 -3.22686e-11
2650 -4.75479e-11
2660 -6.98439e-11
2670 -1.0235e-10
2680 -1.49557e-10
2690 -2.17944e-10
2700 -3.16711e-10
2710 -4.58973e-10
2720 -6.63275e-10
2730 -9.55814e-10
2740 -1.37351e-09
2750 -1.96814e-09
2760 -2.81223e-09
2770 -4.00688e-09
2780 -5.69267e-09
2790 -8.06453e-09
2800 -1.13917e-08
2810 -1.60451e-08
2820 -2.25336e-08
2830 -3.1554e-08
2840 -4.40559e-08
2850 -6.13307e-08
2860 -8.51276e-08
2870 -1.17808e-07
2880 -1.62551e-07
2890 -2.23618e-07
2900 -3.06706e-07
2910 -4.19402e-07
2920 -5.71777e-07
2930 -7.77151e-07
2940 -1.05308e-06
2950 -1.42262e-06
2960 -1.91595e-06
2970 -2.5724e-06
2980 -3.44309e-06
2990 -4.59418e-06
3000 -6.111e-06
3010 -8.10315e-06
3020 -1.0711e-05
3030 -1.41133e-05
3040 -1.85374e-05
3050 -2.42708e-05
3060 -3.16758e-05
3070 -4.12072e-05
3080 -5.34335e-05
3090 -6.90628e-05
3100 -8.89727e-05
3110 -0.000114247
3120 -0.000146219
3130 -0.00018652
3140 -0.000237139
3150 -0.00030049
3160 -0.000379488
3170 -0.000477642
3180 -0.000599148
3190 -0.000749008
3200 -0.000933151
3210 -0.00115857
3220 -0.00143348
3230 -0.00176747
3240 -0.00217168
3250 -0.00265897
3260 -0.00324412
3270 -0.00394402
3280 -0.00477785
3290 -0.00576722
3300 -0.0069364
3310 -0.0083124
3320 -0.0099251
3330 -0.0118073
3340 -0.0139947
3350 -0.0165258
3360 -0.0194421
3370 -0.0227873
3380 -0.0266075
3390 -0.0309502
3400 -0.0358644
3410 -0.0413993
3420 -0.0476038
3430 -0.0545255
3440 -0.0622094
3450 -0.0706967
3460 -0.0800237
3470 -0.0902199
3480 -0.101307
3490 -0.113297
3500 -0.12619
3510 -0.139975
3520 -0.154626
3530 -0.1701
3540 -0.18634
3550 -0.203269
3560 -0.220796
3570 -0.238808
3580 -0.257177
3590 -0.275756
3600 -0.294384
3610 -0.312883
3620 -0.331068
3630 -0.348739
3640 -0.365694
3650 -0.381727
3660 -0.396632
3670 -0.41021
3680 -0.42227
3690 -0.432636
3700 -0.441147
3710 -0.447666
3720 -0.452081
3730 -0.454306
3740 -0.454289
3750 -0.452006
3760 -0.447471
3770 -0.440728
3780 -0.431856
3790 -0.420965
3800 -0.408196
3810 -0.393714
3820 -0.37771
3830 -0.36039
3840 -0.341978
3850 -0.322704
3860 -0.302806
3870 -0.282519
3880 -0.262072
3890 -0.241687
3900 -0.221571
3910 -0.201912
3920 -0.182879
3930 -0.164621
3940 -0.147259
3950 -0.130894
3960 -0.115597
3970 -0.101421
3980 -0.0883921
3990 -0.0765163
4000 -0.0657809
4010 -0.0561563
4020 -0.0475984
4030 -0.0400521
4040 -0.0334529
4050 -0.0277302
4060 -0.0228094
4070 -0.0186142
4080 -0.0150684
4090 -0.0120975
4100 -0.00963051
4110 -0.00760027
4120 -0.00594476
4130 -0.00460743
4140 -0.0035374
4150 -0.00268958
4160 -0.00202452
4170 -0.00150816
4180 -0.00111146
4190 -0.000809992
4200 -0.000583456
4210 -0.000415193
4220 -0.000291713
4230 -0.000202226
4240 -0.000138219
4250 -9.30615e-05
4260 -6.16599e-05
4270 -4.01551e-05
4280 -2.56658e-05
4290 -1.60719e-05
4300 -9.83788e-06
4310 -5.86948e-06
4320 -3.39995e-06
4330 -1.90177e-06
4340 -1.01896e-06
4350 -5.16253e-07
4360 -2.41685e-07
4370 -9.95267e-08
4380 -3.11761e-08
4390 -1.91878e-09
4400 8.01917e-09
4410 9.36411e-09
4420 7.56878e-09
4430 5.15246e-09
4440 3.09928e-09
4450 1.65668e-09
4460 7.66202e-10
4470 2.78077e-10
4480 4.55331e-11
4490 -4.30461e-11
4500 -6.0877e-11
4510 -5.04265e-11
4520 -3.32754e-11
4530 -1.84547e-11
4540 -8.42006e-12
4550 -2.74549e-12
4560 -1.15594e-13
4570 7.55548e-13
4580 7.86314e-13
4590 5.13626e-13
4600 2.28273e-13
4610 7.68524e-15
4620 -1.09337e-13
4630 -1.68647e-13
4640 -1.77569e-13
4650 -1.80978e-13
4660 -1.662e-13
4670 -1.58747e-13
4680 -1.45209e-13
4690 -1.38174e-13
4700 -1.32146e-13
4710 -1.40288e-13
4720 -1.41044e-13
4730 -1.45092e-13
4740 -1.44333e-13
4750 -1.50015e-13
4760 -1.47033e-13
4770 -1.42927e-13
4780 -1.41501e-13
4790 -1.43729e-13
4800 -1.46402e-13
4810 -1.3883e-13
4820 -1.39298e-13
4830 -1.36061e-13
4840 -1.41881e-13
4850 -1.39751e-13
4860 -1.4093e-13
4870 -1.45114e-13
4880 -1.40235e-13
4890 -1.54317e-13
4900 -1.41808e-13
4910 -1.44191e-13
4920 -1.37587e-13
4930 -1.34097e-13
4940 -1.36331e-13
4950 -1.38184e-13
4960 -1.37346e-13
4970 -1.34435e-13
4980 -1.28482e-13
4990 -1.17026e-13
5000 -1.25323e-13
5010 -1.20639e-13
5020 -1.19527e-13
5030 -1.23368e-13
5040 -1.2268e-13
5050 -1.22677e-13
5060 -1.34649e-13
5070 -1.30028e-13
5080 -1.2904e-13
5090 -1.24677e-13
5100 -1.25581e-13
5110 -1.22657e-13
5120 -1.31143e-13
5130 -1.38187e-13
5140 -1.39697e-13
5150 -1.35005e-13
5160 -1.27314e-13
5170 -1.22808e-13
5180 -1.10143e-13
5190 -1.07283e-13
5200 -9.86987e-14
5210 -1.08721e-13
5220 -1.00007e-13
5230 -9.96233e-14
5240 -8.94364e-14
5250 -1.02193e-13
5260 -1.03016e-13
5270 -1.12897e-13
5280 -1.04801e-13
5290 -1.09309e-13
5300 -1.17301e-13
5310 -1.21503e-13
5320 -1.31784e-13
5330 -1.37133e-13
5340 -1.51639e-13
5350 -1.37525e-13
5360 -7.99219e-14
5370 3.73246e-14
5380 2.44429e-13
5390 5.35338e-13
5400 8.14825e-13
5410 7.89962e-13
5420 -7.56417e-14
5430 -2.70819e-12
5440 -8.37618e-12
5450 -1.84147e-11
5460 -3.32449e-11
5470 -5.03985e-11
5480 -6.08522e-11
5490 -4.3018e-11
5500 4.55524e-11
5510 2.78086e-10
5520 7.66214e-10
5530 1.65667e-09
5540 3.09927e-09
5550 5.15245e-09
5560 7.56877e-09
5570 9.3641e-09
5580 8.01917e-09
5590 -1.91877e-09
5600 -3.11761e-08
5610 -9.95267e-08
5620 -2.41685e-07
5630 -5.16253e-07
5640 -1.01896e-06
5650 -1.90177e-06
5660 -3.39995e-06
5670 -5.86948e-06
5680 -9.83788e-06
5690 -1.60719e-05
5700 -2.56658e-05
5710 -4.01551e-05
5720 -6.16599e-05
5730 -9.30615e-05
5740 -0.000138219
5750 -0.000202226
5760 -0.000291713
5770 -0.000415193
5780 -0.000583456
5790 -0.000809992
5800 -0.00111146
5810 -0.00150816
5820 -0.00202452
5830 -0.00268958
5840 -0.0035374
5850 -0.00460743
5860 -0.00594476
5870 -0.00760027
5880 -0.00963051
5890 -0.0120975
5900 -0.0150684
5910 -0.0186142
5920 -0.0228094
5930 -0.0277302
5940 -0.0334529
5950 -0.0400521
5960 -0.0475984
5970 -0.0561563
5980 -0.0657809
5990 -0.0765163
6000 -0.0883921
6010 -0.101421
6020 -0.115597
6030 -0.130894
6040 -0.147259
6050 -0.164621
6060 -0.182879
6070 -0.201912
6080 -0.221571
6090 -0.241687
6100 -0.262072
6110 -0.282519
6120 -0.302806
6130 -0.322704
6140 -0.341978
6150 -0.36039
6160 -0.37771
6170 -0.393714
6180 -0.408196
6190 -0.420965
6200 -0.431856
6210 -0.440728
6220 -0.447471
6230 -0.452006
6240 -0.454289
6250 -0.454306
6260 -0.452081
6270 -0.447666
6280 -0.441147
6290 -0.432636
6300 -0.42227
6310 -0.41021
6320 -0.396632
6330 -0.381727
6340 -0.365694
6350 -0.348739
6360 -0.331068
6370 -0.312883
6380 -0.294384
6390 -0.275756
6400 -0.257177
6410 -0.238808
6420 -0.220796
6430 -0.203269
6440 -0.18634
6450 -0.1701
6460 -0.154626
6470 -0.139975
6480 -0.12619
6490 -0.113297
6500 -0.101307
6510 -0.0902199
6520 -0.0800237
6530 -0.0706967
6540 -0.0622094
6550 -0.0545255
6560 -0.0476038
6570 -0.0413993
6580 -0.0358644
6590 -0.0309502
6600 -0.0266075
6610 -0.0227873
6620 -0.0194421
6630 -0.0165258
6640 -0.0139947
6650 -0.0118073
6660 -0.0099251
6670 -0.0083124
6680 -0.0069364
6690 -0.00576722
6700 -0.00477785
6710 -0.00394402
6720 -0.00324412
6730 -0.00265897
6740 -0.00217168
6750 -0.00176747
6760 -0.00143348
6770 -0.00115857
6780 -0.000933151
6790 -0.000749008
6800 -0.000599148
6810 -0.000477642
6820 -0.000379488
6830 -0.00030049
6840 -0.000237139
6850 -0.00018652
6860 -0.000146219
6870 -0.000114247
6880 -8.89727e-05
6890 -6.90628e-05
6900 -5.34335e-05
6910 -4.12072e-05
6920 -3.16758e-05
6930 -2.42708e-05
6940 -1.85374e-05
6950 -1.41133e-05
6960 -1.0711e-05
6970 -8.10315e-06
6980 -6.111e-06
6990 -4.59418e-06
7000 -3.44309e-06
7010 -2.5724e-06
7020 -1.91595e-06
7030 -1.42262e-06
7040 -1.05308e-06
7050 -7.77151e-07
7060 -5.71777e-07
7070 -4.19402e-07
7080 -3.06706e-07
7090 -2.23618e-07
7100 -1.62551e-07
7110 -1.17808e-07
7120 -8.51276e-08
7130 -6.13308e-08
7140 -4.4056e-08
7150 -3.1554e-08
7160 -2.25337e-08
7170 -1.60451e-08
7180 -1.13918e-08
7190 -8.06462e-09
7200 -5.69276e-09
7210 -4.00697e-09
7220 -2.81232e-09
7230 -1.96824e-09
7240 -1.37358e-09
7250 -9.55906e-10
7260 -6.63367e-10
7270 -4.59075e-10
7280 -3.16813e-10
7290 -2.18052e-10
7300 -1.49677e-10
7310 -1.02482e-10
7320 -6.99867e-11
7330 -4.76736e-11
7340 -3.24144e-11
7350 -2.20006e-11
7360 -1.48942e-11
7370 -1.00759e-11
7380 -6.81163e-12
7390 -4.62004e-12
7400 -3.12983e-12
7410 -2.14509e-12
7420 -1.47044e-12
7430 -1.03488e-12
7440 -7.34721e-13
7450 -5.45101e-13
7460 -4.27349e-13
7470 -3.43095e-13
7480 -2.92691e-13
7490 -2.59342e-13
7500 -2.38213e-13
7510 -2.29166e-13
7520 -2.11893e-13
7530 -2.03285e-13
7540 -2.04496e-13
7550 -1.95502e-13
7560 -1.87126e-13
7570 -1.85101e-13
7580 -1.79404e-13
7590 -1.75086e-13
7600 -1.65524e-13
7610 -1.79288e-13
7620 -1.76312e-13
7630 -1.78465e-13
7640 -1.68845e-13
7650 -1.73482e-13
7660 -1.70376e-13
7670 -1.72323e-13
7680 -1.7014e-13
7690 -1.72531e-13
7700 -1.69006e-13
7710 -1.70258e-13
7720 -1.76855e-13
7730 -1.76706e-13
7740 -1.76988e-13
7750 -1.77074e-13
7760 -1.7915e-13
7770 -1.8299e-13
7780 -1.81145e-13
7790 -1.85984e-13
7800 -1.86024e-13
7810 -1.83965e-13
7820 -1.82488e-13
7830 -1.84413e-13
7840 -1.7177e-13
7850 -1.77637e-13
7860 -1.82578e-13
7870 -1.7722e-13
7880 -1.75269e-13
7890 -1.87231e-13
7900 -1.9416e-13
7910 -1.91564e-13
7920 -1.90365e-13
7930 -1.74624e-13
7940 -1.81867e-13
7950 -1.85944e-13
7960 -1.79825e-13
7970 -1.72593e-13
7980 -1.73048e-13
7990 -1.7744e-13
8000 -1.77463e-13
8010 -1.81666e-13
8020 -1.95922e-13
8030 -1.86561e-13
8040 -1.79711e-13
8050 -1.74229e-13
8060 -1.75374e-13
8070 -1.648e-13
8080 -1.6483e-13
8090 -1.59834e-13
8100 -1.57842e-13
8110 -1.64375e-13
8120 -1.51004e-13
8130 -1.56154e-13
8140 -1.60246e-13
8150 -1.51619e-13
8160 -1.56455e-13
8170 -1.57946e-13
8180 -1.67364e-13
8190 -1.67367e-13
8200 -1.77046e-13
8210 -1.73987e-13
8220 -1.77324e-13
8230 -1.77889e-13
8240 -1.7181e-13
8250 -1.7264e-13
8260 -1.70405e-13
8270 -1.58776e-13
8280 -1.61734e-13
8290 -1.63296e-13
8300 -1.58327e-13
8310 -1.70578e-13
8320 -1.64025e-13
8330 -1.78677e-13
8340 -1.81517e-13
8350 -1.79992e-13
8360 -1.7873e-13
8370 -1.82549e-13
8380 -1.80582e-13
8390 -1.83516e-13
8400 -1.76279e-13
8410 -1.7546e-13
8420 -1.65697e-13
8430 -1.80408e-13
8440 -1.75405e-13
8450 -1.71691e-13
8460 -1.73333e-13
8470 -1.54788e-13
8480 -1.61326e-13
8490 -1.66457e-13
8500 -1.71866e-13
8510 -1.73307e-13
8520 -1.77182e-13
8530 -1.78532e-13
8540 -1.77726e-13
8550 -1.77778e-13
8560 -1.80769e-13
8570 -1.7827e-13
8580 -1.73188e-13
8590 -1.77069e-13
8600 -1.77611e-13
8610 -1.7559e-13
8620 -1.91419e-13
8630 -1.85884e-13
8640 -1.95482e-13
8650 -1.98605e-13
8660 -2.0279e-13
8670 -2.08347e-13
8680 -2.08979e-13
8690 -2.04678e-13
8700 -2.05746e-13
8710 -2.06586e-13
8720 -2.13594e-13
8730 -2.09386e-13
8740 -1.98293e-13
8750 -2.04794e-13
8760 -2.01421e-13
8770 -2.02902e-13
8780 -2.11097e-13
8790 -2.1206e-13
8800 -2.10133e-13
8810 -2.20533e-13
8820 -2.20565e-13
8830 -2.23622e-13
8840 -2.25872e-13
8850 -2.26051e-13
8860 -2.17101e-13
8870 -2.15254e-13
8880 -2.19356e-13
8890 -2.13496e-13
8900 -2.20042e-13
8910 -2.14217e-13
8920 -2.05175e-13
8930 -1.98234e-13
8940 -1.94392e-13
8950 -1.93271e-13
8960 -1.99791e-13
8970 -1.99437e-13
8980 -2.03099e-13
8990 -1.98427e-13
9000 -2.0355e-13
9010 -2.14869e-13
9020 -2.141e-13
9030 -2.12112e-13
9040 -2.11794e-13
9050 -2.09457e-13
9060 -2.15317e-13
9070 -2.03602e-13
9080 -2.08143e-13
9090 -2.12658e-13
9100 -2.10558e-13
9110 -2.07697e-13
9120 -2.1213e-13
9130 -2.08032e-13
9140 -2.09196e-13
9150 -2.1482e-13
9160 -1.97751e-13
9170 -1.83582e-13
9180 -1.79052e-13
9190 -1.40682e-13
9200 -1.23122e-13
9210 -7.2793e-14
9220 2.12115e-14
9230 1.52655e-13
9240 3.77166e-13
9250 7.1516e-13
9260 1.24751e-12
9270 2.03632e-12
9280 3.24669e-12
9290 5.0842e-12
9300 7.87268e-12
9310 1.20977e-11
9320 1.84521e-11
9330 2.79993e-11
9340 4.2289e-11
9350 6.36132e-11
9360 9.53211e-11
9370 1.42331e-10
9380 2.11783e-10
9390 3.1409e-10
9400 4.64288e-10
9410 6.84096e-10
9420 1.00473e-09
9430 1.47091e-09
9440 2.14649e-09
9450 3.12232e-09
9460 4.5272e-09
9470 6.54303e-09
9480 9.42596e-09
9490 1.35351e-08
9500 1.93726e-08
9510 2.76373e-08
9520 3.92989e-08
9530 5.56979e-08
9540 7.86802e-08
9550 1.10779e-07
9560 1.55455e-07
9570 2.17423e-07
9580 3.03078e-07
9590 4.21062e-07
9600 5.8301e-07
9610 8.04521e-07
9620 1.10643e-06
9630 1.51647e-06
9640 2.07137e-06
9650 2.81964e-06
9660 3.82501e-06
9670 5.17095e-06
9680 6.96628e-06
9690 9.35232e-06
9700 1.25118e-05
9710 1.66799e-05
9720 2.21584e-05
9730 2.93323e-05
9740 3.86912e-05
9750 5.08544e-05
9760 6.66025e-05
9770 8.69143e-05
9780 0.000113012
9790 0.000146414
9800 0.000189
9810 0.000243083
9820 0.000311496
9830 0.000397696
9840 0.000505874
9850 0.000641091
9860 0.000809426
9870 0.00101814
9880 0.00127585
9890 0.00159277
9900 0.00198088
9910 0.00245417
9920 0.00302893
9930 0.00372394
9940 0.00456075
9950 0.00556397
9960 0.00676144
9970 0.00818449
9980 0.00986812
9990 0.0118511
10000 0.0140717
10010 0.0165612
10020 0.0193531
10030 0.0224825
10040 0.0259861
10050 0.029902
10060 0.0342698
10070 0.03913
10080 0.0445236
10090 0.0504921
10100 0.0570765
10110 0.0643172
10120 0.0722532
10130 0.0809213
10140 0.0903557
10150 0.100587
10160 0.111641
10170 0.123538
10180 0.136293
10190 0.149914
10200 0.164399
10210 0.17974
10220 0.195917
10230 0.2129
10240 0.230649
10250 0.249112
10260 0.268225
10270 0.287911
10280 0.308081
10290 0.328636
10300 0.349463
10310 0.37044
10320 0.391434
10330 0.412301
10340 0.432893
10350 0.453054
10360 0.472624
10370 0.49144
10380 0.509339
10390 0.52616
10400 0.541746
10410 0.555947
10420 0.568622
10430 0.579639
10440 0.588882
10450 0.596248
10460 0.601654
10470 0.605032
10480 0.606338
10490 0.605544
10500 0.602648
10510 0.597668
10520 0.590644
10530 0.581637
10540 0.570728
10550 0.558017
10560 0.543624
10570 0.527683
10580 0.51034
10590 0.491756
10600 0.472098
10610 0.451542
10620 0.430264
10630 0.408446
10640 0.386263
10650 0.363892
10660 0.341499
10670 0.319244
10680 0.297278
10690 0.275736
10700 0.254746
10710 0.234417
10720 0.214845
10730 0.196113
10740 0.178285
10750 0.161414
10760 0.145536
10770 0.130674
10780 0.116837
10790 0.104024
10800 0.0922211
10810 0.0814061
10820 0.0715479
10830 0.0626088
10840 0.0545451
10850 0.0473086
10860 0.0408482
10870 0.0351104
10880 0.0300408
10890 0.0255847
10900 0.0216883
10910 0.0182989
10920 0.015366
10930 0.0128414
10940 0.0106796
10950 0.00883841
10960 0.00727851
10970 0.00596402
10980 0.00486228
10990 0.00394385
11000 0.00318242
11010 0.0025546
11020 0.00203983
11030 0.00162009
11040 0.00127977
11050 0.00100542
11060 0.000785504
11070 0.000610251
11080 0.000471404
11090 0.000362053
11100 0.000276444
11110 0.000209829
11120 0.00015831
11130 0.000118712
11140 8.84689e-05
11150 6.55162e-05
11160 4.8209e-05
11170 3.52437e-05
11180 2.55954e-05
11190 1.84637e-05
11200 1.32283e-05
11210 9.41145e-06
11220 6.6485e-06
11230 4.66276e-06
11240 3.24603e-06
11250 2.24276e-06
11260 1.53768e-06
11270 1.04598e-06
11280 7.05797e-07
11290 4.72333e-07
11300 3.13428e-07
11310 2.06183e-07
11320 1.34428e-07
11330 8.68442e-08
11340 5.55754e-08
11350 3.52198e-08
11360 2.2096e-08
11370 1.37186e-08
11380 8.42573e-09
11390 5.11706e-09
11400 3.07144e-09
11410 1.82113e-09
11420 1.066e-09
11430 6.15574e-10
11440 3.50385e-10
11450 1.96383e-10
11460 1.08246e-10
11470 5.85697e-11
11480 3.10275e-11
11490 1.60322e-11
11500 8.00162e-12
11510 3.80054e-12
11520 1.65214e-12
11530 5.81981e-13
11540 6.09908e-14
11550 -1.98975e-13
11560 -3.02377e-13
11570 -3.44468e-13
11580 -3.58454e-13
11590 -3.66315e-13
11600 -3.63652e-13
11610 -3.72429e-13
11620 -3.63325e-13
11630 -3.66604e-13
11640 -3.67154e-13
11650 -3.75298e-13
11660 -3.85896e-13
11670 -3.75495e-13
11680 -3.86557e-13
11690 -3.72894e-13
11700 -3.73692e-13
11710 -3.78446e-13
11720 -3.89491e-13
11730 -3.87749e-13
11740 -3.8868e-13
11750 -3.90574e-13
11760 -4.02591e-13
11770 -3.94501e-13
11780 -3.90745e-13
11790 -3.87727e-13
11800 -3.87091e-13
11810 -3.95004e-13
11820 -3.92129e-13
11830 -3.87943e-13
11840 -3.95903e-13
11850 -4.00967e-13
11860 -3.8814e-13
11870 -3.86801e-13
11880 -3.93015e-13
11890 -3.80407e-13
11900 -3.90417e-13
11910 -4.03739e-13
11920 -4.04498e-13
11930 -3.9985e-13
11940 -3.97854e-13
11950 -4.05323e-13
11960 -4.04712e-13
11970 -3.9825e-13
11980 -4.03558e-13
11990 -4.07096e-13
12000 -4.13912e-13
12010 -4.20528e-13
12020 -4.2444e-13
12030 -4.26841e-13
12040 -4.28978e-13
12050 -4.27289e-13
12060 -4.20348e-13
12070 -4.1251e-13
12080 -4.14123e-13
12090 -4.17918e-13
12100 -4.09719e-13
12110 -4.11029e-13
12120 -4.03651e-13
12130 -3.961e-13
12140 -3.92176e-13
12150 -3.98043e-13
12160 -4.04611e-13
12170 -3.98545e-13
12180 -4.13646e-13
12190 -4.07452e-13
12200 -4.08818e-13
12210 -4.15077e-13
12220 -4.19249e-13
12230 -4.25046e-13
12240 -4.21459e-13
12250 -4.27968e-13
12260 -4.25189e-13
12270 -4.28181e-13
12280 -4.28275e-13
12290 -4.25532e-13
12300 -4.34224e-13
12310 -4.27133e-13
12320 -4.31326e-13
12330 -4.19925e-13
12340 -4.24448e-13
12350 -4.1889e-13
12360 -4.14854e-13
12370 -4.13792e-13
12380 -4.2248e-13
12390 -4.26253e-13
12400 -4.16672e-13
12410 -4.13978e-13
12420 -4.21491e-13
12430 -4.33216e-13
12440 -4.2423e-13
12450 -4.27063e-13
12460 -4.2991e-13
12470 -4.41355e-13
12480 -4.39738e-13
12490 -4.37892e-13
12500 -4.42135e-13
12510 -4.49734e-13
12520 -4.4875e-13
12530 -4.46252e-13
12540 -4.47233e-13
12550 -4.52675e-13
12560 -4.60069e-13
12570 -4.66351e-13
12580 -4.70653e-13
12590 -4.70862e-13
12600 -4.71482e-13
12610 -4.5733e-13
12620 -4.71563e-13
12630 -4.80882e-13
12640 -4.80024e-13
12650 -4.81289e-13
12660 -4.8078e-13
12670 -4.78219e-13
12680 -4.70016e-13
12690 -4.73394e-13
12700 -4.77045e-13
12710 -4.80744e-13
12720 -4.7587e-13
12730 -4.76216e-13
12740 -4.81009e-13
12750 -4.71385e-13
12760 -4.79603e-13
12770 -4.79067e-13
12780 -4.78473e-13
12790 -4.80103e-13
12800 -4.7833e-13
12810 -4.84877e-13
12820 -4.86238e-13
12830 -4.83612e-13
12840 -4.83943e-13
12850 -4.85647e-13
12860 -4.84711e-13
12870 -4.76219e-13
12880 -4.73296e-13
12890 -4.71639e-13
12900 -4.67131e-13
12910 -4.60632e-13
12920 -4.66253e-13
12930 -4.54098e-13
12940 -4.47138e-13
12950 -4.48044e-13
12960 -4.70935e-13
12970 -4.6998e-13
12980 -4.58475e-13
12990 -4.54904e-13
13000 -4.64876e-13
13010 -4.61354e-13
13020 -4.76976e-13
13030 -4.71954e-13
13040 -4.698e-13
13050 -4.66223e-13
13060 -4.7139e-13
13070 -4.83083e-13
13080 -4.89511e-13
13090 -4.88955e-13
13100 -4.96366e-13
13110 -4.87755e-13
13120 -4.96339e-13
13130 -4.94529e-13
13140 -4.92889e-13
13150 -4.88468e-13
13160 -4.80027e-13
13170 -4.76574e-13
13180 -4.85636e-13
13190 -4.80684e-13
13200 -4.85113e-13
13210 -4.78097e-13
13220 -4.86812e-13
13230 -4.90643e-13
13240 -4.87695e-13
13250 -4.88361e-13
13260 -4.78195e-13
13270 -4.81546e-13
13280 -4.83913e-13
13290 -4.85399e-13
13300 -4.84602e-13
13310 -4.86842e-13
13320 -4.85632e-13
13330 -4.87333e-13
13340 -4.83465e-13
13350 -4.91476e-13
13360 -4.8697e-13
13370 -4.90919e-13
13380 -4.89869e-13
13390 -4.87794e-13
13400 -4.90686e-13
13410 -4.90439e-13
13420 -4.90478e-13
13430 -4.92758e-13
13440 -4.86602e-13
13450 -4.86571e-13
13460 -4.92823e-13
13470 -4.89638e-13
13480 -4.9401e-13
13490 -4.90705e-13
13500 -4.96846e-13
13510 -4.99446e-13
13520 -5.07105e-13
13530 -5.09428e-13
13540 -5.09643e-13
13550 -5.03475e-13
13560 -5.03481e-13
13570 -4.95602e-13
13580 -5.06542e-13
13590 -5.11073e-13
13600 -5.07906e-13
13610 -5.16245e-13
13620 -5.07323e-13
13630 -5.16328e-13
13640 -5.165e-13
13650 -5.17213e-13
13660 -5.29198e-13
13670 -5.29463e-13
13680 -5.22283e-13
13690 -5.30514e-13
13700 -5.12343e-13
13710 -5.20314e-13
13720 -5.18904e-13
13730 -5.25263e-13
13740 -5.20461e-13
13750 -5.16828e-13
13760 -5.10773e-13
13770 -5.17277e-13
13780 -5.05939e-13
13790 -5.05272e-13
13800 -5.10991e-13
13810 -5.20759e-13
13820 -5.16345e-13
13830 -5.19849e-13
13840 -5.28756e-13
13850 -5.20271e-13
13860 -5.16798e-13
13870 -5.13332e-13
13880 -5.27171e-13
13890 -5.23442e-13
13900 -5.23525e-13
13910 -5.14583e-13
13920 -5.15692e-13
13930 -5.16729e-13
13940 -5.17105e-13
13950 -5.22853e-13
13960 -5.20262e-13
13970 -5.27771e-13
13980 -5.31599e-13
13990 -5.35056e-13
14000 -5.2878e-13
14010 -5.36109e-13
14020 -5.34176e-13
14030 -5.25405e-13
14040 -5.35193e-13
14050 -5.28746e-13
14060 -5.32209e-13
14070 -5.36598e-13
14080 -5.34685e-13
14090 -5.35469e-13
14100 -5.42317e-13
14110 -5.47474e-13
14120 -5.4122e-13
14130 -5.42213e-13
14140 -5.32773e-13
14150 -5.39947e-13
14160 -5.33174e-13
14170 -5.30381e-13
14180 -5.33212e-13
14190 -5.32168e-13
14200 -5.32767e-13
14210 -5.42088e-13
14220 -5.48225e-13
14230 -5.40943e-13
14240 -5.3918e-13
14250 -5.39352e-13
14260 -5.54455e-13
14270 -5.48805e-13
14280 -5.40696e-13
14290 -5.41628e-13
14300 -5.49055e-13
14310 -5.55871e-13
14320 -5.59594e-13
14330 -5.66607e-13
14340 -5.61148e-13
14350 -5.69334e-13
14360 -5.65175e-13
14370 -5.73434e-13
14380 -5.67625e-13
14390 -5.63867e-13
14400 -5.54608e-13
14410 -5.60178e-13
14420 -5.6593e-13
14430 -5.53411e-13
14440 -5.36003e-13
14450 -5.38282e-13
14460 -5.51804e-13
14470 -5.59299e-13
14480 -5.53363e-13
14490 -5.52614e-13
14500 -5.49644e-13
14510 -5.59637e-13
14520 -5.5487e-13
14530 -5.59226e-13
14540 -5.5281e-13
14550 -5.52876e-13
14560 -5.58249e-13
14570 -5.51422e-13
14580 -5.59003e-13
14590 -5.57405e-13
14600 -5.66562e-13
14610 -5.69219e-13
14620 -5.77694e-13
14630 -5.71581e-13
14640 -5.71568e-13
14650 -5.63808e-13
14660 -5.72303e-13
14670 -5.81684e-13
14680 -5.77786e-13
14690 -5.79633e-13
14700 -5.8295e-13
14710 -5.69582e-13
14720 -5.61155e-13
14730 -5.7045e-13
14740 -5.85652e-13
14750 -5.79295e-13
14760 -5.71439e-13
14770 -5.79281e-13
14780 -5.87063e-13
14790 -5.7746e-13
14800 -5.85485e-13
14810 -5.86586e-13
14820 -5.7924e-13
14830 -5.69485e-13
14840 -5.74632e-13
14850 -5.88912e-13
14860 -5.86174e-13
14870 -5.84569e-13
14880 -5.87556e-13
14890 -5.91348e-13
14900 -5.90197e-13
14910 -5.84266e-13
14920 -5.89275e-13
14930 -5.81493e-13
14940 -5.90812e-13
14950 -5.82788e-13
14960 -5.74377e-13
14970 -5.66641e-13
14980 -5.73273e-13
14990 -5.75171e-13
15000 -5.6975e-13
15010 -5.66936e-13
15020 -5.68603e-13
15030 -5.64611e-13
15040 -5.80959e-13
15050 -5.89351e-13
15060 -5.86933e-13
15070 -5.87168e-13
15080 -5.82906e-13
15090 -5.77682e-13
15100 -5.81234e-13
15110 -5.84095e-13
15120 -5.88314e-13
15130 -5.94147e-13
15140 -5.90203e-13
15150 -5.82091e-13
15160 -5.88127e-13
15170 -5.88463e-13
15180 -5.8575e-13
15190 -5.85566e-13
15200 -5.82247e-13
15210 -5.90917e-13
15220 -5.87301e-13
15230 -5.93087e-13
15240 -5.89081e-13
15250 -6.0022e-13
15260 -6.06993e-13
15270 -6.04377e-13
15280 -5.90858e-13
15290 -5.89357e-13
15300 -5.91587e-13
15310 -5.95163e-13
15320 -5.98456e-13
15330 -5.95317e-13
15340 -5.95197e-13
15350 -5.98404e-13
15360 -5.94978e-13
15370 -5.86567e-13
15380 -5.81726e-13
15390 -5.88717e-13
15400 -5.83745e-13
15410 -5.80331e-13
15420 -5.78411e-13
15430 -5.80334e-13
15440 -5.8284e-13
15450 -5.83265e-13
15460 -5.77949e-13
15470 -5.78175e-13
15480 -5.82439e-13
15490 -5.86144e-13
15500 -5.75733e-13
15510 -5.76235e-13
15520 -5.74158e-13
15530 -5.88191e-13
15540 -5.8756e-13
15550 -5.86106e-13
15560 -5.92619e-13
15570 -5.86406e-13
15580 -5.86385e-13
15590 -5.8522e-13
15600 -5.85938e-13
15610 -5.89919e-13
15620 -5.76387e-13
15630 -5.76841e-13
15640 -5.77363e-13
15650 -5.6567e-13
15660 -5.76125e-13
15670 -5.70022e-13
15680 -5.67464e-13
15690 -5.69696e-13
15700 -5.64639e-13
15710 -5.77566e-13
15720 -5.6367e-13
15730 -5.61793e-13
15740 -5.60475e-13
15750 -5.57693e-13
15760 -5.52192e-13
15770 -5.62029e-13
15780 -5.69993e-13
15790 -5.63534e-13
15800 -5.64138e-13
15810 -5.65832e-13
15820 -5.63994e-13
15830 -5.63589e-13
15840 -5.73928e-13
15850 -5.75696e-13
15860 -5.73598e-13
15870 -5.71401e-13
15880 -5.61459e-13
15890 -5.62397e-13
15900 -5.66172e-13
15910 -5.66993e-13
15920 -5.66665e-13
15930 -5.71956e-13
15940 -5.63937e-13
15950 -5.625e-13
15960 -5.66697e-13
15970 -5.61155e-13
15980 -5.5876e-13
15990 -5.47776e-13
16000 -5.50396e-13
16010 -5.47201e-13
16020 -5.50374e-13
16030 -5.39948e-13
16040 -5.49118e-13
16050 -5.57827e-13
16060 -5.57909e-13
16070 -5.42091e-13
16080 -5.30621e-13
16090 -5.31074e-13
16100 -5.25368e-13
16110 -5.26137e-13
16120 -5.35424e-13
16130 -5.42703e-13
16140 -5.38593e-13
16150 -5.30308e-13
16160 -5.27089e-13
16170 -5.26051e-13
16180 -5.25792e-13
16190 -5.33356e-13
16200 -5.3383e-13
16210 -5.31938e-13
16220 -5.33177e-13
16230 -5.36545e-13
16240 -5.4465e-13
16250 -5.52968e-13
16260 -5.46384e-13
16270 -5.44741e-13
16280 -5.2567e-13
16290 -5.31583e-13
16300 -5.29775e-13
16310 -5.45829e-13
16320 -5.42907e-13
16330 -5.42806e-13
16340 -5.57993e-13
16350 -5.4481e-13
16360 -5.43794e-13
16370 -5.28243e-13
16380 -5.07181e-13
16390 -4.74618e-13
16400 -4.34723e-13
16410 -4.24845e-13
16420 -4.99989e-13
16430 -7.37166e-13
16440 -1.28868e-12
16450 -2.33425e-12
16460 -4.06714e-12
16470 -6.50733e-12
16480 -9.33998e-12
16490 -1.12911e-11
16500 -9.36186e-12
16510 2.39916e-12
16520 3.45228e-11
16530 1.04035e-10
16540 2.35597e-10
16550 4.60689e-10
16560 8.10785e-10
16570 1.29879e-09
16580 1.87677e-09
16590 2.35135e-09
16600 2.22525e-09
16610 4.15882e-10
16620 -5.22529e-09
16630 -1.87072e-08
16640 -4.71763e-08
16650 -1.02921e-07
16660 -2.0645e-07
16670 -3.91127e-07
16680 -7.10033e-07
16690 -1.24594e-06
16700 -2.12561e-06
16710 -3.53997e-06
16720 -5.77216e-06
16730 -9.23614e-06
16740 -1.45289e-05
16750 -2.25004e-05
16760 -3.43463e-05
16770 -5.17287e-05
16780 -7.69325e-05
16790 -0.000113066
16800 -0.000164311
16810 -0.000236241
16820 -0.000336211
16830 -0.000473832
16840 -0.000661551
16850 -0.000915336
16860 -0.0012555
16870 -0.00170765
16880 -0.00230378
16890 -0.00308358
16900 -0.00409578
16910 -0.00539982
16920 -0.00706753
16930 -0.00918507
16940 -0.0118549
16950 -0.0151979
16960 -0.0193555
16970 -0.0244921
16980 -0.0307966
16990 -0.038485
17000 -0.0478019
17010 -0.0590218
17020 -0.0724505
17030 -0.0884253
17040 -0.107315
17050 -0.12952
17060 -0.155468
17070 -0.185614
17080 -0.220437
17090 -0.260433
17100 -0.30611
17110 -0.357981
17120 -0.416558
17130 -0.482339
17140 -0.555802
17150 -0.63739
17160 -0.727501
17170 -0.826479
17180 -0.934596
17190 -1.05204
17200 -1.17892
17210 -1.31522
17220 -1.46082
17230 -1.61547
17240 -1.77881
17250 -1.95032
17260 -2.12935
17270 -2.31511
17280 -2.50668
17290 -2.70299
17300 -2.90286
17310 -3.105
17320 -3.30801
17330 -3.5104
17340 -3.71063
17350 -3.90711
17360 -4.0982
17370 -4.28228
17380 -4.45776
17390 -4.62308
17400 -4.77674
17410 -4.91734
17420 -5.04361
17430 -5.15438
17440 -5.24866
17450 -5.3256
17460 -5.38454
17470 -5.42501
17480 -5.44673
17490 -5.44959
17500 -5.43372
17510 -5.3994
17520 -5.34711
17530 -5.2775
17540 -5.19138
17550 -5.0897
17560 -4.97356
17570 -4.84413
17580 -4.70271
17590 -4.55065
17600 -4.38934
17610 -4.22023
17620 -4.04474
17630 -3.86432
17640 -3.68036
17650 -3.49423
17660 -3.30723
17670 -3.12058
17680 -2.93545
17690 -2.75289
17700 -2.57386
17710 -2.39922
17720 -2.22973
17730 -2.06604
17740 -1.9087
17750 -1.75813
17760 -1.6147
17770 -1.47865
17780 -1.35012
17790 -1.22922
17800 -1.11592
17810 -1.01017
17820 -0.911847
17830 -0.820763
17840 -0.736698
17850 -0.65939
17860 -0.58855
17870 -0.523863
17880 -0.464998
17890 -0.411613
17900 -0.36336
17910 -0.31989
17920 -0.280858
17930 -0.245922
17940 -0.214754
17950 -0.187035
17960 -0.16246
17970 -0.140739
17980 -0.121601
17990 -0.10479
18000 -0.0900658
18010 -0.0772092
18020 -0.066016
18030 -0.0562997
18040 -0.0478899
18050 -0.040632
18060 -0.034386
18070 -0.0290262
18080 -0.0244398
18090 -0.0205262
18100 -0.017196
18110 -0.0143701
18120 -0.0119786
18130 -0.00996034
18140 -0.00826165
18150 -0.00683578
18160 -0.00564212
18170 -0.00464551
18180 -0.00381562
18190 -0.00312637
18200 -0.00255544
18210 -0.00208374
18220 -0.00169502
18230 -0.00137553
18240 -0.00111359
18250 -0.000899394
18260 -0.000724677
18270 -0.000582524
18280 -0.000467155
18290 -0.000373758
18300 -0.000298335
18310 -0.000237578
18320 -0.000188756
18330 -0.00014962
18340 -0.000118326
18350 -9.33616e-05
18360 -7.3496e-05
18370 -5.77254e-05
18380 -4.52358e-05
18390 -3.53682e-05
18400 -2.75906e-05
18410 -2.14748e-05
18420 -1.66772e-05
18430 -1.29224e-05
18440 -9.99068e-06
18450 -7.70689e-06
18460 -5.93198e-06
18470 -4.55575e-06
18480 -3.49109e-06
18490 -2.66937e-06
18500 -2.03659e-06
18510 -1.55042e-06
18520 -1.17774e-06
18530 -8.92697e-07
18540 -6.75179e-07
18550 -5.09561e-07
18560 -3.8374e-07
18570 -2.88367e-07
18580 -2.16234e-07
18590 -1.61799e-07
18600 -1.2081e-07
18610 -9.00135e-08
18620 -6.69257e-08
18630 -4.96548e-08
18640 -3.67634e-08
18650 -2.71618e-08
18660 -2.00259e-08
18670 -1.47339e-08
18680 -1.08178e-08
18690 -7.92614e-09
18700 -5.79542e-09
18710 -4.22875e-09
18720 -3.07926e-09
18730 -2.23764e-09
18740 -1.62274e-09
18750 -1.17443e-09
18760 -8.48247e-10
18770 -6.11437e-10
18780 -4.39851e-10
18790 -3.15793e-10
18800 -2.26287e-10
18810 -1.61847e-10
18820 -1.15531e-10
18830 -8.23314e-11
18840 -5.85691e-11
18850 -4.15949e-11
18860 -2.95029e-11
18870 -2.08926e-11
18880 -1.47812e-11
18890 -1.04612e-11
18900 -7.40015e-12
18910 -5.25257e-12
18920 -3.72771e-12
18930 -2.66482e-12
18940 -1.91483e-12
18950 -1.3879e-12
18960 -1.01579e-12
18970 -7.61417e-13
18980 -5.86962e-13
18990 -4.62969e-13
19000 -3.70697e-13
19010 -3.16973e-13
19020 -2.79401e-13
19030 -2.51562e-13
19040 -2.23884e-13
19050 -2.11244e-13
19060 -2.0627e-13
19070 -1.96939e-13
19080 -1.93243e-13
19090 -1.93916e-13
19100 -1.90137e-13
19110 -1.88247e-13
19120 -1.8394e-13
19130 -1.87189e-13
19140 -1.88372e-13
19150 -1.8936e-13
19160 -1.93059e-13
19170 -1.93719e-13
19180 -1.88925e-13
19190 -1.94855e-13
19200 -1.94953e-13
19210 -1.94654e-13
19220 -1.79846e-13
19230 -1.86249e-13
19240 -1.85089e-13
19250 -1.82479e-13
19260 -1.89655e-13
19270 -1.88863e-13
19280 -1.92291e-13
19290 -1.9174e-13
19300 -1.91204e-13
19310 -1.93707e-13
19320 -1.88637e-13
19330 -1.85662e-13
19340 -1.882e-13
19350 -1.87587e-13
19360 -1.84168e-13
19370 -1.84841e-13
19380 -1.81652e-13
19390 -1.73897e-13
19400 -1.77925e-13
19410 -1.80299e-13
19420 -1.78457e-13
19430 -1.74697e-13
19440 -1.77924e-13
19450 -1.76031e-13
19460 -1.75827e-13
19470 -1.72636e-13
19480 -1.73784e-13
19490 -1.72127e-13
19500 -1.71316e-13
19510 -1.73141e-13
19520 -1.72395e-13
19530 -1.73927e-13
19540 -1.78224e-13
19550 -1.74567e-13
19560 -1.70914e-13
19570 -1.7283e-13
19580 -1.70539e-13
19590 -1.73924e-13
19600 -1.71088e-13
19610 -1.68307e-13
19620 -1.68862e-13
19630 -1.6425e-13
19640 -1.65271e-13
19650 -1.59919e-13
19660 -1.61446e-13
19670 -1.61792e-13
19680 -1.56778e-13
19690 -1.58616e-13
19700 -1.59936e-13
19710 -1.61538e-13
19720 -1.55913e-13
19730 -1.66284e-13
19740 -1.68641e-13
19750 -1.65775e-13
19760 -1.63182e-13
19770 -1.6993e-13
19780 -1.67559e-13
19790 -1.72177e-13
19800 -1.656e-13
19810 -1.62413e-13
19820 -1.59196e-13
19830 -1.59848e-13
19840 -1.60591e-13
19850 -1.55975e-13
19860 -1.66372e-13
19870 -1.57812e-13
19880 -1.68111e-13
19890 -1.61012e-13
19900 -1.62669e-13
19910 -1.60678e-13
19920 -1.6193e-13
19930 -1.6568e-13
19940 -1.64922e-13
19950 -1.66231e-13
19960 -1.67276e-13
19970 -1.65711e-13
19980 -1.59664e-13
19990 -1.59714e-13
20000 -1.68072e-13
20010 -1.66928e-13
20020 -1.65964e-13
20030 -1.62359e-13
20040 -1.64839e-13
20050 -1.67296e-13
20060 -1.61344e-13
20070 -1.60314e-13
20080 -1.59123e-13
20090 -1.67464e-13
20100 -1.76269e-13
20110 -1.78176e-13
20120 -1.78714e-13
20130 -1.72906e-13
20140 -1.73807e-13
20150 -1.7042e-13
20160 -1.72685e-13
20170 -1.74345e-13
20180 -1.69281e-13
20190 -1.7516e-13
20200 -1.78773e-13
20210 -1.7193e-13
20220 -1.62464e-13
20230 -1.6514e-13
20240 -1.71664e-13
20250 -1.71599e-13
20260 -1.68273e-13
20270 -1.67098e-13
20280 -1.79355e-13
20290 -1.73741e-13
20300 -1.74396e-13
20310 -1.75535e-13
20320 -1.74793e-13
20330 -1.71341e-13
20340 -1.75358e-13
20350 -1.80637e-13
20360 -1.84207e-13
20370 -1.85948e-13
20380 -1.8689e-13
20390 -1.82776e-13
20400 -1.78901e-13
20410 -1.75477e-13
20420 -1.78855e-13
20430 -1.82308e-13
20440 -1.84954e-13
20450 -1.86311e-13
20460 -1.87956e-13
20470 -1.9037e-13
20480 -1.92449e-13
20490 -1.93515e-13
20500 -1.92751e-13
20510 -1.92048e-13
20520 -1.9666e-13
20530 -1.94302e-13
20540 -1.95717e-13
20550 -1.94993e-13
20560 -1.99199e-13
20570 -2.01155e-13
20580 -2.00465e-13
20590 -1.94479e-13
20600 -1.93626e-13
20610 -1.94676e-13
20620 -1.95731e-13
20630 -1.95493e-13
20640 -1.89614e-13
20650 -1.90329e-13
20660 -1.94959e-13
20670 -1.92556e-13
20680 -1.8857e-13
20690 -1.89895e-13
20700 -1.92605e-13
20710 -1.95838e-13
20720 -1.96211e-13
20730 -1.94252e-13
20740 -1.98661e-13
20750 -2.04571e-13
20760 -2.0637e-13
20770 -2.12416e-13
20780 -2.0843e-13
20790 -2.03045e-13
20800 -2.0734e-13
20810 -2.10703e-13
20820 -2.09279e-13
20830 -2.16745e-13
20840 -2.23698e-13
20850 -2.19216e-13
20860 -2.15398e-13
20870 -2.18271e-13
20880 -2.12983e-13
20890 -2.20869e-13
20900 -2.17633e-13
20910 -2.15327e-13
20920 -2.13098e-13
20930 -2.11365e-13
20940 -2.15207e-13
20950 -2.17834e-13
20960 -2.19025e-13
20970 -2.22777e-13
20980 -2.18426e-13
20990 -2.16057e-13
21000 -2.20004e-13
21010 -2.10453e-13
21020 -2.15094e-13
21030 -2.15128e-13
21040 -2.13441e-13
21050 -2.01306e-13
21060 -2.06948e-13
21070 -2.07093e-13
21080 -2.08032e-13
21090 -2.07846e-13
21100 -2.09076e-13
21110 -2.04774e-13
21120 -2.06404e-13
21130 -2.05101e-13
21140 -2.03808e-13
21150 -2.06055e-13
21160 -2.00871e-13
21170 -2.08318e-13
21180 -2.02082e-13
21190 -2.02624e-13
21200 -2.10965e-13
21210 -2.11893e-13
21220 -2.15137e-13
21230 -2.13348e-13
21240 -2.16028e-13
21250 -2.10092e-13
21260 -2.12415e-13
21270 -2.1054e-13
21280 -2.06606e-13
21290 -2.05808e-13
21300 -2.07135e-13
21310 -2.06409e-13
21320 -2.11252e-13
21330 -2.08117e-13
21340 -2.11383e-13
21350 -2.11618e-13
21360 -2.08794e-13
21370 -2.15684e-13
21380 -2.13159e-13
21390 -2.10099e-13
21400 -2.1045e-13
21410 -2.07922e-13
21420 -2.08844e-13
21430 -2.08319e-13
21440 -2.09082e-13
21450 -2.11587e-13
21460 -2.1222e-13
21470 -2.11864e-13
21480 -2.1215e-13
21490 -2.08727e-13
21500 -2.14583e-13
21510 -2.17008e-13
21520 -2.13516e-13
21530 -2.1633e-13
21540 -2.10805e-13
21550 -2.1053e-13
21560 -2.13752e-13
21570 -2.13345e-13
21580 -2.1348e-13
21590 -2.11956e-13
21600 -2.11473e-13
21610 -2.14186e-13
21620 -2.11245e-13
21630 -2.10403e-13
21640 -2.08344e-13
21650 -2.11889e-13
21660 -2.10888e-13
21670 -2.07626e-13
21680 -2.04242e-13
21690 -2.10318e-13
21700 -2.05092e-13
21710 -1.98757e-13
21720 -1.96295e-13
21730 -2.00635e-13
21740 -1.9615e-13
21750 -1.87402e-13
21760 -1.8695e-13
21770 -1.84928e-13
21780 -1.85213e-13
21790 -1.91933e-13
21800 -1.91629e-13
21810 -1.871e-13
21820 -1.85618e-13
21830 -1.95026e-13
21840 -1.99061e-13
21850 -1.90425e-13
21860 -1.8945e-13
21870 -1.90957e-13
21880 -1.96981e-13
21890 -1.93876e-13
21900 -1.94766e-13
21910 -2.02539e-13
21920 -2.00071e-13
21930 -1.9347e-13
21940 -1.93843e-13
21950 -1.9182e-13
21960 -1.94019e-13
21970 -1.93692e-13
21980 -1.90208e-13
21990 -1.88285e-13
22000 -1.86434e-13
22010 -1.87469e-13
22020 -1.84224e-13
22030 -1.86199e-13
22040 -1.83528e-13
22050 -1.85962e-13
22060 -1.90943e-13
22070 -1.84865e-13
22080 -1.80131e-13
22090 -1.81028e-13
22100 -1.83045e-13
22110 -1.73167e-13
22120 -1.68865e-13
22130 -1.76266e-13
22140 -1.75748e-13
22150 -1.76638e-13
22160 -1.68374e-13
22170 -1.68312e-13
22180 -1.66959e-13
22190 -1.67339e-13
22200 -1.64929e-13
22210 -1.63298e-13
22220 -1.62054e-13
22230 -1.63985e-13
22240 -1.66764e-13
22250 -1.73602e-13
22260 -1.77136e-13
22270 -1.65349e-13
22280 -1.6428e-13
22290 -1.69814e-13
22300 -1.62599e-13
22310 -1.54921e-13
22320 -1.6559e-13
22330 -1.68495e-13
22340 -1.65956e-13
22350 -1.68463e-13
22360 -1.59209e-13
22370 -1.67169e-13
22380 -1.70592e-13
22390 -1.64811e-13
22400 -1.67388e-13
22410 -1.61866e-13
22420 -1.54532e-13
22430 -1.57253e-13
22440 -1.57822e-13
22450 -1.56729e-13
22460 -1.5676e-13
22470 -1.57298e-13
22480 -1.6679e-13
22490 -1.67182e-13
22500 -1.62753e-13
22510 -1.58844e-13
22520 -1.62947e-13
22530 -1.58398e-13
22540 -1.55166e-13
22550 -1.54584e-13
22560 -1.53885e-13
22570 -1.52573e-13
22580 -1.53217e-13
22590 -1.62773e-13
22600 -1.57105e-13
22610 -1.5724e-13
22620 -1.50724e-13
22630 -1.57785e-13
22640 -1.58834e-13
22650 -1.55768e-13
22660 -1.55812e-13
22670 -1.55203e-13
22680 -1.51839e-13
22690 -1.48702e-13
22700 -1.42646e-13
22710 -1.48845e-13
22720 -1.47594e-13
22730 -1.4608e-13
22740 -1.43598e-13
22750 -1.46276e-13
22760 -1.47089e-13
22770 -1.44731e-13
22780 -1.43812e-13
22790 -1.40514e-13
22800 -1.42129e-13
22810 -1.47423e-13
22820 -1.51759e-13
22830 -1.54336e-13
22840 -1.52946e-13
22850 -1.4681e-13
22860 -1.49593e-13
22870 -1.53243e-13
22880 -1.54925e-13
22890 -1.43529e-13
22900 -1.48063e-13
22910 -1.42939e-13
22920 -1.49018e-13
22930 -1.43971e-13
22940 -1.53305e-13
22950 -1.49219e-13
22960 -1.4498e-13
22970 -1.54132e-13
22980 -1.49754e-13
22990 -1.48911e-13
23000 -1.50949e-13
23010 -1.52759e-13
23020 -1.50139e-13
23030 -1.42263e-13
23040 -1.46767e-13
23050 -1.50579e-13
23060 -1.46803e-13
23070 -1.46283e-13
23080 -1.46482e-13
23090 -1.48786e-13
23100 -1.47244e-13
23110 -1.45803e-13
23120 -1.48614e-13
23130 -1.50583e-13
23140 -1.51144e-13
23150 -1.51062e-13
23160 -1.49646e-13
23170 -1.56049e-13
23180 -1.54315e-13
23190 -1.56311e-13
23200 -1.55218e-13
23210 -1.60445e-13
23220 -1.55339e-13
23230 -1.59085e-13
23240 -1.63364e-13
23250 -1.5976e-13
23260 -1.57427e-13
23270 -1.5685e-13
23280 -1.6079e-13
23290 -1.64137e-13
23300 -1.60454e-13
23310 -1.56932e-13
23320 -1.56982e-13
23330 -1.47978e-13
23340 -1.46626e-13
23350 -1.46464e-13
23360 -1.5209e-13
23370 -1.43455e-13
23380 -1.38392e-13
23390 -1.43232e-13
23400 -1.43605e-13
23410 -1.47581e-13
23420 -1.53554e-13
23430 -1.48084e-13
23440 -1.44207e-13
23450 -1.50056e-13
23460 -1.47702e-13
23470 -1.40001e-13
23480 -1.4251e-13
23490 -1.39877e-13
23500 -1.41923e-13
23510 -1.41573e-13
23520 -1.40383e-13
23530 -1.39317e-13
23540 -1.29515e-13
23550 -1.32746e-13
23560 -1.40884e-13
23570 -1.36518e-13
23580 -1.36196e-13
23590 -1.34612e-13
23600 -1.35537e-13
23610 -1.39237e-13
23620 -1.42707e-13
23630 -1.44987e-13
23640 -1.43087e-13
23650 -1.41441e-13
23660 -1.51976e-13
23670 -1.51419e-13
23680 -1.45102e-13
23690 -1.45597e-13
23700 -1.44997e-13
23710 -1.46911e-13
23720 -1.43185e-13
23730 -1.42252e-13
23740 -1.42051e-13
23750 -1.45067e-13
23760 -1.51646e-13
23770 -1.54262e-13
23780 -1.60039e-13
23790 -1.58446e-13
23800 -1.55255e-13
23810 -1.50327e-13
23820 -1.52541e-13
23830 -1.46492e-13
23840 -1.4863e-13
23850 -1.43352e-13
23860 -1.47412e-13
23870 -1.42696e-13
23880 -1.36666e-13
23890 -1.33276e-13
23900 -1.35542e-13
23910 -1.37761e-13
23920 -1.32822e-13
23930 -1.39695e-13
23940 -1.39961e-13
23950 -1.42768e-13
23960 -1.39879e-13
23970 -1.37682e-13
23980 -1.37306e-13
23990 -1.30762e-13
24000 -1.36596e-13
24010 -1.32195e-13
24020 -1.38159e-13
24030 -1.39683e-13
24040 -1.33489e-13
24050 -1.39319e-13
24060 -1.31581e-13
24070 -1.21872e-13
24080 -1.21742e-13
24090 -1.2025e-13
24100 -1.20587e-13
24110 -1.23863e-13
24120 -1.342e-13
24130 -1.36874e-13
24140 -1.32648e-13
24150 -1.24969e-13
24160 -1.24852e-13
24170 -1.27213e-13
24180 -1.24141e-13
24190 -1.29115e-13
24200 -1.26126e-13
24210 -1.24362e-13
24220 -1.21069e-13
24230 -1.14914e-13
24240 -1.22206e-13
24250 -1.24626e-13
24260 -1.33301e-13
24270 -1.32385e-13
24280 -1.34656e-13
24290 -1.28234e-13
24300 -1.23375e-13
24310 -1.32679e-13
24320 -1.29351e-13
24330 -1.27448e-13
24340 -1.35659e-13
24350 -1.35716e-13
24360 -1.39924e-13
24370 -1.36494e-13
24380 -1.43263e-13
24390 -1.41114e-13
24400 -1.39145e-13
24410 -1.37399e-13
24420 -1.33838e-13
24430 -1.35132e-13
24440 -1.36046e-13
24450 -1.41793e-13
24460 -1.41672e-13
24470 -1.46188e-13
24480 -1.46985e-13
24490 -1.51286e-13
24500 -1.52436e-13
24510 -1.54093e-13
24520 -1.50422e-13
24530 -1.5556e-13
24540 -1.56376e-13
24550 -1.61648e-13
24560 -1.56904e-13
24570 -1.54367e-13
24580 -1.54655e-13
24590 -1.57065e-13
24600 -1.48125e-13
24610 -1.47835e-13
24620 -1.48135e-13
24630 -1.48248e-13
24640 -1.44667e-13
24650 -1.46155e-13
24660 -1.39526e-13
24670 -1.43452e-13
24680 -1.43151e-13
24690 -1.49271e-13
24700 -1.42354e-13
24710 -1.37512e-13
24720 -1.41506e-13
24730 -1.50194e-13
24740 -1.54736e-13
24750 -1.53377e-13
24760 -1.58335e-13
24770 -1.59686e-13
24780 -1.66136e-13
24790 -1.65681e-13
24800 -1.57676e-13
24810 -1.55801e-13
24820 -1.62318e-13
24830 -1.64296e-13
24840 -1.58958e-13
24850 -1.51026e-13
24860 -1.55271e-13
24870 -1.56759e-13
24880 -1.55796e-13
24890 -1.50694e-13
24900 -1.43863e-13
24910 -1.43917e-13
24920 -1.43877e-13
24930 -1.44731e-13
24940 -1.54808e-13
24950 -1.51739e-13
24960 -1.48282e-13
24970 -1.44187e-13
24980 -1.49798e-13
24990 -1.42628e-13
25000 -1.40615e-13
25010 -1.4482e-13
25020 -1.44707e-13
25030 -1.41113e-13
25040 -1.38217e-13
25050 -1.38992e-13
25060 -1.51245e-13
25070 -1.5452e-13
25080 -1.54494e-13
25090 -1.49655e-13
25100 -1.49037e-13
25110 -1.50651e-13
25120 -1.57381e-13
25130 -1.56805e-13
25140 -1.53847e-13
25150 -1.51857e-13
25160 -1.5582e-13
25170 -1.58438e-13
25180 -1.59696e-13
25190 -1.53089e-13
25200 -1.44337e-13
25210 -1.50943e-13
25220 -1.52483e-13
25230 -1.49854e-13
25240 -1.41326e-13
25250 -1.44228e-13
25260 -1.35744e-13
25270 -1.39343e-13
25280 -1.40366e-13
25290 -1.34577e-13
25300 -1.32918e-13
25310 -1.34772e-13
25320 -1.35984e-13
25330 -1.25025e-13
25340 -1.24067e-13
25350 -1.29515e-13
25360 -1.31535e-13
25370 -1.27126e-13
25380 -1.29534e-13
25390 -1.30339e-13
25400 -1.305e-13
25410 -1.29228e-13
25420 -1.25748e-13
25430 -1.2617e-13
25440 -1.22469e-13
25450 -1.19327e-13
25460 -1.17749e-13
25470 -1.11859e-13
25480 -1.14918e-13
25490 -1.19396e-13
25500 -1.22282e-13
25510 -1.26837e-13
25520 -1.27122e-13
25530 -1.19567e-13
25540 -1.11248e-13
25550 -1.08685e-13
25560 -1.17569e-13
25570 -1.2396e-13
25580 -1.26714e-13
25590 -1.17636e-13
25600 -1.18921e-13
25610 -1.14135e-13
25620 -1.20243e-13
25630 -1.16796e-13
25640 -1.15545e-13
25650 -1.11988e-13
25660 -1.21334e-13
25670 -1.18848e-13
25680 -1.2157e-13
25690 -1.17432e-13
25700 -1.16475e-13
25710 -1.19188e-13
25720 -1.27091e-13
25730 -1.20983e-13
25740 -1.16622e-13
25750 -1.09009e-13
25760 -1.11813e-13
25770 -1.07684e-13
25780 -1.0439e-13
25790 -1.11638e-13
25800 -1.09074e-13
25810 -1.09032e-13
25820 -1.04958e-13
25830 -1.05046e-13
25840 -1.09335e-13
25850 -1.03524e-13
25860 -1.00597e-13
25870 -1.00343e-13
25880 -1.09225e-13
25890 -1.17039e-13
25900 -1.07629e-13
25910 -1.07322e-13
25920 -1.04101e-13
25930 -1.00866e-13
25940 -1.04833e-13
25950 -1.02132e-13
25960 -1.02194e-13
25970 -9.77095e-14
25980 -9.88027e-14
25990 -9.6421e-14
26000 -9.38216e-14
26010 -9.94156e-14
26020 -9.97917e-14
26030 -1.00719e-13
26040 -8.86057e-14
26050 -8.99876e-14
26060 -9.55369e-14
26070 -1.03337e-13
26080 -9.2209e-14
26090 -9.7197e-14
26100 -9.79854e-14
26110 -9.73496e-14
26120 -9.34491e-14
26130 -9.23838e-14
26140 -9.10127e-14
26150 -8.96205e-14
26160 -8.78491e-14
26170 -9.27416e-14
26180 -9.14825e-14
26190 -8.24976e-14
26200 -8.26568e-14
26210 -8.08155e-14
26220 -8.1669e-14
26230 -8.31983e-14
26240 -8.07883e-14
26250 -8.31616e-14
26260 -8.53221e-14
26270 -9.11622e-14
26280 -9.03855e-14
26290 -9.13387e-14
26300 -8.79287e-14
26310 -8.25864e-14
26320 -8.24869e-14
26330 -8.27967e-14
26340 -8.09262e-14
26350 -8.01101e-14
26360 -7.69415e-14
26370 -8.75746e-14
26380 -9.25136e-14
26390 -8.79373e-14
26400 -8.75057e-14
26410 -9.02874e-14
26420 -8.79636e-14
26430 -9.46532e-14
26440 -9.35911e-14
26450 -9.84783e-14
26460 -9.37662e-14
26470 -8.69258e-14
26480 -8.32382e-14
26490 -9.01575e-14
26500 -8.62617e-14
26510 -9.00749e-14
26520 -8.81055e-14
26530 -8.78335e-14
26540 -8.90506e-14
26550 -9.36586e-14
26560 -9.18319e-14
26570 -8.95098e-14
26580 -9.13811e-14
26590 -9.36919e-14
26600 -9.05817e-14
26610 -9.44401e-14
26620 -8.39095e-14
26630 -8.63042e-14
26640 -8.79672e-14
26650 -8.11003e-14
26660 -8.35958e-14
26670 -7.89544e-14
26680 -8.98184e-14
26690 -8.82942e-14
26700 -7.79589e-14
26710 -7.12926e-14
26720 -7.31828e-14
26730 -7.70609e-14
26740 -7.24092e-14
26750 -7.10819e-14
26760 -6.63589e-14
26770 -7.54206e-14
26780 -7.48839e-14
26790 -8.36797e-14
26800 -7.85527e-14
26810 -7.99913e-14
26820 -8.33553e-14
26830 -8.77178e-14
26840 -8.15305e-14
26850 -8.17382e-14
26860 -7.17453e-14
26870 -7.36817e-14
26880 -6.59788e-14
26890 -6.40951e-14
26900 -6.34856e-14
26910 -6.11367e-14
26920 -5.84956e-14
26930 -6.25429e-14
26940 -6.52821e-14
26950 -6.69972e-14
26960 -7.25391e-14
26970 -6.73042e-14
26980 -7.06877e-14
26990 -6.78047e-14
27000 -7.09293e-14
27010 -7.25454e-14
27020 -6.26745e-14
27030 -6.69019e-14
27040 -6.79308e-14
27050 -7.65751e-14
27060 -7.61493e-14
27070 -7.40869e-14
27080 -7.11201e-14
27090 -7.0879e-14
27100 -8.23695e-14
27110 -8.71859e-14
27120 -8.24029e-14
27130 -7.60036e-14
27140 -7.00502e-14
27150 -7.05714e-14
27160 -8.05429e-14
27170 -8.26656e-14
27180 -8.02676e-14
27190 -7.71214e-14
27200 -7.62023e-14
27210 -7.51361e-14
27220 -7.94754e-14
27230 -8.24246e-14
27240 -8.48016e-14
27250 -9.05332e-14
27260 -8.77436e-14
27270 -8.87358e-14
27280 -8.52439e-14
27290 -8.51033e-14
27300 -8.78114e-14
27310 -8.54428e-14
27320 -8.81153e-14
27330 -9.74867e-14
27340 -8.34616e-14
27350 -8.10594e-14
27360 -8.56035e-14
27370 -7.81984e-14
27380 -8.17692e-14
27390 -7.09341e-14
27400 -6.30618e-14
27410 -7.09578e-14
27420 -6.83768e-14
27430 -7.82926e-14
27440 -7.73817e-14
27450 -6.92273e-14
27460 -6.44141e-14
27470 -6.80941e-14
27480 -6.63381e-14
27490 -6.34006e-14
27500 -6.21047e-14
27510 -6.34508e-14
27520 -7.04144e-14
27530 -6.43916e-14
27540 -6.30288e-14
27550 -7.27763e-14
27560 -6.76033e-14
27570 -6.43827e-14
27580 -6.82245e-14
27590 -7.21035e-14
27600 -7.06923e-14
27610 -6.15019e-14
27620 -6.66633e-14
27630 -7.16475e-14
27640 -6.66795e-14
27650 -6.47279e-14
27660 -6.84203e-14
27670 -7.50286e-14
27680 -7.04543e-14
27690 -7.26687e-14
27700 -7.05741e-14
27710 -7.25569e-14
27720 -7.65389e-14
27730 -7.42648e-14
27740 -6.68661e-14
27750 -6.35217e-14
27760 -6.34107e-14
27770 -7.45043e-14
27780 -6.18429e-14
27790 -6.36024e-14
27800 -6.27754e-14
27810 -6.74362e-14
27820 -7.74987e-14
27830 -7.35488e-14
27840 -6.61803e-14
27850 -6.27775e-14
27860 -5.7811e-14
27870 -6.00925e-14
27880 -6.69439e-14
27890 -6.29968e-14
27900 -6.0393e-14
27910 -5.20806e-14
27920 -5.03035e-14
27930 -4.57562e-14
27940 -4.88976e-14
27950 -4.24634e-14
27960 -3.42506e-14
27970 -3.57066e-14
27980 -3.24703e-14
27990 -2.46894e-14
28000 -2.57187e-14
28010 -2.63285e-14
28020 -2.59172e-14
28030 -2.07284e-14
28040 -2.53244e-14
28050 -3.62927e-14
28060 -4.04253e-14
28070 -4.54686e-14
28080 -3.76948e-14
28090 -3.5623e-14
28100 -3.79873e-14
28110 -4.34412e-14
28120 -4.10582e-14
28130 -4.59983e-14
28140 -4.17005e-14
28150 -4.97439e-14
28160 -5.58466e-14
28170 -4.792e-14
28180 -5.66316e-14
28190 -5.9534e-14
28200 -5.5006e-14
28210 -5.77649e-14
28220 -5.30197e-14
28230 -6.20834e-14
28240 -5.83486e-14
28250 -5.50518e-14
28260 -6.39336e-14
28270 -6.65124e-14
28280 -6.82649e-14
28290 -7.02157e-14
28300 -6.27789e-14
28310 -6.36116e-14
28320 -6.64881e-14
28330 -6.89376e-14
28340 -7.08019e-14
28350 -7.63391e-14
28360 -7.99945e-14
28370 -8.38488e-14
28380 -8.81572e-14
28390 -8.8152e-14
28400 -9.26152e-14
28410 -8.97758e-14
28420 -8.87445e-14
28430 -9.20284e-14
28440 -9.21884e-14
28450 -9.03996e-14
28460 -8.83692e-14
28470 -9.34905e-14
28480 -1.02691e-13
28490 -1.02592e-13
28500 -1.0323e-13
28510 -1.0596e-13
28520 -1.09197e-13
28530 -1.17755e-13
28540 -1.21585e-13
28550 -1.15574e-13
28560 -1.19601e-13
28570 -1.12121e-13
28580 -1.15619e-13
28590 -1.17135e-13
28600 -1.12684e-13
28610 -1.02569e-13
28620 -9.25301e-14
28630 -9.32275e-14
28640 -1.11986e-13
28650 -1.17276e-13
28660 -1.13926e-13
28670 -1.07185e-13
28680 -1.00507e-13
28690 -1.03141e-13
28700 -1.23367e-13
28710 -1.21596e-13
28720 -1.12967e-13
28730 -1.13751e-13
28740 -1.15431e-13
28750 -1.1744e-13
28760 -1.2047e-13
28770 -1.24819e-13
28780 -1.19018e-13
28790 -1.25887e-13
28800 -1.28371e-13
28810 -1.25861e-13
28820 -1.20117e-13
28830 -1.30814e-13
28840 -1.27668e-13
28850 -1.24394e-13
28860 -1.32078e-13
28870 -1.30374e-13
28880 -1.29848e-13
28890 -1.2127e-13
28900 -1.14058e-13
28910 -1.16751e-13
28920 -1.18844e-13
28930 -1.26617e-13
28940 -1.24132e-13
28950 -1.25536e-13
28960 -1.17249e-13
28970 -1.09712e-13
28980 -1.18781e-13
28990 -1.29173e-13
29000 -1.30004e-13
29010 -1.31538e-13
29020 -1.26007e-13
29030 -1.26334e-13
29040 -1.14966e-13
29050 -1.20146e-13
29060 -1.28425e-13
29070 -1.22338e-13
29080 -1.26103e-13
29090 -1.24527e-13
29100 -1.14092e-13
29110 -1.20486e-13
29120 -1.256e-13
29130 -1.2311e-13
29140 -1.22066e-13
29150 -1.2998e-13
29160 -1.37005e-13
29170 -1.32387e-13
29180 -1.31736e-13
29190 -1.2969e-13
29200 -1.34878e-13
29210 -1.31384e-13
29220 -1.38306e-13
29230 -1.33919e-13
29240 -1.25957e-13
29250 -1.26251e-13
29260 -1.29971e-13
29270 -1.26881e-13
29280 -1.32974e-13
29290 -1.38498e-13
29300 -1.31964e-13
29310 -1.33425e-13
29320 -1.36394e-13
29330 -1.31267e-13
29340 -1.36163e-13
29350 -1.41033e-13
29360 -1.39863e-13
29370 -1.38064e-13
29380 -1.36893e-13
29390 -1.30006e-13
29400 -1.32272e-13
29410 -1.39125e-13
29420 -1.38149e-13
29430 -1.39483e-13
29440 -1.35068e-13
29450 -1.34242e-13
29460 -1.36252e-13
29470 -1.53745e-13
29480 -1.56417e-13
29490 -1.54083e-13
29500 -1.56555e-13
29510 -1.54394e-13
29520 -1.45005e-13
29530 -1.457e-13
29540 -1.47526e-13
29550 -1.45505e-13
29560 -1.48041e-13
29570 -1.52536e-13
29580 -1.50147e-13
29590 -1.46665e-13
29600 -1.3604e-13
29610 -1.32682e-13
29620 -1.49718e-13
29630 -1.42207e-13
29640 -1.41863e-13
29650 -1.40438e-13
29660 -1.4207e-13
29670 -1.30768e-13
29680 -1.31038e-13
29690 -1.25234e-13
29700 -1.33456e-13
29710 -1.39118e-13
29720 -1.3891e-13
29730 -1.32003e-13
29740 -1.25653e-13
29750 -1.23685e-13
29760 -1.28179e-13
29770 -1.30207e-13
29780 -1.35538e-13
29790 -1.35618e-13
29800 -1.34349e-13
29810 -1.30203e-13
29820 -1.24696e-13
29830 -1.37653e-13
29840 -1.41139e-13
29850 -1.34476e-13
29860 -1.2562e-13
29870 -1.27608e-13
29880 -1.34754e-13
29890 -1.2845e-13
29900 -1.24669e-13
29910 -1.22613e-13
29920 -1.28169e-13
29930 -1.35639e-13
29940 -1.35267e-13
29950 -1.37542e-13
29960 -1.36206e-13
29970 -1.38591e-13
29980 -1.31498e-13
29990 -1.2727e-13
30000 -1.27713e-13
30010 -1.26974e-13
30020 -1.36112e-13
30030 -1.21742e-13
30040 -1.20155e-13
30050 -1.31914e-13
30060 -1.28253e-13
30070 -1.23419e-13
30080 -1.27735e-13
30090 -1.24707e-13
30100 -1.29738e-13
30110 -1.17534e-13
30120 -1.20673e-13
30130 -1.33511e-13
30140 -1.4221e-13
30150 -1.27088e-13
30160 -1.24005e-13
30170 -1.18846e-13
30180 -1.13968e-13
30190 -1.11063e-13
30200 -1.21231e-13
30210 -1.25675e-13
30220 -1.26124e-13
30230 -1.28805e-13
30240 -1.19954e-13
30250 -1.25065e-13
30260 -1.26142e-13
30270 -1.27176e-13
30280 -1.30757e-13
30290 -1.32999e-13
30300 -1.31331e-13
30310 -1.31279e-13
30320 -1.36487e-13
30330 -1.34442e-13
30340 -1.45582e-13
30350 -1.3706e-13
30360 -1.16651e-13
30370 -1.22986e-13
30380 -1.05104e-13
30390 -8.38868e-14
30400 -5.41221e-14
30410 1.04808e-14
30420 1.21855e-13
30430 3.03965e-13
30440 5.97369e-13
30450 1.08951e-12
30460 1.89084e-12
30470 3.21354e-12
30480 5.368e-12
30490 8.83688e-12
30500 1.43747e-11
30510 2.31661e-11
30520 3.70361e-11
30530 5.87707e-11
30540 9.26089e-11
30550 1.4495e-10
30560 2.25457e-10
30570 3.48512e-10
30580 5.35485e-10
30590 8.17896e-10
30600 1.24202e-09
30610 1.87538e-09
30620 2.81593e-09
30630 4.20503e-09
30640 6.2455e-09
30650 9.22684e-09
30660 1.35601e-08
30670 1.98258e-08
30680 2.88396e-08
30690 4.17414e-08
30700 6.0117e-08
30710 8.61601e-08
30720 1.22892e-07
30730 1.74452e-07
30740 2.46485e-07
30750 3.4665e-07
30760 4.85292e-07
30770 6.76318e-07
30780 9.38334e-07
30790 1.29612e-06
30800 1.78252e-06
30810 2.4409e-06
30820 3.3282e-06
30830 4.51892e-06
30840 6.11004e-06
30850 8.2273e-06
30860 1.1033e-05
30870 1.47356e-05
30880 1.96021e-05
30890 2.59724e-05
30900 3.42777e-05
30910 4.50631e-05
30920 5.90139e-05
30930 7.69888e-05
30940 0.000100059
30950 0.000129555
30960 0.000167123
30970 0.000214791
30980 0.000275049
30990 0.000350936
31000 0.000446156
31010 0.000565194
31020 0.000713466
31030 0.000897484
31040 0.00112504
31050 0.00140545
31060 0.00174973
31070 0.00217097
31080 0.00268456
31090 0.00330856
31100 0.00406408
31110 0.0049757
31120 0.00607191
31130 0.00738559
31140 0.00895456
31150 0.0108221
31160 0.0130376
31170 0.0156572
31180 0.0187441
31190 0.0223699
31200 0.0266145
31210 0.0315672
31220 0.0373274
31230 0.0440049
31240 0.0517206
31250 0.0606073
31260 0.0708097
31270 0.0824849
31280 0.0958028
31290 0.110946
31300 0.12811
31310 0.147503
31320 0.169343
31330 0.193864
31340 0.221305
31350 0.251919
31360 0.285963
31370 0.323703
31380 0.365408
31390 0.411349
31400 0.461795
31410 0.517014
31420 0.577266
31430 0.6428
31440 0.713851
31450 0.79064
31460 0.873361
31470 0.962188
31480 1.05726
31490 1.15869
31500 1.26654
31510 1.38084
31520 1.50158
31530 1.62868
31540 1.76203
31550 1.90146
31560 2.04673
31570 2.19755
31580 2.35357
31590 2.51439
31600 2.67952
31610 2.84844
31620 3.02056
31630 3.19523
31640 3.37176
31650 3.54941
31660 3.72738
31670 3.90486
31680 4.08099
31690 4.25488
31700 4.42564
31710 4.59236
31720 4.75414
31730 4.91007
31740 5.05926
31750 5.20085
31760 5.33401
31770 5.45795
31780 5.57193
31790 5.67526
31800 5.76733
31810 5.84756
31820 5.9155
31830 5.97073
31840 6.01293
31850 6.04189
31860 6.05745
31870 6.05957
31880 6.04827
31890 6.02369
31900 5.98603
31910 5.93558
31920 5.87273
31930 5.79792
31940 5.71167
31950 5.61457
31960 5.50725
31970 5.39041
31980 5.26479
31990 5.13116
32000 4.99032
32010 4.84309
32020 4.69031
32030 4.53281
32040 4.37145
32050 4.20703
32060 4.0404
32070 3.87232
32080 3.70358
32090 3.5349
32100 3.36699
32110 3.2005
32120 3.03604
32130 2.87418
32140 2.71544
32150 2.56029
32160 2.40915
32170 2.26238
32180 2.12031
32190 1.98319
32200 1.85126
32210 1.72467
32220 1.60357
32230 1.48804
32240 1.37812
32250 1.27381
32260 1.17511
32270 1.08194
32280 0.994222
32290 0.91185
32300 0.834688
32310 0.762585
32320 0.695374
32330 0.632873
32340 0.57489
32350 0.521226
32360 0.471674
32370 0.426026
32380 0.384069
32390 0.345592
32400 0.310387
32410 0.278245
32420 0.248967
32430 0.222354
32440 0.198218
32450 0.176374
32460 0.156647
32470 0.138871
32480 0.122885
32490 0.10854
32500 0.0956949
32510 0.0842158
32520 0.0739788
32530 0.0648683
32540 0.0567768
32550 0.0496049
32560 0.0432609
32570 0.0376604
32580 0.0327263
32590 0.0283877
32600 0.0245804
32610 0.0212459
32620 0.0183311
32630 0.0157882
32640 0.0135741
32650 0.0116499
32660 0.00998089
32670 0.00853599
32680 0.0072875
32690 0.00621075
32700 0.00528388
32710 0.00448752
32720 0.00380458
32730 0.00321999
32740 0.00272053
32750 0.00229458
32760 0.001932
32770 0.00162392
32780 0.00136264
32790 0.00114144
32800 0.000954525
32810 0.000796861
32820 0.000664112
32830 0.000552541
32840 0.000458938
32850 0.00038055
32860 0.000315021
32870 0.000260338
32880 0.000214787
32890 0.000176911
32900 0.000145471
32910 0.000119419
32920 9.78704e-05
32930 8.00773e-05
32940 6.54107e-05
32950 5.33423e-05
32960 4.34289e-05
32970 3.52999e-05
32980 2.86454e-05
32990 2.32073e-05
33000 1.8771e-05
33010 1.51579e-05
33020 1.22204e-05
33030 9.8362e-06
33040 7.90433e-06
33050 6.34162e-06
33060 5.07965e-06
33070 4.06227e-06
33080 3.24343e-06
33090 2.58549e-06
33100 2.05772e-06
33110 1.63507e-06
33120 1.29716e-06
33130 1.02744e-06
33140 8.12515e-07
33150 6.4153e-07
33160 5.05725e-07
33170 3.98039e-07
33180 3.12789e-07
33190 2.45411e-07
33200 1.92244e-07
33210 1.5036e-07
33220 1.17417e-07
33230 9.15479e-08
33240 7.12672e-08
33250 5.5393e-08
33260 4.29877e-08
33270 3.33089e-08
33280 2.57693e-08
33290 1.99056e-08
33300 1.53524e-08
33310 1.18225e-08
33320 9.09016e-09
33330 6.9786e-09
33340 5.34933e-09
33350 4.09417e-09
33360 3.12874e-09
33370 2.38732e-09
33380 1.81882e-09
33390 1.3836e-09
33400 1.05092e-09
33410 7.97028e-10
33420 6.0356e-10
33430 4.56364e-10
33440 3.44546e-10
33450 2.59735e-10
33460 1.95507e-10
33470 1.4694e-10
33480 1.10273e-10
33490 8.26325e-11
33500 6.18277e-11
33510 4.61922e-11
33520 3.44594e-11
33530 2.56686e-11
33540 1.90921e-11
33550 1.41795e-11
33560 1.05155e-11
33570 7.7867e-12
33580 5.75757e-12
33590 4.25095e-12
33600 3.13398e-12
33610 2.30711e-12
33620 1.69592e-12
33630 1.24482e-12
33640 9.1238e-13
33650 6.67746e-13
33660 4.87994e-13
33670 3.56113e-13
33680 2.59496e-13
33690 1.88819e-13
33700 1.37193e-13
33710 9.95382e-14
33720 7.21145e-14
33730 5.21712e-14
33740 3.7689e-14
33750 2.71878e-14
33760 1.95845e-14
33770 1.40873e-14
33780 1.01187e-14
33790 7.25773e-15
33800 5.19826e-15
33810 3.7179e-15
33820 2.65534e-15
33830 1.89377e-15
33840 1.34871e-15
33850 9.5917e-16
33860 6.81176e-16
33870 4.83071e-16
33880 3.42098e-16
33890 2.41924e-16
33900 1.70843e-16
33910 1.20478e-16
33920 8.48415e-17
33930 5.96626e-17
33940 4.18976e-17
33950 2.93813e-17
33960 2.05754e-17
33970 1.43887e-17
33980 1.00482e-17
33990 7.00739e-18
34000 4.88002e-18
34010 3.3938e-18
34020 2.35695e-18
34030 1.63462e-18
34040 1.13209e-18
34050 7.82982e-19
34060 5.40784e-19
34070 3.72993e-19
34080 2.5691e-19
34090 1.76713e-19
34100 1.21384e-19
34110 8.32648e-20
34120 5.70387e-20
34130 3.90199e-20
34140 2.6657e-20
34150 1.81865e-20
34160 1.23907e-20
34170 8.43051e-21
34180 5.72829e-21
34190 3.88695e-21
34200 2.63395e-21
34210 1.78246e-21
34220 1.20462e-21
34230 8.13005e-22
34240 5.47967e-22
34250 3.68836e-22
34260 2.4793e-22
34270 1.66435e-22
34280 1.11579e-22
34290 7.47029e-23
34300 4.99476e-23
34310 3.33514e-23
34320 2.224e-23
34330 1.48109e-23
34340 9.85028e-24
34350 6.54248e-24
34360 4.33971e-24
34370 2.87478e-24
34380 1.90185e-24
34390 1.25654e-24
34400 8.2909e-25
34410 5.46333e-25
34420 3.59536e-25
34430 2.36296e-25
34440 1.55097e-25
34450 1.01667e-25
34460 6.65561e-26
34470 4.3514e-26
34480 2.84122e-26
34490 1.85273e-26
34500 1.20658e-26
34510 7.84757e-27
34520 5.09741e-27
34530 3.30675e-27
34540 2.14235e-27
34550 1.38617e-27
34560 8.95737e-28
34570 5.78075e-28
34580 3.72587e-28
34590 2.39834e-28
34600 1.54183e-28
34610 9.89925e-29
34620 6.34762e-29
34630 4.06501e-29
34640 2.5999e-29
34650 1.66072e-29
34660 1.05945e-29
34670 6.75005e-30
34680 4.29518e-30
34690 2.72962e-30
34700 1.73248e-30
34710 1.09821e-30
34720 6.95261e-31
34730 4.39602e-31
34740 2.77601e-31
34750 1.75079e-31
34760 1.1028e-31
34770 6.93758e-32
34780 4.35886e-32
34790 2.7352e-32
34800 1.71419e-32
34810 1.07296e-32
34820 6.70748e-33
34830 4.18785e-33
34840 2.61142e-33
34850 1.62637e-33
34860 1.01162e-33
34870 6.28453e-34
34880 3.89928e-34
34890 2.41632e-34
34900 1.49549e-34
34910 9.24423e-35
34920 5.70713e-35
34930 3.51904e-35
34940 2.16716e-35
34950 1.33297e-35
34960 8.18861e-36
34970 5.02414e-36
34980 3.07877e-36
34990 1.88432e-36
35000 1.15185e-36
35010 7.03238e-37
35020 4.28818e-37
35030 2.61161e-37
35040 1.58858e-37
35050 9.65113e-38
35060 5.85616e-38
35070 3.54907e-38
35080 2.14825e-38
35090 1.29874e-38
35100 7.84206e-39
35110 4.72941e-39
35120 2.84874e-39
35130 1.71384e-39
35140 1.02981e-39
35150 6.18039e-40
35160 3.70464e-40
35170 2.21794e-40
35180 1.32625e-40
35190 7.92089e-41
35200 4.72494e-41
35210 2.8151e-41
35220 1.67519e-41
35230 9.95663e-42
35240 5.91064e-42
35250 3.50456e-42
35260 2.07543e-42
35270 1.22761e-42
35280 7.25255e-43
35290 4.27955e-43
35300 2.52223e-43
35310 1.48474e-43
35320 8.72959e-44
35330 5.12646e-44
35340 3.00692e-44
35350 1.7616e-44
35360 1.03079e-44
35370 6.02448e-45
35380 3.5168e-45
35390 2.0505e-45
35400 1.19413e-45
35410 6.9459e-46
35420 4.03541e-46
35430 2.3417e-46
35440 1.35724e-46
35450 7.85722e-47
35460 4.54322e-47
35470 2.62388e-47
35480 1.51359e-47
35490 8.72085e-48
35500 5.01873e-48
35510 2.88479e-48
35520 1.65623e-48
35530 9.49753e-49
35540 5.43986e-49
35550 3.11207e-49
35560 1.77827e-49
35570 1.01491e-49
35580 5.78558e-50
35590 3.2942e-50
35600 1.87343e-50
35610 1.06416e-50
35620 6.03757e-51
35630 3.42137e-51
35640 1.93651e-51
35650 1.09477e-51
35660 6.18167e-52
35670 3.48634e-52
35680 1.96387e-52
35690 1.10493e-52
35700 6.20914e-53
35710 3.48502e-53
35720 1.95368e-53
35730 1.09389e-53
35740 6.1174e-54
35750 3.41687e-54
35760 1.90616e-54
35770 1.06207e-54
35780 5.91036e-55
35790 3.285e-55
35800 1.82354e-55
35810 1.011e-55
35820 5.59812e-56
35830 3.09588e-56
35840 1.70992e-56
35850 9.43217e-57
35860 5.19625e-57
35870 2.85896e-57
35880 1.57095e-57
35890 8.62081e-58
35900 4.72458e-58
35910 2.58585e-58
35920 1.4134e-58
35930 7.71512e-59
35940 4.20567e-59
35950 2.28948e-59
35960 1.24464e-59
35970 6.75696e-60
35980 3.66316e-60
35990 1.98313e-60
36000 1.0721e-60
36010 5.78767e-61
36020 3.11997e-61
36030 1.67946e-61
36040 9.02734e-62
36050 4.84523e-62
36060 2.59674e-62
36070 1.38963e-62
36080 7.4254e-63
36090 3.96174e-63
36100 2.11054e-63
36110 1.12264e-63
36120 5.96232e-64
36130 3.16169e-64
36140 1.67396e-64
36150 8.84889e-65
36160 4.67032e-65
36170 2.46101e-65
36180 1.29475e-65
36190 6.80073e-66
36200 3.56634e-66
36210 1.86716e-66
36220 9.75946e-67
36230 5.09277e-67
36240 2.65315e-67
36250 1.37989e-67
36260 7.16468e-68
36270 3.71379e-68
36280 1.92177e-68
36290 9.9276e-69
36300 5.11969e-69
36310 2.6357e-69
36320 1.35455e-69
36330 6.94932e-70
36340 3.55903e-70
36350 1.81953e-70
36360 9.28589e-71
36370 4.73065e-71
36380 2.40574e-71
36390 1.22124e-71
36400 6.18845e-72
36410 3.13028e-72
36420 1.58053e-72
36430 7.96601e-73
36440 4.00767e-73
36450 2.01259e-73
36460 1.00886e-73
36470 5.0479e-74
36480 2.52114e-74
36490 1.25686e-74
36500 6.25432e-75
36510 3.1065e-75
36520 1.54015e-75
36530 7.62163e-76
36540 3.76468e-76
36550 1.8561e-76
36560 9.13414e-77
36570 4.48666e-77
36580 2.19972e-77
36590 1.07646e-77
36600 5.25796e-78
36610 2.56342e-78
36620 1.2474e-78
36630 6.05866e-79
36640 2.93717e-79
36650 1.42122e-79
36660 6.86394e-80
36670 3.30876e-80
36680 1.59197e-80
36690 7.64508e-81
36700 3.66443e-81
36710 1.7531e-81
36720 8.37111e-82
36730 3.98965e-82
36740 1.89784e-82
36750 9.01072e-83
36760 4.27004e-83
36770 2.01966e-83
36780 9.53449e-84
36790 4.49251e-84
36800 2.11277e-84
36810 9.91716e-85
36820 4.64616e-85
36830 2.17256e-85
36840 1.01396e-85
36850 4.72326e-86
36860 2.196e-86
36870 1.01905e-86
36880 4.71984e-87
36890 2.18188e-87
36900 1.00671e-87
36910 4.63606e-88
36920 2.1309e-88
36930 9.77575e-89
36940 4.47617e-89
36950 2.04566e-89
36960 9.3311e-90
36970 4.24818e-90
36980 1.93038e-90
36990 8.75499e-91
37000 3.96314e-91
37010 1.79059e-91
37020 8.07463e-92
37030 3.63432e-92
37040 1.63266e-92
37050 7.32048e-93
37060 3.2761e-93
37070 1.46335e-93
37080 6.52399e-94
37090 2.90303e-94
37100 1.28933e-94
37110 5.71546e-95
37120 2.52879e-95
37130 1.11673e-95
37140 4.92223e-96
37150 2.16546e-96
37160 9.50855e-97
37170 4.16731e-97
37180 1.82294e-97
37190 7.95918e-98
37200 3.4685e-98
37210 1.50866e-98
37220 6.54971e-99
37230 2.83812e-99
37240 1.22749e-99
37250 5.29891e-100
37260 2.28315e-100
37270 9.81891e-101
37280 4.21476e-101
37290 1.80578e-101
37300 7.72215e-102
37310 3.29605e-102
37320 1.40421e-102
37330 5.97112e-103
37340 2.53432e-103
37350 1.07362e-103
37360 4.53971e-104
37370 1.91597e-104
37380 8.07115e-105
37390 3.39366e-105
37400 1.42426e-105
37410 5.96616e-106
37420 2.49453e-106
37430 1.04105e-106
37440 4.33654e-107
37450 1.80303e-107
37460 7.48263e-108
37470 3.09952e-108
37480 1.28152e-108
37490 5.28869e-109
37500 2.17852e-109
37510 8.95711e-110
37520 3.67592e-110
37530 1.50577e-110
37540 6.15664e-111
37550 2.5126e-111
37560 1.02352e-111
37570 4.16166e-112
37580 1.68901e-112
37590 6.84214e-113
37600 2.76662e-113
37610 1.11662e-113
37620 4.49838e-114
37630 1.80887e-114
37640 7.26031e-115
37650 2.90873e-115
37660 1.16319e-115
37670 4.64299e-116
37680 1.84989e-116
37690 7.35691e-117
37700 2.92042e-117
37710 1.15717e-117
37720 4.57671e-118
37730 1.80681e-118
37740 7.11988e-119
37750 2.80052e-119
37760 1.09953e-119
37770 4.30906e-120
37780 1.68563e-120
37790 6.58186e-121
37800 2.56531e-121
37810 9.98021e-122
37820 3.87566e-122
37830 1.50231e-122
37840 5.81275e-123
37850 2.24498e-123
37860 8.65471e-124
37870 3.33044e-124
37880 1.27927e-124
37890 4.90491e-125
37900 1.87721e-125
37910 7.17141e-126
37920 2.7347e-126
37930 1.04094e-126
37940 3.95508e-127
37950 1.50002e-127
37960 5.67876e-128
37970 2.14597e-128
37980 8.09485e-129
37990 3.04795e-129
38000 1.14557e-129
38010 4.29788e-130
38020 1.60954e-130
38030 6.0168e-131
38040 2.24516e-131
38050 8.36268e-132
38060 3.1093e-132
38070 1.15398e-132
38080 4.27515e-133
38090 1.58097e-133
38100 5.83603e-134
38110 2.15045e-134
38120 7.90977e-135
38130 2.90414e-135
38140 1.06437e-135
38150 3.89395e-136
38160 1.42203e-136
38170 5.18384e-137
38180 1.88633e-137
38190 6.8518e-138
38200 2.48437e-138
38210 8.99192e-139
38220 3.24872e-139
38230 1.17165e-139
38240 4.21801e-140
38250 1.51581e-140
38260 5.43758e-141
38270 1.94713e-141
38280 6.96e-142
38290 2.48343e-142
38300 8.84546e-143
38310 3.14498e-143
38320 1.1162e-143
38330 3.95456e-144
38340 1.39856e-144
38350 4.93735e-145
38360 1.73995e-145
38370 6.12079e-146
38380 2.14936e-146
38390 7.53431e-147
38400 2.63638e-147
38410 9.2088e-148
38420 3.21093e-148
38430 1.11761e-148
38440 3.88312e-149
38450 1.34681e-149
38460 4.66298e-150
38470 1.61159e-150
38480 5.56005e-151
38490 1.91486e-151
38500 6.58311e-152
38510 2.25922e-152
38520 7.73965e-153
38530 2.64679e-153
38540 9.03553e-154
38550 3.0791e-154
38560 1.04744e-154
38570 3.5569e-155
38580 1.20573e-155
38590 4.08008e-156
38600 1.37823e-156
38610 4.64745e-157
38620 1.56439e-157
38630 5.25669e-158
38640 1.76327e-158
38650 5.90427e-159
38660 1.97356e-159
38670 6.58531e-160
38680 2.19351e-160
38690 7.29365e-161
38700 2.42097e-161
38710 8.02188e-162
38720 2.6534e-162
38730 8.76134e-163
38740 2.88788e-163
38750 9.50234e-164
38760 3.12121e-164
38770 1.02343e-164
38780 3.34994e-165
38790 1.0946e-165
38800 3.57043e-166
38810 1.16259e-166
38820 3.77901e-167
38830 1.22623e-167
38840 3.97201e-168
38850 1.28438e-168
38860 4.14591e-169
38870 1.33595e-169
38880 4.29742e-170
38890 1.37997e-170
38900 4.42362e-171
38910 1.41557e-171
38920 4.52199e-172
38930 1.44203e-172
38940 4.59057e-173
38950 1.45883e-173
38960 4.62796e-174
38970 1.46562e-174
38980 4.63342e-175
38990 1.46227e-175
39000 4.60684e-176
39010 1.44886e-176
39020 4.5488e-177
39030 1.42566e-177
39040 4.4605e-178
39050 1.39316e-178
39060 4.34375e-179
39070 1.35201e-179
39080 4.20091e-180
39090 1.30304e-180
39100 4.03478e-181
39110 1.24719e-181
39120 3.84854e-182
39130 1.18552e-182
39140 3.64564e-183
39150 1.11915e-183
39160 3.42969e-184
39170 1.04923e-184
39180 3.20434e-185
39190 9.76918e-186
39200 2.97323e-186
39210 9.03341e-187
39220 2.73985e-187
39230 8.29569e-188
39240 2.50745e-188
39250 7.56594e-189
39260 2.27901e-189
39270 6.85304e-190
39280 2.05718e-190
39290 6.16475e-191
39300 1.84421e-191
39310 5.50757e-192
39320 1.64196e-192
39330 4.88674e-193
39340 1.45188e-193
39350 4.3062e-194
39360 1.27501e-194
39370 3.76864e-195
39380 1.11202e-195
39390 3.27562e-196
39400 9.63228e-197
39410 2.82761e-197
39420 8.2864e-198
39430 2.42419e-198
39440 7.07983e-199
39450 2.06412e-199
39460 6.0076e-200
39470 1.74552e-200
39480 5.06293e-201
39490 1.46601e-201
39500 4.23766e-202
39510 1.22285e-202
39520 3.52269e-203
39530 1.01305e-203
39540 2.90835e-204
39550 8.33525e-205
39560 2.38477e-205
39570 6.81132e-206
39580 1.9421e-206
39590 5.52804e-207
39600 1.57082e-207
39610 4.45594e-208
39620 1.26185e-208
39630 3.56727e-209
39640 1.00675e-209
39650 2.83637e-210
39660 7.97741e-211
39670 2.23985e-211
39680 6.27819e-212
39690 1.75674e-212
39700 4.90725e-213
39710 1.36844e-213
39720 3.80955e-214
39730 1.05871e-214
39740 2.93726e-215
39750 8.13512e-216
39760 2.24928e-216
39770 6.20844e-217
39780 1.71072e-217
39790 4.70582e-218
39800 1.29226e-218
39810 3.54261e-219
39820 9.69516e-220
39830 2.64878e-220
39840 7.22429e-221
39850 1.967e-221
39860 5.34653e-222
39870 1.45077e-222
39880 3.92993e-223
39890 1.06275e-223
39900 2.86903e-224
39910 7.73212e-225
39920 2.08028e-225
39930 5.58732e-226
39940 1.49808e-226
39950 4.00861e-227
39960 1.06617e-227
39970 2.65607e-228
39980 0
