-20 0
0 -5.29983e-08
20 -1.08484e-07
40 -1.69004e-07
60 -2.372e-07
80 -3.15852e-07
100 -4.07935e-07
120 -5.16645e-07
140 -6.45408e-07
160 -7.97907e-07
180 -9.78087e-07
200 -1.19011e-06
220 -1.43832e-06
240 -1.72721e-06
260 -2.0613e-06
280 -2.44502e-06
300 -2.88258e-06
320 -3.37784e-06
340 -3.93401e-06
360 -4.55349e-06
380 -5.23764e-06
400 -5.98647e-06
420 -6.79833e-06
440 -7.66973e-06
460 -8.59502e-06
480 -9.56608e-06
500 -1.05722e-05
520 -1.15999e-05
540 -1.26328e-05
560 -1.36517e-05
580 -1.46344e-05
600 -1.55564e-05
620 -1.63906e-05
640 -1.71083e-05
660 -1.76793e-05
680 -1.80728e-05
700 -1.82585e-05
720 -1.82068e-05
740 -1.78902e-05
760 -1.72845e-05
780 -1.63695e-05
800 -1.51301e-05
820 -1.35571e-05
840 -1.16486e-05
860 -9.40994e-06
880 -6.8548e-06
900 -4.00524e-06
920 -8.91788e-07
940 2.44681e-06
960 5.96401e-06
980 9.60632e-06
1000 1.33143e-05
1020 1.70241e-05
1040 2.06684e-05
1060 2.41788e-05
1080 2.74871e-05
1100 3.05273e-05
1120 3.32377e-05
1140 3.55621e-05
1160 3.74519e-05
1180 3.88676e-05
1200 3.97793e-05
1220 4.01684e-05
1240 4.00275e-05
1260 3.93609e-05
1280 3.81845e-05
1300 3.6525e-05
1320 3.44192e-05
1340 3.19129e-05
1360 2.90595e-05
1380 2.59184e-05
1400 2.25532e-05
1420 1.90299e-05
1440 1.54156e-05
1460 1.17759e-05
1480 8.17401e-06
1500 4.66886e-06
1520 1.31406e-06
1540 -1.84322e-06
1560 -4.76309e-06
1580 -7.41335e-06
1600 -9.76977e-06
1620 -1.18161e-05
1640 -1.35439e-05
1660 -1.49521e-05
1680 -1.60461e-05
1700 -1.68374e-05
1720 -1.73428e-05
1740 -1.7583e-05
1760 -1.7582e-05
1780 -1.73663e-05
1800 -1.69637e-05
1820 -1.64024e-05
1840 -1.57107e-05
1860 -1.4916e-05
1880 -1.40442e-05
1900 -1.31195e-05
1920 -1.21637e-05
1940 -1.11965e-05
1960 -1.02348e-05
1980 -9.29316e-06
2000 -8.38339e-06
2020 -7.51499e-06
2040 -6.69514e-06
2060 -5.92892e-06
2080 -5.21956e-06
2100 -4.5686e-06
2120 -3.9762e-06
2140 -3.44138e-06
2160 -2.96222e-06
2180 -2.53602e-06
2200 -2.15961e-06
2220 -1.82939e-06
2240 -1.54163e-06
2260 -1.29247e-06
2280 -1.07809e-06
2300 -8.94758e-07
2320 -7.38903e-07
2340 -6.0717e-07
2360 -4.96484e-07
2380 -4.04011e-07
2400 -3.27185e-07
2420 -2.6371e-07
2440 -2.11535e-07
2460 -1.68874e-07
2480 -1.34186e-07
2500 -1.0613e-07
2520 -8.35677e-08
2540 -6.55214e-08
2560 -5.11475e-08
2580 -3.97706e-08
2600 -3.08152e-08
2620 -2.3826e-08
2640 -1.84434e-08
2660 -1.43646e-08
2680 -1.13627e-08
2700 -9.27542e-09
2720 -7.9922e-09
2740 -7.49325e-09
2760 -7.83074e-09
2780 -9.13759e-09
2800 -1.16831e-08
2820 -1.58518e-08
2840 -2.22466e-08
2860 -3.17433e-08
2880 -4.55909e-08
2900 -6.55869e-08
2920 -9.42542e-08
2940 -1.35118e-07
2960 -1.93094e-07
2980 -2.74968e-07
3000 -3.90082e-07
3020 -5.51253e-07
3040 -7.75942e-07
3060 -1.0879e-06
3080 -1.51921e-06
3100 -2.11308e-06
3120 -2.92741e-06
3140 -4.03938e-06
3160 -5.5515e-06
3180 -7.59921e-06
3200 -1.03606e-05
3220 -1.4069e-05
3240 -1.9028e-05
3260 -2.56318e-05
3280 -3.43887e-05
3300 -4.59518e-05
3320 -6.11558e-05
3340 -8.10621e-05
3360 -0.000107014
3380 -0.000140705
3400 -0.000184253
3420 -0.000240302
3440 -0.00031213
3460 -0.000403783
3480 -0.000520226
3500 -0.000667521
3520 -0.000853032
3540 -0.00108565
3560 -0.00137606
3580 -0.00173703
3600 -0.00218371
3620 -0.002734
3640 -0.00340892
3660 -0.00423298
3680 -0.00523462
3700 -0.0064466
3720 -0.00790645
3740 -0.00965683
3760 -0.0117459
3780 -0.0142278
3800 -0.0171626
3820 -0.0206167
3840 -0.024663
3860 -0.0293804
3880 -0.0348541
3900 -0.0411747
3920 -0.0484377
3940 -0.0567429
3960 -0.0661926
3980 -0.0768909
4000 -0.0889412
4020 -0.102445
4040 -0.117498
4060 -0.134191
4080 -0.152602
4100 -0.172797
4120 -0.194826
4140 -0.218718
4160 -0.24448
4180 -0.272092
4200 -0.301503
4220 -0.332632
4240 -0.36536
4260 -0.399533
4280 -0.434958
4300 -0.471399
4320 -0.508585
4340 -0.546201
4360 -0.583897
4380 -0.621288
4400 -0.657957
4420 -0.693457
4440 -0.727324
4460 -0.759073
4480 -0.788215
4500 -0.814254
4520 -0.836707
4540 -0.8551
4560 -0.868987
4580 -0.877953
4600 -0.881621
4620 -0.879665
4640 -0.871816
4660 -0.857864
4680 -0.83767
4700 -0.811167
4720 -0.778363
4740 -0.739348
4760 -0.694287
4780 -0.643429
4800 -0.587096
4820 -0.525686
4840 -0.459667
4860 -0.389568
4880 -0.315979
4900 -0.239536
4920 -0.160916
4940 -0.0808279
4960 0
