-10 0
0 2.83468e-15
10 8.14436e-16
20 6.21097e-15
30 1.19066e-14
40 1.11599e-14
50 3.87197e-15
60 8.35604e-15
70 1.22173e-14
80 1.27228e-14
90 1.14807e-14
100 1.81224e-14
110 1.95157e-15
120 -8.63849e-17
130 -1.13611e-14
140 -1.45175e-14
150 -1.64378e-14
160 -9.03691e-15
170 -7.6026e-15
180 -5.25844e-16
190 1.23271e-16
200 6.411e-15
210 4.89297e-15
220 2.67803e-15
230 4.75914e-15
240 -4.82439e-16
250 1.01365e-14
260 3.80927e-15
270 4.97671e-15
280 4.94761e-16
290 -4.31196e-15
300 6.14842e-16
310 1.36891e-14
320 1.2103e-14
330 1.12308e-14
340 2.10141e-15
350 2.07535e-15
360 1.04652e-14
370 1.69646e-14
380 2.26323e-14
390 3.02739e-14
400 3.15304e-14
410 3.71922e-14
420 2.9168e-14
430 2.35097e-14
440 2.17493e-14
450 2.6974e-14
460 3.23007e-14
470 3.28055e-14
480 3.16688e-14
490 3.38606e-14
500 3.90318e-14
510 3.47801e-14
520 3.91538e-14
530 4.2503e-14
540 4.69047e-14
550 4.95928e-14
560 3.93025e-14
570 4.13822e-14
580 3.73002e-14
590 3.43493e-14
600 3.16904e-14
610 2.57216e-14
620 2.17238e-14
630 2.78014e-14
640 3.20734e-14
650 2.05485e-14
660 2.23419e-14
670 2.01406e-14
680 2.2335e-14
690 2.90799e-14
700 1.88781e-14
710 1.86383e-14
720 6.57639e-15
730 -5.14593e-15
740 8.00756e-16
750 -8.4056e-16
760 -8.22366e-15
770 -6.38866e-15
780 -1.14246e-14
790 -8.80907e-15
800 -1.25359e-15
810 -5.34303e-15
820 1.58123e-15
830 1.45912e-15
840 1.37782e-15
850 -2.42018e-15
860 -1.51707e-14
870 -1.58451e-14
880 -1.96989e-14
890 -1.02911e-14
900 -2.14043e-14
910 -1.78652e-14
920 -2.74182e-14
930 -2.03712e-14
940 -2.51793e-14
950 -2.64514e-14
960 -1.80793e-14
970 -2.39714e-14
980 -2.42468e-14
990 -1.55492e-14
1000 -1.39452e-14
1010 -1.61125e-14
1020 -1.64533e-14
1030 -2.66315e-14
1040 -3.11887e-14
1050 -4.13715e-14
1060 -3.71762e-14
1070 -4.17703e-14
1080 -4.44511e-14
1090 -4.64581e-14
1100 -4.93753e-14
1110 -4.57084e-14
1120 -4.29279e-14
1130 -4.99947e-14
1140 -4.71124e-14
1150 -4.16887e-14
1160 -4.13649e-14
1170 -4.65452e-14
1180 -5.14319e-14
1190 -5.47294e-14
1200 -5.96076e-14
1210 -6.43972e-14
1220 -6.80087e-14
1230 -7.16634e-14
1240 -7.36881e-14
1250 -7.57209e-14
1260 -7.40874e-14
1270 -7.31129e-14
1280 -7.5465e-14
1290 -5.93909e-14
1300 -5.6268e-14
1310 -5.3736e-14
1320 -5.41511e-14
1330 -5.41745e-14
1340 -5.24369e-14
1350 -5.04493e-14
1360 -5.61631e-14
1370 -6.46646e-14
1380 -6.65474e-14
1390 -6.8548e-14
1400 -7.04519e-14
1410 -8.35838e-14
1420 -8.31972e-14
1430 -8.28942e-14
1440 -8.12303e-14
1450 -7.8722e-14
1460 -7.9275e-14
1470 -9.04367e-14
1480 -8.01486e-14
1490 -7.69129e-14
1500 -8.96143e-14
1510 -8.98499e-14
1520 -9.42045e-14
1530 -9.10158e-14
1540 -1.00882e-13
1550 -1.00968e-13
1560 -1.03009e-13
1570 -9.88808e-14
1580 -1.01858e-13
1590 -9.92842e-14
1600 -1.00658e-13
1610 -1.10652e-13
1620 -1.10167e-13
1630 -1.13279e-13
1640 -1.23647e-13
1650 -1.15871e-13
1660 -1.20934e-13
1670 -1.20996e-13
1680 -1.31306e-13
1690 -1.39514e-13
1700 -1.48e-13
1710 -1.45983e-13
1720 -1.47656e-13
1730 -1.55743e-13
1740 -1.41818e-13
1750 -1.41014e-13
1760 -1.38619e-13
1770 -1.37647e-13
1780 -1.42497e-13
1790 -1.45047e-13
1800 -1.47396e-13
1810 -1.41789e-13
1820 -1.49839e-13
1830 -1.46923e-13
1840 -1.53054e-13
1850 -1.65452e-13
1860 -1.62208e-13
1870 -1.64374e-13
1880 -1.62192e-13
1890 -1.73599e-13
1900 -1.70101e-13
1910 -1.70833e-13
1920 -1.64461e-13
1930 -1.80775e-13
1940 -1.83625e-13
1950 -1.75385e-13
1960 -1.78459e-13
1970 -1.76905e-13
1980 -1.72114e-13
1990 -1.71577e-13
2000 -1.70953e-13
2010 -1.91633e-13
2020 -1.95299e-13
2030 -2.04024e-13
2040 -2.02799e-13
2050 -1.98527e-13
2060 -1.91184e-13
2070 -1.74723e-13
2080 -1.8121e-13
2090 -1.83804e-13
2100 -1.86451e-13
2110 -1.76617e-13
2120 -1.80838e-13
2130 -1.9482e-13
2140 -1.86495e-13
2150 -1.75656e-13
2160 -1.84622e-13
2170 -1.86616e-13
2180 -1.83883e-13
2190 -1.75282e-13
2200 -1.76613e-13
2210 -1.70821e-13
2220 -1.72159e-13
2230 -1.70787e-13
2240 -1.67978e-13
2250 -1.74057e-13
2260 -1.76211e-13
2270 -1.6642e-13
2280 -1.75957e-13
2290 -1.80067e-13
2300 -1.88479e-13
2310 -1.92579e-13
2320 -1.9964e-13
2330 -1.90376e-13
2340 -2.01353e-13
2350 -1.92278e-13
2360 -1.95091e-13
2370 -1.88738e-13
2380 -1.83412e-13
2390 -1.91686e-13
2400 -1.9276e-13
2410 -1.9069e-13
2420 -1.91715e-13
2430 -1.85931e-13
2440 -1.91659e-13
2450 -1.91672e-13
2460 -2.01132e-13
2470 -1.79708e-13
2480 -1.95493e-13
2490 -2.00789e-13
2500 -1.91366e-13
2510 -1.90703e-13
2520 -1.95463e-13
2530 -1.93632e-13
2540 -1.96192e-13
2550 -1.95202e-13
2560 -1.8809e-13
2570 -1.92839e-13
2580 -1.78422e-13
2590 -1.84986e-13
2600 -1.80073e-13
2610 -1.79715e-13
2620 -1.75043e-13
2630 -1.61066e-13
2640 -1.68987e-13
2650 -1.59513e-13
2660 -1.59925e-13
2670 -1.63257e-13
2680 -1.59004e-13
2690 -1.50621e-13
2700 -1.58791e-13
2710 -1.57943e-13
2720 -1.60198e-13
2730 -1.69591e-13
2740 -1.81321e-13
2750 -1.71806e-13
2760 -1.72869e-13
2770 -1.68287e-13
2780 -1.61094e-13
2790 -1.51869e-13
2800 -1.12381e-13
2810 -7.20783e-14
2820 -1.50628e-14
2830 8.71747e-14
2840 2.37116e-13
2850 4.74827e-13
2860 8.49931e-13
2870 1.42541e-12
2880 2.32823e-12
2890 3.70926e-12
2900 5.84225e-12
2910 9.09705e-12
2920 1.40604e-11
2930 2.16228e-11
2940 3.3061e-11
2950 5.0348e-11
2960 7.63752e-11
2970 1.15434e-10
2980 1.7381e-10
2990 2.608e-10
3000 3.89959e-10
3010 5.81062e-10
3020 8.62808e-10
3030 1.27676e-09
3040 1.88278e-09
3050 2.76684e-09
3060 4.05197e-09
3070 5.91339e-09
3080 8.59991e-09
3090 1.24633e-08
3100 1.79992e-08
3110 2.59027e-08
3120 3.71455e-08
3130 5.30802e-08
3140 7.55819e-08
3150 1.0724e-07
3160 1.51617e-07
3170 2.1359e-07
3180 2.99817e-07
3190 4.19338e-07
3200 5.84388e-07
3210 8.11452e-07
3220 1.12265e-06
3230 1.54752e-06
3240 2.12539e-06
3250 2.90833e-06
3260 3.96502e-06
3270 5.38567e-06
3280 7.2882e-06
3290 9.8261e-06
3300 1.31983e-05
3310 1.76613e-05
3320 2.35447e-05
3330 3.12695e-05
3340 4.13714e-05
3350 5.45289e-05
3360 7.15967e-05
3370 9.36471e-05
3380 0.000122018
3390 0.000158371
3400 0.000204759
3410 0.000263707
3420 0.000338302
3430 0.000432299
3440 0.000550243
3450 0.000697607
3460 0.000880937
3470 0.00110803
3480 0.0013881
3490 0.00173201
3500 0.00215245
3510 0.00266416
3520 0.00328417
3530 0.00403201
3540 0.00492995
3550 0.00600318
3560 0.00727998
3570 0.00879189
3580 0.0105738
3590 0.0126639
3600 0.0151037
3610 0.0179381
3620 0.0212146
3630 0.0249834
3640 0.0292968
3650 0.0342083
3660 0.0397721
3670 0.0460419
3680 0.0530698
3690 0.0609051
3700 0.0695926
3710 0.0791713
3720 0.0896725
3730 0.101118
3740 0.113519
3750 0.126874
3760 0.141165
3770 0.15636
3780 0.172409
3790 0.189243
3800 0.206775
3810 0.224897
3820 0.243483
3830 0.262387
3840 0.281447
3850 0.300484
3860 0.319307
3870 0.337711
3880 0.355487
3890 0.372421
3900 0.388298
3910 0.402909
3920 0.416054
3930 0.427547
3940 0.437217
3950 0.444917
3960 0.450525
3970 0.453949
3980 0.455125
3990 0.454025
4000 0.450653
4010 0.445048
4020 0.437283
4030 0.427461
4040 0.415717
4050 0.402211
4060 0.387126
4070 0.370665
4080 0.353044
4090 0.334488
4100 0.315229
4110 0.295495
4120 0.275512
4130 0.255496
4140 0.235649
4150 0.21616
4160 0.197195
4170 0.178901
4180 0.161404
4190 0.144806
4200 0.129185
4210 0.114598
4220 0.101081
4230 0.088648
4240 0.0772971
4250 0.0670095
4260 0.0577527
4270 0.0494829
4280 0.0421471
4290 0.0356858
4300 0.0300344
4310 0.025126
4320 0.0208925
4330 0.0172664
4340 0.0141822
4350 0.0115769
4360 0.00939149
4370 0.00757092
4380 0.00606481
4390 0.00482748
4400 0.00381803
4410 0.00300023
4420 0.00234231
4430 0.00181674
4440 0.00139982
4450 0.00107144
4460 0.000814627
4470 0.000615205
4480 0.000461456
4490 0.00034377
4500 0.000254338
4510 0.000186869
4520 0.000136339
4530 9.87731e-05
4540 7.10507e-05
4550 5.0744e-05
4560 3.59802e-05
4570 2.53267e-05
4580 1.76972e-05
4590 1.22749e-05
4600 8.45059e-06
4610 5.77417e-06
4620 3.91558e-06
4630 2.635e-06
4640 1.75959e-06
4650 1.16591e-06
4660 7.66495e-07
4670 4.99936e-07
4680 3.23483e-07
4690 2.07629e-07
4700 1.32189e-07
4710 8.34722e-08
4720 5.2275e-08
4730 3.24653e-08
4740 1.99933e-08
4750 1.22084e-08
4760 7.39095e-09
4770 4.43586e-09
4780 2.63907e-09
4790 1.55626e-09
4800 9.09551e-10
4810 5.26782e-10
4820 3.02285e-10
4830 1.7185e-10
4840 9.67432e-11
4850 5.39139e-11
4860 2.97234e-11
4870 1.61775e-11
4880 8.66534e-12
4890 4.55373e-12
4900 2.31865e-12
4910 1.11109e-12
4920 4.5535e-13
4930 1.25702e-13
4940 -4.80238e-14
4950 -1.52615e-13
4960 -2.03469e-13
4970 -2.49533e-13
4980 -2.99628e-13
4990 -3.71684e-13
5000 -5.15416e-13
5010 -7.99331e-13
5020 -1.37217e-12
5030 -2.46832e-12
5040 -4.58048e-12
5050 -8.61779e-12
5060 -1.62713e-11
5070 -3.05921e-11
5080 -5.71601e-11
5090 -1.05922e-10
5100 -1.94538e-10
5110 -3.5406e-10
5120 -6.38529e-10
5130 -1.14093e-09
5140 -2.01994e-09
5150 -3.54351e-09
5160 -6.16004e-09
5170 -1.06126e-08
5180 -1.81208e-08
5190 -3.06683e-08
5200 -5.14508e-08
5210 -8.55696e-08
5220 -1.41093e-07
5230 -2.30667e-07
5240 -3.73932e-07
5250 -6.01116e-07
5260 -9.58335e-07
5270 -1.51531e-06
5280 -2.37651e-06
5290 -3.69715e-06
5300 -5.70574e-06
5310 -8.73584e-06
5320 -1.32701e-05
5330 -2.0001e-05
5340 -2.99133e-05
5350 -4.43957e-05
5360 -6.53897e-05
5370 -9.55865e-05
5380 -0.000138685
5390 -0.000199727
5400 -0.000285523
5410 -0.0004052
5420 -0.000570885
5430 -0.00079855
5440 -0.00110906
5450 -0.00152943
5460 -0.00209437
5470 -0.00284804
5480 -0.00384621
5490 -0.00515865
5500 -0.00687191
5510 -0.00909242
5520 -0.0119499
5530 -0.0156009
5540 -0.0202331
5550 -0.0260687
5560 -0.0333689
5570 -0.0424375
5580 -0.0536245
5590 -0.0673288
5600 -0.0840007
5610 -0.104142
5620 -0.128308
5630 -0.157102
5640 -0.191172
5650 -0.23121
5660 -0.277933
5670 -0.332081
5680 -0.3944
5690 -0.465622
5700 -0.546452
5710 -0.637542
5720 -0.739467
5730 -0.852705
5740 -0.977608
5750 -1.11437
5760 -1.26303
5770 -1.42341
5780 -1.59511
5790 -1.77751
5800 -1.96974
5810 -2.17068
5820 -2.37896
5830 -2.59296
5840 -2.81084
5850 -3.03055
5860 -3.24987
5870 -3.46643
5880 -3.67776
5890 -3.88134
5900 -4.07466
5910 -4.25523
5920 -4.4207
5930 -4.56885
5940 -4.69766
5950 -4.8054
5960 -4.89058
5970 -4.95206
5980 -4.98906
5990 -5.00116
6000 -4.98828
6010 -4.95077
6020 -4.88929
6030 -4.80487
6040 -4.69884
6050 -4.57281
6060 -4.42864
6070 -4.26838
6080 -4.09421
6090 -3.90843
6100 -3.71338
6110 -3.51142
6120 -3.30484
6130 -3.09587
6140 -2.88661
6150 -2.67904
6160 -2.47493
6170 -2.27587
6180 -2.08327
6190 -1.8983
6200 -1.72192
6210 -1.55488
6220 -1.39776
6230 -1.2509
6240 -1.11449
6250 -0.988562
6260 -0.872998
6270 -0.767561
6280 -0.671909
6290 -0.585618
6300 -0.508198
6310 -0.439111
6320 -0.377786
6330 -0.323635
6340 -0.276065
6350 -0.234489
6360 -0.198332
6370 -0.167045
6380 -0.140104
6390 -0.117018
6400 -0.0973294
6410 -0.0806185
6420 -0.0665015
6430 -0.0546311
6440 -0.0446961
6450 -0.0364188
6460 -0.0295539
6470 -0.0238861
6480 -0.0192275
6490 -0.0154154
6500 -0.0123097
6510 -0.00979058
6520 -0.00775609
6530 -0.00612009
6540 -0.00481016
6550 -0.00376578
6560 -0.00293663
6570 -0.00228113
6580 -0.00176508
6590 -0.00136049
6600 -0.0010446
6610 -0.000798981
6620 -0.000608778
6630 -0.000462087
6640 -0.000349411
6650 -0.000263211
6660 -0.000197529
6670 -0.000147681
6680 -0.000109999
6690 -8.16261e-05
6700 -6.03466e-05
6710 -4.44492e-05
6720 -3.26189e-05
6730 -2.38492e-05
6740 -1.73733e-05
6750 -1.26096e-05
6760 -9.11874e-06
6770 -6.57036e-06
6780 -4.71704e-06
6790 -3.37427e-06
6800 -2.40507e-06
6810 -1.70811e-06
6820 -1.20879e-06
6830 -8.52384e-07
6840 -5.98931e-07
6850 -4.19353e-07
6860 -2.92583e-07
6870 -2.03418e-07
6880 -1.40931e-07
6890 -9.72978e-08
6900 -6.69399e-08
6910 -4.58942e-08
6920 -3.13564e-08
6930 -2.13498e-08
6940 -1.44866e-08
6950 -9.79595e-09
6960 -6.6015e-09
6970 -4.43362e-09
6980 -2.96756e-09
6990 -1.97957e-09
7000 -1.31608e-09
7010 -8.72043e-10
7020 -5.75899e-10
7030 -3.79077e-10
7040 -2.4871e-10
7050 -1.62664e-10
7060 -1.06057e-10
7070 -6.89326e-11
7080 -4.4688e-11
7090 -2.88956e-11
7100 -1.86486e-11
7110 -1.20157e-11
7120 -7.74391e-12
7130 -4.9889e-12
7140 -3.23392e-12
7150 -2.11131e-12
7160 -1.39991e-12
7170 -9.47716e-13
7180 -6.68298e-13
7190 -4.91357e-13
7200 -3.71985e-13
7210 -3.01727e-13
7220 -2.50379e-13
7230 -2.2368e-13
7240 -2.02414e-13
7250 -1.91288e-13
7260 -1.9373e-13
7270 -1.91605e-13
7280 -1.88223e-13
7290 -1.80376e-13
7300 -1.8142e-13
7310 -1.88271e-13
7320 -1.8551e-13
7330 -1.78361e-13
7340 -1.85321e-13
7350 -1.80102e-13
7360 -1.77001e-13
7370 -1.7575e-13
7380 -1.78296e-13
7390 -1.74153e-13
7400 -1.75658e-13
7410 -1.80243e-13
7420 -1.76678e-13
7430 -1.79929e-13
7440 -1.80266e-13
7450 -1.82461e-13
7460 -1.72814e-13
7470 -1.77941e-13
7480 -1.82664e-13
7490 -1.82353e-13
7500 -1.85063e-13
7510 -1.8478e-13
7520 -1.88093e-13
7530 -1.89215e-13
7540 -1.87573e-13
7550 -1.89835e-13
7560 -1.94826e-13
7570 -1.96679e-13
7580 -1.94849e-13
7590 -1.89948e-13
7600 -1.91591e-13
7610 -1.85202e-13
7620 -1.84238e-13
7630 -1.79964e-13
7640 -1.78618e-13
7650 -1.8448e-13
7660 -1.76407e-13
7670 -1.75649e-13
7680 -1.7904e-13
7690 -1.68126e-13
7700 -1.72322e-13
7710 -1.71798e-13
7720 -1.65338e-13
7730 -1.64109e-13
7740 -1.59388e-13
7750 -1.54835e-13
7760 -1.5101e-13
7770 -1.56876e-13
7780 -1.585e-13
7790 -1.60628e-13
7800 -1.56106e-13
7810 -1.53378e-13
7820 -1.5212e-13
7830 -1.52193e-13
7840 -1.54265e-13
7850 -1.57935e-13
7860 -1.59308e-13
7870 -1.53824e-13
7880 -1.54619e-13
7890 -1.58462e-13
7900 -1.49066e-13
7910 -1.53628e-13
7920 -1.47709e-13
7930 -1.56186e-13
7940 -1.58569e-13
7950 -1.56055e-13
7960 -1.55658e-13
7970 -1.52196e-13
7980 -1.56656e-13
7990 -1.54387e-13
8000 -1.59782e-13
8010 -1.55267e-13
8020 -1.52764e-13
8030 -1.53534e-13
8040 -1.46513e-13
8050 -1.46672e-13
8060 -1.49748e-13
8070 -1.46778e-13
8080 -1.51274e-13
8090 -1.49098e-13
8100 -1.43432e-13
8110 -1.50486e-13
8120 -1.42582e-13
8130 -1.40082e-13
8140 -1.4698e-13
8150 -1.44581e-13
8160 -1.43744e-13
8170 -1.42661e-13
8180 -1.37518e-13
8190 -1.46789e-13
8200 -1.43349e-13
8210 -1.33186e-13
8220 -1.36066e-13
8230 -1.39985e-13
8240 -1.34908e-13
8250 -1.34492e-13
8260 -1.34207e-13
8270 -1.30648e-13
8280 -1.37804e-13
8290 -1.35827e-13
8300 -1.35747e-13
8310 -1.33912e-13
8320 -1.39395e-13
8330 -1.42065e-13
8340 -1.41349e-13
8350 -1.38643e-13
8360 -1.39951e-13
8370 -1.45645e-13
8380 -1.41041e-13
8390 -1.43204e-13
8400 -1.37328e-13
8410 -1.33658e-13
8420 -1.32548e-13
8430 -1.30378e-13
8440 -1.392e-13
8450 -1.41391e-13
8460 -1.44204e-13
8470 -1.50286e-13
8480 -1.44285e-13
8490 -1.46634e-13
8500 -1.4391e-13
8510 -1.39417e-13
8520 -1.40008e-13
8530 -1.35013e-13
8540 -1.34485e-13
8550 -1.3391e-13
8560 -1.36776e-13
8570 -1.37845e-13
8580 -1.35209e-13
8590 -1.3483e-13
8600 -1.3805e-13
8610 -1.45014e-13
8620 -1.50903e-13
8630 -1.47157e-13
8640 -1.54167e-13
8650 -1.51901e-13
8660 -1.50156e-13
8670 -1.51015e-13
8680 -1.53214e-13
8690 -1.54948e-13
8700 -1.50755e-13
8710 -1.46719e-13
8720 -1.44834e-13
8730 -1.45627e-13
8740 -1.52859e-13
8750 -1.48614e-13
8760 -1.44274e-13
8770 -1.38559e-13
8780 -1.41312e-13
8790 -1.38322e-13
8800 -1.37252e-13
8810 -1.393e-13
8820 -1.37073e-13
8830 -1.37438e-13
8840 -1.32572e-13
8850 -1.40031e-13
8860 -1.38517e-13
8870 -1.37734e-13
8880 -1.41384e-13
8890 -1.37258e-13
8900 -1.44198e-13
8910 -1.42919e-13
8920 -1.41554e-13
8930 -1.44858e-13
8940 -1.44493e-13
8950 -1.44131e-13
8960 -1.42747e-13
8970 -1.4596e-13
8980 -1.39364e-13
8990 -1.38356e-13
9000 -1.39686e-13
9010 -1.37889e-13
9020 -1.36712e-13
9030 -1.39858e-13
9040 -1.35672e-13
9050 -1.39872e-13
9060 -1.3424e-13
9070 -1.3813e-13
9080 -1.48577e-13
9090 -1.45553e-13
9100 -1.46273e-13
9110 -1.41435e-13
9120 -1.38759e-13
9130 -1.40649e-13
9140 -1.50052e-13
9150 -1.46618e-13
9160 -1.41905e-13
9170 -1.46061e-13
9180 -1.47946e-13
9190 -1.46501e-13
9200 -1.48183e-13
9210 -1.40168e-13
9220 -1.43009e-13
9230 -1.41146e-13
9240 -1.4046e-13
9250 -1.38227e-13
9260 -1.40697e-13
9270 -1.39812e-13
9280 -1.32438e-13
9290 -1.37714e-13
9300 -1.38513e-13
9310 -1.31259e-13
9320 -1.3208e-13
9330 -1.36216e-13
9340 -1.36354e-13
9350 -1.42177e-13
9360 -1.37185e-13
9370 -1.40503e-13
9380 -1.36983e-13
9390 -1.41288e-13
9400 -1.36872e-13
9410 -1.38985e-13
9420 -1.39221e-13
9430 -1.45271e-13
9440 -1.39219e-13
9450 -1.41301e-13
9460 -1.46108e-13
9470 -1.4111e-13
9480 -1.39547e-13
9490 -1.43692e-13
9500 -1.42598e-13
9510 -1.36954e-13
9520 -1.39357e-13
9530 -1.41603e-13
9540 -1.40631e-13
9550 -1.41071e-13
9560 -1.38956e-13
9570 -1.34853e-13
9580 -1.38943e-13
9590 -1.41361e-13
9600 -1.39056e-13
9610 -1.41882e-13
9620 -1.40336e-13
9630 -1.40177e-13
9640 -1.44553e-13
9650 -1.42181e-13
9660 -1.48673e-13
9670 -1.43463e-13
9680 -1.39786e-13
9690 -1.37455e-13
9700 -1.31822e-13
9710 -1.37279e-13
9720 -1.32884e-13
9730 -1.36991e-13
9740 -1.38641e-13
9750 -1.34528e-13
9760 -1.34143e-13
9770 -1.36611e-13
9780 -1.32418e-13
9790 -1.39471e-13
9800 -1.38992e-13
9810 -1.40598e-13
9820 -1.46128e-13
9830 -1.38918e-13
9840 -1.40983e-13
9850 -1.44271e-13
9860 -1.445e-13
9870 -1.46861e-13
9880 -1.48746e-13
9890 -1.51224e-13
9900 -1.55066e-13
9910 -1.56795e-13
9920 -1.58784e-13
9930 -1.58007e-13
9940 -1.60165e-13
9950 -1.6731e-13
9960 -1.59249e-13
9970 -1.58879e-13
9980 -1.64791e-13
9990 -1.68713e-13
10000 -1.66887e-13
10010 -1.67404e-13
10020 -1.6946e-13
10030 -1.72803e-13
10040 -1.71356e-13
10050 -1.60102e-13
10060 -1.5935e-13
10070 -1.56782e-13
10080 -1.59953e-13
10090 -1.53327e-13
10100 -1.59382e-13
10110 -1.58115e-13
10120 -1.54053e-13
10130 -1.51279e-13
10140 -1.50123e-13
10150 -1.43257e-13
10160 -1.47934e-13
10170 -1.46186e-13
10180 -1.49785e-13
10190 -1.48738e-13
10200 -1.4611e-13
10210 -1.4533e-13
10220 -1.39991e-13
10230 -1.39612e-13
10240 -1.41341e-13
10250 -1.43259e-13
10260 -1.39327e-13
10270 -1.47018e-13
10280 -1.47601e-13
10290 -1.46452e-13
10300 -1.51307e-13
10310 -1.50027e-13
10320 -1.46238e-13
10330 -1.45218e-13
10340 -1.38504e-13
10350 -1.41004e-13
10360 -1.41469e-13
10370 -1.41274e-13
10380 -1.39232e-13
10390 -1.37974e-13
10400 -1.39451e-13
10410 -1.37547e-13
10420 -1.39764e-13
10430 -1.46953e-13
10440 -1.40209e-13
10450 -1.3532e-13
10460 -1.32241e-13
10470 -1.37658e-13
10480 -1.38638e-13
10490 -1.33542e-13
10500 -1.40464e-13
10510 -1.38501e-13
10520 -1.39386e-13
10530 -1.3833e-13
10540 -1.35895e-13
10550 -1.30446e-13
10560 -1.31719e-13
10570 -1.31721e-13
10580 -1.33377e-13
10590 -1.31097e-13
10600 -1.33139e-13
10610 -1.36711e-13
10620 -1.3762e-13
10630 -1.37194e-13
10640 -1.44116e-13
10650 -1.40542e-13
10660 -1.38192e-13
10670 -1.33602e-13
10680 -1.40346e-13
10690 -1.38306e-13
10700 -1.33624e-13
10710 -1.35076e-13
10720 -1.41237e-13
10730 -1.35417e-13
10740 -1.41769e-13
10750 -1.45073e-13
10760 -1.42421e-13
10770 -1.46077e-13
10780 -1.45771e-13
10790 -1.42379e-13
10800 -1.37478e-13
10810 -1.35905e-13
10820 -1.30754e-13
10830 -1.31818e-13
10840 -1.30476e-13
10850 -1.25343e-13
10860 -1.19324e-13
10870 -1.21719e-13
10880 -1.19964e-13
10890 -1.25236e-13
10900 -1.26996e-13
10910 -1.24349e-13
10920 -1.26194e-13
10930 -1.31907e-13
10940 -1.32884e-13
10950 -1.27034e-13
10960 -1.28078e-13
10970 -1.19322e-13
10980 -1.187e-13
10990 -1.10725e-13
11000 -1.10618e-13
11010 -1.0944e-13
11020 -1.0929e-13
11030 -1.07679e-13
11040 -1.07772e-13
11050 -1.10756e-13
11060 -1.08211e-13
11070 -1.07028e-13
11080 -1.06065e-13
11090 -1.08101e-13
11100 -1.05415e-13
11110 -1.07385e-13
11120 -1.04966e-13
11130 -1.08948e-13
11140 -1.13728e-13
11150 -1.0938e-13
11160 -1.17773e-13
11170 -1.11964e-13
11180 -1.10356e-13
11190 -1.11604e-13
11200 -1.1731e-13
11210 -1.10562e-13
11220 -1.11318e-13
11230 -1.12115e-13
11240 -1.17631e-13
11250 -1.10819e-13
11260 -1.15611e-13
11270 -1.16858e-13
11280 -1.18599e-13
11290 -1.1858e-13
11300 -1.21061e-13
11310 -1.25285e-13
11320 -1.19952e-13
11330 -1.28062e-13
11340 -1.26537e-13
11350 -1.3299e-13
11360 -1.21716e-13
11370 -1.27649e-13
11380 -1.30815e-13
11390 -1.21916e-13
11400 -1.26564e-13
11410 -1.29532e-13
11420 -1.26857e-13
11430 -1.27769e-13
11440 -1.28238e-13
11450 -1.22698e-13
11460 -1.20491e-13
11470 -1.15048e-13
11480 -1.24873e-13
11490 -1.22014e-13
11500 -1.24331e-13
11510 -1.28113e-13
11520 -1.30418e-13
11530 -1.30329e-13
11540 -1.33239e-13
11550 -1.34316e-13
11560 -1.28662e-13
11570 -1.22432e-13
11580 -1.26445e-13
11590 -1.2461e-13
11600 -1.26271e-13
11610 -1.26503e-13
11620 -1.18403e-13
11630 -1.13e-13
11640 -1.18603e-13
11650 -1.2178e-13
11660 -1.19642e-13
11670 -1.17149e-13
11680 -1.15989e-13
11690 -1.22489e-13
11700 -1.16886e-13
11710 -1.2478e-13
11720 -1.21202e-13
11730 -1.22889e-13
11740 -1.2449e-13
11750 -1.24951e-13
11760 -1.27694e-13
11770 -1.29096e-13
11780 -1.31984e-13
11790 -1.30588e-13
11800 -1.27094e-13
11810 -1.25051e-13
11820 -1.26089e-13
11830 -1.26219e-13
11840 -1.31865e-13
11850 -1.3375e-13
11860 -1.35426e-13
11870 -1.37359e-13
11880 -1.23071e-13
11890 -1.28402e-13
11900 -1.29877e-13
11910 -1.3324e-13
11920 -1.32872e-13
11930 -1.21736e-13
11940 -1.20197e-13
11950 -1.14596e-13
11960 -1.20862e-13
11970 -1.27682e-13
11980 -1.28042e-13
11990 -1.28042e-13
12000 -1.41812e-13
12010 -1.33578e-13
12020 -1.37173e-13
12030 -1.41386e-13
12040 -1.36894e-13
12050 -1.3035e-13
12060 -1.28779e-13
12070 -1.32952e-13
12080 -1.44118e-13
12090 -1.38954e-13
12100 -1.34214e-13
12110 -1.39489e-13
12120 -1.35092e-13
12130 -1.38173e-13
12140 -1.40566e-13
12150 -1.42596e-13
12160 -1.40895e-13
12170 -1.42996e-13
12180 -1.43832e-13
12190 -1.49019e-13
12200 -1.42499e-13
12210 -1.42536e-13
12220 -1.39145e-13
12230 -1.51893e-13
12240 -1.5553e-13
12250 -1.56782e-13
12260 -1.50158e-13
12270 -1.43498e-13
12280 -1.4247e-13
12290 -1.4362e-13
12300 -1.50283e-13
12310 -1.48078e-13
12320 -1.49095e-13
12330 -1.42453e-13
12340 -1.37403e-13
12350 -1.33372e-13
12360 -1.40183e-13
12370 -1.40233e-13
12380 -1.31196e-13
12390 -1.2995e-13
12400 -1.35786e-13
12410 -1.37379e-13
12420 -1.33167e-13
12430 -1.35776e-13
12440 -1.31358e-13
12450 -1.34701e-13
12460 -1.36531e-13
12470 -1.3365e-13
12480 -1.29847e-13
12490 -1.40713e-13
12500 -1.43359e-13
12510 -1.29903e-13
12520 -1.33203e-13
12530 -1.32299e-13
12540 -1.31573e-13
12550 -1.27035e-13
12560 -1.32318e-13
12570 -1.36892e-13
12580 -1.32174e-13
12590 -1.2611e-13
12600 -1.36835e-13
12610 -1.36878e-13
12620 -1.31281e-13
12630 -1.37233e-13
12640 -1.48769e-13
12650 -1.5808e-13
12660 -1.53028e-13
12670 -1.56148e-13
12680 -1.58078e-13
12690 -1.50219e-13
12700 -1.5658e-13
12710 -1.56196e-13
12720 -1.56735e-13
12730 -1.57607e-13
12740 -1.63121e-13
12750 -1.63647e-13
12760 -1.5368e-13
12770 -1.63784e-13
12780 -1.61843e-13
12790 -1.57011e-13
12800 -1.62949e-13
12810 -1.66365e-13
12820 -1.64758e-13
12830 -1.59544e-13
12840 -1.68374e-13
12850 -1.65754e-13
12860 -1.65802e-13
12870 -1.58212e-13
12880 -1.68796e-13
12890 -1.72307e-13
12900 -1.6531e-13
12910 -1.7133e-13
12920 -1.67674e-13
12930 -1.75191e-13
12940 -1.68895e-13
12950 -1.70026e-13
12960 -1.64213e-13
12970 -1.64697e-13
12980 -1.59711e-13
12990 -1.55962e-13
13000 -1.61004e-13
13010 -1.56502e-13
13020 -1.54449e-13
13030 -1.49761e-13
13040 -1.49144e-13
13050 -1.58875e-13
13060 -1.53614e-13
13070 -1.43697e-13
13080 -1.40052e-13
13090 -1.38455e-13
13100 -1.32043e-13
13110 -1.39236e-13
13120 -1.39073e-13
13130 -1.43425e-13
13140 -1.47363e-13
13150 -1.42354e-13
13160 -1.42597e-13
13170 -1.46049e-13
13180 -1.46379e-13
13190 -1.42689e-13
13200 -1.45129e-13
13210 -1.45319e-13
13220 -1.40536e-13
13230 -1.45817e-13
13240 -1.44428e-13
13250 -1.43668e-13
13260 -1.40149e-13
13270 -1.43414e-13
13280 -1.43706e-13
13290 -1.46034e-13
13300 -1.42123e-13
13310 -1.48989e-13
13320 -1.5419e-13
13330 -1.54022e-13
13340 -1.65307e-13
13350 -1.60986e-13
13360 -1.65277e-13
13370 -1.56683e-13
13380 -1.602e-13
13390 -1.58703e-13
13400 -1.52856e-13
13410 -1.51388e-13
13420 -1.57129e-13
13430 -1.60636e-13
13440 -1.50085e-13
13450 -1.64494e-13
13460 -1.62739e-13
13470 -1.63605e-13
13480 -1.62131e-13
13490 -1.63489e-13
13500 -1.59822e-13
13510 -1.59301e-13
13520 -1.62283e-13
13530 -1.5795e-13
13540 -1.64296e-13
13550 -1.63634e-13
13560 -1.68524e-13
13570 -1.62162e-13
13580 -1.69901e-13
13590 -1.72224e-13
13600 -1.66492e-13
13610 -1.67179e-13
13620 -1.64951e-13
13630 -1.64738e-13
13640 -1.62575e-13
13650 -1.51664e-13
13660 -1.50029e-13
13670 -1.56603e-13
13680 -1.53174e-13
13690 -1.45328e-13
13700 -1.42473e-13
13710 -1.41636e-13
13720 -1.49107e-13
13730 -1.4587e-13
13740 -1.44011e-13
13750 -1.44506e-13
13760 -1.41739e-13
13770 -1.51823e-13
13780 -1.49805e-13
13790 -1.55088e-13
13800 -1.55112e-13
13810 -1.5709e-13
13820 -1.53904e-13
13830 -1.51674e-13
13840 -1.55731e-13
13850 -1.61553e-13
13860 -1.59045e-13
13870 -1.55643e-13
13880 -1.61878e-13
13890 -1.63674e-13
13900 -1.6339e-13
13910 -1.6169e-13
13920 -1.63669e-13
13930 -1.63532e-13
13940 -1.59412e-13
13950 -1.63389e-13
13960 -1.62479e-13
13970 -1.71821e-13
13980 -1.70687e-13
13990 -1.64259e-13
14000 -1.58064e-13
14010 -1.61536e-13
14020 -1.66609e-13
14030 -1.57452e-13
14040 -1.60472e-13
14050 -1.61032e-13
14060 -1.5089e-13
14070 -1.43668e-13
14080 -1.34611e-13
14090 -1.25781e-13
14100 -1.28228e-13
14110 -1.25167e-13
14120 -1.24569e-13
14130 -1.20389e-13
14140 -1.19596e-13
14150 -1.21193e-13
14160 -1.25699e-13
14170 -1.13615e-13
14180 -1.15922e-13
14190 -1.24469e-13
14200 -1.2515e-13
14210 -1.17917e-13
14220 -1.17378e-13
14230 -1.2765e-13
14240 -1.22561e-13
14250 -1.22069e-13
14260 -1.29801e-13
14270 -1.32238e-13
14280 -1.28857e-13
14290 -1.17603e-13
14300 -1.28673e-13
14310 -1.31105e-13
14320 -1.235e-13
14330 -1.26319e-13
14340 -1.29647e-13
14350 -1.27503e-13
14360 -1.30273e-13
14370 -1.29697e-13
14380 -1.32622e-13
14390 -1.31135e-13
14400 -1.29695e-13
14410 -1.29404e-13
14420 -1.30766e-13
14430 -1.33771e-13
14440 -1.29672e-13
14450 -1.31266e-13
14460 -1.27716e-13
14470 -1.28566e-13
14480 -1.37719e-13
14490 -1.31168e-13
14500 -1.2871e-13
14510 -1.26751e-13
14520 -1.32701e-13
14530 -1.44449e-13
14540 -1.34876e-13
14550 -1.27119e-13
14560 -1.39442e-13
14570 -1.42262e-13
14580 -1.40767e-13
14590 -1.32122e-13
14600 -1.2972e-13
14610 -1.3958e-13
14620 -1.41567e-13
14630 -1.3239e-13
14640 -1.34066e-13
14650 -1.32211e-13
14660 -1.27638e-13
14670 -1.32058e-13
14680 -1.38983e-13
14690 -1.39823e-13
14700 -1.40915e-13
14710 -1.36299e-13
14720 -1.40187e-13
14730 -1.39366e-13
14740 -1.3335e-13
14750 -1.32054e-13
14760 -1.30734e-13
14770 -1.39907e-13
14780 -1.37084e-13
14790 -1.36078e-13
14800 -1.3826e-13
14810 -1.36293e-13
14820 -1.44675e-13
14830 -1.47654e-13
14840 -1.51166e-13
14850 -1.48522e-13
14860 -1.44334e-13
14870 -1.50561e-13
14880 -1.54967e-13
14890 -1.47343e-13
14900 -1.46238e-13
14910 -1.49275e-13
14920 -1.55468e-13
14930 -1.5628e-13
14940 -1.59558e-13
14950 -1.5666e-13
14960 -1.63195e-13
14970 -1.59115e-13
14980 -1.56114e-13
14990 -1.55777e-13
15000 -1.62775e-13
15010 -1.55894e-13
15020 -1.54374e-13
15030 -1.5081e-13
15040 -1.59412e-13
15050 -1.56138e-13
15060 -1.55495e-13
15070 -1.6141e-13
15080 -1.60202e-13
15090 -1.68492e-13
15100 -1.69654e-13
15110 -1.69031e-13
15120 -1.69299e-13
15130 -1.69751e-13
15140 -1.61693e-13
15150 -1.63208e-13
15160 -1.67251e-13
15170 -1.76668e-13
15180 -1.70627e-13
15190 -1.71778e-13
15200 -1.78839e-13
15210 -1.74294e-13
15220 -1.66218e-13
15230 -1.71483e-13
15240 -1.72646e-13
15250 -1.68894e-13
15260 -1.66054e-13
15270 -1.62799e-13
15280 -1.75464e-13
15290 -1.7216e-13
15300 -1.73042e-13
15310 -1.74765e-13
15320 -1.76712e-13
15330 -1.79873e-13
15340 -1.87528e-13
15350 -1.76895e-13
15360 -1.79194e-13
15370 -1.86967e-13
15380 -1.76695e-13
15390 -1.70198e-13
15400 -1.70665e-13
15410 -1.74356e-13
15420 -1.73904e-13
15430 -1.64105e-13
15440 -1.64586e-13
15450 -1.70595e-13
15460 -1.70849e-13
15470 -1.73841e-13
15480 -1.65153e-13
15490 -1.7074e-13
15500 -1.88346e-13
15510 -1.77968e-13
15520 -1.78493e-13
15530 -1.75701e-13
15540 -1.64189e-13
15550 -1.71498e-13
15560 -1.74514e-13
15570 -1.76474e-13
15580 -1.77587e-13
15590 -1.7348e-13
15600 -1.74952e-13
15610 -1.69306e-13
15620 -1.67917e-13
15630 -1.81492e-13
15640 -1.7866e-13
15650 -1.6639e-13
15660 -1.58743e-13
15670 -1.62997e-13
15680 -1.67866e-13
15690 -1.70337e-13
15700 -1.64657e-13
15710 -1.52215e-13
15720 -1.59319e-13
15730 -1.66485e-13
15740 -1.64648e-13
15750 -1.59611e-13
15760 -1.52841e-13
15770 -1.56271e-13
15780 -1.51486e-13
15790 -1.51631e-13
15800 -1.55684e-13
15810 -1.46281e-13
15820 -1.46817e-13
15830 -1.52469e-13
15840 -1.54483e-13
15850 -1.54991e-13
15860 -1.53452e-13
15870 -1.53325e-13
15880 -1.59442e-13
15890 -1.48866e-13
15900 -1.52095e-13
15910 -1.48919e-13
15920 -1.38835e-13
15930 -1.21539e-13
15940 -1.03267e-13
15950 -6.51364e-14
15960 2.71013e-15
15970 1.32067e-13
15980 3.48485e-13
15990 7.20652e-13
16000 1.33049e-12
16010 2.35961e-12
16020 4.08444e-12
16030 6.97501e-12
16040 1.17311e-11
16050 1.95269e-11
16060 3.22682e-11
16070 5.29722e-11
16080 8.64161e-11
16090 1.40114e-10
16100 2.25882e-10
16110 3.62108e-10
16120 5.77258e-10
16130 9.15175e-10
16140 1.44304e-09
16150 2.26306e-09
16160 3.53002e-09
16170 5.47687e-09
16180 8.45232e-09
16190 1.29754e-08
16200 1.98143e-08
16210 3.00996e-08
16220 4.54858e-08
16230 6.83812e-08
16240 1.02272e-07
16250 1.52174e-07
16260 2.25271e-07
16270 3.31786e-07
16280 4.86195e-07
16290 7.08881e-07
16300 1.02839e-06
16310 1.48447e-06
16320 2.13219e-06
16330 3.04743e-06
16340 4.33414e-06
16350 6.13399e-06
16360 8.63903e-06
16370 1.21082e-05
16380 1.68886e-05
16390 2.34434e-05
16400 3.23868e-05
16410 4.45293e-05
16420 6.09346e-05
16430 8.29912e-05
16440 0.000112502
16450 0.000151794
16460 0.000203858
16470 0.000272514
16480 0.000362614
16490 0.000480293
16500 0.00063326
16510 0.000831152
16520 0.00108595
16530 0.00141248
16540 0.00182895
16550 0.00235766
16560 0.00302571
16570 0.00386587
16580 0.00491757
16590 0.00622796
16600 0.00785311
16610 0.00985929
16620 0.0123244
16630 0.0153395
16640 0.0190103
16650 0.0234588
16660 0.0288253
16670 0.0352692
16680 0.0429717
16690 0.0521365
16700 0.0629911
16710 0.0757887
16720 0.0908079
16730 0.108354
16740 0.128758
16750 0.152378
16760 0.179594
16770 0.210812
16780 0.246453
16790 0.286959
16800 0.33278
16810 0.384374
16820 0.442198
16830 0.506701
16840 0.578319
16850 0.65746
16860 0.7445
16870 0.839769
16880 0.943541
16890 1.05603
16900 1.17736
16910 1.30758
16920 1.44664
16930 1.59437
16940 1.75051
16950 1.91465
16960 2.08628
16970 2.26474
16980 2.44925
16990 2.6389
17000 2.83266
17010 3.02938
17020 3.22778
17030 3.42653
17040 3.62418
17050 3.81921
17060 4.0101
17070 4.19524
17080 4.37307
17090 4.54202
17100 4.70055
17110 4.84722
17120 4.98065
17130 5.09956
17140 5.20284
17150 5.28947
17160 5.35864
17170 5.40969
17180 5.44215
17190 5.45575
17200 5.45041
17210 5.42625
17220 5.38359
17230 5.32291
17240 5.2449
17250 5.1504
17260 5.0404
17270 4.91603
17280 4.77853
17290 4.62923
17300 4.46954
17310 4.30091
17320 4.12484
17330 3.94283
17340 3.75635
17350 3.56686
17360 3.37578
17370 3.18444
17380 2.99411
17390 2.80597
17400 2.6211
17410 2.44047
17420 2.26493
17430 2.09524
17440 1.93204
17450 1.77584
17460 1.62705
17470 1.48598
17480 1.35283
17490 1.22771
17500 1.11065
17510 1.00158
17520 0.900391
17530 0.80689
17540 0.720842
17550 0.641967
17560 0.569948
17570 0.504443
17580 0.445088
17590 0.39151
17600 0.343325
17610 0.300148
17620 0.261602
17630 0.227312
17640 0.196917
17650 0.17007
17660 0.146441
17670 0.125715
17680 0.107599
17690 0.0918173
17700 0.0781168
17710 0.0662628
17720 0.0560407
17730 0.0472553
17740 0.0397295
17750 0.0333038
17760 0.0278355
17770 0.0231968
17780 0.0192747
17790 0.0159691
17800 0.0131919
17810 0.0108661
17820 0.00892453
17830 0.00730871
17840 0.00596822
17850 0.0048596
17860 0.00394559
17870 0.00319435
17880 0.00257878
17890 0.00207592
17900 0.00166638
17910 0.00133385
17920 0.00106467
17930 0.000847425
17940 0.000672614
17950 0.000532371
17960 0.000420192
17970 0.000330727
17980 0.000259588
17990 0.000203186
18000 0.000158599
18010 0.000123454
18020 9.58331e-05
18030 7.41877e-05
18040 5.72739e-05
18050 4.40954e-05
18060 3.38567e-05
18070 2.59246e-05
18080 1.97971e-05
18090 1.50769e-05
18100 1.14512e-05
18110 8.6739e-06
18120 6.55255e-06
18130 4.93673e-06
18140 3.70942e-06
18150 2.77978e-06
18160 2.07757e-06
18170 1.54863e-06
18180 1.15129e-06
18190 8.5363e-07
18200 6.31259e-07
18210 4.65586e-07
18220 3.42491e-07
18230 2.5128e-07
18240 1.83878e-07
18250 1.34204e-07
18260 9.76937e-08
18270 7.09313e-08
18280 5.13667e-08
18290 3.71022e-08
18300 2.67297e-08
18310 1.92073e-08
18320 1.37664e-08
18330 9.84148e-09
18340 7.01755e-09
18350 4.99113e-09
18360 3.54082e-09
18370 2.50554e-09
18380 1.76845e-09
18390 1.24504e-09
18400 8.74331e-10
18410 6.12448e-10
18420 4.27925e-10
18430 2.98245e-10
18440 2.07342e-10
18450 1.43785e-10
18460 9.94606e-11
18470 6.86287e-11
18480 4.72366e-11
18490 3.24318e-11
18500 2.22119e-11
18510 1.51749e-11
18520 1.03417e-11
18530 7.03051e-12
18540 4.76774e-12
18550 3.2253e-12
18560 2.17653e-12
18570 1.46519e-12
18580 9.83929e-13
18590 6.59136e-13
18600 4.40483e-13
18610 2.93649e-13
18620 1.95288e-13
18630 1.2956e-13
18640 8.57468e-14
18650 5.66133e-14
18660 3.72884e-14
18670 2.45012e-14
18680 1.60605e-14
18690 1.05025e-14
18700 6.85157e-15
18710 4.45915e-15
18720 2.89521e-15
18730 1.87533e-15
18740 1.21184e-15
18750 7.81246e-16
18760 5.02462e-16
18770 3.224e-16
18780 2.06379e-16
18790 1.318e-16
18800 8.39749e-17
18810 5.33784e-17
18820 3.38507e-17
18830 2.1417e-17
18840 1.35188e-17
18850 8.51347e-18
18860 5.34896e-18
18870 3.35295e-18
18880 2.09692e-18
18890 1.30838e-18
18900 8.1449e-19
18910 5.05871e-19
18920 3.13471e-19
18930 1.93803e-19
18940 1.19544e-19
18950 7.35711e-20
18960 4.51748e-20
18970 2.76756e-20
18980 1.69165e-20
18990 1.03167e-20
19000 6.2775e-21
19010 3.81111e-21
19020 2.30854e-21
19030 1.39523e-21
19040 8.4135e-22
19050 5.06213e-22
19060 3.0389e-22
19070 1.82024e-22
19080 1.08785e-22
19090 6.48701e-23
19100 3.85969e-23
19110 2.29137e-23
19120 1.35729e-23
19130 8.02213e-24
19140 4.73093e-24
19150 2.78384e-24
19160 1.6345e-24
19170 9.57566e-25
19180 5.59757e-25
19190 3.26495e-25
19200 1.90022e-25
19210 1.10352e-25
19220 6.39455e-26
19230 3.69737e-26
19240 2.13319e-26
19250 1.22807e-26
19260 7.05464e-27
19270 4.04376e-27
19280 2.3129e-27
19290 1.32005e-27
19300 7.51776e-28
19310 4.2722e-28
19320 2.4226e-28
19330 1.37081e-28
19340 7.74007e-29
19350 4.36097e-29
19360 2.45184e-29
19370 1.37555e-29
19380 7.7008e-30
19390 4.30201e-30
19400 2.39819e-30
19410 1.33406e-30
19420 7.40543e-31
19430 4.10209e-31
19440 2.26748e-31
19450 1.25074e-31
19460 6.88458e-32
19470 3.78159e-32
19480 2.07281e-32
19490 1.1338e-32
19500 6.18876e-33
19510 3.37104e-33
19520 1.83239e-33
19530 9.93959e-34
19540 5.38041e-34
19550 2.90643e-34
19560 1.56677e-34
19570 8.42848e-35
19580 4.52476e-35
19590 2.42407e-35
19600 1.29599e-35
19610 6.91449e-36
19620 3.68152e-36
19630 1.95615e-36
19640 1.03726e-36
19650 5.48888e-37
19660 2.89862e-37
19670 1.52761e-37
19680 8.03432e-38
19690 4.21697e-38
19700 2.20886e-38
19710 1.15466e-38
19720 6.02368e-39
19730 3.13609e-39
19740 1.62943e-39
19750 8.44905e-40
19760 4.37224e-40
19770 2.258e-40
19780 1.16378e-40
19790 5.98614e-41
19800 3.07291e-41
19810 1.57429e-41
19820 8.04913e-42
19830 4.10719e-42
19840 2.09158e-42
19850 1.06301e-42
19860 5.39185e-43
19870 2.72943e-43
19880 1.37893e-43
19890 6.95269e-44
19900 3.49865e-44
19910 1.75707e-44
19920 8.80679e-45
19930 4.40553e-45
19940 2.1997e-45
19950 1.0966e-45
19960 5.46523e-46
19970 2.73714e-46
19980 1.4061e-46
19990 7.97066e-47
20000 4.51229e-47
20010 2.55108e-47
20020 1.44037e-47
20030 8.12173e-48
20040 4.57345e-48
20050 2.57193e-48
20060 1.44442e-48
20070 8.1011e-49
20080 4.53743e-49
20090 2.53799e-49
20100 1.41768e-49
20110 7.90821e-50
20120 4.40537e-50
20130 2.4507e-50
20140 1.36143e-50
20150 7.55264e-51
20160 4.18402e-51
20170 2.3146e-51
20180 1.27863e-51
20190 7.05328e-52
20200 3.8852e-52
20210 2.137e-52
20220 1.17371e-52
20230 6.43687e-53
20240 3.52486e-53
20250 1.92733e-53
20260 1.05223e-53
20270 5.73587e-54
20280 3.12187e-54
20290 1.69648e-54
20300 9.20443e-55
20310 4.98597e-55
20320 2.69649e-55
20330 1.45592e-55
20340 7.848e-56
20350 4.22331e-56
20360 2.26889e-56
20370 1.21683e-56
20380 6.51468e-57
20390 3.48174e-57
20400 1.85751e-57
20410 9.89212e-58
20420 5.25849e-58
20430 2.79021e-58
20440 1.47778e-58
20450 7.81218e-59
20460 4.12204e-59
20470 2.17082e-59
20480 1.14103e-59
20490 5.98586e-60
20500 3.13401e-60
20510 1.63762e-60
20520 8.53994e-61
20530 4.44445e-61
20540 2.30832e-61
20550 1.19641e-61
20560 6.18818e-62
20570 3.19402e-62
20580 1.64512e-62
20590 8.45541e-63
20600 4.33654e-63
20610 2.2193e-63
20620 1.1333e-63
20630 5.77467e-64
20640 2.93599e-64
20650 1.48943e-64
20660 7.53913e-65
20670 3.80759e-65
20680 1.91868e-65
20690 9.64656e-66
20700 4.839e-66
20710 2.42185e-66
20720 1.20932e-66
20730 6.02469e-67
20740 2.99449e-67
20750 1.48492e-67
20760 7.3463e-68
20770 3.62592e-68
20780 1.78544e-68
20790 8.77103e-69
20800 4.29861e-69
20810 2.10172e-69
20820 1.02515e-69
20830 4.98843e-70
20840 2.42159e-70
20850 1.17273e-70
20860 5.66563e-71
20870 2.73057e-71
20880 1.31283e-71
20890 6.2967e-72
20900 3.01276e-72
20910 1.43801e-72
20920 6.84702e-73
20930 3.25225e-73
20940 1.54101e-73
20950 7.28393e-74
20960 3.4345e-74
20970 1.61546e-74
20980 7.5799e-75
20990 3.54785e-75
21000 1.65653e-75
21010 7.71548e-76
21020 3.58474e-76
21030 1.66143e-76
21040 7.68131e-77
21050 3.54255e-77
21060 1.62977e-77
21070 7.47929e-78
21080 3.4239e-78
21090 1.56354e-78
21100 7.12231e-79
21110 3.23637e-79
21120 1.46696e-79
21130 6.63292e-80
21140 2.99168e-80
21150 1.34601e-80
21160 6.04094e-81
21170 2.70449e-81
21180 1.20778e-81
21190 5.38041e-82
21200 2.39092e-82
21210 1.05984e-82
21220 4.68635e-83
21230 2.06707e-83
21240 9.09489e-84
21250 3.99176e-84
21260 1.74765e-84
21270 7.63252e-85
21280 3.32511e-85
21290 1.445e-85
21300 6.26404e-86
21310 2.70873e-86
21320 1.16843e-86
21330 5.02762e-87
21340 2.15799e-87
21350 9.23979e-88
21360 3.9464e-88
21370 1.68138e-88
21380 7.14591e-89
21390 3.02954e-89
21400 1.28122e-89
21410 5.40504e-90
21420 2.27458e-90
21430 9.54847e-91
21440 3.99848e-91
21450 1.67027e-91
21460 6.95996e-92
21470 2.89306e-92
21480 1.19961e-92
21490 4.96197e-93
21500 2.04739e-93
21510 8.4271e-94
21520 3.4601e-94
21530 1.41721e-94
21540 5.79044e-95
21550 2.36006e-95
21560 9.59557e-96
21570 3.89182e-96
21580 1.5746e-96
21590 6.35515e-97
21600 2.55868e-97
21610 1.02765e-97
21620 4.11729e-98
21630 1.64557e-98
21640 6.56083e-99
21650 2.60941e-99
21660 1.03529e-99
21670 4.09757e-100
21680 1.61782e-100
21690 6.37198e-101
21700 2.50358e-101
21710 9.81273e-102
21720 3.83673e-102
21730 1.4965e-102
21740 5.82284e-103
21750 2.26015e-103
21760 8.75156e-104
21770 3.38048e-104
21780 1.30262e-104
21790 5.00729e-105
21800 1.92015e-105
21810 7.34537e-106
21820 2.80311e-106
21830 1.06713e-106
21840 4.05266e-107
21850 1.53537e-107
21860 5.80277e-108
21870 2.1878e-108
21880 8.22871e-109
21890 3.0875e-109
21900 1.15567e-109
21910 4.31529e-110
21920 1.60746e-110
21930 5.97343e-111
21940 2.21442e-111
21950 8.18938e-112
21960 3.02131e-112
21970 1.11197e-112
21980 4.08271e-113
21990 1.4954e-113
22000 5.46417e-114
22010 1.9918e-114
22020 7.2431e-115
22030 2.62761e-115
22040 9.50942e-116
22050 3.43325e-116
22060 1.23656e-116
22070 4.44308e-117
22080 1.59262e-117
22090 5.69506e-118
22100 2.03164e-118
22110 7.23025e-119
22120 2.56697e-119
22130 9.09181e-120
22140 3.21248e-120
22150 1.13238e-120
22160 3.98206e-121
22170 1.39696e-121
22180 4.88905e-122
22190 1.70698e-122
22200 5.94557e-123
22210 2.06597e-123
22220 7.16173e-124
22230 2.47672e-124
22240 8.54477e-125
22250 2.94096e-125
22260 1.00982e-125
22270 3.4591e-126
22280 1.18208e-126
22290 4.02996e-127
22300 1.37063e-127
22310 4.65055e-128
22320 1.57419e-128
22330 5.31591e-129
22340 1.79087e-129
22350 6.01895e-130
22360 2.01811e-130
22370 6.75052e-131
22380 2.25267e-131
22390 7.49944e-132
22400 2.49074e-132
22410 8.25271e-133
22420 2.72794e-133
22430 8.99588e-134
22440 2.95953e-134
22450 9.7134e-135
22460 3.18047e-135
22470 1.03892e-135
22480 3.38565e-136
22490 1.10071e-136
22500 3.57009e-137
22510 1.15519e-137
22520 3.72907e-138
22530 1.20094e-138
22540 3.85844e-139
22550 1.23673e-139
22560 3.95467e-140
22570 1.26159e-140
22580 4.01514e-141
22590 1.27484e-141
22600 4.03815e-142
22610 1.27609e-142
22620 4.02306e-143
22630 1.26533e-143
22640 3.97031e-144
22650 1.24285e-144
22660 3.88139e-145
22670 1.20929e-145
22680 3.75878e-146
22690 1.16557e-146
22700 3.60581e-147
22710 1.11286e-147
22720 3.42654e-148
22730 1.05255e-148
22740 3.22557e-149
22750 9.86154e-150
22760 3.00786e-150
22770 9.15261e-151
22780 2.77848e-151
22790 8.41481e-152
22800 2.54248e-152
22810 7.6638e-153
22820 2.30466e-153
22830 6.91425e-154
22840 2.06946e-154
22850 6.1794e-155
22860 1.84081e-155
22870 5.47077e-156
22880 1.62205e-156
22890 4.79792e-157
22900 1.41585e-157
22910 4.16829e-158
22920 1.22426e-158
22930 3.58727e-159
22940 1.04865e-159
22950 3.05825e-160
22960 8.89795e-161
22970 2.58275e-161
22980 7.47911e-162
22990 2.16069e-162
23000 6.22746e-163
23010 1.79062e-163
23020 5.13656e-164
23030 1.47e-164
23040 4.19696e-165
23050 1.19544e-165
23060 3.39701e-166
23070 9.63031e-167
23080 2.72369e-167
23090 7.68513e-168
23100 2.16331e-168
23110 6.07521e-169
23120 1.70207e-169
23130 4.75739e-170
23140 1.32658e-170
23150 3.6904e-171
23160 1.02421e-171
23170 2.83579e-172
23180 7.83315e-173
23190 2.1586e-173
23200 5.93445e-174
23210 1.62766e-174
23220 4.45368e-175
23230 1.21576e-175
23240 3.31093e-176
23250 8.99551e-177
23260 2.43822e-177
23270 6.59317e-178
23280 1.77864e-178
23290 4.78689e-179
23300 1.28526e-179
23310 3.44272e-180
23320 9.19992e-181
23330 2.45266e-181
23340 6.52323e-182
23350 1.73085e-182
23360 4.58171e-183
23370 1.20995e-183
23380 3.18769e-184
23390 8.3783e-185
23400 2.19688e-185
23410 5.74681e-186
23420 1.49975e-186
23430 3.90462e-187
23440 1.01416e-187
23450 2.62789e-188
23460 6.79323e-189
23470 1.75192e-189
23480 4.50733e-190
23490 1.15689e-190
23500 2.96235e-191
23510 7.5674e-192
23520 1.92852e-192
23530 4.90309e-193
23540 1.24361e-193
23550 3.14675e-194
23560 7.94343e-195
23570 2.00042e-195
23580 5.02573e-196
23590 1.25963e-196
23600 3.14958e-197
23610 7.85647e-198
23620 1.95509e-198
23630 4.85369e-199
23640 1.2021e-199
23650 2.97011e-200
23660 7.32099e-201
23670 1.80024e-201
23680 4.41623e-202
23690 1.08078e-202
23700 2.63867e-203
23710 6.42681e-204
23720 1.56159e-204
23730 3.78531e-205
23740 9.15367e-206
23750 2.20826e-206
23760 5.31454e-207
23770 1.27597e-207
23780 3.05616e-208
23790 7.30249e-209
23800 1.7407e-209
23810 4.13939e-210
23820 9.81989e-211
23830 2.32399e-211
23840 5.48682e-212
23850 1.2923e-212
23860 3.03642e-213
23870 7.11734e-214
23880 1.66429e-214
23890 3.88236e-215
23900 9.03479e-216
23910 2.09747e-216
23920 4.85764e-217
23930 1.1223e-217
23940 2.58672e-218
23950 5.94757e-219
23960 1.36422e-219
23970 3.12161e-220
23980 7.12569e-221
23990 1.62265e-221
24000 3.68617e-222
24010 8.35363e-223
24020 1.88853e-223
24030 4.25916e-224
24040 9.58236e-225
24050 2.15065e-225
24060 4.8152e-226
24070 1.07549e-226
24080 2.39632e-227
24090 5.32637e-228
24100 1.18104e-228
24110 2.61241e-229
24120 5.76454e-230
24130 1.26891e-230
24140 2.7864e-231
24150 6.10378e-232
24160 1.33382e-232
24170 2.90762e-233
24180 6.32297e-234
24190 1.37166e-234
24200 2.96832e-235
24210 6.40792e-236
24220 1.37995e-236
24230 2.96448e-237
24240 6.35291e-238
24250 1.35811e-238
24260 2.89625e-239
24270 6.16131e-240
24280 1.30752e-240
24290 2.76795e-241
24300 5.84525e-242
24310 1.23136e-242
24320 2.58761e-243
24330 5.42435e-244
24340 1.1343e-244
24350 2.36616e-245
24360 4.92369e-246
24370 1.02204e-246
24380 2.1163e-247
24390 4.37136e-248
24400 9.00711e-249
24410 1.85133e-249
24420 3.79585e-250
24430 7.76358e-251
24440 1.58395e-251
24450 3.22367e-252
24460 6.5446e-253
24470 1.32538e-253
24480 2.67746e-254
24490 5.39548e-255
24500 1.08458e-255
24510 2.17476e-256
24520 4.34997e-257
24530 8.67924e-258
24540 1.72742e-258
24550 3.42952e-259
24560 6.79186e-260
24570 1.34172e-260
24580 2.64395e-261
24590 5.19711e-262
24600 1.01903e-262
24610 1.99309e-263
24620 3.88851e-264
24630 7.56751e-265
24640 1.46905e-265
24650 2.84468e-266
24660 5.49467e-267
24670 1.05867e-267
24680 2.03466e-268
24690 3.90062e-269
24700 7.45904e-270
24710 1.42279e-270
24720 2.70712e-271
24730 5.13784e-272
24740 9.72657e-273
24750 1.83672e-273
24760 3.45966e-274
24770 6.50019e-275
24780 1.21821e-275
24790 2.2773e-276
24800 4.2464e-277
24810 7.89808e-278
24820 1.46529e-278
24830 2.71158e-279
24840 5.00518e-280
24850 9.21543e-281
24860 1.69242e-281
24870 3.10024e-282
24880 5.66473e-283
24890 1.03242e-283
24900 1.87684e-284
24910 3.40322e-285
24920 6.15524e-286
24930 1.11043e-286
24940 1.99814e-287
24950 3.58634e-288
24960 6.42043e-289
24970 1.14647e-289
24980 2.04198e-290
24990 3.62764e-291
25000 6.42808e-292
25010 1.13612e-292
25020 2.00284e-293
25030 3.5217e-294
25040 6.17646e-295
25050 1.08046e-295
25060 1.88519e-296
25070 3.2808e-297
25080 5.69485e-298
25090 9.85965e-299
25100 1.70262e-299
25110 2.93255e-300
25120 5.0379e-301
25130 8.63228e-302
25140 1.47528e-302
25150 2.51473e-303
25160 4.27544e-304
25170 7.25001e-305
25180 1.22621e-305
25190 2.06851e-306
25200 3.48029e-307
25210 5.84035e-308
25220 9.77521e-309
25230 1.63184e-309
25240 2.717e-310
25250 4.51193e-311
25260 7.47302e-312
25270 1.2345e-312
25280 2.03398e-313
25290 3.34262e-314
25300 5.48097e-315
25310 8.98526e-316
25320 1.49062e-316
25330 2.67892e-317
25340 6.87141e-318
25350 3.61277e-318
25360 3.05768e-318
25370 2.93891e-318
25380 2.88906e-318
25390 2.84866e-318
25400 2.8091e-318
25410 2.76981e-318
25420 2.7308e-318
25430 2.69206e-318
25440 2.65361e-318
25450 2.61543e-318
25460 2.57752e-318
25470 2.53989e-318
25480 2.50254e-318
25490 2.46547e-318
25500 2.42867e-318
25510 2.39215e-318
25520 2.3559e-318
25530 2.31993e-318
25540 2.28424e-318
25550 2.24883e-318
25560 2.21369e-318
25570 2.17883e-318
25580 2.14424e-318
25590 2.10994e-318
25600 2.07591e-318
25610 2.04215e-318
25620 2.00867e-318
25630 1.97547e-318
25640 1.94255e-318
25650 1.9099e-318
25660 1.87753e-318
25670 1.84543e-318
25680 1.81362e-318
25690 1.78208e-318
25700 1.75081e-318
25710 1.71982e-318
25720 1.68911e-318
25730 1.65868e-318
25740 1.62852e-318
25750 1.59864e-318
25760 1.56903e-318
25770 1.53971e-318
25780 1.51066e-318
25790 1.48188e-318
25800 1.45338e-318
25810 1.42516e-318
25820 1.39722e-318
25830 1.36955e-318
25840 1.34216e-318
25850 1.31504e-318
25860 1.28821e-318
25870 1.26165e-318
25880 1.23536e-318
25890 1.20935e-318
25900 1.18362e-318
25910 1.15817e-318
25920 1.13299e-318
25930 1.10809e-318
25940 1.08347e-318
25950 1.05912e-318
25960 1.03505e-318
25970 1.01125e-318
25980 9.87736e-319
25990 9.64495e-319
26000 9.41531e-319
26010 9.18844e-319
26020 8.96433e-319
26030 8.74299e-319
26040 8.52441e-319
26050 8.3086e-319
26060 8.09556e-319
26070 7.88529e-319
26080 7.67778e-319
26090 7.47304e-319
26100 7.27107e-319
26110 7.07186e-319
26120 6.87542e-319
26130 6.68174e-319
26140 6.49084e-319
26150 6.3027e-319
26160 6.11732e-319
26170 5.93472e-319
26180 5.75488e-319
26190 5.5778e-319
26200 5.4035e-319
26210 5.23196e-319
26220 5.06318e-319
26230 4.89718e-319
26240 4.73394e-319
26250 4.57347e-319
26260 4.41576e-319
26270 4.26082e-319
26280 4.10865e-319
26290 3.95924e-319
26300 3.81261e-319
26310 3.66873e-319
26320 3.52763e-319
26330 3.38929e-319
26340 3.25372e-319
26350 3.12091e-319
26360 2.99088e-319
26370 2.8636e-319
26380 2.7391e-319
26390 2.61736e-319
26400 2.49839e-319
26410 2.38219e-319
26420 2.26875e-319
26430 2.15808e-319
26440 2.05017e-319
26450 1.94504e-319
26460 1.84267e-319
26470 1.74306e-319
26480 1.64623e-319
26490 1.55216e-319
26500 1.46085e-319
26510 1.37232e-319
26520 1.28655e-319
26530 1.20354e-319
26540 1.12331e-319
26550 1.04584e-319
26560 9.71135e-320
26570 8.99199e-320
26580 8.3003e-320
26590 7.63628e-320
26600 6.99992e-320
26610 6.39123e-320
26620 5.81021e-320
26630 5.25686e-320
26640 4.73117e-320
26650 4.23315e-320
26660 3.7628e-320
26670 3.32012e-320
26680 2.90511e-320
26690 2.51776e-320
26700 2.15808e-320
26710 1.82607e-320
26720 1.52172e-320
26730 1.24505e-320
26740 9.96036e-321
26750 7.74695e-321
26760 5.81021e-321
26770 4.15015e-321
26780 2.76677e-321
26790 1.66006e-321
26800 8.3003e-322
26810 2.76677e-322
26820 0
26830 0
26840 0
26850 0
26860 0
26870 0
26880 0
26890 0
26900 0
26910 0
26920 0
26930 0
26940 0
26950 0
26960 0
26970 0
26980 0
26990 0
27000 0
27010 0
27020 0
27030 0
27040 0
27050 0
27060 0
27070 0
27080 0
27090 0
27100 0
27110 0
27120 0
27130 0
27140 0
27150 0
27160 0
27170 0
27180 0
27190 0
27200 0
27210 0
27220 0
27230 0
27240 0
27250 0
27260 0
27270 0
27280 0
27290 0
27300 0
27310 0
27320 0
27330 0
27340 0
27350 0
27360 0
27370 0
27380 0
27390 0
27400 0
27410 0
27420 0
27430 0
27440 0
27450 0
27460 0
27470 0
27480 0
27490 0
27500 0
27510 0
27520 0
27530 0
27540 0
27550 0
27560 0
27570 0
27580 0
27590 0
27600 0
27610 0
27620 0
27630 0
27640 0
27650 0
27660 0
27670 0
27680 0
27690 0
27700 0
27710 0
27720 0
27730 0
27740 0
27750 0
27760 0
27770 0
27780 0
27790 0
27800 0
27810 0
27820 0
27830 0
27840 0
27850 0
27860 0
27870 0
27880 0
27890 0
27900 0
27910 0
27920 0
27930 0
27940 0
27950 0
27960 0
27970 0
27980 0
27990 0
28000 0
28010 0
28020 0
28030 0
28040 0
28050 0
28060 0
28070 0
28080 0
28090 0
28100 0
28110 0
28120 0
28130 0
28140 0
28150 0
28160 0
28170 0
28180 0
28190 0
28200 0
28210 0
28220 0
28230 0
28240 0
28250 0
28260 0
28270 0
28280 0
28290 0
28300 0
28310 0
28320 0
28330 0
28340 0
28350 0
28360 0
28370 0
28380 0
28390 0
28400 0
28410 0
28420 0
28430 0
28440 0
28450 0
28460 0
28470 0
28480 0
28490 0
28500 0
28510 0
28520 0
28530 0
28540 0
28550 0
28560 0
28570 0
28580 0
28590 0
28600 0
28610 0
28620 0
28630 0
28640 0
28650 0
28660 0
28670 0
28680 0
28690 0
28700 0
28710 0
28720 0
28730 0
28740 0
28750 0
28760 0
28770 0
28780 0
28790 0
28800 0
28810 0
28820 0
28830 0
28840 0
28850 0
28860 0
28870 0
28880 0
28890 0
28900 0
28910 0
28920 0
28930 0
28940 0
28950 0
28960 0
28970 0
28980 0
28990 0
29000 0
29010 0
29020 0
29030 0
29040 0
29050 0
29060 0
29070 0
29080 0
29090 0
29100 0
29110 0
29120 0
29130 0
29140 0
29150 0
29160 0
29170 0
29180 0
29190 0
29200 0
29210 0
29220 0
29230 0
29240 0
29250 0
29260 0
29270 0
29280 0
29290 0
29300 0
29310 0
29320 0
29330 0
29340 0
29350 0
29360 0
29370 0
29380 0
29390 0
29400 0
29410 0
29420 0
29430 0
29440 0
29450 0
29460 0
29470 0
29480 0
29490 0
29500 0
29510 0
29520 0
29530 0
29540 0
29550 0
29560 0
29570 0
29580 0
29590 0
29600 0
29610 0
29620 0
29630 0
29640 0
29650 0
29660 0
29670 0
29680 0
29690 0
29700 0
29710 0
29720 0
29730 0
29740 0
29750 0
29760 0
29770 0
29780 0
29790 0
29800 0
29810 0
29820 0
29830 0
29840 0
29850 0
29860 0
29870 0
29880 0
29890 0
29900 0
29910 0
29920 0
29930 0
29940 0
29950 0
29960 0
29970 0
29980 0
29990 0
30000 0
30010 0
30020 0
30030 0
30040 0
30050 0
30060 0
30070 0
30080 0
30090 0
30100 0
30110 0
30120 0
30130 0
30140 0
30150 0
30160 0
30170 0
30180 0
30190 0
30200 0
30210 0
30220 0
30230 0
30240 0
30250 0
30260 0
30270 0
30280 0
30290 0
30300 0
30310 0
30320 0
30330 0
30340 0
30350 0
30360 0
30370 0
30380 0
30390 0
30400 0
30410 0
30420 0
30430 0
30440 0
30450 0
30460 0
30470 0
30480 0
30490 0
30500 0
30510 0
30520 0
30530 0
30540 0
30550 0
30560 0
30570 0
30580 0
30590 0
30600 0
30610 0
30620 0
30630 0
30640 0
30650 0
30660 0
30670 0
30680 0
30690 0
30700 0
30710 0
30720 0
30730 0
30740 0
30750 0
30760 0
30770 0
30780 0
30790 0
30800 0
30810 0
30820 0
30830 0
30840 0
30850 0
30860 0
30870 0
30880 0
30890 0
30900 0
30910 0
30920 0
30930 0
30940 0
30950 0
30960 0
30970 0
30980 0
30990 0
31000 0
31010 0
31020 0
31030 0
31040 0
31050 0
31060 0
31070 0
31080 0
31090 0
31100 0
31110 0
31120 0
31130 0
31140 0
31150 0
31160 0
31170 0
31180 0
31190 0
31200 0
31210 0
31220 0
31230 0
31240 0
31250 0
31260 0
31270 0
31280 0
31290 0
31300 0
31310 0
31320 0
31330 0
31340 0
31350 0
31360 0
31370 0
31380 0
31390 0
31400 0
31410 0
31420 0
31430 0
31440 0
31450 0
31460 0
31470 0
31480 0
31490 0
31500 0
31510 0
31520 0
31530 0
31540 0
31550 0
31560 0
31570 0
31580 0
31590 0
31600 0
31610 0
31620 0
31630 0
31640 0
31650 0
31660 0
31670 0
31680 0
31690 0
31700 0
31710 0
31720 0
31730 0
31740 0
31750 0
31760 0
31770 0
31780 0
31790 0
31800 0
31810 0
31820 0
31830 0
31840 0
31850 0
31860 0
31870 0
31880 0
31890 0
31900 0
31910 0
31920 0
31930 0
31940 0
31950 0
31960 0
31970 0
31980 0
31990 0
32000 0
32010 0
32020 0
32030 0
32040 0
32050 0
32060 0
32070 0
32080 0
32090 0
32100 0
32110 0
32120 0
32130 0
32140 0
32150 0
32160 0
32170 0
32180 0
32190 0
32200 0
32210 0
32220 0
32230 0
32240 0
32250 0
32260 0
32270 0
32280 0
32290 0
32300 0
32310 0
32320 0
32330 0
32340 0
32350 0
32360 0
32370 0
32380 0
32390 0
32400 0
32410 0
32420 0
32430 0
32440 0
32450 0
32460 0
32470 0
32480 0
32490 0
32500 0
32510 0
32520 0
32530 0
32540 0
32550 0
32560 0
32570 0
32580 0
32590 0
32600 0
32610 0
32620 0
32630 0
32640 0
32650 0
32660 0
32670 0
32680 0
32690 0
32700 0
32710 0
32720 0
32730 0
32740 0
32750 0
32760 0
32770 0
32780 0
32790 0
32800 0
32810 0
32820 0
32830 0
32840 0
32850 0
32860 0
32870 0
32880 0
32890 0
32900 0
32910 0
32920 0
32930 0
32940 0
32950 0
32960 0
32970 0
32980 0
32990 0
33000 0
33010 0
33020 0
33030 0
33040 0
33050 0
33060 0
33070 0
33080 0
33090 0
33100 0
33110 0
33120 0
33130 0
33140 0
33150 0
33160 0
33170 0
33180 0
33190 0
33200 0
33210 0
33220 0
33230 0
33240 0
33250 0
33260 0
33270 0
33280 0
33290 0
33300 0
33310 0
33320 0
33330 0
33340 0
33350 0
33360 0
33370 0
33380 0
33390 0
33400 0
33410 0
33420 0
33430 0
33440 0
33450 0
33460 0
33470 0
33480 0
33490 0
33500 0
33510 0
33520 0
33530 0
33540 0
33550 0
33560 0
33570 0
33580 0
33590 0
33600 0
33610 0
33620 0
33630 0
33640 0
33650 0
33660 0
33670 0
33680 0
33690 0
33700 0
33710 0
33720 0
33730 0
33740 0
33750 0
33760 0
33770 0
33780 0
33790 0
33800 0
33810 0
33820 0
33830 0
33840 0
33850 0
33860 0
33870 0
33880 0
33890 0
33900 0
33910 0
33920 0
33930 0
33940 0
33950 0
33960 0
33970 0
33980 0
33990 0
34000 0
34010 0
34020 0
34030 0
34040 0
34050 0
34060 0
34070 0
34080 0
34090 0
34100 0
34110 0
34120 0
34130 0
34140 0
34150 0
34160 0
34170 0
34180 0
34190 0
34200 0
34210 0
34220 0
34230 0
34240 0
34250 0
34260 0
34270 0
34280 0
34290 0
34300 0
34310 0
34320 0
34330 0
34340 0
34350 0
34360 0
34370 0
34380 0
34390 0
34400 0
34410 0
34420 0
34430 0
34440 0
34450 0
34460 0
34470 0
34480 0
34490 0
34500 0
34510 0
34520 0
34530 0
34540 0
34550 0
34560 0
34570 0
34580 0
34590 0
34600 0
34610 0
34620 0
34630 0
34640 0
34650 0
34660 0
34670 0
34680 0
34690 0
34700 0
34710 0
34720 0
34730 0
34740 0
34750 0
34760 0
34770 0
34780 0
34790 0
34800 0
34810 0
34820 0
34830 0
34840 0
34850 0
34860 0
34870 0
34880 0
34890 0
34900 0
34910 0
34920 0
34930 0
34940 0
34950 0
34960 0
34970 0
34980 0
34990 0
35000 0
35010 0
35020 0
35030 0
35040 0
35050 0
35060 0
35070 0
35080 0
35090 0
35100 0
35110 0
35120 0
35130 0
35140 0
35150 0
35160 0
35170 0
35180 0
35190 0
35200 0
35210 0
35220 0
35230 0
35240 0
35250 0
35260 0
35270 0
35280 0
35290 0
35300 0
35310 0
35320 0
35330 0
35340 0
35350 0
35360 0
35370 0
35380 0
35390 0
35400 0
35410 0
35420 0
35430 0
35440 0
35450 0
35460 0
35470 0
35480 0
35490 0
35500 0
35510 0
35520 0
35530 0
35540 0
35550 0
35560 0
35570 0
35580 0
35590 0
35600 0
35610 0
35620 0
35630 0
35640 0
35650 0
35660 0
35670 0
35680 0
35690 0
35700 0
35710 0
35720 0
35730 0
35740 0
35750 0
35760 0
35770 0
35780 0
35790 0
35800 0
35810 0
35820 0
35830 0
35840 0
35850 0
35860 0
35870 0
35880 0
35890 0
35900 0
35910 0
35920 0
35930 0
35940 0
35950 0
35960 0
35970 0
35980 0
35990 0
36000 0
36010 0
36020 0
36030 0
36040 0
36050 0
36060 0
36070 0
36080 0
36090 0
36100 0
36110 0
36120 0
36130 0
36140 0
36150 0
36160 0
36170 0
36180 0
36190 0
36200 0
36210 0
36220 0
36230 0
36240 0
36250 0
36260 0
36270 0
36280 0
36290 0
36300 0
36310 0
36320 0
36330 0
36340 0
36350 0
36360 0
36370 0
36380 0
36390 0
36400 0
36410 0
36420 0
36430 0
36440 0
36450 0
36460 0
36470 0
36480 0
36490 0
36500 0
36510 0
36520 0
36530 0
36540 0
36550 0
36560 0
36570 0
36580 0
36590 0
36600 0
36610 0
36620 0
36630 0
36640 0
36650 0
36660 0
36670 0
36680 0
36690 0
36700 0
36710 0
36720 0
36730 0
36740 0
36750 0
36760 0
36770 0
36780 0
36790 0
36800 0
36810 0
36820 0
36830 0
36840 0
36850 0
36860 0
36870 0
36880 0
36890 0
36900 0
36910 0
36920 0
36930 0
36940 0
36950 0
36960 0
36970 0
36980 0
36990 0
37000 0
37010 0
37020 0
37030 0
37040 0
37050 0
37060 0
37070 0
37080 0
37090 0
37100 0
37110 0
37120 0
37130 0
37140 0
37150 0
37160 0
37170 0
37180 0
37190 0
37200 0
37210 0
37220 0
37230 0
37240 0
37250 0
37260 0
37270 0
37280 0
37290 0
37300 0
37310 0
37320 0
37330 0
37340 0
37350 0
37360 0
37370 0
37380 0
37390 0
37400 0
37410 0
37420 0
37430 0
37440 0
37450 0
37460 0
37470 0
37480 0
37490 0
37500 0
37510 0
37520 0
37530 0
37540 0
37550 0
37560 0
37570 0
37580 0
37590 0
37600 0
37610 0
37620 0
37630 0
37640 0
37650 0
37660 0
37670 0
37680 0
37690 0
37700 0
37710 0
37720 0
37730 0
37740 0
37750 0
37760 0
37770 0
37780 0
37790 0
37800 0
37810 0
37820 0
37830 0
37840 0
37850 0
37860 0
37870 0
37880 0
37890 0
37900 0
37910 0
37920 0
37930 0
37940 0
37950 0
37960 0
37970 0
37980 0
37990 0
38000 0
38010 0
38020 0
38030 0
38040 0
38050 0
38060 0
38070 0
38080 0
38090 0
38100 0
38110 0
38120 0
38130 0
38140 0
38150 0
38160 0
38170 0
38180 0
38190 0
38200 0
38210 0
38220 0
38230 0
38240 0
38250 0
38260 0
38270 0
38280 0
38290 0
38300 0
38310 0
38320 0
38330 0
38340 0
38350 0
38360 0
38370 0
38380 0
38390 0
38400 0
38410 0
38420 0
38430 0
38440 0
38450 0
38460 0
38470 0
38480 0
38490 0
38500 0
38510 0
38520 0
38530 0
38540 0
38550 0
38560 0
38570 0
38580 0
38590 0
38600 0
38610 0
38620 0
38630 0
38640 0
38650 0
38660 0
38670 0
38680 0
38690 0
38700 0
38710 0
38720 0
38730 0
38740 0
38750 0
38760 0
38770 0
38780 0
38790 0
38800 0
38810 0
38820 0
38830 0
38840 0
38850 0
38860 0
38870 0
38880 0
38890 0
38900 0
38910 0
38920 0
38930 0
38940 0
38950 0
38960 0
38970 0
38980 0
38990 0
39000 0
39010 0
39020 0
39030 0
39040 0
39050 0
39060 0
39070 0
39080 0
39090 0
39100 0
39110 0
39120 0
39130 0
39140 0
39150 0
39160 0
39170 0
39180 0
39190 0
39200 0
39210 0
39220 0
39230 0
39240 0
39250 0
39260 0
39270 0
39280 0
39290 0
39300 0
39310 0
39320 0
39330 0
39340 0
39350 0
39360 0
39370 0
39380 0
39390 0
39400 0
39410 0
39420 0
39430 0
39440 0
39450 0
39460 0
39470 0
39480 0
39490 0
39500 0
39510 0
39520 0
39530 0
39540 0
39550 0
39560 0
39570 0
39580 0
39590 0
39600 0
39610 0
39620 0
39630 0
39640 0
39650 0
39660 0
39670 0
39680 0
39690 0
39700 0
39710 0
39720 0
39730 0
39740 0
39750 0
39760 0
39770 0
39780 0
39790 0
39800 0
39810 0
39820 0
39830 0
39840 0
39850 0
39860 0
39870 0
39880 0
39890 0
39900 0
39910 0
39920 0
39930 0
39940 0
39950 0
39960 0
39970 0
39980 0
