-10 0
0 1.33923e-10
10 -1.88704e-10
20 2.34907e-10
30 -8.90155e-11
40 9.02713e-11
50 2.0054e-10
60 8.11821e-12
70 4.06395e-10
80 2.69784e-10
90 5.71166e-10
100 8.53131e-10
110 1.1045e-09
120 1.75613e-09
130 2.41946e-09
140 3.45241e-09
150 4.88736e-09
160 6.8618e-09
170 9.36073e-09
180 1.31169e-08
190 1.76022e-08
200 2.38817e-08
210 3.21367e-08
220 4.21405e-08
230 5.61218e-08
240 7.2495e-08
250 9.39896e-08
260 1.20636e-07
270 1.52343e-07
280 1.9301e-07
290 2.398e-07
300 2.97571e-07
310 3.65769e-07
320 4.4476e-07
330 5.3997e-07
340 6.47246e-07
350 7.74005e-07
360 9.18965e-07
370 1.08386e-06
380 1.27606e-06
390 1.49132e-06
400 1.74106e-06
410 2.0247e-06
420 2.34778e-06
430 2.72131e-06
440 3.14364e-06
450 3.63225e-06
460 4.18933e-06
470 4.82647e-06
480 5.55938e-06
490 6.39126e-06
500 7.34636e-06
510 8.43166e-06
520 9.66699e-06
530 1.10749e-05
540 1.26684e-05
550 1.44822e-05
560 1.65353e-05
570 1.88626e-05
580 2.15013e-05
590 2.44836e-05
600 2.78622e-05
610 3.16781e-05
620 3.59887e-05
630 4.08545e-05
640 4.63368e-05
650 5.25149e-05
660 5.94647e-05
670 6.72795e-05
680 7.60597e-05
690 8.59151e-05
700 9.69713e-05
710 0.000109364
720 0.000123243
730 0.000138776
740 0.000156144
750 0.000175545
760 0.000197203
770 0.000221356
780 0.000248271
790 0.000278241
800 0.00031158
810 0.000348645
820 0.000389812
830 0.000435499
840 0.000486164
850 0.000542293
860 0.000604433
870 0.000673161
880 0.000749117
890 0.000832993
900 0.00092553
910 0.00102755
920 0.00113992
930 0.00126359
940 0.00139958
950 0.00154899
960 0.00171301
970 0.00189291
980 0.00209007
990 0.00230596
1000 0.00254215
1010 0.00280034
1020 0.00308234
1030 0.00339008
1040 0.00372562
1050 0.00409117
1060 0.00448905
1070 0.00492178
1080 0.00539198
1090 0.00590247
1100 0.00645622
1110 0.00705639
1120 0.00770629
1130 0.00840945
1140 0.00916955
1150 0.00999052
1160 0.0108764
1170 0.0118316
1180 0.0128606
1190 0.013968
1200 0.0151589
1210 0.0164384
1220 0.0178119
1230 0.019285
1240 0.0208634
1250 0.0225533
1260 0.024361
1270 0.0262927
1280 0.0283554
1290 0.0305557
1300 0.0329009
1310 0.0353982
1320 0.0380551
1330 0.0408791
1340 0.0438781
1350 0.04706
1360 0.0504328
1370 0.0540048
1380 0.0577842
1390 0.0617792
1400 0.0659984
1410 0.0704502
1420 0.0751428
1430 0.0800848
1440 0.0852844
1450 0.0907499
1460 0.0964893
1470 0.102511
1480 0.108822
1490 0.11543
1500 0.122343
1510 0.129568
1520 0.137111
1530 0.144978
1540 0.153175
1550 0.161707
1560 0.17058
1570 0.179798
1580 0.189363
1590 0.199279
1600 0.209549
1610 0.220173
1620 0.231153
1630 0.242488
1640 0.254178
1650 0.26622
1660 0.278611
1670 0.291348
1680 0.304426
1690 0.317838
1700 0.331579
1710 0.345638
1720 0.360008
1730 0.374678
1740 0.389637
1750 0.40487
1760 0.420366
1770 0.436108
1780 0.452079
1790 0.468264
1800 0.484643
1810 0.501196
1820 0.517902
1830 0.53474
1840 0.551686
1850 0.568717
1860 0.585807
1870 0.602931
1880 0.620061
1890 0.637171
1900 0.654232
1910 0.671215
1920 0.688091
1930 0.704829
1940 0.721399
1950 0.737771
1960 0.753913
1970 0.769795
1980 0.785385
1990 0.800652
2000 0.815565
2010 0.830093
2020 0.844206
2030 0.857875
2040 0.871069
2050 0.883761
2060 0.895922
2070 0.907526
2080 0.918546
2090 0.928957
2100 0.938737
2110 0.947862
2120 0.956311
2130 0.964065
2140 0.971105
2150 0.977415
2160 0.982979
2170 0.987785
2180 0.991821
2190 0.995077
2200 0.997546
2210 0.99922
2220 1.0001
2230 1.00017
2240 0.99945
2250 0.997927
2260 0.99561
2270 0.992502
2280 0.988612
2290 0.983948
2300 0.978522
2310 0.972347
2320 0.965436
2330 0.957806
2340 0.949475
2350 0.940462
2360 0.930788
2370 0.920475
2380 0.909546
2390 0.898026
2400 0.88594
2410 0.873316
2420 0.860182
2430 0.846565
2440 0.832494
2450 0.818001
2460 0.803114
2470 0.787865
2480 0.772286
2490 0.756406
2500 0.740257
2510 0.723872
2520 0.70728
2530 0.690513
2540 0.673602
2550 0.656576
2560 0.639467
2570 0.622302
2580 0.605112
2590 0.587923
2600 0.570762
2610 0.553657
2620 0.536632
2630 0.519712
2640 0.502921
2650 0.48628
2660 0.469812
2670 0.453535
2680 0.43747
2690 0.421634
2700 0.406044
2710 0.390716
2720 0.375663
2730 0.360899
2740 0.346436
2750 0.332284
2760 0.318454
2770 0.304953
2780 0.291789
2790 0.278969
2800 0.266496
2810 0.254376
2820 0.242611
2830 0.231203
2840 0.220154
2850 0.209464
2860 0.199132
2870 0.189157
2880 0.179536
2890 0.170268
2900 0.161347
2910 0.15277
2920 0.144532
2930 0.136628
2940 0.129052
2950 0.121798
2960 0.114858
2970 0.108226
2980 0.101895
2990 0.0958567
3000 0.0901031
3010 0.0846265
3020 0.0794184
3030 0.0744706
3040 0.0697745
3050 0.0653217
3060 0.0611035
3070 0.0571115
3080 0.0533371
3090 0.0497718
3100 0.0464073
3110 0.0432351
3120 0.0402472
3130 0.0374354
3140 0.0347919
3150 0.0323088
3160 0.0299787
3170 0.027794
3180 0.0257477
3190 0.0238327
3200 0.0220423
3210 0.0203699
3220 0.0188091
3230 0.0173538
3240 0.0159981
3250 0.0147364
3260 0.0135631
3270 0.0124732
3280 0.0114615
3290 0.0105234
3300 0.00965415
3310 0.00884955
3320 0.00810543
3330 0.00741785
3340 0.00678309
3350 0.00619761
3360 0.00565807
3370 0.0051613
3380 0.00470433
3390 0.00428433
3400 0.00389866
3410 0.00354483
3420 0.00322049
3430 0.00292345
3440 0.00265165
3450 0.00240316
3460 0.00217619
3470 0.00196905
3480 0.00178018
3490 0.00160812
3500 0.00145151
3510 0.00130908
3520 0.00117966
3530 0.00106218
3540 0.000955615
3550 0.000859041
3560 0.000771599
3570 0.000692493
3580 0.000620988
3590 0.000556416
3600 0.000498147
3610 0.000445618
3620 0.000398304
3630 0.000355722
3640 0.000317428
3650 0.000283031
3660 0.000252151
3670 0.000224456
3680 0.000199639
3690 0.000177422
3700 0.000157544
3710 0.000139781
3720 0.000123917
3730 0.000109761
3740 9.71433e-05
3750 8.59053e-05
3760 7.59011e-05
3770 6.70063e-05
3780 5.9108e-05
3790 5.20921e-05
3800 4.58711e-05
3810 4.03594e-05
3820 3.54801e-05
3830 3.11603e-05
3840 2.73466e-05
3850 2.3975e-05
3860 2.1002e-05
3870 1.83807e-05
3880 1.60725e-05
3890 1.40371e-05
3900 1.22529e-05
3910 1.06827e-05
3920 9.30266e-06
3930 8.0934e-06
3940 7.03662e-06
3950 6.1068e-06
3960 5.29452e-06
3970 4.58675e-06
3980 3.96656e-06
3990 3.42506e-06
4000 2.95433e-06
4010 2.54372e-06
4020 2.18482e-06
4030 1.87609e-06
4040 1.60448e-06
4050 1.36944e-06
4060 1.16664e-06
4070 9.91997e-07
4080 8.35546e-07
4090 7.05569e-07
4100 5.92008e-07
4110 4.92614e-07
4120 4.05219e-07
4130 3.35461e-07
4140 2.70269e-07
4150 2.15378e-07
4160 1.68693e-07
4170 1.30031e-07
4180 9.29297e-08
4190 6.49874e-08
4200 3.91088e-08
4210 1.69856e-08
4220 -1.71839e-09
4230 -1.63035e-08
4240 -3.20493e-08
4250 -4.28681e-08
4260 -5.14157e-08
4270 -6.13261e-08
4280 -6.95e-08
4290 -7.3267e-08
4300 -7.87489e-08
4310 -8.57467e-08
4320 -8.74104e-08
4330 -8.96633e-08
4340 -9.42488e-08
4350 -9.7237e-08
4360 -9.60738e-08
4370 -9.97419e-08
4380 -1.01697e-07
4390 -1.01962e-07
4400 -1.01638e-07
4410 -1.05321e-07
4420 -1.04053e-07
4430 -1.04862e-07
4440 -1.05428e-07
4450 -1.07027e-07
4460 -1.04974e-07
4470 -1.07544e-07
4480 -1.06744e-07
4490 -1.07032e-07
4500 -1.06551e-07
4510 -1.08953e-07
4520 -1.06215e-07
4530 -1.0768e-07
4540 -1.08133e-07
4550 -1.08429e-07
4560 -1.05911e-07
4570 -1.09226e-07
4580 -1.08247e-07
4590 -1.07245e-07
4600 -1.07023e-07
4610 -1.10141e-07
4620 -1.0697e-07
4630 -1.07186e-07
4640 -1.08678e-07
4650 -1.09392e-07
4660 -1.05928e-07
4670 -1.08517e-07
4680 -1.09238e-07
4690 -1.07741e-07
4700 -1.06387e-07
4710 -1.09877e-07
4720 -1.08247e-07
4730 -1.06823e-07
4740 -1.07959e-07
4750 -1.09922e-07
4760 -1.06804e-07
4770 -1.07403e-07
4780 -1.09198e-07
4790 -1.08669e-07
4800 -1.06306e-07
4810 -1.0878e-07
4820 -1.09113e-07
4830 -1.07293e-07
4840 -1.07128e-07
4850 -1.09653e-07
4860 -1.07978e-07
4870 -1.06915e-07
4880 -1.08473e-07
4890 -1.09335e-07
4900 -1.06874e-07
4910 -1.07684e-07
4920 -1.09242e-07
4930 -1.08191e-07
4940 -1.06682e-07
4950 -1.08858e-07
4960 -1.08931e-07
4970 -1.07154e-07
4980 -1.07469e-07
4990 -1.09517e-07
5000 -1.07874e-07
5010 -1.0696e-07
5020 -1.08602e-07
5030 -1.09226e-07
5040 -1.0686e-07
5050 -1.07699e-07
5060 -1.09286e-07
5070 -1.08221e-07
5080 -1.06568e-07
5090 -1.08874e-07
5100 -1.09054e-07
5110 -1.07175e-07
5120 -1.07192e-07
5130 -1.09739e-07
5140 -1.08008e-07
5150 -1.06796e-07
5160 -1.0836e-07
5170 -1.09733e-07
5180 -1.06753e-07
5190 -1.07419e-07
5200 -1.09327e-07
5210 -1.08818e-07
5220 -1.06083e-07
5230 -1.08772e-07
5240 -1.09411e-07
5250 -1.07575e-07
5260 -1.06483e-07
5270 -1.10076e-07
5280 -1.08485e-07
5290 -1.06902e-07
5300 -1.07755e-07
5310 -1.10562e-07
5320 -1.07177e-07
5330 -1.07388e-07
5340 -1.09119e-07
5350 -1.10123e-07
5360 -1.06494e-07
5370 -1.08871e-07
5380 -1.09904e-07
5390 -1.09516e-07
5400 -1.07099e-07
5410 -1.10709e-07
5420 -1.10298e-07
5430 -1.0986e-07
5440 -1.08991e-07
5450 -1.12699e-07
5460 -1.11449e-07
5470 -1.11965e-07
5480 -1.12169e-07
5490 -1.15854e-07
5500 -1.14904e-07
5510 -1.16518e-07
5520 -1.17848e-07
5530 -1.22391e-07
5540 -1.22444e-07
5550 -1.2545e-07
5560 -1.29266e-07
5570 -1.35593e-07
5580 -1.37404e-07
5590 -1.43653e-07
5600 -1.52054e-07
5610 -1.61124e-07
5620 -1.67317e-07
5630 -1.80418e-07
5640 -1.95846e-07
5650 -2.10675e-07
5660 -2.27028e-07
5670 -2.51959e-07
5680 -2.79118e-07
5690 -3.07439e-07
5700 -3.43101e-07
5710 -3.87957e-07
5720 -4.37805e-07
5730 -4.93822e-07
5740 -5.6312e-07
5750 -6.44362e-07
5760 -7.38193e-07
5770 -8.45353e-07
5780 -9.74223e-07
5790 -1.12387e-06
5800 -1.29829e-06
5810 -1.49743e-06
5820 -1.73433e-06
5830 -2.00884e-06
5840 -2.32675e-06
5850 -2.69168e-06
5860 -3.12223e-06
5870 -3.6182e-06
5880 -4.1905e-06
5890 -4.85075e-06
5900 -5.62098e-06
5910 -6.5053e-06
5920 -7.52478e-06
5930 -8.7001e-06
5940 -1.00584e-05
5950 -1.16172e-05
5960 -1.34094e-05
5970 -1.54684e-05
5980 -1.7835e-05
5990 -2.05472e-05
6000 -2.3653e-05
6010 -2.72097e-05
6020 -3.12819e-05
6030 -3.59347e-05
6040 -4.12437e-05
6050 -4.73057e-05
6060 -5.42186e-05
6070 -6.20908e-05
6080 -7.10461e-05
6090 -8.1236e-05
6100 -9.28123e-05
6110 -0.000105953
6120 -0.000120855
6130 -0.000137748
6140 -0.000156874
6150 -0.000178514
6160 -0.000202971
6170 -0.000230597
6180 -0.000261772
6190 -0.000296921
6200 -0.000336512
6210 -0.00038108
6220 -0.000431201
6230 -0.000487515
6240 -0.000550736
6250 -0.000621653
6260 -0.000701135
6270 -0.000790133
6280 -0.000889704
6290 -0.00100101
6300 -0.00112533
6310 -0.00126406
6320 -0.00141873
6330 -0.00159104
6340 -0.00178283
6350 -0.00199611
6360 -0.00223309
6370 -0.00249617
6380 -0.00278798
6390 -0.00311137
6400 -0.00346945
6410 -0.00386559
6420 -0.00430346
6430 -0.00478705
6440 -0.00532064
6450 -0.0059089
6460 -0.00655687
6470 -0.00726999
6480 -0.00805411
6490 -0.00891556
6500 -0.00986112
6510 -0.0108981
6520 -0.0120344
6530 -0.0132783
6540 -0.0146389
6550 -0.0161258
6560 -0.0177494
6570 -0.0195205
6580 -0.0214509
6590 -0.0235531
6600 -0.0258403
6610 -0.0283266
6620 -0.031027
6630 -0.0339572
6640 -0.0371339
6650 -0.0405749
6660 -0.0442988
6670 -0.0483252
6680 -0.0526749
6690 -0.0573694
6700 -0.0624317
6710 -0.0678856
6720 -0.0737561
6730 -0.0800693
6740 -0.0868525
6750 -0.0941339
6760 -0.101943
6770 -0.110311
6780 -0.119268
6790 -0.128849
6800 -0.139086
6810 -0.150015
6820 -0.161672
6830 -0.174094
6840 -0.187318
6850 -0.201383
6860 -0.21633
6870 -0.232197
6880 -0.249027
6890 -0.26686
6900 -0.285739
6910 -0.305707
6920 -0.326804
6930 -0.349076
6940 -0.372563
6950 -0.39731
6960 -0.423357
6970 -0.450747
6980 -0.479521
6990 -0.50972
7000 -0.541383
7010 -0.574548
7020 -0.609252
7030 -0.64553
7040 -0.683416
7050 -0.722941
7060 -0.764134
7070 -0.807022
7080 -0.851629
7090 -0.897976
7100 -0.946081
7110 -0.995958
7120 -1.04762
7130 -1.10107
7140 -1.15631
7150 -1.21335
7160 -1.27217
7170 -1.33277
7180 -1.39513
7190 -1.45923
7200 -1.52505
7210 -1.59255
7220 -1.66169
7230 -1.73244
7240 -1.80475
7250 -1.87856
7260 -1.95381
7270 -2.03044
7280 -2.10838
7290 -2.18754
7300 -2.26785
7310 -2.34922
7320 -2.43155
7330 -2.51473
7340 -2.59867
7350 -2.68325
7360 -2.76835
7370 -2.85386
7380 -2.93964
7390 -3.02556
7400 -3.11149
7410 -3.19729
7420 -3.28281
7430 -3.36791
7440 -3.45244
7450 -3.53625
7460 -3.61919
7470 -3.70109
7480 -3.78181
7490 -3.86118
7500 -3.93905
7510 -4.01527
7520 -4.08968
7530 -4.16212
7540 -4.23245
7550 -4.30051
7560 -4.36616
7570 -4.42925
7580 -4.48966
7590 -4.54724
7600 -4.60186
7610 -4.65341
7620 -4.70176
7630 -4.74681
7640 -4.78845
7650 -4.82658
7660 -4.86112
7670 -4.89199
7680 -4.91911
7690 -4.94241
7700 -4.96186
7710 -4.97739
7720 -4.98898
7730 -4.99659
7740 -5.0002
7750 -4.99982
7760 -4.99544
7770 -4.98707
7780 -4.97473
7790 -4.95846
7800 -4.93829
7810 -4.91427
7820 -4.88645
7830 -4.85492
7840 -4.81973
7850 -4.78098
7860 -4.73875
7870 -4.69314
7880 -4.64426
7890 -4.59222
7900 -4.53714
7910 -4.47915
7920 -4.41836
7930 -4.35493
7940 -4.28898
7950 -4.22066
7960 -4.15012
7970 -4.0775
7980 -4.00296
7990 -3.92666
8000 -3.84873
8010 -3.76935
8020 -3.68867
8030 -3.60683
8040 -3.52401
8050 -3.44034
8060 -3.35599
8070 -3.2711
8080 -3.18582
8090 -3.10029
8100 -3.01466
8110 -2.92906
8120 -2.84363
8130 -2.7585
8140 -2.67379
8150 -2.58962
8160 -2.50611
8170 -2.42336
8180 -2.34148
8190 -2.26058
8200 -2.18073
8210 -2.10203
8220 -2.02457
8230 -1.94841
8240 -1.87363
8250 -1.80029
8260 -1.72845
8270 -1.65816
8280 -1.58947
8290 -1.52241
8300 -1.45703
8310 -1.39334
8320 -1.33139
8330 -1.27118
8340 -1.21274
8350 -1.15606
8360 -1.10116
8370 -1.04804
8380 -0.996692
8390 -0.947108
8400 -0.899279
8410 -0.853189
8420 -0.808821
8430 -0.766154
8440 -0.725164
8450 -0.685824
8460 -0.648106
8470 -0.611977
8480 -0.577407
8490 -0.544358
8500 -0.512796
8510 -0.482682
8520 -0.453978
8530 -0.426644
8540 -0.400639
8550 -0.375922
8560 -0.352452
8570 -0.330187
8580 -0.309084
8590 -0.289101
8600 -0.270197
8610 -0.252331
8620 -0.23546
8630 -0.219543
8640 -0.204542
8650 -0.190415
8660 -0.177125
8670 -0.164632
8680 -0.1529
8690 -0.141892
8700 -0.131573
8710 -0.121909
8720 -0.112865
8730 -0.104411
8740 -0.0965133
8750 -0.0891431
8760 -0.0822711
8770 -0.0758691
8780 -0.0699103
8790 -0.0643689
8800 -0.0592202
8810 -0.0544405
8820 -0.0500074
8830 -0.0458991
8840 -0.0420953
8850 -0.0385765
8860 -0.035324
8870 -0.0323204
8880 -0.029549
8890 -0.0269941
8900 -0.0246408
8910 -0.0224749
8920 -0.0204834
8930 -0.0186538
8940 -0.0169742
8950 -0.0154338
8960 -0.0140222
8970 -0.0127297
8980 -0.0115474
8990 -0.0104666
9000 -0.00947959
9010 -0.00857893
9020 -0.00775777
9030 -0.00700972
9040 -0.00632885
9050 -0.00570966
9060 -0.00514702
9070 -0.0046362
9080 -0.00417283
9090 -0.00375283
9100 -0.00337248
9110 -0.0030283
9120 -0.00271712
9130 -0.00243602
9140 -0.00218229
9150 -0.00195348
9160 -0.00174729
9170 -0.00156166
9180 -0.00139466
9190 -0.00124455
9200 -0.00110973
9210 -0.000988742
9220 -0.000880255
9230 -0.00078306
9240 -0.000696057
9250 -0.000618243
9260 -0.000548706
9270 -0.000486619
9280 -0.000431225
9290 -0.000381843
9300 -0.000337851
9310 -0.000298693
9320 -0.000263866
9330 -0.000232913
9340 -0.000205434
9350 -0.000181055
9360 -0.000159451
9370 -0.000140323
9380 -0.000123398
9390 -0.00010844
9400 -9.52216e-05
9410 -8.35538e-05
9420 -7.32576e-05
9430 -6.41759e-05
9440 -5.61761e-05
9450 -4.91282e-05
9460 -4.29322e-05
9470 -3.74874e-05
9480 -3.27095e-05
9490 -2.85261e-05
9500 -2.48617e-05
9510 -2.16621e-05
9520 -1.88656e-05
9530 -1.64239e-05
9540 -1.42939e-05
9550 -1.24306e-05
9560 -1.08049e-05
9570 -9.381e-06
9580 -8.13559e-06
9590 -7.04636e-06
9600 -6.09169e-06
9610 -5.25986e-06
9620 -4.53291e-06
9630 -3.90244e-06
9640 -3.35698e-06
9650 -2.88687e-06
9660 -2.48617e-06
9670 -2.14451e-06
9680 -1.8578e-06
9690 -1.61751e-06
9700 -1.41859e-06
9710 -1.25569e-06
9720 -1.12242e-06
9730 -1.0161e-06
9740 -9.30247e-07
9750 -8.63248e-07
9760 -8.10449e-07
9770 -7.6938e-07
9780 -7.38613e-07
9790 -7.14093e-07
9800 -6.96906e-07
9810 -6.83096e-07
9820 -6.73308e-07
9830 -6.66517e-07
9840 -6.60512e-07
9850 -6.57694e-07
9860 -6.54257e-07
9870 -6.52717e-07
9880 -6.51632e-07
9890 -6.49967e-07
9900 -6.50381e-07
9910 -6.48975e-07
9920 -6.49262e-07
9930 -6.49111e-07
9940 -6.4832e-07
9950 -6.493e-07
9960 -6.48146e-07
9970 -6.48857e-07
9980 -6.4871e-07
9990 -6.48155e-07
10000 -6.48298e-07
10010 -6.48893e-07
10020 -6.48964e-07
10030 -6.48388e-07
10040 -6.48091e-07
10050 -6.48551e-07
10060 -6.4902e-07
10070 -6.48736e-07
10080 -6.48156e-07
10090 -6.48218e-07
10100 -6.48822e-07
10110 -6.48989e-07
10120 -6.48448e-07
10130 -6.48073e-07
10140 -6.48472e-07
10150 -6.49e-07
10160 -6.48802e-07
10170 -6.48198e-07
10180 -6.48165e-07
10190 -6.48757e-07
10200 -6.49017e-07
10210 -6.48524e-07
10220 -6.48074e-07
10230 -6.48395e-07
10240 -6.48969e-07
10250 -6.48867e-07
10260 -6.48254e-07
10270 -6.4812e-07
10280 -6.48683e-07
10290 -6.49034e-07
10300 -6.48605e-07
10310 -6.48089e-07
10320 -6.48319e-07
10330 -6.48925e-07
10340 -6.48928e-07
10350 -6.48322e-07
10360 -6.48085e-07
10370 -6.48601e-07
10380 -6.49037e-07
10390 -6.48689e-07
10400 -6.48118e-07
10410 -6.48245e-07
10420 -6.48866e-07
10430 -6.48979e-07
10440 -6.48401e-07
10450 -6.48064e-07
10460 -6.48512e-07
10470 -6.49024e-07
10480 -6.48773e-07
10490 -6.48164e-07
10500 -6.48178e-07
10510 -6.48794e-07
10520 -6.49019e-07
10530 -6.4849e-07
10540 -6.48059e-07
10550 -6.4842e-07
10560 -6.48993e-07
10570 -6.48855e-07
10580 -6.48226e-07
10590 -6.4812e-07
10600 -6.48708e-07
10610 -6.49044e-07
10620 -6.48586e-07
10630 -6.48071e-07
10640 -6.48328e-07
10650 -6.48944e-07
10660 -6.48928e-07
10670 -6.48305e-07
10680 -6.48077e-07
10690 -6.48612e-07
10700 -6.4905e-07
10710 -6.48686e-07
10720 -6.48104e-07
10730 -6.4824e-07
10740 -6.48876e-07
10750 -6.4899e-07
10760 -6.48398e-07
10770 -6.48051e-07
10780 -6.48508e-07
10790 -6.49035e-07
10800 -6.48785e-07
10810 -6.48159e-07
10820 -6.48162e-07
10830 -6.4879e-07
10840 -6.49035e-07
10850 -6.48503e-07
10860 -6.48047e-07
10870 -6.484e-07
10880 -6.48996e-07
10890 -6.48878e-07
10900 -6.48235e-07
10910 -6.48098e-07
10920 -6.48688e-07
10930 -6.49059e-07
10940 -6.48615e-07
10950 -6.48067e-07
10960 -6.48294e-07
10970 -6.48933e-07
10980 -6.4896e-07
10990 -6.48331e-07
11000 -6.48054e-07
11010 -6.48574e-07
11020 -6.49058e-07
11030 -6.4873e-07
11040 -6.48114e-07
11050 -6.48197e-07
11060 -6.48847e-07
11070 -6.49024e-07
11080 -6.48443e-07
11090 -6.48035e-07
11100 -6.48452e-07
11110 -6.49029e-07
11120 -6.48841e-07
11130 -6.48189e-07
11140 -6.48115e-07
11150 -6.48739e-07
11160 -6.49063e-07
11170 -6.48568e-07
11180 -6.48045e-07
11190 -6.48331e-07
11200 -6.48969e-07
11210 -6.4894e-07
11220 -6.48288e-07
11230 -6.48056e-07
11240 -6.48614e-07
11250 -6.49073e-07
11260 -6.48698e-07
11270 -6.48087e-07
11280 -6.48217e-07
11290 -6.4888e-07
11300 -6.49018e-07
11310 -6.4841e-07
11320 -6.48026e-07
11330 -6.4848e-07
11340 -6.49048e-07
11350 -6.48824e-07
11360 -6.48163e-07
11370 -6.4812e-07
11380 -6.48764e-07
11390 -6.49069e-07
11400 -6.48547e-07
11410 -6.48031e-07
11420 -6.48343e-07
11430 -6.48987e-07
11440 -6.48937e-07
11450 -6.48271e-07
11460 -6.4805e-07
11470 -6.48628e-07
11480 -6.49084e-07
11490 -6.48691e-07
11500 -6.48075e-07
11510 -6.48216e-07
11520 -6.48891e-07
11530 -6.49026e-07
11540 -6.48404e-07
11550 -6.48015e-07
11560 -6.48478e-07
11570 -6.49058e-07
11580 -6.48831e-07
11590 -6.48158e-07
11600 -6.48109e-07
11610 -6.48763e-07
11620 -6.49081e-07
11630 -6.48556e-07
11640 -6.48023e-07
11650 -6.48328e-07
11660 -6.48988e-07
11670 -6.48954e-07
11680 -6.48279e-07
11690 -6.48035e-07
11700 -6.4861e-07
11710 -6.49093e-07
11720 -6.48715e-07
11730 -6.48076e-07
11740 -6.4819e-07
11750 -6.48877e-07
11760 -6.49047e-07
11770 -6.48429e-07
11780 -6.48003e-07
11790 -6.48446e-07
11800 -6.49056e-07
11810 -6.48866e-07
11820 -6.48176e-07
11830 -6.4808e-07
11840 -6.48731e-07
11850 -6.49098e-07
11860 -6.48598e-07
11870 -6.48023e-07
11880 -6.48283e-07
11890 -6.48968e-07
11900 -6.48993e-07
11910 -6.48317e-07
11920 -6.48011e-07
11930 -6.48559e-07
11940 -6.49096e-07
11950 -6.4877e-07
11960 -6.48097e-07
11970 -6.48141e-07
11980 -6.48834e-07
11990 -6.4908e-07
12000 -6.48489e-07
12010 -6.47995e-07
12020 -6.48379e-07
12030 -6.49036e-07
12040 -6.48927e-07
12050 -6.48223e-07
12060 -6.48037e-07
12070 -6.48663e-07
12080 -6.49113e-07
12090 -6.48676e-07
12100 -6.4804e-07
12110 -6.48211e-07
12120 -6.48919e-07
12130 -6.49047e-07
12140 -6.48392e-07
12150 -6.47987e-07
12160 -6.48471e-07
12170 -6.49082e-07
12180 -6.48856e-07
12190 -6.48148e-07
12200 -6.48074e-07
12210 -6.48753e-07
12220 -6.49114e-07
12230 -6.48588e-07
12240 -6.48003e-07
12250 -6.48281e-07
12260 -6.48985e-07
12270 -6.49006e-07
12280 -6.4831e-07
12290 -6.47992e-07
12300 -6.48554e-07
12310 -6.49112e-07
12320 -6.48788e-07
12330 -6.4809e-07
12340 -6.48117e-07
12350 -6.48827e-07
12360 -6.49104e-07
12370 -6.48511e-07
12380 -6.4798e-07
12390 -6.48346e-07
12400 -6.49035e-07
12410 -6.48964e-07
12420 -6.48243e-07
12430 -6.48005e-07
12440 -6.48625e-07
12450 -6.4913e-07
12460 -6.48726e-07
12470 -6.48046e-07
12480 -6.48158e-07
12490 -6.48887e-07
12500 -6.4909e-07
12510 -6.48447e-07
12520 -6.47966e-07
12530 -6.48403e-07
12540 -6.49072e-07
12550 -6.48925e-07
12560 -6.48191e-07
12570 -6.4802e-07
12580 -6.48682e-07
12590 -6.4914e-07
12600 -6.48675e-07
12610 -6.48015e-07
12620 -6.48193e-07
12630 -6.48932e-07
12640 -6.49075e-07
12650 -6.48397e-07
12660 -6.47959e-07
12670 -6.48447e-07
12680 -6.49099e-07
12690 -6.48894e-07
12700 -6.48152e-07
12710 -6.48033e-07
12720 -6.48724e-07
12730 -6.49146e-07
12740 -6.48637e-07
12750 -6.47993e-07
12760 -6.4822e-07
12770 -6.48965e-07
12780 -6.49064e-07
12790 -6.48362e-07
12800 -6.47954e-07
12810 -6.48478e-07
12820 -6.49117e-07
12830 -6.48873e-07
12840 -6.48125e-07
12850 -6.48041e-07
12860 -6.48752e-07
12870 -6.49151e-07
12880 -6.48614e-07
12890 -6.47978e-07
12900 -6.48234e-07
12910 -6.48985e-07
12920 -6.4906e-07
12930 -6.48341e-07
12940 -6.47948e-07
12950 -6.48493e-07
12960 -6.4913e-07
12970 -6.48865e-07
12980 -6.48111e-07
12990 -6.4804e-07
13000 -6.48765e-07
13010 -6.49158e-07
13020 -6.48607e-07
13030 -6.47968e-07
13040 -6.48235e-07
13050 -6.48994e-07
13060 -6.49065e-07
13070 -6.48336e-07
13080 -6.4794e-07
13090 -6.48493e-07
13100 -6.49137e-07
13110 -6.48872e-07
13120 -6.48107e-07
13130 -6.48031e-07
13140 -6.48762e-07
13150 -6.49167e-07
13160 -6.48616e-07
13170 -6.47963e-07
13180 -6.48221e-07
13190 -6.48991e-07
13200 -6.4908e-07
13210 -6.48348e-07
13220 -6.4793e-07
13230 -6.48474e-07
13240 -6.49138e-07
13250 -6.48893e-07
13260 -6.48117e-07
13270 -6.48011e-07
13280 -6.48741e-07
13290 -6.49178e-07
13300 -6.48644e-07
13310 -6.47965e-07
13320 -6.48192e-07
13330 -6.48975e-07
13340 -6.49103e-07
13350 -6.48377e-07
13360 -6.47919e-07
13370 -6.48437e-07
13380 -6.49132e-07
13390 -6.4893e-07
13400 -6.48141e-07
13410 -6.47984e-07
13420 -6.48702e-07
13430 -6.49188e-07
13440 -6.48691e-07
13450 -6.47976e-07
13460 -6.48148e-07
13470 -6.48942e-07
13480 -6.49134e-07
13490 -6.48427e-07
13500 -6.4791e-07
13510 -6.4838e-07
13520 -6.49115e-07
13530 -6.48981e-07
13540 -6.48184e-07
13550 -6.47951e-07
13560 -6.48642e-07
13570 -6.49194e-07
13580 -6.48757e-07
13590 -6.48001e-07
13600 -6.48091e-07
13610 -6.48889e-07
13620 -6.49168e-07
13630 -6.48498e-07
13640 -6.47908e-07
13650 -6.48305e-07
13660 -6.49081e-07
13670 -6.49043e-07
13680 -6.48248e-07
13690 -6.47917e-07
13700 -6.48559e-07
13710 -6.4919e-07
13720 -6.4884e-07
13730 -6.48046e-07
13740 -6.48025e-07
13750 -6.48812e-07
13760 -6.492e-07
13770 -6.48593e-07
13780 -6.47921e-07
13790 -6.48214e-07
13800 -6.49024e-07
13810 -6.49111e-07
13820 -6.48339e-07
13830 -6.4789e-07
13840 -6.48453e-07
13850 -6.49167e-07
13860 -6.48939e-07
13870 -6.48117e-07
13880 -6.47957e-07
13890 -6.48706e-07
13900 -6.49219e-07
13910 -6.4871e-07
13920 -6.47957e-07
13930 -6.4811e-07
13940 -6.48937e-07
13950 -6.49175e-07
13960 -6.48459e-07
13970 -6.47882e-07
13980 -6.48325e-07
13990 -6.49114e-07
14000 -6.49045e-07
14010 -6.48221e-07
14020 -6.47899e-07
14030 -6.48571e-07
14040 -6.49213e-07
14050 -6.48847e-07
14060 -6.48028e-07
14070 -6.48005e-07
14080 -6.48814e-07
14090 -6.49223e-07
14100 -6.48609e-07
14110 -6.47905e-07
14120 -6.48183e-07
14130 -6.49022e-07
14140 -6.49146e-07
14150 -6.48365e-07
14160 -6.47865e-07
14170 -6.48408e-07
14180 -6.49169e-07
14190 -6.48992e-07
14200 -6.48144e-07
14210 -6.47913e-07
14220 -6.48651e-07
14230 -6.49238e-07
14240 -6.48783e-07
14250 -6.47974e-07
14260 -6.48039e-07
14270 -6.48881e-07
14280 -6.49223e-07
14290 -6.48547e-07
14300 -6.47875e-07
14310 -6.48227e-07
14320 -6.49071e-07
14330 -6.49128e-07
14340 -6.48311e-07
14350 -6.47855e-07
14360 -6.48452e-07
14370 -6.492e-07
14380 -6.48967e-07
14390 -6.48104e-07
14400 -6.47916e-07
14410 -6.48688e-07
14420 -6.49255e-07
14430 -6.48758e-07
14440 -6.47947e-07
14450 -6.48047e-07
14460 -6.48908e-07
14470 -6.49231e-07
14480 -6.48528e-07
14490 -6.47857e-07
14500 -6.48232e-07
14510 -6.49089e-07
14520 -6.49135e-07
14530 -6.483e-07
14540 -6.47841e-07
14550 -6.48451e-07
14560 -6.49212e-07
14570 -6.48978e-07
14580 -6.481e-07
14590 -6.47899e-07
14600 -6.48679e-07
14610 -6.49268e-07
14620 -6.48779e-07
14630 -6.47945e-07
14640 -6.48021e-07
14650 -6.48894e-07
14660 -6.49253e-07
14670 -6.48557e-07
14680 -6.47851e-07
14690 -6.48194e-07
14700 -6.49074e-07
14710 -6.4917e-07
14720 -6.48337e-07
14730 -6.47823e-07
14740 -6.48401e-07
14750 -6.49205e-07
14760 -6.4903e-07
14770 -6.48137e-07
14780 -6.47862e-07
14790 -6.48619e-07
14800 -6.49275e-07
14810 -6.48848e-07
14820 -6.47975e-07
14830 -6.47962e-07
14840 -6.48831e-07
14850 -6.49282e-07
14860 -6.48641e-07
14870 -6.47863e-07
14880 -6.48112e-07
14890 -6.49017e-07
14900 -6.49227e-07
14910 -6.48427e-07
14920 -6.4781e-07
14930 -6.48298e-07
14940 -6.49164e-07
14950 -6.49117e-07
14960 -6.48225e-07
14970 -6.47817e-07
14980 -6.48502e-07
14990 -6.49261e-07
15000 -6.48963e-07
15010 -6.4805e-07
15020 -6.47881e-07
15030 -6.48709e-07
15040 -6.49304e-07
15050 -6.48779e-07
15060 -6.47914e-07
15070 -6.47994e-07
15080 -6.48902e-07
15090 -6.4929e-07
15100 -6.4858e-07
15110 -6.47825e-07
15120 -6.48146e-07
15130 -6.49069e-07
15140 -6.49224e-07
15150 -6.48381e-07
15160 -6.47788e-07
15170 -6.48325e-07
15180 -6.49199e-07
15190 -6.49114e-07
15200 -6.48194e-07
15210 -6.47801e-07
15220 -6.48518e-07
15230 -6.49285e-07
15240 -6.48967e-07
15250 -6.48033e-07
15260 -6.47863e-07
15270 -6.4871e-07
15280 -6.49324e-07
15290 -6.48796e-07
15300 -6.47905e-07
15310 -6.47966e-07
15320 -6.48891e-07
15330 -6.49316e-07
15340 -6.48612e-07
15350 -6.47816e-07
15360 -6.48102e-07
15370 -6.4905e-07
15380 -6.49264e-07
15390 -6.48427e-07
15400 -6.47771e-07
15410 -6.48262e-07
15420 -6.4918e-07
15430 -6.49174e-07
15440 -6.48251e-07
15450 -6.47767e-07
15460 -6.48435e-07
15470 -6.49274e-07
15480 -6.49053e-07
15490 -6.48093e-07
15500 -6.47804e-07
15510 -6.48611e-07
15520 -6.49332e-07
15530 -6.48908e-07
15540 -6.47959e-07
15550 -6.47876e-07
15560 -6.48782e-07
15570 -6.49351e-07
15580 -6.48749e-07
15590 -6.47855e-07
15600 -6.47978e-07
15610 -6.4894e-07
15620 -6.49334e-07
15630 -6.48583e-07
15640 -6.47783e-07
15650 -6.48104e-07
15660 -6.49079e-07
15670 -6.49285e-07
15680 -6.48419e-07
15690 -6.47744e-07
15700 -6.48245e-07
15710 -6.49194e-07
15720 -6.49206e-07
15730 -6.48263e-07
15740 -6.47737e-07
15750 -6.48396e-07
15760 -6.49282e-07
15770 -6.49105e-07
15780 -6.4812e-07
15790 -6.4776e-07
15800 -6.4855e-07
15810 -6.49343e-07
15820 -6.48986e-07
15830 -6.47996e-07
15840 -6.4781e-07
15850 -6.487e-07
15860 -6.49376e-07
15870 -6.48855e-07
15880 -6.47892e-07
15890 -6.47882e-07
15900 -6.48842e-07
15910 -6.49382e-07
15920 -6.48718e-07
15930 -6.47811e-07
15940 -6.47973e-07
15950 -6.48972e-07
15960 -6.49364e-07
15970 -6.4858e-07
15980 -6.47752e-07
15990 -6.48077e-07
16000 -6.49088e-07
16010 -6.49325e-07
16020 -6.48445e-07
16030 -6.47715e-07
16040 -6.4819e-07
16050 -6.49187e-07
16060 -6.49268e-07
16070 -6.48315e-07
16080 -6.477e-07
16090 -6.48309e-07
16100 -6.49268e-07
16110 -6.49197e-07
16120 -6.48196e-07
16130 -6.47703e-07
16140 -6.48429e-07
16150 -6.49332e-07
16160 -6.49114e-07
16170 -6.48087e-07
16180 -6.47723e-07
16190 -6.48547e-07
16200 -6.49378e-07
16210 -6.49024e-07
16220 -6.4799e-07
16230 -6.47758e-07
16240 -6.48661e-07
16250 -6.49409e-07
16260 -6.48929e-07
16270 -6.47907e-07
16280 -6.47803e-07
16290 -6.48769e-07
16300 -6.49425e-07
16310 -6.48833e-07
16320 -6.47836e-07
16330 -6.47858e-07
16340 -6.48869e-07
16350 -6.49428e-07
16360 -6.48737e-07
16370 -6.47778e-07
16380 -6.47919e-07
16390 -6.4896e-07
16400 -6.49421e-07
16410 -6.48643e-07
16420 -6.47732e-07
16430 -6.47984e-07
16440 -6.49043e-07
16450 -6.49405e-07
16460 -6.48554e-07
16470 -6.47696e-07
16480 -6.4805e-07
16490 -6.49116e-07
16500 -6.49382e-07
16510 -6.4847e-07
16520 -6.4767e-07
16530 -6.48117e-07
16540 -6.4918e-07
16550 -6.49354e-07
16560 -6.48392e-07
16570 -6.47652e-07
16580 -6.48182e-07
16590 -6.49235e-07
16600 -6.49323e-07
16610 -6.4832e-07
16620 -6.4764e-07
16630 -6.48245e-07
16640 -6.49283e-07
16650 -6.49291e-07
16660 -6.48255e-07
16670 -6.47634e-07
16680 -6.48303e-07
16690 -6.49323e-07
16700 -6.49258e-07
16710 -6.48198e-07
16720 -6.47631e-07
16730 -6.48356e-07
16740 -6.49357e-07
16750 -6.49227e-07
16760 -6.48148e-07
16770 -6.47631e-07
16780 -6.48404e-07
16790 -6.49385e-07
16800 -6.49199e-07
16810 -6.48104e-07
16820 -6.47633e-07
16830 -6.48446e-07
16840 -6.49408e-07
16850 -6.49173e-07
16860 -6.48067e-07
16870 -6.47634e-07
16880 -6.48481e-07
16890 -6.49427e-07
16900 -6.49152e-07
16910 -6.48037e-07
16920 -6.47636e-07
16930 -6.48509e-07
16940 -6.49443e-07
16950 -6.49136e-07
16960 -6.48014e-07
16970 -6.47636e-07
16980 -6.4853e-07
16990 -6.49456e-07
17000 -6.49126e-07
17010 -6.47996e-07
17020 -6.47634e-07
17030 -6.48544e-07
17040 -6.49466e-07
17050 -6.49121e-07
17060 -6.47985e-07
17070 -6.4763e-07
17080 -6.48549e-07
17090 -6.49473e-07
17100 -6.49123e-07
17110 -6.4798e-07
17120 -6.47623e-07
17130 -6.48547e-07
17140 -6.49479e-07
17150 -6.49132e-07
17160 -6.47982e-07
17170 -6.47614e-07
17180 -6.48537e-07
17190 -6.49481e-07
17200 -6.49147e-07
17210 -6.47991e-07
17220 -6.47603e-07
17230 -6.48518e-07
17240 -6.49481e-07
17250 -6.49169e-07
17260 -6.48007e-07
17270 -6.47589e-07
17280 -6.4849e-07
17290 -6.49477e-07
17300 -6.49197e-07
17310 -6.48031e-07
17320 -6.47574e-07
17330 -6.48453e-07
17340 -6.49468e-07
17350 -6.49232e-07
17360 -6.48063e-07
17370 -6.47558e-07
17380 -6.48407e-07
17390 -6.49455e-07
17400 -6.49272e-07
17410 -6.48105e-07
17420 -6.47543e-07
17430 -6.48352e-07
17440 -6.49434e-07
17450 -6.49317e-07
17460 -6.48157e-07
17470 -6.47529e-07
17480 -6.48287e-07
17490 -6.49405e-07
17500 -6.49366e-07
17510 -6.4822e-07
17520 -6.47519e-07
17530 -6.48214e-07
17540 -6.49366e-07
17550 -6.49417e-07
17560 -6.48294e-07
17570 -6.47515e-07
17580 -6.48132e-07
17590 -6.49316e-07
17600 -6.49468e-07
17610 -6.4838e-07
17620 -6.47518e-07
17630 -6.48043e-07
17640 -6.49251e-07
17650 -6.49516e-07
17660 -6.48478e-07
17670 -6.4753e-07
17680 -6.47947e-07
17690 -6.4917e-07
17700 -6.49557e-07
17710 -6.48586e-07
17720 -6.47555e-07
17730 -6.47845e-07
17740 -6.49069e-07
17750 -6.49587e-07
17760 -6.48701e-07
17770 -6.47592e-07
17780 -6.47739e-07
17790 -6.48946e-07
17800 -6.49598e-07
17810 -6.48819e-07
17820 -6.4764e-07
17830 -6.47627e-07
17840 -6.48793e-07
17850 -6.4958e-07
17860 -6.4893e-07
17870 -6.47695e-07
17880 -6.47505e-07
17890 -6.48602e-07
17900 -6.49517e-07
17910 -6.49017e-07
17920 -6.47744e-07
17930 -6.47362e-07
17940 -6.48355e-07
17950 -6.49383e-07
17960 -6.49052e-07
17970 -6.47761e-07
17980 -6.47173e-07
17990 -6.4802e-07
18000 -6.49133e-07
18010 -6.48981e-07
18020 -6.47694e-07
18030 -6.46887e-07
18040 -6.47537e-07
18050 -6.48689e-07
18060 -6.48715e-07
18070 -6.47448e-07
18080 -6.46404e-07
18090 -6.4679e-07
18100 -6.47915e-07
18110 -6.48091e-07
18120 -6.46846e-07
18130 -6.45537e-07
18140 -6.45571e-07
18150 -6.46562e-07
18160 -6.46823e-07
18170 -6.4557e-07
18180 -6.43939e-07
18190 -6.43497e-07
18200 -6.44191e-07
18210 -6.44404e-07
18220 -6.43054e-07
18230 -6.4099e-07
18240 -6.39878e-07
18250 -6.4002e-07
18260 -6.39944e-07
18270 -6.38297e-07
18280 -6.35583e-07
18290 -6.33489e-07
18300 -6.32674e-07
18310 -6.31885e-07
18320 -6.2955e-07
18330 -6.25777e-07
18340 -6.22178e-07
18350 -6.19746e-07
18360 -6.17524e-07
18370 -6.13785e-07
18380 -6.08202e-07
18390 -6.02208e-07
18400 -5.97078e-07
18410 -5.92206e-07
18420 -5.85797e-07
18430 -5.77072e-07
18440 -5.67164e-07
18450 -5.57542e-07
18460 -5.4799e-07
18470 -5.36735e-07
18480 -5.22551e-07
18490 -5.06145e-07
18500 -4.89054e-07
18510 -4.71451e-07
18520 -4.51677e-07
18530 -4.28079e-07
18540 -4.00819e-07
18550 -3.7133e-07
18560 -3.40118e-07
18570 -3.05709e-07
18580 -2.66064e-07
18590 -2.20676e-07
18600 -1.70661e-07
18610 -1.16735e-07
18620 -5.76304e-08
18630 9.03557e-09
18640 8.45574e-08
18650 1.68397e-07
18660 2.59851e-07
18670 3.60025e-07
18680 4.71634e-07
18690 5.96885e-07
18700 7.36134e-07
18710 8.89019e-07
18720 1.05665e-06
18730 1.24213e-06
18740 1.44873e-06
18750 1.67809e-06
18760 1.93065e-06
18770 2.20787e-06
18780 2.5134e-06
18790 2.85182e-06
18800 3.22651e-06
18810 3.63937e-06
18820 4.09277e-06
18830 4.59131e-06
18840 5.14123e-06
18850 5.74826e-06
18860 6.41663e-06
18870 7.1505e-06
18880 7.95609e-06
18890 8.84194e-06
18900 9.81698e-06
18910 1.08889e-05
18920 1.20649e-05
18930 1.3354e-05
18940 1.47682e-05
18950 1.63205e-05
18960 1.80238e-05
18970 1.98902e-05
18980 2.19333e-05
18990 2.41698e-05
19000 2.6619e-05
19010 2.93009e-05
19020 3.2235e-05
19030 3.54419e-05
19040 3.89459e-05
19050 4.27749e-05
19060 4.69588e-05
19070 5.1528e-05
19080 5.6514e-05
19090 6.19522e-05
19100 6.78828e-05
19110 7.43498e-05
19120 8.13989e-05
19130 8.9078e-05
19140 9.74386e-05
19150 0.000106539
19160 0.000116442
19170 0.000127216
19180 0.000138931
19190 0.000151663
19200 0.000165496
19210 0.00018052
19220 0.000196833
19230 0.000214538
19240 0.000233746
19250 0.000254574
19260 0.000277153
19270 0.000301622
19280 0.000328129
19290 0.000356832
19300 0.0003879
19310 0.000421514
19320 0.000457872
19330 0.000497184
19340 0.000539673
19350 0.000585576
19360 0.000635149
19370 0.000688665
19380 0.000746418
19390 0.000808721
19400 0.000875904
19410 0.00094832
19420 0.00102635
19430 0.00111039
19440 0.00120089
19450 0.00129828
19460 0.00140307
19470 0.00151576
19480 0.00163691
19490 0.00176711
19500 0.00190697
19510 0.00205716
19520 0.00221837
19530 0.00239135
19540 0.0025769
19550 0.00277583
19560 0.00298905
19570 0.00321748
19580 0.00346212
19590 0.00372402
19600 0.00400428
19610 0.0043041
19620 0.00462469
19630 0.00496737
19640 0.00533353
19650 0.00572461
19660 0.00614216
19670 0.0065878
19680 0.00706322
19690 0.00757024
19700 0.00811073
19710 0.00868669
19720 0.0093002
19730 0.00995347
19740 0.0106488
19750 0.0113886
19760 0.0121754
19770 0.0130119
19780 0.0139009
19790 0.0148453
19800 0.0158482
19810 0.0169127
19820 0.0180422
19830 0.0192403
19840 0.0205106
19850 0.0218569
19860 0.0232832
19870 0.0247936
19880 0.0263926
19890 0.0280846
19900 0.0298744
19910 0.0317668
19920 0.033767
19930 0.0358803
19940 0.0381121
19950 0.0404682
19960 0.0429546
19970 0.0455773
19980 0.0483429
19990 0.0512579
20000 0.0543292
20010 0.0575638
20020 0.0609692
20030 0.0645528
20040 0.0683226
20050 0.0722866
20060 0.0764532
20070 0.0808309
20080 0.0854287
20090 0.0902557
20100 0.0953212
20110 0.100635
20120 0.106207
20130 0.112047
20140 0.118166
20150 0.124574
20160 0.131283
20170 0.138304
20180 0.145648
20190 0.153327
20200 0.161353
20210 0.169738
20220 0.178495
20230 0.187637
20240 0.197176
20250 0.207126
20260 0.2175
20270 0.228312
20280 0.239576
20290 0.251305
20300 0.263514
20310 0.276217
20320 0.289429
20330 0.303165
20340 0.317438
20350 0.332265
20360 0.347659
20370 0.363637
20380 0.380213
20390 0.397402
20400 0.415219
20410 0.43368
20420 0.4528
20430 0.472594
20440 0.493076
20450 0.514262
20460 0.536166
20470 0.558803
20480 0.582188
20490 0.606335
20500 0.631257
20510 0.656968
20520 0.683482
20530 0.710811
20540 0.738969
20550 0.767968
20560 0.797819
20570 0.828535
20580 0.860125
20590 0.8926
20600 0.925971
20610 0.960245
20620 0.995432
20630 1.03154
20640 1.06858
20650 1.10654
20660 1.14545
20670 1.18531
20680 1.22611
20690 1.26786
20700 1.31057
20710 1.35423
20720 1.39884
20730 1.44441
20740 1.49093
20750 1.5384
20760 1.58681
20770 1.63616
20780 1.68645
20790 1.73766
20800 1.78978
20810 1.84281
20820 1.89673
20830 1.95153
20840 2.0072
20850 2.06372
20860 2.12108
20870 2.17925
20880 2.23822
20890 2.29796
20900 2.35845
20910 2.41967
20920 2.4816
20930 2.5442
20940 2.60745
20950 2.67132
20960 2.73577
20970 2.80078
20980 2.86632
20990 2.93234
21000 2.99881
21010 3.06569
21020 3.13295
21030 3.20054
21040 3.26842
21050 3.33655
21060 3.40488
21070 3.47338
21080 3.54199
21090 3.61067
21100 3.67937
21110 3.74803
21120 3.81662
21130 3.88508
21140 3.95335
21150 4.02139
21160 4.08915
21170 4.15656
21180 4.22358
21190 4.29015
21200 4.35621
21210 4.42172
21220 4.48661
21230 4.55083
21240 4.61432
21250 4.67704
21260 4.73892
21270 4.7999
21280 4.85994
21290 4.91898
21300 4.97696
21310 5.03383
21320 5.08954
21330 5.14403
21340 5.19725
21350 5.24915
21360 5.29968
21370 5.3488
21380 5.39645
21390 5.44258
21400 5.48715
21410 5.53012
21420 5.57144
21430 5.61108
21440 5.64898
21450 5.68511
21460 5.71944
21470 5.75193
21480 5.78255
21490 5.81126
21500 5.83803
21510 5.86284
21520 5.88566
21530 5.90647
21540 5.92525
21550 5.94196
21560 5.95661
21570 5.96917
21580 5.97962
21590 5.98797
21600 5.99419
21610 5.99829
21620 6.00026
21630 6.00009
21640 5.99779
21650 5.99335
21660 5.9868
21670 5.97812
21680 5.96733
21690 5.95445
21700 5.93948
21710 5.92245
21720 5.90336
21730 5.88224
21740 5.85912
21750 5.83402
21760 5.80695
21770 5.77796
21780 5.74708
21790 5.71432
21800 5.67974
21810 5.64336
21820 5.60522
21830 5.56536
21840 5.52382
21850 5.48065
21860 5.43588
21870 5.38956
21880 5.34174
21890 5.29247
21900 5.24179
21910 5.18975
21920 5.1364
21930 5.08179
21940 5.02599
21950 4.96903
21960 4.91097
21970 4.85187
21980 4.79178
21990 4.73075
22000 4.66885
22010 4.60612
22020 4.54262
22030 4.4784
22040 4.41353
22050 4.34806
22060 4.28203
22070 4.21552
22080 4.14856
22090 4.08122
22100 4.01355
22110 3.94561
22120 3.87743
22130 3.80909
22140 3.74062
22150 3.67208
22160 3.60352
22170 3.53498
22180 3.46652
22190 3.39818
22200 3.33001
22210 3.26205
22220 3.19434
22230 3.12693
22240 3.05986
22250 2.99317
22260 2.92689
22270 2.86107
22280 2.79573
22290 2.73092
22300 2.66667
22310 2.60301
22320 2.53996
22330 2.47757
22340 2.41585
22350 2.35484
22360 2.29455
22370 2.23502
22380 2.17626
22390 2.11829
22400 2.06114
22410 2.00482
22420 1.94935
22430 1.89475
22440 1.84102
22450 1.78818
22460 1.73625
22470 1.68522
22480 1.63512
22490 1.58594
22500 1.5377
22510 1.4904
22520 1.44405
22530 1.39864
22540 1.35418
22550 1.31066
22560 1.2681
22570 1.22649
22580 1.18582
22590 1.1461
22600 1.10731
22610 1.06946
22620 1.03254
22630 0.99654
22640 0.961456
22650 0.927278
22660 0.894
22670 0.861611
22680 0.830102
22690 0.799463
22700 0.769683
22710 0.74075
22720 0.712653
22730 0.68538
22740 0.658917
22750 0.633252
22760 0.608372
22770 0.584263
22780 0.560912
22790 0.538303
22800 0.516423
22810 0.495258
22820 0.474793
22830 0.455012
22840 0.435902
22850 0.417446
22860 0.399631
22870 0.382442
22880 0.365862
22890 0.349878
22900 0.334474
22910 0.319635
22920 0.305347
22930 0.291595
22940 0.278363
22950 0.265639
22960 0.253406
22970 0.241652
22980 0.230362
22990 0.219521
23000 0.209117
23010 0.199136
23020 0.189564
23030 0.180389
23040 0.171598
23050 0.163177
23060 0.155115
23070 0.147399
23080 0.140017
23090 0.132959
23100 0.126211
23110 0.119764
23120 0.113606
23130 0.107727
23140 0.102116
23150 0.0967633
23160 0.0916588
23170 0.0867929
23180 0.0821564
23190 0.0777402
23200 0.0735355
23210 0.0695336
23220 0.0657264
23230 0.0621058
23240 0.058664
23250 0.0553934
23260 0.0522867
23270 0.0493368
23280 0.046537
23290 0.0438806
23300 0.0413613
23310 0.0389729
23320 0.0367095
23330 0.0345654
23340 0.032535
23350 0.0306132
23360 0.0287947
23370 0.0270747
23380 0.0254485
23390 0.0239115
23400 0.0224595
23410 0.0210882
23420 0.0197937
23430 0.0185721
23440 0.0174197
23450 0.0163331
23460 0.0153089
23470 0.0143439
23480 0.013435
23490 0.0125792
23500 0.0117739
23510 0.0110162
23520 0.0103036
23530 0.00963374
23540 0.00900426
23550 0.00841294
23560 0.00785769
23570 0.0073365
23580 0.00684748
23590 0.0063888
23600 0.00595876
23610 0.00555571
23620 0.00517809
23630 0.00482445
23640 0.00449337
23650 0.00418353
23660 0.00389369
23670 0.00362265
23680 0.00336929
23690 0.00313256
23700 0.00291143
23710 0.00270496
23720 0.00251224
23730 0.00233244
23740 0.00216473
23750 0.00200838
23760 0.00186265
23770 0.00172689
23780 0.00160046
23790 0.00148276
23800 0.00137324
23810 0.00127136
23820 0.00117662
23830 0.00108855
23840 0.00100672
23850 0.00093071
23860 0.000860129
23870 0.000794614
23880 0.000733827
23890 0.000677448
23900 0.000625179
23910 0.000576739
23920 0.000531865
23930 0.000490309
23940 0.000451838
23950 0.000416236
23960 0.000383299
23970 0.000352837
23980 0.000324675
23990 0.000298648
24000 0.000274606
24010 0.000252406
24020 0.000231917
24030 0.000213014
24040 0.000195582
24050 0.000179512
24060 0.000164703
24070 0.000151059
24080 0.000138491
24090 0.000126918
24100 0.000116263
24110 0.000106457
24120 9.74366e-05
24130 8.91421e-05
24140 8.15194e-05
24150 7.45184e-05
24160 6.80919e-05
24170 6.2196e-05
24180 5.67892e-05
24190 5.18325e-05
24200 4.72893e-05
24210 4.31253e-05
24220 3.93089e-05
24230 3.58109e-05
24240 3.26047e-05
24250 2.96663e-05
24260 2.69742e-05
24270 2.45089e-05
24280 2.22531e-05
24290 2.01909e-05
24300 1.83078e-05
24310 1.65901e-05
24320 1.50253e-05
24330 1.3601e-05
24340 1.23056e-05
24350 1.11278e-05
24360 1.00569e-05
24370 9.08266e-06
24380 8.19558e-06
24390 7.38684e-06
24400 6.64846e-06
24410 5.97334e-06
24420 5.35525e-06
24430 4.78885e-06
24440 4.26962e-06
24450 3.79377e-06
24460 3.35813e-06
24470 2.96005e-06
24480 2.59726e-06
24490 2.26779e-06
24500 1.96984e-06
24510 1.70169e-06
24520 1.46168e-06
24530 1.24814e-06
24540 1.05935e-06
24550 8.93552e-07
24560 7.48959e-07
24570 6.23758e-07
24580 5.16138e-07
24590 4.24315e-07
24600 3.46553e-07
24610 2.81193e-07
24620 2.26669e-07
24630 1.81524e-07
24640 1.44424e-07
24650 1.14161e-07
24660 8.96569e-08
24670 6.99604e-08
24680 5.42426e-08
24690 4.17896e-08
24700 3.1993e-08
24710 2.43401e-08
24720 1.84032e-08
24730 1.38289e-08
24740 1.03283e-08
24750 7.66724e-09
24760 5.65775e-09
24770 4.15016e-09
24780 3.02639e-09
24790 2.19405e-09
24800 1.58144e-09
24810 1.13336e-09
24820 8.07627e-10
24830 5.72276e-10
24840 4.03248e-10
24850 2.82574e-10
24860 1.96928e-10
24870 1.36495e-10
24880 9.40985e-11
24890 6.45241e-11
24900 4.40104e-11
24910 2.98608e-11
24920 2.01548e-11
24930 1.35333e-11
24940 9.04061e-12
24950 6.00863e-12
24960 3.97333e-12
24970 2.61428e-12
24980 1.71152e-12
24990 1.11497e-12
25000 7.22787e-13
25010 4.66271e-13
25020 2.99338e-13
25030 1.91247e-13
25040 1.21606e-13
25050 7.69574e-14
25060 4.8473e-14
25070 3.03889e-14
25080 1.8963e-14
25090 1.17786e-14
25100 7.28253e-15
25110 4.48216e-15
25120 2.74613e-15
25130 1.67492e-15
25140 1.017e-15
25150 6.14764e-16
25160 3.69974e-16
25170 2.21676e-16
25180 1.32239e-16
25190 7.85434e-17
25200 4.64488e-17
25210 2.73505e-17
25220 1.60359e-17
25230 9.36191e-18
25240 5.44242e-18
25250 3.15053e-18
25260 1.81614e-18
25270 1.04255e-18
25280 5.95983e-19
25290 3.3929e-19
25300 1.92361e-19
25310 1.08612e-19
25320 6.10751e-20
25330 3.42045e-20
25340 1.90784e-20
25350 1.05986e-20
25360 5.8642e-21
25370 3.23171e-21
25380 1.77389e-21
25390 9.69835e-22
25400 5.28145e-22
25410 2.86483e-22
25420 1.5479e-22
25430 8.3309e-23
25440 4.46634e-23
25450 2.38522e-23
25460 1.26891e-23
25470 6.72451e-24
25480 3.54999e-24
25490 1.86697e-24
25500 9.78124e-25
25510 5.10511e-25
25520 2.65446e-25
25530 1.37503e-25
25540 7.0961e-26
25550 3.64841e-26
25560 1.86882e-26
25570 9.53719e-27
25580 4.84914e-27
25590 2.45644e-27
25600 1.2398e-27
25610 6.2345e-28
25620 3.12367e-28
25630 1.55936e-28
25640 7.75619e-29
25650 3.84394e-29
25660 1.89818e-29
25670 9.3397e-30
25680 4.57898e-30
25690 2.23691e-30
25700 1.08887e-30
25710 5.28153e-31
25720 2.5527e-31
25730 1.22942e-31
25740 5.9002e-32
25750 2.82165e-32
25760 1.34466e-32
25770 6.38556e-33
25780 3.02181e-33
25790 1.42502e-33
25800 6.69673e-34
25810 3.13616e-34
25820 1.46362e-34
25830 6.80706e-35
25840 3.15496e-35
25850 1.45725e-35
25860 6.7079e-36
25870 3.07717e-36
25880 1.4068e-36
25890 6.40968e-37
25900 2.91047e-37
25910 1.31709e-37
25920 5.94016e-38
25930 2.67002e-38
25940 1.1961e-38
25950 5.34021e-39
25960 2.37625e-39
25970 1.05383e-39
25980 4.65799e-40
25990 2.052e-40
26000 9.00969e-41
26010 3.94275e-41
26020 1.71968e-41
26030 7.47581e-42
26040 3.23917e-42
26050 1.39887e-42
26060 6.02131e-43
26070 2.58331e-43
26080 1.10469e-43
26090 4.70846e-44
26100 2.00032e-44
26110 8.47037e-45
26120 3.57512e-45
26130 1.50407e-45
26140 6.30715e-46
26150 2.63628e-46
26160 1.09836e-46
26170 4.56138e-47
26180 1.88819e-47
26190 7.79108e-48
26200 3.20444e-48
26210 1.31375e-48
26220 5.36887e-49
26230 2.18707e-49
26240 8.88082e-50
26250 3.59467e-50
26260 1.45038e-50
26270 5.83339e-51
26280 2.33874e-51
26290 9.34684e-52
26300 3.72367e-52
26310 1.47878e-52
26320 5.85418e-53
26330 2.31024e-53
26340 9.08824e-54
26350 3.56398e-54
26360 1.39324e-54
26370 5.42945e-55
26380 2.10923e-55
26390 8.16828e-56
26400 3.15341e-56
26410 1.2136e-56
26420 4.65601e-57
26430 1.78074e-57
26440 6.78948e-58
26450 2.58061e-58
26460 9.77823e-59
26470 3.69362e-59
26480 1.39091e-59
26490 5.22157e-60
26500 1.95417e-60
26510 7.29093e-61
26520 2.71184e-61
26530 1.00556e-61
26540 3.71721e-62
26550 1.36991e-62
26560 5.03304e-63
26570 1.84348e-63
26580 6.73157e-64
26590 2.45055e-64
26600 8.89374e-65
26610 3.21794e-65
26620 1.16077e-65
26630 4.17437e-66
26640 1.49662e-66
26650 5.34948e-67
26660 1.9063e-67
26670 6.77252e-68
26680 2.39879e-68
26690 8.47066e-69
26700 2.98213e-69
26710 1.0467e-69
26720 3.66271e-70
26730 1.27782e-70
26740 4.44456e-71
26750 1.54126e-71
26760 5.32861e-72
26770 1.83673e-72
26780 6.31201e-73
26790 2.16264e-73
26800 7.38749e-74
26810 2.51597e-74
26820 8.54298e-75
26830 2.89209e-75
26840 9.76144e-76
26850 3.28485e-76
26860 1.10209e-76
26870 3.68656e-77
26880 1.2295e-77
26890 4.08825e-78
26900 1.35535e-78
26910 4.47992e-79
26920 1.47637e-79
26930 4.85095e-80
26940 1.58915e-80
26950 5.19056e-81
26960 1.69033e-81
26970 5.4883e-82
26980 1.77671e-82
26990 5.73462e-83
27000 1.84547e-83
27010 5.92135e-84
27020 1.8943e-84
27030 6.04215e-85
27040 1.92154e-85
27050 6.09289e-86
27060 1.92625e-86
27070 6.07184e-87
27080 1.9083e-87
27090 5.97984e-88
27100 1.86832e-88
27110 5.82015e-89
27120 1.80775e-89
27130 5.59836e-90
27140 1.72865e-90
27150 5.32198e-91
27160 1.63367e-91
27170 5.00008e-92
27180 1.52586e-92
27190 4.64275e-93
27200 1.40851e-93
27210 4.26062e-94
27220 1.28502e-94
27230 3.86433e-95
27240 1.15868e-95
27250 3.46404e-96
27260 1.03259e-96
27270 3.06904e-97
27280 9.09505e-98
27290 2.68743e-98
27300 7.91769e-99
27310 2.32589e-99
27320 6.81258e-100
27330 1.98959e-100
27340 5.79359e-101
27350 1.68215e-101
27360 4.8698e-102
27370 1.40569e-102
27380 4.04579e-103
27390 1.16104e-103
27400 3.32221e-104
27410 9.4785e-105
27420 2.69641e-105
27430 7.64834e-106
27440 2.16313e-106
27450 6.10004e-107
27460 1.71521e-107
27470 4.80883e-108
27480 1.3443e-108
27490 3.74704e-109
27500 1.0414e-109
27510 2.88591e-110
27520 7.97416e-111
27530 2.19697e-111
27540 6.03532e-112
27550 1.65316e-112
27560 4.51508e-113
27570 1.22957e-113
27580 3.33873e-114
27590 9.03954e-115
27600 2.44034e-115
27610 6.56888e-116
27620 1.76308e-116
27630 4.71836e-117
27640 1.25907e-117
27650 3.35001e-118
27660 8.88755e-119
27670 2.35103e-119
27680 6.20115e-120
27690 1.6309e-120
27700 4.27681e-121
27710 1.11829e-121
27720 2.91559e-122
27730 7.57946e-123
27740 1.96468e-123
27750 5.07789e-124
27760 1.30863e-124
27770 3.36269e-125
27780 8.61587e-126
27790 2.20116e-126
27800 5.60716e-127
27810 1.42421e-127
27820 3.60701e-128
27830 9.10875e-129
27840 2.29356e-129
27850 5.75841e-130
27860 1.44156e-130
27870 3.59837e-131
27880 8.95606e-132
27890 2.22263e-132
27900 5.49995e-133
27910 1.35703e-133
27920 3.33856e-134
27930 8.1897e-135
27940 2.00316e-135
27950 4.88545e-136
27960 1.18804e-136
27970 2.8807e-137
27980 6.96471e-138
27990 1.67898e-138
28000 4.0358e-139
28010 9.67276e-140
28020 2.31158e-140
28030 5.50817e-141
28040 1.30871e-141
28050 3.10039e-142
28060 7.32366e-143
28070 1.72495e-143
28080 4.05101e-144
28090 9.48607e-145
28100 2.21486e-145
28110 5.15637e-146
28120 1.19695e-146
28130 2.77043e-147
28140 6.39371e-148
28150 1.47128e-148
28160 3.37577e-149
28170 7.72298e-150
28180 1.7617e-150
28190 4.00696e-151
28200 9.08725e-152
28210 2.05487e-152
28220 4.63307e-153
28230 1.04157e-153
28240 2.33475e-154
28250 5.21826e-155
28260 1.1629e-155
28270 2.58401e-156
28280 5.72502e-157
28290 1.26471e-157
28300 2.78572e-158
28310 6.11807e-159
28320 1.33975e-159
28330 2.92523e-160
28340 6.36837e-161
28350 1.38238e-161
28360 2.99194e-162
28370 6.45668e-163
28380 1.38929e-163
28390 2.98061e-164
28400 6.37596e-165
28410 1.35992e-165
28420 2.89206e-166
28430 6.13236e-167
28440 1.29651e-167
28450 2.73304e-168
28460 5.74438e-169
28470 1.20383e-169
28480 2.51542e-170
28490 5.2406e-171
28500 1.08861e-171
28510 2.2547e-172
28520 4.65615e-173
28530 9.58708e-174
28540 1.96819e-174
28550 4.02873e-175
28560 8.22224e-176
28570 1.67314e-176
28580 3.39463e-177
28590 6.86707e-178
28600 1.38506e-178
28610 2.78538e-179
28620 5.58491e-180
28630 1.11651e-180
28640 2.2255e-181
28650 4.42291e-182
28660 8.764e-183
28670 1.73145e-183
28680 3.41061e-184
28690 6.69834e-185
28700 1.31164e-185
28710 2.56078e-186
28720 4.98474e-187
28730 9.67438e-188
28740 1.87203e-188
28750 3.61171e-189
28760 6.94736e-190
28770 1.3324e-190
28780 2.54776e-191
28790 4.85722e-192
28800 9.23257e-193
28810 1.7497e-193
28820 3.30604e-194
28830 6.22811e-195
28840 1.16979e-195
28850 2.19059e-196
28860 4.08994e-197
28870 7.61331e-198
28880 1.41296e-198
28890 2.61448e-199
28900 4.82326e-200
28910 8.87142e-201
28920 1.62683e-201
28930 2.97433e-202
28940 5.42164e-203
28950 9.85297e-204
28960 1.78524e-204
28970 3.22494e-205
28980 5.80815e-206
28990 1.04291e-206
29000 1.867e-207
29010 3.33221e-208
29020 5.92939e-209
29030 1.0519e-209
29040 1.8605e-210
29050 3.28073e-211
29060 5.76761e-212
29070 1.0109e-212
29080 1.76645e-213
29090 3.07737e-214
29100 5.3449e-215
29110 9.25509e-216
29120 1.59773e-216
29130 2.74982e-217
29140 4.71828e-218
29150 8.07126e-219
29160 1.3765e-219
29170 2.34038e-220
29180 3.96707e-221
29190 6.70392e-222
29200 1.12943e-222
29210 1.89699e-223
29220 3.17643e-224
29230 5.30253e-225
29240 8.82463e-226
29250 1.46412e-226
29260 2.42173e-227
29270 3.99338e-228
29280 6.56478e-229
29290 1.07588e-229
29300 1.7578e-230
29310 2.8631e-231
29320 4.64906e-232
29330 7.5258e-233
29340 1.21451e-233
29350 1.95391e-234
29360 3.13375e-235
29370 5.01049e-236
29380 7.98638e-237
29390 1.26903e-237
29400 2.01024e-238
29410 3.17449e-239
29420 4.99747e-240
29430 7.84285e-241
29440 1.227e-241
29450 1.91365e-242
29460 2.97527e-243
29470 4.61141e-244
29480 7.12497e-245
29490 1.09742e-245
29500 1.68502e-246
29510 2.57914e-247
29520 3.93536e-248
29530 5.98589e-249
29540 9.07631e-250
29550 1.3719e-250
29560 2.06715e-251
29570 3.10492e-252
29580 4.64901e-253
29590 6.93903e-254
29600 1.03244e-254
29610 1.53129e-255
29620 2.264e-256
29630 3.33671e-257
29640 4.9021e-258
29650 7.17907e-259
29660 1.04803e-259
29670 1.5251e-260
29680 2.21228e-261
29690 3.19887e-262
29700 4.61071e-263
29710 6.62449e-264
29720 9.48744e-265
29730 1.35443e-265
29740 1.92739e-266
29750 2.73397e-267
29760 3.86564e-268
29770 5.44822e-269
29780 7.65405e-270
29790 1.07184e-270
29800 1.49612e-271
29810 2.08163e-272
29820 2.88694e-273
29830 3.99086e-274
29840 5.49908e-275
29850 7.55277e-276
29860 1.03398e-276
29870 1.41095e-277
29880 1.91909e-278
29890 2.60175e-279
29900 3.51579e-280
29910 4.73546e-281
29920 6.35745e-282
29930 8.50715e-283
29940 1.13465e-283
29950 1.50841e-284
29960 1.99812e-285
29970 2.59413e-286
29980 0
