-10 0
0 -4.9183e-15
10 -8.86597e-15
20 -2.03071e-15
30 -3.81166e-15
40 -9.0111e-15
50 -3.97961e-16
60 -6.39637e-15
70 -3.19722e-15
80 5.53159e-17
90 1.62851e-15
100 3.84134e-15
110 5.42637e-15
120 5.20345e-15
130 4.42495e-15
140 4.40252e-15
150 9.19439e-15
160 1.3368e-14
170 1.37121e-14
180 1.83587e-14
190 2.0481e-14
200 1.93638e-14
210 2.31888e-14
220 1.75121e-14
230 2.97255e-14
240 3.41168e-14
250 3.06962e-14
260 3.23051e-14
270 3.728e-14
280 3.45523e-14
290 3.52923e-14
300 3.63098e-14
310 3.56591e-14
320 4.0033e-14
330 4.33652e-14
340 4.37164e-14
350 4.72878e-14
360 4.80437e-14
370 4.33055e-14
380 4.21141e-14
390 3.94314e-14
400 4.64371e-14
410 4.79804e-14
420 5.20793e-14
430 5.17771e-14
440 4.79507e-14
450 5.18806e-14
460 5.66069e-14
470 6.35486e-14
480 6.43063e-14
490 6.5131e-14
500 6.74003e-14
510 6.40773e-14
520 6.46943e-14
530 7.20015e-14
540 7.19314e-14
550 7.65648e-14
560 8.01791e-14
570 7.56537e-14
580 7.62881e-14
590 7.60512e-14
600 7.13396e-14
610 7.52448e-14
620 8.06399e-14
630 7.13469e-14
640 8.02682e-14
650 7.04486e-14
660 7.99046e-14
670 8.16146e-14
680 7.95867e-14
690 8.09197e-14
700 7.80382e-14
710 8.84707e-14
720 9.00926e-14
730 8.48428e-14
740 8.34986e-14
750 8.403e-14
760 7.69012e-14
770 7.55067e-14
780 7.45279e-14
790 7.25414e-14
800 7.16501e-14
810 6.55837e-14
820 7.46579e-14
830 7.08909e-14
840 7.817e-14
850 8.07038e-14
860 7.35097e-14
870 7.46218e-14
880 8.65276e-14
890 8.10231e-14
900 7.69927e-14
910 7.72835e-14
920 7.17135e-14
930 7.44351e-14
940 7.11553e-14
950 7.56476e-14
960 6.78028e-14
970 6.92558e-14
980 6.81631e-14
990 6.67993e-14
1000 6.90933e-14
1010 7.09463e-14
1020 6.90789e-14
1030 6.51391e-14
1040 6.32323e-14
1050 5.79903e-14
1060 5.56033e-14
1070 5.65688e-14
1080 5.4425e-14
1090 5.47035e-14
1100 5.27549e-14
1110 5.43456e-14
1120 5.57928e-14
1130 5.5406e-14
1140 6.52789e-14
1150 5.87571e-14
1160 6.40636e-14
1170 6.09651e-14
1180 6.32558e-14
1190 6.67414e-14
1200 6.43254e-14
1210 6.40788e-14
1220 5.71865e-14
1230 6.30276e-14
1240 5.84972e-14
1250 6.33136e-14
1260 6.8492e-14
1270 6.00324e-14
1280 6.69243e-14
1290 6.21731e-14
1300 7.04957e-14
1310 6.57214e-14
1320 6.88473e-14
1330 6.10112e-14
1340 5.69472e-14
1350 5.58243e-14
1360 5.29544e-14
1370 5.82346e-14
1380 5.64494e-14
1390 6.21108e-14
1400 5.87527e-14
1410 6.07578e-14
1420 6.2805e-14
1430 5.90064e-14
1440 5.46047e-14
1450 4.97645e-14
1460 5.30284e-14
1470 4.57892e-14
1480 4.41443e-14
1490 4.04276e-14
1500 3.16409e-14
1510 2.98058e-14
1520 1.94747e-14
1530 9.97095e-15
1540 -1.6077e-14
1550 -4.02962e-14
1560 -8.05401e-14
1570 -1.53777e-13
1580 -2.61246e-13
1590 -4.23283e-13
1600 -6.77775e-13
1610 -1.07356e-12
1620 -1.67147e-12
1630 -2.5877e-12
1640 -3.98245e-12
1650 -6.09593e-12
1660 -9.27716e-12
1670 -1.40708e-11
1680 -2.12655e-11
1690 -3.2035e-11
1700 -4.80809e-11
1710 -7.19411e-11
1720 -1.07289e-10
1730 -1.59506e-10
1740 -2.36367e-10
1750 -3.49162e-10
1760 -5.14148e-10
1770 -7.54697e-10
1780 -1.1043e-09
1790 -1.6107e-09
1800 -2.34183e-09
1810 -3.39399e-09
1820 -4.90311e-09
1830 -7.06053e-09
1840 -1.01345e-08
1850 -1.44997e-08
1860 -2.0678e-08
1870 -2.93929e-08
1880 -4.16445e-08
1890 -5.88096e-08
1900 -8.27772e-08
1910 -1.16129e-07
1920 -1.62379e-07
1930 -2.26296e-07
1940 -3.14323e-07
1950 -4.35133e-07
1960 -6.00357e-07
1970 -8.25531e-07
1980 -1.13133e-06
1990 -1.54515e-06
2000 -2.10317e-06
2010 -2.85293e-06
2020 -3.85674e-06
2030 -5.19581e-06
2040 -6.97567e-06
2050 -9.33281e-06
2060 -1.2443e-05
2070 -1.65319e-05
2080 -2.18875e-05
2090 -2.88763e-05
2100 -3.79621e-05
2110 -4.973e-05
2120 -6.49142e-05
2130 -8.44322e-05
2140 -0.000109425
2150 -0.000141306
2160 -0.000181816
2170 -0.000233091
2180 -0.000297739
2190 -0.000378925
2200 -0.000480478
2210 -0.000607002
2220 -0.000764003
2230 -0.000958038
2240 -0.00119686
2250 -0.00148962
2260 -0.001847
2270 -0.00228146
2280 -0.00280741
2290 -0.00344142
2300 -0.00420244
2310 -0.00511198
2320 -0.00619432
2330 -0.00747665
2340 -0.00898922
2350 -0.0107654
2360 -0.0128417
2370 -0.0152578
2380 -0.0180564
2390 -0.0212828
2400 -0.024985
2410 -0.0292128
2420 -0.0340174
2430 -0.0394506
2440 -0.0455642
2450 -0.0524084
2460 -0.0600311
2470 -0.0684763
2480 -0.0777827
2490 -0.0879824
2500 -0.0990987
2510 -0.111145
2520 -0.124123
2530 -0.13802
2540 -0.15281
2550 -0.16845
2560 -0.184879
2570 -0.202017
2580 -0.219769
2590 -0.238017
2600 -0.256627
2610 -0.275447
2620 -0.294309
2630 -0.313029
2640 -0.331415
2650 -0.349261
2660 -0.366361
2670 -0.382502
2680 -0.397477
2690 -0.411084
2700 -0.423132
2710 -0.433444
2720 -0.441865
2730 -0.448259
2740 -0.45252
2750 -0.45457
2760 -0.454363
2770 -0.451885
2780 -0.447158
2790 -0.440235
2800 -0.431205
2810 -0.420184
2820 -0.407321
2830 -0.392787
2840 -0.376775
2850 -0.359495
2860 -0.341171
2870 -0.322032
2880 -0.302312
2890 -0.282242
2900 -0.262044
2910 -0.241933
2920 -0.222106
2930 -0.202745
2940 -0.18401
2950 -0.166038
2960 -0.148947
2970 -0.132826
2980 -0.117744
2990 -0.103746
3000 -0.0908569
3010 -0.0790805
3020 -0.0684034
3030 -0.058797
3040 -0.0502193
3050 -0.0426182
3060 -0.0359333
3070 -0.0300984
3080 -0.0250439
3090 -0.0206984
3100 -0.0169908
3110 -0.0138515
3120 -0.0112136
3130 -0.00901414
3140 -0.00719432
3150 -0.00570034
3160 -0.00448347
3170 -0.00350013
3180 -0.00271185
3190 -0.002085
3200 -0.00159059
3210 -0.00120384
3220 -0.000903821
3230 -0.00067304
3240 -0.000497033
3250 -0.000363959
3260 -0.000264227
3270 -0.000190148
3280 -0.000135619
3290 -9.58499e-05
3300 -6.71155e-05
3310 -4.65512e-05
3320 -3.19762e-05
3330 -2.17479e-05
3340 -1.4642e-05
3350 -9.75598e-06
3360 -6.43157e-06
3370 -4.1939e-06
3380 -2.70423e-06
3390 -1.72368e-06
3400 -1.0857e-06
3410 -6.75518e-07
3420 -4.15019e-07
3430 -2.51659e-07
3440 -1.50543e-07
3450 -8.87949e-08
3460 -5.16108e-08
3470 -2.95419e-08
3480 -1.66406e-08
3490 -9.21686e-09
3500 -5.01507e-09
3510 -2.67789e-09
3520 -1.40151e-09
3530 -7.17884e-10
3540 -3.59279e-10
3550 -1.75301e-10
3560 -8.31669e-11
3570 -3.82429e-11
3580 -1.69581e-11
3590 -7.20875e-12
3600 -2.90573e-12
3610 -1.09578e-12
3620 -3.72983e-13
3630 -1.0389e-13
3640 -1.85928e-14
3650 1.03687e-14
3660 1.10737e-14
3670 1.65143e-14
3680 1.20762e-14
3690 1.66505e-14
3700 1.36407e-14
3710 1.44595e-14
3720 1.72791e-14
3730 2.04984e-14
3740 2.01526e-14
3750 2.19393e-14
3760 2.05493e-14
3770 2.30303e-14
3780 2.64247e-14
3790 2.95008e-14
3800 2.63052e-14
3810 1.95834e-14
3820 2.42147e-14
3830 2.04719e-14
3840 2.04825e-14
3850 2.21566e-14
3860 1.36741e-14
3870 1.74749e-14
3880 1.49773e-14
3890 1.41916e-14
3900 1.17225e-14
3910 5.96098e-15
3920 1.45011e-14
3930 9.75502e-15
3940 1.60457e-14
3950 2.14759e-14
3960 3.13032e-14
3970 2.72404e-14
3980 3.01414e-14
3990 2.91618e-14
4000 3.5601e-14
4010 3.48427e-14
4020 3.94489e-14
4030 3.69481e-14
4040 3.22186e-14
4050 3.53556e-14
4060 3.0538e-14
4070 3.03989e-14
4080 2.86384e-14
4090 3.12705e-14
4100 2.70986e-14
4110 2.64136e-14
4120 3.25861e-14
4130 3.75545e-14
4140 3.55916e-14
4150 3.5802e-14
4160 3.71105e-14
4170 3.98398e-14
4180 4.418e-14
4190 5.16029e-14
4200 5.26898e-14
4210 4.95539e-14
4220 5.63213e-14
4230 5.39307e-14
4240 5.98562e-14
4250 6.56236e-14
4260 6.22427e-14
4270 6.97056e-14
4280 6.19076e-14
4290 6.62254e-14
4300 6.73828e-14
4310 7.0842e-14
4320 7.52804e-14
4330 8.47421e-14
4340 7.80892e-14
4350 7.79856e-14
4360 7.84539e-14
4370 7.52713e-14
4380 7.2736e-14
4390 7.39285e-14
4400 7.56733e-14
4410 7.29213e-14
4420 7.5895e-14
4430 6.86988e-14
4440 6.12664e-14
4450 6.0042e-14
4460 5.79295e-14
4470 5.55657e-14
4480 5.7901e-14
4490 6.4495e-14
4500 6.46585e-14
4510 7.53837e-14
4520 7.18267e-14
4530 7.11732e-14
4540 6.73457e-14
4550 6.67476e-14
4560 6.31397e-14
4570 6.25014e-14
4580 5.8087e-14
4590 6.41622e-14
4600 5.85128e-14
4610 6.57525e-14
4620 5.48365e-14
4630 5.73497e-14
4640 5.25643e-14
4650 4.84676e-14
4660 4.5291e-14
4670 4.23618e-14
4680 4.31871e-14
4690 3.78983e-14
4700 3.3063e-14
4710 3.37334e-14
4720 3.13132e-14
4730 3.33596e-14
4740 3.20359e-14
4750 3.15787e-14
4760 2.76079e-14
4770 2.96397e-14
4780 2.83587e-14
4790 3.16044e-14
4800 2.76247e-14
4810 3.14502e-14
4820 3.33746e-14
4830 3.91501e-14
4840 4.44205e-14
4850 4.11715e-14
4860 3.96881e-14
4870 3.38188e-14
4880 3.44713e-14
4890 3.86145e-14
4900 2.8722e-14
4910 3.19377e-14
4920 3.56144e-14
4930 3.11776e-14
4940 3.08709e-14
4950 2.89248e-14
4960 3.47229e-14
4970 3.61248e-14
4980 3.22894e-14
4990 3.35276e-14
5000 3.58162e-14
5010 3.65227e-14
5020 4.05221e-14
5030 4.17347e-14
5040 4.66924e-14
5050 4.56853e-14
5060 4.25975e-14
5070 4.76199e-14
5080 4.08236e-14
5090 4.9114e-14
5100 4.79425e-14
5110 4.42924e-14
5120 4.24727e-14
5130 3.85055e-14
5140 3.49343e-14
5150 3.56188e-14
5160 2.97552e-14
5170 2.51081e-14
5180 2.55293e-14
5190 2.94828e-14
5200 2.89475e-14
5210 3.27266e-14
5220 3.24329e-14
5230 3.81768e-14
5240 3.62885e-14
5250 4.47481e-14
5260 3.63292e-14
5270 3.25675e-14
5280 3.03549e-14
5290 3.29052e-14
5300 3.02005e-14
5310 2.47099e-14
5320 2.59776e-14
5330 2.55641e-14
5340 2.5897e-14
5350 2.43846e-14
5360 2.46433e-14
5370 2.86882e-14
5380 2.82374e-14
5390 3.32541e-14
5400 2.85984e-14
5410 3.27087e-14
5420 3.42157e-14
5430 3.48091e-14
5440 3.06396e-14
5450 3.99664e-14
5460 3.42464e-14
5470 3.38059e-14
5480 3.18848e-14
5490 3.04403e-14
5500 4.33792e-14
5510 4.73004e-14
5520 4.29106e-14
5530 4.56096e-14
5540 4.28735e-14
5550 4.13613e-14
5560 4.26746e-14
5570 4.55068e-14
5580 5.01482e-14
5590 4.82873e-14
5600 4.68418e-14
5610 4.34978e-14
5620 4.96229e-14
5630 4.85216e-14
5640 5.26007e-14
5650 4.46555e-14
5660 4.87825e-14
5670 4.73937e-14
5680 4.44787e-14
5690 4.86937e-14
5700 4.98409e-14
5710 5.57273e-14
5720 5.41356e-14
5730 5.533e-14
5740 5.3441e-14
5750 5.27277e-14
5760 4.80063e-14
5770 5.13218e-14
5780 5.21788e-14
5790 4.67394e-14
5800 4.60956e-14
5810 5.36147e-14
5820 5.56494e-14
5830 5.36858e-14
5840 5.41316e-14
5850 5.13397e-14
5860 5.57957e-14
5870 5.50045e-14
5880 4.88218e-14
5890 5.34919e-14
5900 5.20321e-14
5910 5.76834e-14
5920 5.4839e-14
5930 6.07134e-14
5940 5.69506e-14
5950 5.46586e-14
5960 5.37307e-14
5970 5.10319e-14
5980 5.74391e-14
5990 5.59632e-14
6000 6.09898e-14
6010 5.15533e-14
6020 5.81073e-14
6030 5.05752e-14
6040 4.90484e-14
6050 5.01179e-14
6060 5.60322e-14
6070 5.70631e-14
6080 5.47719e-14
6090 5.9508e-14
6100 5.97372e-14
6110 6.13529e-14
6120 6.09893e-14
6130 5.68429e-14
6140 6.46336e-14
6150 6.68521e-14
6160 6.77741e-14
6170 6.74784e-14
6180 6.12163e-14
6190 6.65039e-14
6200 6.47125e-14
6210 6.79311e-14
6220 5.93523e-14
6230 5.23418e-14
6240 5.37867e-14
6250 5.75249e-14
6260 5.57675e-14
6270 5.62082e-14
6280 4.92711e-14
6290 4.84161e-14
6300 4.96794e-14
6310 5.08687e-14
6320 5.42356e-14
6330 4.86851e-14
6340 2.2751e-14
6350 -6.56175e-14
6360 -3.29987e-13
6370 -1.06269e-12
6380 -2.87214e-12
6390 -7.17581e-12
6400 -1.69336e-11
6410 -3.82154e-11
6420 -8.31527e-11
6430 -1.75277e-10
6440 -3.59251e-10
6450 -7.17865e-10
6460 -1.40148e-09
6470 -2.67786e-09
6480 -5.01504e-09
6490 -9.21683e-09
6500 -1.66406e-08
6510 -2.95419e-08
6520 -5.16107e-08
6530 -8.87949e-08
6540 -1.50543e-07
6550 -2.51659e-07
6560 -4.15019e-07
6570 -6.75518e-07
6580 -1.0857e-06
6590 -1.72368e-06
6600 -2.70423e-06
6610 -4.1939e-06
6620 -6.43157e-06
6630 -9.75598e-06
6640 -1.4642e-05
6650 -2.17479e-05
6660 -3.19762e-05
6670 -4.65512e-05
6680 -6.71155e-05
6690 -9.58499e-05
6700 -0.000135619
6710 -0.000190148
6720 -0.000264227
6730 -0.000363959
6740 -0.000497033
6750 -0.00067304
6760 -0.000903821
6770 -0.00120384
6780 -0.00159059
6790 -0.002085
6800 -0.00271185
6810 -0.00350013
6820 -0.00448347
6830 -0.00570034
6840 -0.00719432
6850 -0.00901414
6860 -0.0112136
6870 -0.0138515
6880 -0.0169908
6890 -0.0206984
6900 -0.0250439
6910 -0.0300984
6920 -0.0359333
6930 -0.0426182
6940 -0.0502193
6950 -0.058797
6960 -0.0684034
6970 -0.0790805
6980 -0.0908569
6990 -0.103746
7000 -0.117744
7010 -0.132826
7020 -0.148947
7030 -0.166038
7040 -0.18401
7050 -0.202745
7060 -0.222106
7070 -0.241933
7080 -0.262044
7090 -0.282242
7100 -0.302312
7110 -0.322032
7120 -0.341171
7130 -0.359495
7140 -0.376775
7150 -0.392787
7160 -0.407321
7170 -0.420184
7180 -0.431205
7190 -0.440235
7200 -0.447158
7210 -0.451885
7220 -0.454363
7230 -0.45457
7240 -0.45252
7250 -0.448259
7260 -0.441865
7270 -0.433444
7280 -0.423132
7290 -0.411084
7300 -0.397477
7310 -0.382502
7320 -0.366361
7330 -0.349261
7340 -0.331415
7350 -0.313029
7360 -0.294309
7370 -0.275447
7380 -0.256627
7390 -0.238017
7400 -0.219769
7410 -0.202017
7420 -0.184879
7430 -0.16845
7440 -0.15281
7450 -0.13802
7460 -0.124123
7470 -0.111145
7480 -0.0990987
7490 -0.0879824
7500 -0.0777827
7510 -0.0684763
7520 -0.0600311
7530 -0.0524084
7540 -0.0455642
7550 -0.0394506
7560 -0.0340174
7570 -0.0292128
7580 -0.024985
7590 -0.0212828
7600 -0.0180564
7610 -0.0152578
7620 -0.0128417
7630 -0.0107654
7640 -0.00898922
7650 -0.00747665
7660 -0.00619432
7670 -0.00511198
7680 -0.00420244
7690 -0.00344142
7700 -0.00280741
7710 -0.00228146
7720 -0.001847
7730 -0.00148962
7740 -0.00119686
7750 -0.000958038
7760 -0.000764003
7770 -0.000607002
7780 -0.000480478
7790 -0.000378925
7800 -0.000297739
7810 -0.000233091
7820 -0.000181816
7830 -0.000141306
7840 -0.000109425
7850 -8.44322e-05
7860 -6.49142e-05
7870 -4.973e-05
7880 -3.79621e-05
7890 -2.88763e-05
7900 -2.18875e-05
7910 -1.65319e-05
7920 -1.2443e-05
7930 -9.33281e-06
7940 -6.97567e-06
7950 -5.19581e-06
7960 -3.85674e-06
7970 -2.85293e-06
7980 -2.10317e-06
7990 -1.54515e-06
8000 -1.13133e-06
8010 -8.25531e-07
8020 -6.00357e-07
8030 -4.35133e-07
8040 -3.14323e-07
8050 -2.26296e-07
8060 -1.62379e-07
8070 -1.16129e-07
8080 -8.27772e-08
8090 -5.88097e-08
8100 -4.16445e-08
8110 -2.9393e-08
8120 -2.06781e-08
8130 -1.44998e-08
8140 -1.01345e-08
8150 -7.06057e-09
8160 -4.90315e-09
8170 -3.39402e-09
8180 -2.34187e-09
8190 -1.61073e-09
8200 -1.10434e-09
8210 -7.54741e-10
8220 -5.14184e-10
8230 -3.49207e-10
8240 -2.36407e-10
8250 -1.59549e-10
8260 -1.07336e-10
8270 -7.19849e-11
8280 -4.81306e-11
8290 -3.20826e-11
8300 -2.13171e-11
8310 -1.41211e-11
8320 -9.32529e-12
8330 -6.14624e-12
8340 -4.03505e-12
8350 -2.63861e-12
8360 -1.72754e-12
8370 -1.117e-12
8380 -7.24547e-13
8390 -4.65661e-13
8400 -3.01973e-13
8410 -1.91093e-13
8420 -1.27393e-13
8430 -8.20428e-14
8440 -6.03588e-14
8450 -3.89322e-14
8460 -2.56364e-14
8470 -2.2241e-14
8480 -1.81983e-14
8490 -1.21445e-14
8500 -1.09376e-14
8510 -8.75359e-15
8520 -8.17835e-15
8530 -6.51402e-15
8540 -1.81182e-14
8550 -1.16166e-14
8560 -1.08004e-14
8570 -1.09849e-14
8580 -1.71534e-14
8590 -1.44646e-14
8600 -1.23471e-14
8610 -1.00975e-14
8620 -1.01463e-14
8630 -1.14098e-14
8640 -1.27666e-14
8650 -1.12382e-14
8660 -1.26397e-14
8670 -1.74091e-14
8680 -1.43311e-14
8690 -2.16868e-14
8700 -1.30556e-14
8710 -2.52701e-14
8720 -2.76873e-14
8730 -2.3046e-14
8740 -2.51537e-14
8750 -2.16357e-14
8760 -2.43831e-14
8770 -2.13922e-14
8780 -2.61725e-14
8790 -2.68308e-14
8800 -1.70191e-14
8810 -2.95592e-14
8820 -1.2835e-14
8830 -1.75841e-14
8840 -1.10974e-14
8850 -1.71823e-14
8860 -2.33746e-14
8870 -2.42482e-14
8880 -2.35681e-14
8890 -2.81611e-14
8900 -2.44215e-14
8910 -2.4432e-14
8920 -2.30284e-14
8930 -1.95792e-14
8940 -2.13489e-14
8950 -2.87834e-14
8960 -3.04157e-14
8970 -2.48911e-14
8980 -2.89659e-14
8990 -2.90107e-14
9000 -3.02193e-14
9010 -2.74897e-14
9020 -2.71895e-14
9030 -1.98646e-14
9040 -2.21817e-14
9050 -1.42386e-14
9060 -1.69786e-14
9070 -1.31511e-14
9080 -1.14224e-14
9090 -1.96718e-14
9100 -9.3112e-15
9110 -1.37907e-14
9120 -1.19138e-14
9130 -8.76422e-15
9140 -4.71664e-16
9150 2.87695e-16
9160 1.48548e-15
9170 2.03366e-15
9180 4.17232e-15
9190 8.04018e-15
9200 1.0326e-14
9210 1.3147e-14
9220 9.97909e-15
9230 1.22953e-14
9240 1.05945e-14
9250 1.74953e-14
9260 1.67927e-14
9270 1.50408e-14
9280 1.54745e-14
9290 1.2883e-14
9300 1.5793e-14
9310 1.8119e-14
9320 1.43022e-14
9330 1.50778e-14
9340 1.2066e-14
9350 8.11397e-15
9360 1.2141e-14
9370 1.08095e-14
9380 5.76074e-15
9390 5.96637e-15
9400 9.18379e-16
9410 7.14367e-17
9420 1.23146e-15
9430 -2.62632e-15
9440 -5.30931e-15
9450 1.22539e-15
9460 -7.79671e-15
9470 -3.80253e-15
9480 -7.73528e-15
9490 -9.73973e-16
9500 -3.55846e-15
9510 -8.54902e-15
9520 -1.20326e-14
9530 -8.79219e-15
9540 -8.8197e-15
9550 -6.77349e-15
9560 -4.62862e-15
9570 -4.05515e-15
9580 -3.50915e-15
9590 -3.35096e-15
9600 -1.77035e-15
9610 -3.17156e-15
9620 -2.66293e-16
9630 3.95723e-15
9640 1.05064e-15
9650 2.02402e-15
9660 -2.21757e-16
9670 -3.25507e-15
9680 -1.77e-15
9690 -4.48061e-15
9700 -4.89326e-16
9710 -8.75991e-15
9720 -8.76822e-15
9730 -1.154e-14
9740 -1.03974e-14
9750 -9.34885e-15
9760 -9.27858e-15
9770 -6.28686e-15
9780 -5.27521e-15
9790 -2.04686e-15
9800 -8.15028e-15
9810 -4.36864e-15
9820 -8.6779e-15
9830 -5.47918e-15
9840 -3.22365e-15
9850 -5.41967e-15
9860 -6.81029e-15
9870 -5.03807e-15
9880 -9.10919e-15
9890 -1.01858e-14
9900 -7.53554e-15
9910 -9.40512e-15
9920 -1.54134e-14
9930 -1.04346e-14
9940 -1.14089e-14
9950 -3.51192e-15
9960 -7.3953e-15
9970 -1.28583e-14
9980 -6.3969e-15
9990 -6.34125e-15
10000 -8.35107e-15
10010 -6.41058e-15
10020 -4.84654e-15
10030 -9.95173e-15
10040 -4.48119e-15
10050 -1.24029e-14
10060 -1.01289e-14
10070 -4.96677e-16
10080 -4.0644e-15
10090 1.0262e-15
10100 -4.71411e-15
10110 9.95622e-16
10120 -1.27924e-15
10130 3.48579e-15
10140 4.2665e-15
10150 5.64261e-15
10160 3.62978e-15
10170 3.39135e-15
10180 5.11055e-15
10190 4.65866e-15
10200 1.94551e-15
10210 -2.66387e-15
10220 -1.70759e-15
10230 -3.00923e-15
10240 1.20744e-15
10250 -5.6656e-15
10260 -5.13931e-15
10270 -1.15983e-14
10280 -1.92229e-14
10290 -2.15236e-14
10300 -2.47044e-14
10310 -2.41866e-14
10320 -2.30692e-14
10330 -1.86609e-14
10340 -1.76157e-14
10350 -1.90685e-14
10360 -1.47235e-14
10370 -2.00837e-14
10380 -2.13309e-14
10390 -2.29401e-14
10400 -2.37676e-14
10410 -2.29825e-14
10420 -2.16352e-14
10430 -1.84093e-14
10440 -1.78388e-14
10450 -1.62294e-14
10460 -2.09327e-14
10470 -2.24722e-14
10480 -2.27746e-14
10490 -2.22864e-14
10500 -3.00931e-14
10510 -2.9894e-14
10520 -2.40056e-14
10530 -2.73839e-14
10540 -2.17063e-14
10550 -2.07153e-14
10560 -2.88408e-14
10570 -1.76361e-14
10580 -1.18697e-14
10590 -1.76131e-14
10600 -1.412e-14
10610 -1.96688e-14
10620 -2.05874e-14
10630 -2.38137e-14
10640 -2.61787e-14
10650 -2.78649e-14
10660 -2.67548e-14
10670 -2.86328e-14
10680 -2.7953e-14
10690 -2.91794e-14
10700 -2.71118e-14
10710 -3.28142e-14
10720 -3.46643e-14
10730 -3.92347e-14
10740 -4.71875e-14
10750 -4.63736e-14
10760 -4.56382e-14
10770 -4.87376e-14
10780 -4.91107e-14
10790 -4.74712e-14
10800 -4.3724e-14
10810 -4.52516e-14
10820 -4.23689e-14
10830 -3.78157e-14
10840 -4.24863e-14
10850 -3.34772e-14
10860 -3.08067e-14
10870 -3.11026e-14
10880 -2.33766e-14
10890 -2.81623e-14
10900 -2.11916e-14
10910 -1.88109e-14
10920 -1.96316e-14
10930 -1.61483e-14
10940 -1.96501e-14
10950 -1.09178e-14
10960 -1.18328e-14
10970 -1.24946e-14
10980 -1.40144e-15
10990 -7.6843e-16
11000 -3.89562e-15
11010 -1.64011e-15
11020 -3.1812e-16
11030 -2.69284e-15
11040 -7.50752e-15
11050 -4.40072e-15
11060 -4.24375e-15
11070 1.91579e-15
11080 6.77059e-16
11090 -1.9239e-16
11100 6.18174e-15
11110 8.18833e-16
11120 4.10187e-15
11130 1.66343e-15
11140 4.72433e-16
11150 2.50722e-16
11160 1.09272e-15
11170 8.07469e-15
11180 -2.12259e-15
11190 3.57813e-15
11200 2.59972e-15
11210 2.49105e-15
11220 4.92609e-15
11230 2.01827e-15
11240 3.12116e-15
11250 4.80717e-15
11260 -5.07306e-15
11270 1.04971e-15
11280 -4.59727e-15
11290 -6.39878e-15
11300 -1.12243e-14
11310 -6.25038e-15
11320 -4.20001e-15
11330 -9.47735e-15
11340 2.51617e-15
11350 -4.18092e-15
11360 7.11591e-15
11370 2.64337e-15
11380 2.27482e-16
11390 5.45611e-15
11400 4.55339e-15
11410 6.12235e-15
11420 1.49312e-14
11430 1.35918e-14
11440 1.60937e-14
11450 1.99748e-14
11460 1.79235e-14
11470 2.42983e-14
11480 2.32909e-14
11490 2.39288e-14
11500 3.07949e-14
11510 3.94674e-14
11520 6.34497e-14
11530 8.78307e-14
11540 1.31747e-13
11550 2.03584e-13
11560 3.09806e-13
11570 4.80798e-13
11580 7.32039e-13
11590 1.14267e-12
11600 1.75492e-12
11610 2.70329e-12
11620 4.15889e-12
11630 6.36609e-12
11640 9.71447e-12
11650 1.47833e-11
11660 2.2431e-11
11670 3.39268e-11
11680 5.11534e-11
11690 7.68929e-11
11700 1.15226e-10
11710 1.72138e-10
11720 2.5636e-10
11730 3.80579e-10
11740 5.63239e-10
11750 8.3095e-10
11760 1.22204e-09
11770 1.79154e-09
11780 2.61813e-09
11790 3.81393e-09
11800 5.53823e-09
11810 8.01638e-09
11820 1.15663e-08
11830 1.66345e-08
11840 2.38463e-08
11850 3.40743e-08
11860 4.85311e-08
11870 6.88965e-08
11880 9.74884e-08
11890 1.37494e-07
11900 1.93277e-07
11910 2.70797e-07
11920 3.78152e-07
11930 5.26311e-07
11940 7.30077e-07
11950 1.00934e-06
11960 1.39075e-06
11970 1.90983e-06
11980 2.61377e-06
11990 3.56504e-06
12000 4.84595e-06
12010 6.5646e-06
12020 8.86226e-06
12030 1.19229e-05
12040 1.59852e-05
12050 2.13572e-05
12060 2.84352e-05
12070 3.77266e-05
12080 4.98785e-05
12090 6.57123e-05
12100 8.62665e-05
12110 0.000112848
12120 0.000147095
12130 0.000191048
12140 0.000247245
12150 0.000318818
12160 0.000409623
12170 0.000524378
12180 0.000668833
12190 0.000849955
12200 0.00107615
12210 0.00135751
12220 0.00170609
12230 0.00213617
12240 0.00266467
12250 0.00331143
12260 0.00409964
12270 0.00505623
12280 0.00621227
12290 0.00760344
12300 0.0092704
12310 0.0112592
12320 0.0136217
12330 0.0164156
12340 0.0197053
12350 0.0235612
12360 0.0280603
12370 0.033286
12380 0.0393274
12390 0.0462792
12400 0.0542405
12410 0.0633141
12420 0.0736051
12430 0.0852191
12440 0.0982602
12450 0.112829
12460 0.129021
12470 0.146921
12480 0.166602
12490 0.188123
12500 0.211524
12510 0.236822
12520 0.26401
12530 0.29305
12540 0.323875
12550 0.356384
12560 0.390436
12570 0.425857
12580 0.462432
12590 0.499909
12600 0.537999
12610 0.576378
12620 0.614691
12630 0.652557
12640 0.689571
12650 0.725313
12660 0.759358
12670 0.791276
12680 0.820647
12690 0.84707
12700 0.870166
12710 0.889592
12720 0.905048
12730 0.916284
12740 0.923104
12750 0.925376
12760 0.923035
12770 0.916081
12780 0.904587
12790 0.88869
12800 0.868595
12810 0.844567
12820 0.816928
12830 0.786047
12840 0.752333
12850 0.716225
12860 0.678184
12870 0.638684
12880 0.598197
12890 0.557188
12900 0.516105
12910 0.47537
12920 0.435373
12930 0.396465
12940 0.358953
12950 0.323101
12960 0.289123
12970 0.257184
12980 0.227404
12990 0.199857
13000 0.174575
13010 0.15155
13020 0.130742
13030 0.11208
13040 0.0954702
13050 0.0807982
13060 0.0679358
13070 0.0567448
13080 0.0470814
13090 0.0388002
13100 0.0317574
13110 0.0258133
13120 0.020835
13130 0.0166975
13140 0.0132856
13150 0.0104939
13160 0.00822759
13170 0.00640244
13180 0.00494433
13190 0.00378886
13200 0.00288069
13210 0.0021728
13220 0.00162562
13230 0.00120625
13240 0.000887595
13250 0.000647569
13260 0.000468365
13270 0.000335769
13280 0.00023855
13290 0.000167928
13300 0.00011711
13310 8.08909e-05
13320 5.5329e-05
13330 3.74677e-05
13340 2.51135e-05
13350 1.6657e-05
13360 1.09297e-05
13370 7.09285e-06
13380 4.5509e-06
13390 2.886e-06
13400 1.80827e-06
13410 1.11901e-06
13420 6.83632e-07
13430 4.12132e-07
13440 2.45051e-07
13450 1.43631e-07
13460 8.2936e-08
13470 4.71468e-08
13480 2.6366e-08
13490 1.44927e-08
13500 7.82238e-09
13510 4.14121e-09
13520 2.14756e-09
13530 1.08921e-09
13540 5.39287e-10
13550 2.60061e-10
13560 1.218e-10
13570 5.51963e-11
13580 2.40837e-11
13590 1.00454e-11
13600 3.95918e-12
13610 1.44775e-12
13620 4.81234e-13
13630 1.31883e-13
13640 2.41565e-14
13650 -4.84801e-15
13660 -1.76787e-14
13670 -1.38728e-14
13680 -1.27644e-14
13690 -9.83475e-15
13700 -1.0559e-14
13710 -1.05818e-15
13720 2.53483e-15
13730 -3.07469e-15
13740 -1.36398e-15
13750 9.50367e-15
13760 -2.83994e-15
13770 3.9305e-15
13780 2.14458e-16
13790 3.93337e-16
13800 6.67206e-15
13810 2.3197e-15
13820 6.46398e-15
13830 9.78569e-15
13840 1.19112e-14
13850 1.2199e-14
13860 2.13038e-14
13870 1.07935e-14
13880 1.41418e-14
13890 9.00542e-15
13900 8.5828e-15
13910 1.5325e-14
13920 1.06403e-14
13930 1.42473e-14
13940 7.85939e-15
13950 1.08504e-14
13960 1.54121e-14
13970 2.17127e-14
13980 2.1621e-14
13990 1.66712e-14
14000 1.91946e-14
14010 1.89044e-14
14020 1.72067e-14
14030 1.27107e-14
14040 1.24594e-14
14050 2.19417e-14
14060 1.56275e-14
14070 8.768e-15
14080 9.40029e-15
14090 1.74368e-14
14100 1.4963e-14
14110 1.03986e-14
14120 2.53306e-15
14130 9.20812e-15
14140 1.00317e-14
14150 1.11923e-14
14160 4.3142e-15
14170 1.13037e-14
14180 1.9653e-14
14190 1.69496e-14
14200 2.11861e-14
14210 2.33206e-14
14220 1.807e-14
14230 2.61196e-14
14240 2.36658e-14
14250 2.66259e-14
14260 2.72462e-14
14270 2.97604e-14
14280 3.39927e-14
14290 3.57588e-14
14300 3.53136e-14
14310 3.47361e-14
14320 3.88792e-14
14330 3.55278e-14
14340 4.01731e-14
14350 3.89752e-14
14360 3.92773e-14
14370 4.10109e-14
14380 4.95393e-14
14390 5.17015e-14
14400 4.2074e-14
14410 4.32675e-14
14420 4.99445e-14
14430 5.21795e-14
14440 4.80888e-14
14450 4.39991e-14
14460 5.22781e-14
14470 5.48271e-14
14480 4.76891e-14
14490 4.34438e-14
14500 5.28784e-14
14510 4.62987e-14
14520 4.84491e-14
14530 5.36488e-14
14540 5.24791e-14
14550 4.97553e-14
14560 4.91465e-14
14570 5.89649e-14
14580 5.44982e-14
14590 5.95977e-14
14600 6.06642e-14
14610 5.81222e-14
14620 5.9542e-14
14630 6.68129e-14
14640 6.89636e-14
14650 6.31074e-14
14660 6.29615e-14
14670 5.94506e-14
14680 6.67238e-14
14690 4.94718e-14
14700 4.72736e-14
14710 5.65018e-14
14720 5.6759e-14
14730 4.67928e-14
14740 5.6253e-14
14750 4.88277e-14
14760 5.24904e-14
14770 4.18688e-14
14780 4.71418e-14
14790 4.61981e-14
14800 4.75199e-14
14810 4.87978e-14
14820 4.0576e-14
14830 4.28615e-14
14840 4.48127e-14
14850 4.34145e-14
14860 4.21013e-14
14870 4.26679e-14
14880 5.14872e-14
14890 5.65536e-14
14900 4.5542e-14
14910 4.03225e-14
14920 5.28539e-14
14930 5.39791e-14
14940 5.7847e-14
14950 5.23516e-14
14960 5.95392e-14
14970 5.84016e-14
14980 5.09037e-14
14990 4.79748e-14
15000 5.24791e-14
15010 5.48639e-14
15020 5.20809e-14
15030 4.98617e-14
15040 4.29459e-14
15050 4.89744e-14
15060 4.49483e-14
15070 3.65721e-14
15080 3.82934e-14
15090 3.6685e-14
15100 4.12086e-14
15110 4.2224e-14
15120 3.93223e-14
15130 4.29092e-14
15140 4.19021e-14
15150 5.02376e-14
15160 4.67337e-14
15170 4.88768e-14
15180 4.24239e-14
15190 5.65317e-14
15200 5.67859e-14
15210 5.0711e-14
15220 4.66826e-14
15230 4.8389e-14
15240 5.47506e-14
15250 5.9523e-14
15260 5.38571e-14
15270 4.31478e-14
15280 4.55624e-14
15290 4.89132e-14
15300 5.94905e-14
15310 4.96557e-14
15320 4.8226e-14
15330 4.20232e-14
15340 5.0987e-14
15350 5.63698e-14
15360 6.19039e-14
15370 4.55996e-14
15380 4.16006e-14
15390 4.02419e-14
15400 4.94116e-14
15410 5.22194e-14
15420 5.16591e-14
15430 4.44492e-14
15440 4.45416e-14
15450 5.90316e-14
15460 5.86371e-14
15470 5.5682e-14
15480 5.68238e-14
15490 5.89658e-14
15500 5.24886e-14
15510 6.41385e-14
15520 5.61402e-14
15530 5.26409e-14
15540 4.79276e-14
15550 5.38895e-14
15560 3.94106e-14
15570 3.59978e-14
15580 3.19368e-14
15590 3.88048e-14
15600 4.01743e-14
15610 3.16525e-14
15620 3.12634e-14
15630 3.59756e-14
15640 3.45485e-14
15650 3.16789e-14
15660 2.91859e-14
15670 4.11608e-14
15680 4.62777e-14
15690 3.84478e-14
15700 4.32037e-14
15710 3.66159e-14
15720 4.69697e-14
15730 5.0747e-14
15740 4.59998e-14
15750 4.18768e-14
15760 4.87139e-14
15770 5.83152e-14
15780 6.13133e-14
15790 5.48618e-14
15800 5.76239e-14
15810 5.60023e-14
15820 6.0539e-14
15830 6.2897e-14
15840 6.31835e-14
15850 5.8335e-14
15860 6.12226e-14
15870 5.42952e-14
15880 6.46027e-14
15890 6.97943e-14
15900 6.62412e-14
15910 6.60081e-14
15920 6.29508e-14
15930 7.23678e-14
15940 7.40182e-14
15950 8.04968e-14
15960 8.14382e-14
15970 7.20308e-14
15980 6.90678e-14
15990 6.75054e-14
16000 6.99736e-14
16010 7.84016e-14
16020 7.58051e-14
16030 7.8484e-14
16040 7.49633e-14
16050 6.72317e-14
16060 6.79644e-14
16070 8.25471e-14
16080 8.0747e-14
16090 7.20977e-14
16100 8.04345e-14
16110 7.4031e-14
16120 7.19361e-14
16130 7.84253e-14
16140 8.7472e-14
16150 8.42215e-14
16160 7.73907e-14
16170 7.13267e-14
16180 8.60173e-14
16190 8.57611e-14
16200 8.83514e-14
16210 7.84809e-14
16220 8.46201e-14
16230 8.82177e-14
16240 9.07548e-14
16250 8.67017e-14
16260 8.61049e-14
16270 8.26243e-14
16280 9.96789e-14
16290 1.05896e-13
16300 1.14234e-13
16310 1.15144e-13
16320 8.14684e-14
16330 -9.63624e-14
16340 -7.90173e-13
16350 -2.94549e-12
16360 -8.92516e-12
16370 -2.41725e-11
16380 -6.09053e-11
16390 -1.45274e-10
16400 -3.31499e-10
16410 -7.28795e-10
16420 -1.55116e-09
16430 -3.20776e-09
16440 -6.46329e-09
16450 -1.27167e-08
16460 -2.44767e-08
16470 -4.61581e-08
16480 -8.53919e-08
16490 -1.55145e-07
16500 -2.77096e-07
16510 -4.86916e-07
16520 -8.42434e-07
16530 -1.43603e-06
16540 -2.41321e-06
16550 -4.00007e-06
16560 -6.54322e-06
16570 -1.05673e-05
16580 -1.68563e-05
16590 -2.65675e-05
16600 -4.13888e-05
16610 -6.37528e-05
16620 -9.71253e-05
16630 -0.000146388
16640 -0.000218339
16650 -0.000322344
16660 -0.000471165
16670 -0.000682
16680 -0.000977792
16690 -0.00138881
16700 -0.0019546
16710 -0.00272625
16720 -0.00376912
16730 -0.00516595
16740 -0.00702044
16750 -0.00946117
16760 -0.012646
16770 -0.0167666
16780 -0.0220536
16790 -0.0287811
16800 -0.0372719
16810 -0.0479016
16820 -0.0611029
16830 -0.077368
16840 -0.0972508
16850 -0.121367
16860 -0.150391
16870 -0.185054
16880 -0.226135
16890 -0.274454
16900 -0.330854
16910 -0.39619
16920 -0.471309
16930 -0.557025
16940 -0.654098
16950 -0.763202
16960 -0.884903
16970 -1.01962
16980 -1.16762
16990 -1.32894
17000 -1.50341
17010 -1.69063
17020 -1.88991
17030 -2.10029
17040 -2.32053
17050 -2.54911
17060 -2.78424
17070 -3.02386
17080 -3.26571
17090 -3.50732
17100 -3.74607
17110 -3.97922
17120 -4.204
17130 -4.41762
17140 -4.61737
17150 -4.80065
17160 -4.96503
17170 -5.10834
17180 -5.22864
17190 -5.32436
17200 -5.39426
17210 -5.43749
17220 -5.4536
17230 -5.44254
17240 -5.40467
17250 -5.34074
17260 -5.25185
17270 -5.13946
17280 -5.0053
17290 -4.85137
17300 -4.67988
17310 -4.49318
17320 -4.29373
17330 -4.08406
17340 -3.86666
17350 -3.64403
17360 -3.41854
17370 -3.19245
17380 -2.96787
17390 -2.74672
17400 -2.53072
17410 -2.32138
17420 -2.11997
17430 -1.92756
17440 -1.74498
17450 -1.57286
17460 -1.41161
17470 -1.26146
17480 -1.12249
17490 -0.994591
17500 -0.877554
17510 -0.771044
17520 -0.674637
17530 -0.587835
17540 -0.510089
17550 -0.440808
17560 -0.379381
17570 -0.325187
17580 -0.277607
17590 -0.236035
17600 -0.199885
17610 -0.168597
17620 -0.141643
17630 -0.118528
17640 -0.0987952
17650 -0.0820259
17660 -0.0678378
17670 -0.0558865
17680 -0.0458631
17690 -0.037493
17700 -0.0305332
17710 -0.0247708
17720 -0.0200197
17730 -0.0161189
17740 -0.0129294
17750 -0.0103322
17760 -0.00822603
17770 -0.00652488
17780 -0.00515642
17790 -0.00405998
17800 -0.00318498
17810 -0.00248944
17820 -0.00193873
17830 -0.00150439
17840 -0.00116314
17850 -0.000896079
17860 -0.000687866
17870 -0.000526153
17880 -0.00040103
17890 -0.000304583
17900 -0.000230517
17910 -0.00017385
17920 -0.000130655
17930 -9.78509e-05
17940 -7.30289e-05
17950 -5.43153e-05
17960 -4.0258e-05
17970 -2.97366e-05
17980 -2.18899e-05
17990 -1.60589e-05
18000 -1.17412e-05
18010 -8.55533e-06
18020 -6.21294e-06
18030 -4.49673e-06
18040 -3.24371e-06
18050 -2.33205e-06
18060 -1.67105e-06
18070 -1.19344e-06
18080 -8.49522e-07
18090 -6.02725e-07
18100 -4.26225e-07
18110 -3.00426e-07
18120 -2.11067e-07
18130 -1.47806e-07
18140 -1.03171e-07
18150 -7.17824e-08
18160 -4.97831e-08
18170 -3.44154e-08
18180 -2.37156e-08
18190 -1.62904e-08
18200 -1.11545e-08
18210 -7.61361e-09
18220 -5.18036e-09
18230 -3.51367e-09
18240 -2.37574e-09
18250 -1.60132e-09
18260 -1.07596e-09
18270 -7.20719e-10
18280 -4.81264e-10
18290 -3.20366e-10
18300 -2.12599e-10
18310 -1.40643e-10
18320 -9.27527e-11
18330 -6.09768e-11
18340 -3.996e-11
18350 -2.61047e-11
18360 -1.69949e-11
18370 -1.10206e-11
18380 -7.12191e-12
18390 -4.58489e-12
18400 -2.93023e-12
18410 -1.86177e-12
18420 -1.17657e-12
18430 -7.32144e-13
18440 -4.47647e-13
18450 -2.64677e-13
18460 -1.52913e-13
18470 -7.75267e-14
18480 -2.15454e-14
18490 -1.51038e-15
18500 1.81112e-14
18510 2.97677e-14
18520 3.30041e-14
18530 3.6435e-14
18540 3.84015e-14
18550 3.65968e-14
18560 3.508e-14
18570 3.77148e-14
18580 4.12721e-14
18590 3.77622e-14
18600 3.52708e-14
18610 3.35977e-14
18620 3.58077e-14
18630 3.71213e-14
18640 3.52839e-14
18650 3.79595e-14
18660 3.85686e-14
18670 3.83417e-14
18680 4.26941e-14
18690 4.08761e-14
18700 4.12027e-14
18710 4.00228e-14
18720 4.03367e-14
18730 3.63326e-14
18740 4.04124e-14
18750 4.26996e-14
18760 3.98882e-14
18770 3.61855e-14
18780 4.09162e-14
18790 3.55128e-14
18800 3.6529e-14
18810 3.87741e-14
18820 3.27008e-14
18830 3.30715e-14
18840 3.96203e-14
18850 4.03022e-14
18860 4.55443e-14
18870 4.63345e-14
18880 4.60042e-14
18890 4.24898e-14
18900 4.91933e-14
18910 4.564e-14
18920 5.20868e-14
18930 4.49041e-14
18940 4.57704e-14
18950 5.07422e-14
18960 5.10175e-14
18970 5.3043e-14
18980 5.29934e-14
18990 5.40575e-14
19000 5.21034e-14
19010 5.27779e-14
19020 4.20471e-14
19030 5.05155e-14
19040 4.66442e-14
19050 4.49645e-14
19060 4.8314e-14
19070 4.73692e-14
19080 4.59715e-14
19090 4.95276e-14
19100 4.49829e-14
19110 4.41142e-14
19120 4.64189e-14
19130 4.52413e-14
19140 4.13094e-14
19150 4.06835e-14
19160 4.18362e-14
19170 3.46573e-14
19180 3.48509e-14
19190 2.94962e-14
19200 2.89031e-14
19210 3.53186e-14
19220 3.4004e-14
19230 4.08674e-14
19240 3.96563e-14
19250 3.97552e-14
19260 4.12756e-14
19270 3.98673e-14
19280 4.70458e-14
19290 4.44548e-14
19300 4.04133e-14
19310 3.99356e-14
19320 3.64711e-14
19330 3.69973e-14
19340 3.69302e-14
19350 3.27399e-14
19360 2.82333e-14
19370 2.96223e-14
19380 3.24734e-14
19390 3.50788e-14
19400 3.93216e-14
19410 3.6646e-14
19420 3.58674e-14
19430 3.85452e-14
19440 3.56257e-14
19450 3.75977e-14
19460 3.25016e-14
19470 3.8424e-14
19480 3.55496e-14
19490 4.29589e-14
19500 4.17271e-14
19510 4.5704e-14
19520 4.60728e-14
19530 4.68476e-14
19540 4.43599e-14
19550 4.60713e-14
19560 5.00449e-14
19570 5.24154e-14
19580 5.08656e-14
19590 5.57674e-14
19600 5.09856e-14
19610 5.13941e-14
19620 5.2993e-14
19630 5.02213e-14
19640 5.54269e-14
19650 5.63114e-14
19660 5.52556e-14
19670 5.89635e-14
19680 5.67023e-14
19690 5.53363e-14
19700 6.01409e-14
19710 5.34602e-14
19720 5.91799e-14
19730 5.89196e-14
19740 5.19999e-14
19750 5.56766e-14
19760 5.27895e-14
19770 5.46996e-14
19780 4.97482e-14
19790 4.58072e-14
19800 4.27133e-14
19810 4.40038e-14
19820 4.31752e-14
19830 4.72811e-14
19840 4.76e-14
19850 4.90355e-14
19860 5.11284e-14
19870 4.9341e-14
19880 5.18604e-14
19890 4.91228e-14
19900 4.93835e-14
19910 4.99838e-14
19920 5.05951e-14
19930 5.14776e-14
19940 5.07194e-14
19950 4.75568e-14
19960 4.59046e-14
19970 4.93923e-14
19980 4.47867e-14
19990 4.51222e-14
20000 4.33955e-14
20010 4.08073e-14
20020 4.66643e-14
20030 4.571e-14
20040 4.7106e-14
20050 4.3984e-14
20060 4.43982e-14
20070 4.29558e-14
20080 4.20529e-14
20090 4.36218e-14
20100 3.95252e-14
20110 3.9646e-14
20120 4.3136e-14
20130 4.15585e-14
20140 4.28651e-14
20150 4.5669e-14
20160 4.29927e-14
20170 3.90287e-14
20180 3.89304e-14
20190 4.24022e-14
20200 3.80998e-14
20210 3.76051e-14
20220 3.55942e-14
20230 4.03167e-14
20240 4.30722e-14
20250 3.88887e-14
20260 4.13754e-14
20270 4.15773e-14
20280 4.39399e-14
20290 3.97647e-14
20300 3.76239e-14
20310 3.74871e-14
20320 3.532e-14
20330 3.94657e-14
20340 3.57148e-14
20350 3.89519e-14
20360 3.40943e-14
20370 3.75978e-14
20380 4.07943e-14
20390 4.76986e-14
20400 4.41314e-14
20410 4.67921e-14
20420 4.55223e-14
20430 4.22514e-14
20440 4.14501e-14
20450 4.20691e-14
20460 4.079e-14
20470 4.47531e-14
20480 4.46028e-14
20490 4.66078e-14
20500 4.27894e-14
20510 4.1464e-14
20520 4.87917e-14
20530 5.33973e-14
20540 4.82467e-14
20550 4.48685e-14
20560 4.80398e-14
20570 4.76052e-14
20580 4.77775e-14
20590 4.41017e-14
20600 4.9284e-14
20610 5.03214e-14
20620 4.84614e-14
20630 4.78434e-14
20640 5.13552e-14
20650 4.82375e-14
20660 4.97187e-14
20670 4.35344e-14
20680 5.0843e-14
20690 5.12426e-14
20700 4.67164e-14
20710 4.78086e-14
20720 4.8256e-14
20730 4.8872e-14
20740 4.7844e-14
20750 4.90157e-14
20760 5.26455e-14
20770 5.87556e-14
20780 5.4265e-14
20790 5.19902e-14
20800 5.48607e-14
20810 5.63192e-14
20820 5.71417e-14
20830 5.73421e-14
20840 6.14031e-14
20850 6.34668e-14
20860 5.92097e-14
20870 5.8292e-14
20880 6.08981e-14
20890 6.19102e-14
20900 5.47737e-14
20910 6.11003e-14
20920 5.79969e-14
20930 5.50467e-14
20940 5.78234e-14
20950 5.60689e-14
20960 5.90067e-14
20970 6.35409e-14
20980 6.20934e-14
20990 6.28402e-14
21000 6.45837e-14
21010 6.92298e-14
21020 6.53574e-14
21030 6.70482e-14
21040 6.75631e-14
21050 6.85315e-14
21060 6.8351e-14
21070 6.11186e-14
21080 6.39039e-14
21090 6.35043e-14
21100 7.0503e-14
21110 6.61256e-14
21120 6.53586e-14
21130 6.71604e-14
21140 6.49238e-14
21150 6.74241e-14
21160 6.57478e-14
21170 6.36151e-14
21180 6.46502e-14
21190 6.05144e-14
21200 6.05424e-14
21210 5.81435e-14
21220 5.94701e-14
21230 5.99603e-14
21240 7.07658e-14
21250 7.11886e-14
21260 6.96483e-14
21270 6.70418e-14
21280 6.90116e-14
21290 7.10092e-14
21300 6.62945e-14
21310 6.55852e-14
21320 6.31389e-14
21330 6.04093e-14
21340 6.3113e-14
21350 6.10295e-14
21360 5.68834e-14
21370 5.61377e-14
21380 5.47583e-14
21390 5.33056e-14
21400 5.17294e-14
21410 4.63263e-14
21420 4.73623e-14
21430 4.81155e-14
21440 4.80338e-14
21450 4.46489e-14
21460 4.55738e-14
21470 4.74385e-14
21480 4.94494e-14
21490 4.0657e-14
21500 4.30361e-14
21510 3.85244e-14
21520 4.34941e-14
21530 3.38941e-14
21540 3.76703e-14
21550 4.02652e-14
21560 3.50634e-14
21570 3.53798e-14
21580 3.073e-14
21590 3.11884e-14
21600 2.34036e-14
21610 2.7323e-14
21620 2.89733e-14
21630 2.46097e-14
21640 3.02247e-14
21650 2.6781e-14
21660 3.24124e-14
21670 2.64672e-14
21680 3.245e-14
21690 2.86816e-14
21700 3.41285e-14
21710 2.79485e-14
21720 3.5725e-14
21730 3.14772e-14
21740 3.17476e-14
21750 3.16426e-14
21760 2.90155e-14
21770 2.71055e-14
21780 3.25241e-14
21790 2.5533e-14
21800 2.48467e-14
21810 2.37871e-14
21820 3.01895e-14
21830 2.50338e-14
21840 2.44622e-14
21850 2.30896e-14
21860 2.6774e-14
21870 2.96138e-14
21880 2.07301e-14
21890 2.2312e-14
21900 2.49536e-14
21910 2.95223e-14
21920 2.37681e-14
21930 2.60137e-14
21940 3.07413e-14
21950 3.55899e-14
21960 3.37665e-14
21970 2.76439e-14
21980 2.41612e-14
21990 2.82801e-14
22000 3.1041e-14
22010 3.14816e-14
22020 2.78521e-14
22030 2.7634e-14
22040 2.50821e-14
22050 3.06343e-14
22060 2.57366e-14
22070 2.85766e-14
22080 2.06649e-14
22090 3.11554e-14
22100 3.06872e-14
22110 3.07856e-14
22120 3.275e-14
22130 2.84288e-14
22140 3.36852e-14
22150 3.31571e-14
22160 3.59075e-14
22170 2.74631e-14
22180 3.12649e-14
22190 3.68944e-14
22200 3.45465e-14
22210 3.40477e-14
22220 3.33682e-14
22230 3.45701e-14
22240 3.76961e-14
22250 3.3355e-14
22260 2.55142e-14
22270 3.22861e-14
22280 3.45024e-14
22290 3.08712e-14
22300 3.01049e-14
22310 2.82501e-14
22320 2.88378e-14
22330 3.15579e-14
22340 3.17782e-14
22350 2.82508e-14
22360 2.73455e-14
22370 3.09037e-14
22380 3.24118e-14
22390 2.89962e-14
22400 2.83313e-14
22410 3.26813e-14
22420 2.69002e-14
22430 3.19293e-14
22440 2.63243e-14
22450 2.21125e-14
22460 2.73221e-14
22470 2.46693e-14
22480 2.72309e-14
22490 2.19457e-14
22500 2.28211e-14
22510 2.13831e-14
22520 2.27262e-14
22530 2.28101e-14
22540 2.24551e-14
22550 2.18614e-14
22560 1.97806e-14
22570 2.80292e-14
22580 2.59722e-14
22590 2.74493e-14
22600 2.50291e-14
22610 2.40077e-14
22620 2.87958e-14
22630 2.75275e-14
22640 2.54944e-14
22650 2.1207e-14
22660 2.90525e-14
22670 2.86555e-14
22680 2.98213e-14
22690 2.38297e-14
22700 2.35874e-14
22710 2.59185e-14
22720 2.58181e-14
22730 2.31615e-14
22740 2.18899e-14
22750 2.46897e-14
22760 2.49563e-14
22770 2.67684e-14
22780 2.62923e-14
22790 2.57706e-14
22800 3.09309e-14
22810 3.51275e-14
22820 3.42292e-14
22830 3.21462e-14
22840 3.18059e-14
22850 3.6392e-14
22860 3.48981e-14
22870 4.12907e-14
22880 3.88387e-14
22890 3.89386e-14
22900 4.19236e-14
22910 4.6672e-14
22920 4.4968e-14
22930 4.56759e-14
22940 3.76543e-14
22950 4.40895e-14
22960 5.1901e-14
22970 4.71237e-14
22980 4.34382e-14
22990 4.35806e-14
23000 4.44343e-14
23010 5.19018e-14
23020 4.88191e-14
23030 5.32435e-14
23040 4.63593e-14
23050 5.51626e-14
23060 5.11328e-14
23070 5.21195e-14
23080 5.03266e-14
23090 5.43134e-14
23100 5.25499e-14
23110 4.50409e-14
23120 4.6971e-14
23130 3.90786e-14
23140 4.27477e-14
23150 4.06212e-14
23160 3.4678e-14
23170 3.9427e-14
23180 4.15227e-14
23190 4.26707e-14
23200 4.40721e-14
23210 4.14825e-14
23220 4.87251e-14
23230 4.98753e-14
23240 4.32711e-14
23250 4.08794e-14
23260 4.1513e-14
23270 4.4077e-14
23280 3.91535e-14
23290 3.98354e-14
23300 4.20023e-14
23310 4.71614e-14
23320 4.7886e-14
23330 4.82009e-14
23340 5.46454e-14
23350 4.74718e-14
23360 5.38331e-14
23370 4.8255e-14
23380 5.57422e-14
23390 4.81301e-14
23400 5.39724e-14
23410 4.53569e-14
23420 4.60649e-14
23430 4.54253e-14
23440 4.49262e-14
23450 4.6467e-14
23460 4.24706e-14
23470 4.59284e-14
23480 4.03499e-14
23490 4.07382e-14
23500 4.32469e-14
23510 4.19243e-14
23520 3.79166e-14
23530 4.12969e-14
23540 4.55118e-14
23550 4.46812e-14
23560 4.74174e-14
23570 5.08982e-14
23580 5.3691e-14
23590 5.25731e-14
23600 5.11985e-14
23610 5.34902e-14
23620 5.91898e-14
23630 5.01667e-14
23640 5.62422e-14
23650 5.3664e-14
23660 5.88453e-14
23670 5.48118e-14
23680 4.86615e-14
23690 5.32014e-14
23700 6.03045e-14
23710 5.94251e-14
23720 5.67e-14
23730 5.80983e-14
23740 6.31769e-14
23750 6.23313e-14
23760 6.2754e-14
23770 6.58049e-14
23780 6.69846e-14
23790 6.55594e-14
23800 6.25071e-14
23810 6.3161e-14
23820 6.21371e-14
23830 6.10563e-14
23840 5.646e-14
23850 5.75676e-14
23860 6.05871e-14
23870 6.03062e-14
23880 5.53784e-14
23890 6.1889e-14
23900 6.22381e-14
23910 6.22946e-14
23920 5.64653e-14
23930 5.75325e-14
23940 5.43799e-14
23950 6.10512e-14
23960 5.39869e-14
23970 5.61666e-14
23980 6.0319e-14
23990 6.42608e-14
24000 6.17247e-14
24010 6.04174e-14
24020 6.08173e-14
24030 6.63561e-14
24040 6.2863e-14
24050 5.74731e-14
24060 5.66534e-14
24070 5.67519e-14
24080 5.80601e-14
24090 5.42591e-14
24100 5.25951e-14
24110 5.55612e-14
24120 5.1593e-14
24130 5.45763e-14
24140 5.56258e-14
24150 5.87491e-14
24160 5.56466e-14
24170 5.92279e-14
24180 5.88393e-14
24190 5.295e-14
24200 5.20571e-14
24210 4.59849e-14
24220 4.92222e-14
24230 4.64596e-14
24240 4.20676e-14
24250 3.77163e-14
24260 4.84007e-14
24270 4.78613e-14
24280 4.83754e-14
24290 4.19427e-14
24300 4.21654e-14
24310 4.44021e-14
24320 3.90783e-14
24330 4.05882e-14
24340 3.71983e-14
24350 4.49094e-14
24360 4.26443e-14
24370 4.65525e-14
24380 4.16442e-14
24390 4.04388e-14
24400 3.85932e-14
24410 4.1518e-14
24420 4.69206e-14
24430 3.78202e-14
24440 3.56881e-14
24450 3.8357e-14
24460 4.79495e-14
24470 4.62365e-14
24480 4.55057e-14
24490 4.80576e-14
24500 5.11559e-14
24510 5.61715e-14
24520 5.00852e-14
24530 5.70111e-14
24540 5.04097e-14
24550 4.84364e-14
24560 4.50811e-14
24570 4.35946e-14
24580 4.73971e-14
24590 4.21313e-14
24600 4.06769e-14
24610 3.99871e-14
24620 4.03599e-14
24630 3.88487e-14
24640 3.5314e-14
24650 3.49362e-14
24660 3.9331e-14
24670 3.95051e-14
24680 3.28231e-14
24690 3.22363e-14
24700 4.05208e-14
24710 4.17876e-14
24720 3.94662e-14
24730 4.50311e-14
24740 4.26729e-14
24750 4.34766e-14
24760 3.99278e-14
24770 3.89687e-14
24780 4.09144e-14
24790 4.18233e-14
24800 3.56915e-14
24810 4.01277e-14
24820 4.47806e-14
24830 4.08547e-14
24840 3.84565e-14
24850 4.04465e-14
24860 3.96201e-14
24870 4.37694e-14
24880 3.33355e-14
24890 3.65388e-14
24900 2.53274e-14
24910 3.16396e-14
24920 2.85772e-14
24930 3.2258e-14
24940 3.66114e-14
24950 3.80703e-14
24960 3.98655e-14
24970 3.52362e-14
24980 3.29699e-14
24990 3.42065e-14
25000 3.10701e-14
25010 3.37031e-14
25020 3.18135e-14
25030 2.94557e-14
25040 2.89029e-14
25050 2.41047e-14
25060 2.86184e-14
25070 2.42757e-14
25080 2.53922e-14
25090 2.26158e-14
25100 2.89334e-14
25110 2.87373e-14
25120 2.72485e-14
25130 2.22038e-14
25140 2.52771e-14
25150 2.61467e-14
25160 3.1722e-14
25170 2.24854e-14
25180 2.47353e-14
25190 2.16898e-14
25200 2.94274e-14
25210 2.98028e-14
25220 2.04637e-14
25230 2.45966e-14
25240 2.15779e-14
25250 2.53396e-14
25260 2.68111e-14
25270 2.59545e-14
25280 2.90993e-14
25290 2.00882e-14
25300 2.44642e-14
25310 1.36324e-14
25320 1.66904e-14
25330 2.23008e-14
25340 1.96984e-14
25350 1.95477e-14
25360 1.40308e-14
25370 1.59879e-14
25380 1.78095e-14
25390 1.81441e-14
25400 1.81796e-14
25410 1.83501e-14
25420 2.29009e-14
25430 1.64331e-14
25440 1.59485e-14
25450 1.53932e-14
25460 1.70724e-14
25470 1.87304e-14
25480 1.84321e-14
25490 1.34777e-14
25500 8.61528e-15
25510 6.22147e-15
25520 8.84061e-15
25530 1.16843e-14
25540 1.34323e-14
25550 1.50627e-14
25560 1.67907e-14
25570 1.36788e-14
25580 1.22845e-14
25590 1.69187e-14
25600 1.05351e-14
25610 1.06127e-14
25620 4.7229e-15
25630 5.91011e-15
25640 3.66021e-15
25650 3.78304e-15
25660 -4.03577e-16
25670 2.1021e-15
25680 -2.16097e-15
25690 -1.00883e-15
25700 -5.38025e-16
25710 -2.06728e-15
25720 -1.30622e-15
25730 -1.54374e-15
25740 -7.19118e-15
25750 -4.01964e-15
25760 -5.22832e-15
25770 -7.45092e-15
25780 -7.56282e-15
25790 -1.20123e-14
25800 -1.15119e-14
25810 -4.631e-15
25820 -8.69566e-15
25830 -2.4411e-15
25840 -9.57388e-15
25850 -1.57714e-14
25860 -1.32827e-14
25870 -7.87085e-15
25880 -3.1365e-15
25890 -6.73642e-15
25900 -1.39598e-14
25910 -1.09444e-14
25920 -3.21102e-15
25930 -5.32637e-16
25940 -7.8255e-15
25950 -7.27073e-15
25960 -4.02615e-15
25970 -8.29159e-15
25980 -9.73812e-15
25990 -1.25239e-14
26000 -1.30779e-14
26010 -1.57778e-14
26020 -1.37488e-14
26030 -1.65945e-14
26040 -1.43617e-14
26050 -1.21281e-14
26060 -1.38059e-14
26070 -1.43676e-14
26080 -1.38684e-14
26090 -6.24282e-15
26100 -6.47982e-15
26110 -6.9652e-15
26120 -6.33063e-15
26130 -5.73178e-15
26140 -5.06848e-15
26150 -5.80203e-15
26160 -1.5725e-15
26170 2.7419e-15
26180 -4.61491e-15
26190 -4.99475e-15
26200 -5.78433e-15
26210 -1.56063e-15
26220 -2.46824e-15
26230 9.75292e-16
26240 -2.71857e-15
26250 -2.30282e-15
26260 -4.34021e-15
26270 -1.34067e-15
26280 -5.54045e-15
26290 -2.31926e-15
26300 -2.9595e-15
26310 -1.54788e-15
26320 -7.5901e-15
26330 -8.35503e-15
26340 -2.34205e-15
26350 3.67878e-16
26360 -1.70078e-15
26370 1.79782e-15
26380 9.94714e-16
26390 3.3021e-15
26400 -1.47648e-15
26410 -2.28578e-16
26420 -2.3458e-16
26430 -4.58456e-15
26440 -2.41682e-15
26450 -5.61232e-15
26460 -2.07656e-16
26470 -2.73943e-15
26480 -6.8582e-15
26490 -5.49551e-15
26500 -1.29819e-15
26510 1.30205e-15
26520 3.79696e-15
26530 1.75845e-15
26540 6.76825e-15
26550 3.29352e-15
26560 1.98961e-15
26570 3.33882e-15
26580 3.37947e-15
26590 1.01882e-14
26600 6.64266e-15
26610 1.89571e-15
26620 6.8927e-15
26630 6.58488e-15
26640 3.83284e-15
26650 4.62003e-15
26660 1.22357e-14
26670 6.35874e-15
26680 4.35471e-15
26690 1.58498e-15
26700 5.92669e-15
26710 1.08102e-14
26720 5.79289e-15
26730 -4.77719e-16
26740 -3.56797e-15
26750 3.12504e-15
26760 6.39117e-15
26770 3.5626e-15
26780 3.71864e-15
26790 -2.85765e-15
26800 3.97623e-15
26810 1.1232e-15
26820 5.05962e-15
26830 2.32299e-15
26840 -2.98996e-15
26850 -1.21877e-14
26860 -9.37168e-15
26870 -6.14745e-15
26880 -5.93064e-15
26890 -5.59698e-15
26900 -1.01181e-14
26910 -7.86793e-15
26920 -5.13319e-15
26930 1.24823e-15
26940 -2.34839e-15
26950 -2.01133e-15
26960 -4.99736e-15
26970 -8.43309e-16
26980 1.01438e-15
26990 1.80696e-16
27000 2.07737e-15
27010 -6.27484e-15
27020 -3.4023e-15
27030 -6.24606e-15
27040 5.15563e-15
27050 4.79421e-16
27060 2.24653e-15
27070 -4.37369e-15
27080 -4.74759e-15
27090 -1.15691e-14
27100 -2.00157e-15
27110 -8.97916e-16
27120 1.31774e-15
27130 -4.36557e-15
27140 -5.27731e-15
27150 2.64352e-15
27160 -2.49341e-16
27170 8.66224e-16
27180 -6.95698e-15
27190 -1.14598e-14
27200 -6.84569e-15
27210 8.3182e-15
27220 -6.6069e-16
27230 1.48306e-15
27240 -5.68364e-15
27250 -8.82336e-16
27260 -2.11186e-16
27270 -3.54289e-15
27280 -1.05874e-14
27290 -8.82279e-15
27300 -4.13861e-15
27310 8.01537e-16
27320 1.3021e-15
27330 -7.24027e-15
27340 -7.08545e-15
27350 -7.93271e-15
27360 -9.42355e-15
27370 -5.30937e-15
27380 -1.13256e-14
27390 -7.00327e-15
27400 -9.62482e-15
27410 -6.58936e-15
27420 -1.09535e-14
27430 -1.25093e-14
27440 -5.72745e-15
27450 -9.06995e-15
27460 -8.48788e-15
27470 -5.96344e-15
27480 -1.12118e-14
27490 -7.37041e-15
27500 -1.87027e-14
27510 -2.49815e-15
27520 -7.55701e-15
27530 2.50415e-15
27540 -9.42227e-16
27550 -6.4319e-15
27560 -3.39463e-15
27570 -5.96773e-15
27580 -1.07933e-14
27590 -5.5576e-15
27600 -3.43135e-15
27610 1.40186e-17
27620 5.74443e-16
27630 1.04439e-15
27640 -3.16467e-15
27650 -3.11018e-15
27660 -1.76065e-15
27670 2.32389e-15
27680 7.55933e-15
27690 4.75472e-15
27700 -2.50685e-15
27710 3.65334e-15
27720 -4.478e-15
27730 1.04545e-15
27740 -2.16563e-15
27750 1.97486e-15
27760 -5.62199e-15
27770 -2.11824e-16
27780 -6.09585e-15
27790 -2.36626e-17
27800 3.90792e-15
27810 4.01399e-15
27820 -4.51586e-15
27830 5.55399e-15
27840 1.21103e-14
27850 1.76522e-14
27860 1.35089e-14
27870 5.73824e-15
27880 2.5963e-16
27890 1.41823e-14
27900 1.40846e-14
27910 2.144e-14
27920 1.18049e-14
27930 7.16335e-15
27940 1.29359e-14
27950 1.8824e-14
27960 2.16248e-14
27970 2.00796e-14
27980 9.89774e-15
27990 2.40555e-14
28000 3.15465e-14
28010 2.84792e-14
28020 1.68967e-14
28030 2.33235e-14
28040 1.93929e-14
28050 1.81346e-14
28060 2.50026e-14
28070 2.64771e-14
28080 4.70273e-14
28090 6.03919e-14
28100 7.34893e-14
28110 1.12395e-13
28120 1.75009e-13
28130 3.01711e-13
28140 5.21984e-13
28150 9.14035e-13
28160 1.59749e-12
28170 2.78251e-12
28180 4.82727e-12
28190 8.32271e-12
28200 1.42558e-11
28210 2.42283e-11
28220 4.08839e-11
28230 6.84594e-11
28240 1.13794e-10
28250 1.878e-10
28260 3.07663e-10
28270 5.0043e-10
28280 8.08214e-10
28290 1.29622e-09
28300 2.06465e-09
28310 3.26639e-09
28320 5.13318e-09
28330 8.01385e-09
28340 1.243e-08
28350 1.91566e-08
28360 2.9337e-08
28370 4.4648e-08
28380 6.75323e-08
28390 1.01526e-07
28400 1.51718e-07
28410 2.25381e-07
28420 3.32853e-07
28430 4.88733e-07
28440 7.13519e-07
28450 1.03582e-06
28460 1.49531e-06
28470 2.14673e-06
28480 3.06513e-06
28490 4.35283e-06
28500 6.14852e-06
28510 8.63913e-06
28520 1.20752e-05
28530 1.67906e-05
28540 2.32279e-05
28550 3.19703e-05
28560 4.37823e-05
28570 5.96605e-05
28580 8.0897e-05
28590 0.000109158
28600 0.00014658
28610 0.000195889
28620 0.000260545
28630 0.000344911
28640 0.00045447
28650 0.000596063
28660 0.000778191
28670 0.00101136
28680 0.00130847
28690 0.00168531
28700 0.00216107
28710 0.00275896
28720 0.00350693
28730 0.00443841
28740 0.00559321
28750 0.00701847
28760 0.00876973
28770 0.010912
28780 0.0135212
28790 0.016685
28800 0.0205048
28810 0.0250964
28820 0.0305921
28830 0.0371417
28840 0.0449138
28850 0.0540973
28860 0.0649026
28870 0.077562
28880 0.0923312
28890 0.109489
28900 0.129339
28910 0.152207
28920 0.17844
28930 0.20841
28940 0.242505
28950 0.281132
28960 0.324711
28970 0.373671
28980 0.428447
28990 0.489475
29000 0.557185
29010 0.631992
29020 0.714293
29030 0.804458
29040 0.902818
29050 1.00966
29060 1.12523
29070 1.24968
29080 1.38313
29090 1.52559
29100 1.67701
29110 1.83721
29120 2.00594
29130 2.18283
29140 2.36741
29150 2.55909
29160 2.75717
29170 2.96083
29180 3.16916
29190 3.38113
29200 3.59561
29210 3.8114
29220 4.02721
29230 4.24168
29240 4.4534
29250 4.66094
29260 4.86282
29270 5.05758
29280 5.24377
29290 5.41997
29300 5.5848
29310 5.73698
29320 5.87529
29330 5.99861
29340 6.10596
29350 6.19648
29360 6.26944
29370 6.32429
29380 6.3606
29390 6.37815
29400 6.37685
29410 6.35678
29420 6.31821
29430 6.26155
29440 6.18735
29450 6.09633
29460 5.98933
29470 5.8673
29480 5.73132
29490 5.58252
29500 5.42215
29510 5.2515
29520 5.07188
29530 4.88465
29540 4.69117
29550 4.49281
29560 4.29088
29570 4.0867
29580 3.8815
29590 3.67648
29600 3.47276
29610 3.27138
29620 3.0733
29630 2.87939
29640 2.69043
29650 2.50711
29660 2.33001
29670 2.15962
29680 1.99636
29690 1.84052
29700 1.69235
29710 1.55197
29720 1.41947
29730 1.29485
29740 1.17804
29750 1.06891
29760 0.96731
29770 0.873011
29780 0.785764
29790 0.705284
29800 0.631259
29810 0.563359
29820 0.501235
29830 0.444529
29840 0.392876
29850 0.345908
29860 0.303254
29870 0.264547
29880 0.229425
29890 0.197529
29900 0.168507
29910 0.142016
29920 0.117719
29930 0.0952872
29940 0.074397
29950 0.0547325
29960 0.0359825
29970 0.0178398
29980 0
