-20 0
0 2.71457e-09
20 5.93345e-09
40 1.01284e-08
60 1.57159e-08
80 2.30307e-08
100 3.22877e-08
120 4.35551e-08
140 5.67297e-08
160 7.14932e-08
180 8.72671e-08
200 1.03167e-07
220 1.17938e-07
240 1.29857e-07
260 1.36624e-07
280 1.35206e-07
300 1.21623e-07
320 9.06662e-08
340 3.55281e-08
360 -5.26935e-08
380 -1.85655e-07
400 -3.7861e-07
420 -6.51508e-07
440 -1.03041e-06
460 -1.54931e-06
480 -2.2524e-06
500 -3.19696e-06
520 -4.45697e-06
540 -6.12762e-06
560 -8.33079e-06
580 -1.12219e-05
600 -1.49981e-05
620 -1.99084e-05
640 -2.62656e-05
660 -3.44607e-05
680 -4.49801e-05
700 -5.84253e-05
720 -7.55364e-05
740 -9.72193e-05
760 -0.000124577
780 -0.000158943
800 -0.000201926
820 -0.000255449
840 -0.0003218
860 -0.000403688
880 -0.000504298
900 -0.000627354
920 -0.000777183
940 -0.000958778
960 -0.00117787
980 -0.00144098
1000 -0.00175549
1020 -0.00212971
1040 -0.00257287
1060 -0.00309522
1080 -0.00370798
1100 -0.0044234
1120 -0.00525465
1140 -0.00621584
1160 -0.00732185
1180 -0.00858826
1200 -0.0100312
1220 -0.011667
1240 -0.0135121
1260 -0.0155827
1280 -0.0178943
1300 -0.0204617
1320 -0.0232979
1340 -0.0264144
1360 -0.0298202
1380 -0.0335216
1400 -0.0375216
1420 -0.0418194
1440 -0.0464101
1460 -0.0512842
1480 -0.0564273
1500 -0.0618197
1520 -0.0674364
1540 -0.0732471
1560 -0.079216
1580 -0.085302
1600 -0.0914593
1620 -0.0976375
1640 -0.103782
1660 -0.109836
1680 -0.115739
1700 -0.121431
1720 -0.126848
1740 -0.131932
1760 -0.136621
1780 -0.140861
1800 -0.144598
1820 -0.147785
1840 -0.150382
1860 -0.152355
1880 -0.153676
1900 -0.154328
1920 -0.154301
1940 -0.153594
1960 -0.152216
1980 -0.150184
2000 -0.147524
2020 -0.144269
2040 -0.140459
2060 -0.136141
2080 -0.131368
2100 -0.126197
2120 -0.120686
2140 -0.114898
2160 -0.108896
2180 -0.102741
2200 -0.0964958
2220 -0.0902185
2240 -0.0839649
2260 -0.0777869
2280 -0.0717318
2300 -0.065842
2320 -0.0601545
2340 -0.0547006
2360 -0.0495062
2380 -0.0445914
2400 -0.039971
2420 -0.0356547
2440 -0.0316474
2460 -0.0279496
2480 -0.0245577
2500 -0.021465
2520 -0.0186617
2540 -0.0161355
2560 -0.0138724
2580 -0.0118567
2600 -0.010072
2620 -0.0085011
2640 -0.00712663
2660 -0.00593131
2680 -0.00489822
2700 -0.004011
2720 -0.00325406
2740 -0.0026127
2760 -0.0020732
2780 -0.0016229
2800 -0.0012502
2820 -0.000944597
2840 -0.000696666
2860 -0.000498007
2880 -0.000341215
2900 -0.000219825
2920 -0.000128243
2940 -6.16922e-05
2960 -1.61401e-05
2980 1.17619e-05
3000 2.4741e-05
3020 2.49617e-05
3040 1.40794e-05
3060 -6.70973e-06
3080 -3.66237e-05
3100 -7.52542e-05
3120 -0.00012253
3140 -0.000178686
3160 -0.00024423
3180 -0.000319918
3200 -0.000406732
3220 -0.000505846
3240 -0.000618612
3260 -0.000746527
3280 -0.000891207
3300 -0.00105436
3320 -0.00123776
3340 -0.00144318
3360 -0.00167242
3380 -0.00192717
3400 -0.00220904
3420 -0.00251949
3440 -0.00285976
3460 -0.00323082
3480 -0.0036333
3500 -0.00406748
3520 -0.00453317
3540 -0.0050297
3560 -0.00555583
3580 -0.00610975
3600 -0.00668901
3620 -0.00729051
3640 -0.00791045
3660 -0.00854438
3680 -0.00918718
3700 -0.00983309
3720 -0.0104758
3740 -0.0111083
3760 -0.0117234
3780 -0.0123133
3800 -0.0128702
3820 -0.0133859
3840 -0.0138525
3860 -0.014262
3880 -0.0146069
3900 -0.0148801
3920 -0.0150751
3940 -0.0151861
3960 -0.0152084
3980 -0.0151382
4000 -0.0149728
4020 -0.0147108
4040 -0.0143519
4060 -0.0138975
4080 -0.0133499
4100 -0.0127132
4120 -0.0119923
4140 -0.0111937
4160 -0.0103249
4180 -0.00939435
4200 -0.00841145
4220 -0.00738629
4240 -0.00632949
4260 -0.00525206
4280 -0.00416517
4300 -0.00307996
4320 -0.00200739
4340 -0.000958019
4360 5.81268e-05
4380 0.00103174
4400 0.00195434
4420 0.0028184
4440 0.00361747
4460 0.00434618
4480 0.00500035
4500 0.00557695
4520 0.00607417
4540 0.00649132
4560 0.00682883
4580 0.00708817
4600 0.00727176
4620 0.0073829
4640 0.00742563
4660 0.00740466
4680 0.00732521
4700 0.00719295
4720 0.00701384
4740 0.00679404
4760 0.00653983
4780 0.00625752
4800 0.00595333
4820 0.00563341
4840 0.00530374
4860 0.00497012
4880 0.00463815
4900 0.00431325
4920 0.00400066
4940 0.00370549
4960 0.00343275
4980 0.00318741
5000 0.00303955
5020 0.00291812
5040 0.00282581
5060 0.00276543
5080 0.00273992
5100 0.00275235
5120 0.002806
5140 0.00290433
5160 0.00305101
5180 0.00324993
5200 0.00350517
5220 0.00382106
5240 0.00420207
5260 0.00465288
5280 0.00517827
5300 0.0057831
5320 0.00647227
5340 0.00725061
5360 0.00812284
5380 0.00909346
5400 0.0101667
5420 0.0113462
5440 0.0126354
5460 0.0140368
5480 0.0155522
5500 0.0171825
5520 0.0189279
5540 0.0207869
5560 0.0227574
5580 0.0248356
5600 0.0270165
5620 0.0292935
5640 0.0316588
5660 0.0341027
5680 0.0366144
5700 0.0391814
5720 0.04179
5740 0.044425
5760 0.0470701
5780 0.049708
5800 0.0523205
5820 0.0548887
5840 0.0573933
5860 0.0598148
5880 0.0621336
5900 0.0643306
5920 0.0663869
5940 0.0682849
5960 0.0700076
5980 0.0715396
6000 0.0728671
6020 0.0739777
6040 0.0748614
6060 0.07551
6080 0.0759177
6100 0.0760807
6120 0.075998
6140 0.0756708
6160 0.0751024
6180 0.0742988
6200 0.0732679
6220 0.0720199
6240 0.0705666
6260 0.0689218
6280 0.0671006
6300 0.0651194
6320 0.0629957
6340 0.0607477
6360 0.0583942
6380 0.055954
6400 0.0534462
6420 0.0508897
6440 0.0483025
6460 0.0457026
6480 0.0431065
6500 0.0405303
6520 0.0379884
6540 0.0354945
6560 0.0330606
6580 0.0306974
6600 0.0284141
6620 0.0262188
6640 0.0241179
6660 0.0221164
6680 0.020218
6700 0.0184254
6720 0.0167397
6740 0.0151613
6760 0.0136894
6780 0.0123224
6800 0.0110577
6820 0.00989244
6840 0.00882287
6860 0.00784492
6880 0.00695411
6900 0.00614575
6920 0.00541491
6940 0.00475661
6960 0.00416581
6980 0.00363752
7000 0.00316682
7020 0.00274894
7040 0.00237927
7060 0.0020534
7080 0.00176714
7100 0.00151655
7120 0.00129793
7140 0.00110783
7160 0.000943059
7180 0.000800677
7200 0.000677982
7220 0.000572508
7240 0.000482006
7260 0.000404433
7280 0.000337937
7300 0.000280838
7320 0.000231615
7340 0.000188883
7360 0.000151385
7380 0.000117963
7400 8.75552e-05
7420 5.91689e-05
7440 3.18725e-05
7460 4.77871e-06
7480 -2.29675e-05
7500 -5.22016e-05
7520 -8.37495e-05
7540 -0.000118438
7560 -0.000157102
7580 -0.000200594
7600 -0.000249785
7620 -0.000305574
7640 -0.000368885
7660 -0.000440671
7680 -0.000521912
7700 -0.000613612
7720 -0.000716795
7740 -0.000832494
7760 -0.000961747
7780 -0.00110558
7800 -0.00126502
7820 -0.00144102
7840 -0.0016345
7860 -0.00184634
7880 -0.00207728
7900 -0.00232798
7920 -0.00259896
7940 -0.00289061
7960 -0.00320312
7980 -0.0035365
8000 -0.00389053
8020 -0.00426479
8040 -0.00465859
8060 -0.00507099
8080 -0.00550076
8100 -0.00594642
8120 -0.00640619
8140 -0.00687802
8160 -0.00735961
8180 -0.00784836
8200 -0.00834146
8220 -0.00883587
8240 -0.00932837
8260 -0.00981556
8280 -0.0102939
8300 -0.0107599
8320 -0.0112098
8340 -0.0116401
8360 -0.0120472
8380 -0.0124275
8400 -0.0127779
8420 -0.0130951
8440 -0.0133764
8460 -0.0136192
8480 -0.0138211
8500 -0.0139805
8520 -0.0140957
8540 -0.0141657
8560 -0.0141899
8580 -0.0141682
8600 -0.0141006
8620 -0.013988
8640 -0.0138315
8660 -0.0136327
8680 -0.0133933
8700 -0.0131158
8720 -0.0128027
8740 -0.0124569
8760 -0.0120815
8780 -0.0116798
8800 -0.0112552
8820 -0.0108113
8840 -0.0103517
8860 -0.00987984
8880 -0.00939937
8900 -0.00891369
8920 -0.00842611
8940 -0.00793978
8960 -0.00745767
8980 -0.00698251
9000 -0.00651681
9020 -0.00606281
9040 -0.0056225
9060 -0.00519759
9080 -0.00478952
9100 -0.00439947
9120 -0.00402835
9140 -0.00367682
9160 -0.0033453
9180 -0.003034
9200 -0.00274292
9220 -0.00247185
9240 -0.00222045
9260 -0.00198822
9280 -0.00177453
9300 -0.00157866
9320 -0.00139978
9340 -0.00123702
9360 -0.00108946
9380 -0.000956113
9400 -0.000836015
9420 -0.000728177
9440 -0.000631616
9460 -0.000545368
9480 -0.000468491
9500 -0.000400073
9520 -0.000339237
9540 -0.000285145
9560 -0.000237001
9580 -0.000194052
9600 -0.000155587
9620 -0.00012094
9640 -8.94857e-05
9660 -6.0642e-05
9680 -3.38647e-05
9700 -8.6478e-06
9720 1.54795e-05
9740 3.89545e-05
9760 6.21827e-05
9780 8.55404e-05
9800 0.000109375
9820 0.000134009
9840 0.000159736
9860 0.000186827
9880 0.000215527
9900 0.000246058
9920 0.000278613
9940 0.000313363
9960 0.000350451
9980 0.000389992
10000 0.000422773
10020 0.000457743
10040 0.000494914
10060 0.000534274
10080 0.00057579
10100 0.000619402
10120 0.000665025
10140 0.00071255
10160 0.000761844
10180 0.000812748
10200 0.00086508
10220 0.000918632
10240 0.000973178
10260 0.00102847
10280 0.00108424
10300 0.0011402
10320 0.00119607
10340 0.00125153
10360 0.00130626
10380 0.00135996
10400 0.00141229
10420 0.00146295
10440 0.00151163
10460 0.00155802
10480 0.00160186
10500 0.00164288
10520 0.00168084
10540 0.00171552
10560 0.00174675
10580 0.00177438
10600 0.00179829
10620 0.0018184
10640 0.00183467
10660 0.0018471
10680 0.00185574
10700 0.00186064
10720 0.00186194
10740 0.00185977
10760 0.00185432
10780 0.0018458
10800 0.00183446
10820 0.00182055
10840 0.00180437
10860 0.00178621
10880 0.00176638
10900 0.0017452
10920 0.00172297
10940 0.00170002
10960 0.00167663
10980 0.0016531
11000 0.0016297
11020 0.00160667
11040 0.00158423
11060 0.00156258
11080 0.00154187
11100 0.00152223
11120 0.00150376
11140 0.00148652
11160 0.00147052
11180 0.00145576
11200 0.0014422
11220 0.00142975
11240 0.00141831
11260 0.00140776
11280 0.00139794
11300 0.00138868
11320 0.00137979
11340 0.00137107
11360 0.00136232
11380 0.00135332
11400 0.00134387
11420 0.00133376
11440 0.0013228
11460 0.00131081
11480 0.00129761
11500 0.00128306
11520 0.00126703
11540 0.00124941
11560 0.00123012
11580 0.00120909
11600 0.00118631
11620 0.00116174
11640 0.00113542
11660 0.00110737
11680 0.00107767
11700 0.00104638
11720 0.0010136
11740 0.000979451
11760 0.00094405
11780 0.000907532
11800 0.000870033
11820 0.000831696
11840 0.000792659
11860 0.000753059
11880 0.000713022
11900 0.000672664
11920 0.000632087
11940 0.000591373
11960 0.000550585
11980 0.000509762
12000 0.000468915
12020 0.000428028
12040 0.00038705
12060 0.000345899
12080 0.000304458
12100 0.00026257
12120 0.000220042
12140 0.000176639
12160 0.000132085
12180 8.60636e-05
12200 3.82158e-05
12220 -1.186e-05
12240 -6.46066e-05
12260 -0.000120509
12280 -0.00018009
12300 -0.000243913
12320 -0.000312579
12340 -0.000386718
12360 -0.000466995
12380 -0.000554099
12400 -0.000648742
12420 -0.000751652
12440 -0.000863567
12460 -0.00098523
12480 -0.00111738
12500 -0.00126073
12520 -0.001416
12540 -0.00158385
12560 -0.00176491
12580 -0.00195975
12600 -0.00216888
12620 -0.00239272
12640 -0.00263162
12660 -0.00288581
12680 -0.00315541
12700 -0.00344041
12720 -0.00374066
12740 -0.00405587
12760 -0.0043856
12780 -0.00472921
12800 -0.00508593
12820 -0.00545478
12840 -0.00583462
12860 -0.00622413
12880 -0.00662181
12900 -0.00702597
12920 -0.0074348
12940 -0.00784629
12960 -0.00825831
12980 -0.00866862
13000 -0.00907484
13020 -0.00947453
13040 -0.00986519
13060 -0.0102443
13080 -0.0106092
13100 -0.0109574
13120 -0.0112865
13140 -0.0115939
13160 -0.0118775
13180 -0.012135
13200 -0.0123643
13220 -0.0125637
13240 -0.0127316
13260 -0.0128665
13280 -0.0129674
13300 -0.0130333
13320 -0.0130636
13340 -0.0130582
13360 -0.0130169
13380 -0.0129401
13400 -0.0128284
13420 -0.0126826
13440 -0.0125038
13460 -0.0122935
13480 -0.0120533
13500 -0.0117851
13520 -0.0114909
13540 -0.0111729
13560 -0.0108335
13580 -0.0104751
13600 -0.0101003
13620 -0.0097118
13640 -0.00931208
13660 -0.0089038
13680 -0.00848955
13700 -0.00807184
13720 -0.00765309
13740 -0.00723563
13760 -0.00682164
13780 -0.00641317
13800 -0.00601211
13820 -0.00562016
13840 -0.00523886
13860 -0.00486955
13880 -0.0045134
13900 -0.00417138
13920 -0.00384427
13940 -0.00353269
13960 -0.00323707
13980 -0.00295769
14000 -0.00269466
14020 -0.00244797
14040 -0.00221746
14060 -0.00200286
14080 -0.0018038
14100 -0.00161983
14120 -0.00145041
14140 -0.00129495
14160 -0.00115278
14180 -0.00102324
14200 -0.000905607
14220 -0.000799157
14240 -0.000703156
14260 -0.000616875
14280 -0.000539592
14300 -0.000470603
14320 -0.000409224
14340 -0.000354799
14360 -0.000306701
14380 -0.000264336
14400 -0.000227144
14420 -0.000194601
14440 -0.00016622
14460 -0.00014155
14480 -0.000120176
14500 -0.000101717
14520 -8.58288e-05
14540 -7.21967e-05
14560 -6.0538e-05
14580 -5.05989e-05
14600 -4.21523e-05
14620 -3.49962e-05
14640 -2.89514e-05
14660 -2.38595e-05
14680 -1.95812e-05
14700 -1.5994e-05
14720 -1.29907e-05
14740 -1.04771e-05
14760 -8.37092e-06
14780 -6.59962e-06
14800 -5.09909e-06
14820 -3.81203e-06
14840 -2.68653e-06
14860 -1.67451e-06
14880 -7.3038e-07
14900 1.90558e-07
14920 1.13358e-06
14940 2.14616e-06
14960 3.27974e-06
14980 4.59158e-06
15000 5.71895e-06
15020 7.11504e-06
15040 8.83869e-06
15060 1.09603e-05
15080 1.35639e-05
15100 1.67491e-05
15120 2.06343e-05
15140 2.53589e-05
15160 3.10869e-05
15180 3.80107e-05
15200 4.63549e-05
15220 5.6381e-05
15240 6.83919e-05
15260 8.2738e-05
15280 9.98224e-05
15300 0.000120107
15320 0.000144122
15340 0.000172467
15360 0.000205824
15380 0.000244964
15400 0.000290754
15420 0.000344166
15440 0.000406282
15460 0.000478309
15480 0.000561579
15500 0.000657564
15520 0.000767874
15540 0.000894272
15560 0.00103867
15580 0.00120315
15600 0.00138992
15620 0.0016014
15640 0.00184011
15660 0.00210876
15680 0.0024102
15700 0.00274739
15720 0.00312343
15740 0.00354152
15760 0.00400494
15780 0.00451702
15800 0.00508113
15820 0.00570063
15840 0.00637882
15860 0.00711895
15880 0.0079241
15900 0.00879722
15920 0.00974101
15940 0.0107579
15960 0.0118499
15980 0.0130189
16000 0.0142659
16020 0.0155918
16040 0.0169969
16060 0.0184806
16080 0.0200418
16100 0.021679
16120 0.0233894
16140 0.0251698
16160 0.0270163
16180 0.0289238
16200 0.0308867
16220 0.0328984
16240 0.0349516
16260 0.0370383
16280 0.0391496
16300 0.041276
16320 0.0434074
16340 0.0455331
16360 0.0476419
16380 0.0497222
16400 0.0517623
16420 0.0537502
16440 0.0556738
16460 0.0575212
16480 0.0592805
16500 0.0609404
16520 0.0624897
16540 0.063918
16560 0.0652155
16580 0.0663732
16600 0.0673831
16620 0.068238
16640 0.0689319
16660 0.0694598
16680 0.0698181
16700 0.0700044
16720 0.0700175
16740 0.0698574
16760 0.0695256
16780 0.0690248
16800 0.0683588
16820 0.0675326
16840 0.0665525
16860 0.0654256
16880 0.0641601
16900 0.0627649
16920 0.0612499
16940 0.0596254
16960 0.0579023
16980 0.0560919
17000 0.0542056
17020 0.0522553
17040 0.0502527
17060 0.0482094
17080 0.046137
17100 0.0440464
17120 0.0419487
17140 0.039854
17160 0.0377722
17180 0.0357124
17200 0.0336831
17220 0.0316921
17240 0.0297464
17260 0.0278523
17280 0.0260153
17300 0.02424
17320 0.0225304
17340 0.0208898
17360 0.0193204
17380 0.0178241
17400 0.0164019
17420 0.0150543
17440 0.013781
17460 0.0125814
17480 0.0114543
17500 0.0103981
17520 0.00941073
17540 0.00848988
17560 0.0076329
17580 0.00683692
17600 0.00609888
17620 0.00541556
17640 0.00478367
17660 0.00419981
17680 0.00366058
17700 0.00316258
17720 0.00270244
17740 0.00227686
17760 0.00188261
17780 0.00151658
17800 0.00117575
17820 0.00085727
17840 0.000558423
17860 0.000276649
17880 9.55205e-06
17900 -0.000245096
17920 -0.000489353
17940 -0.000725105
17960 -0.000954068
17980 -0.00117779
18000 -0.00139767
18020 -0.00161494
18040 -0.00183068
18060 -0.00204586
18080 -0.0022613
18100 -0.00247774
18120 -0.00269581
18140 -0.00291608
18160 -0.00313906
18180 -0.00336524
18200 -0.00359512
18220 -0.00382921
18240 -0.0040681
18260 -0.00431248
18280 -0.00456316
18300 -0.00482117
18320 -0.00508772
18340 -0.00536433
18360 -0.00565283
18380 -0.00595547
18400 -0.00627491
18420 -0.00661434
18440 -0.00697754
18460 -0.00736892
18480 -0.00779363
18500 -0.00825759
18520 -0.00876763
18540 -0.00933149
18560 -0.00995798
18580 -0.010657
18600 -0.0114395
18620 -0.0123179
18640 -0.0133059
18660 -0.0144182
18680 -0.0156715
18700 -0.0170835
18720 -0.0186736
18740 -0.0204627
18760 -0.022473
18780 -0.0247285
18800 -0.0272543
18820 -0.0300772
18840 -0.033225
18860 -0.0367268
18880 -0.0406127
18900 -0.0449136
18920 -0.0496612
18940 -0.0548872
18960 -0.0606238
18980 -0.0669028
19000 -0.0737554
19020 -0.0812119
19040 -0.0893013
19060 -0.0980507
19080 -0.107485
19100 -0.117627
19120 -0.128494
19140 -0.140103
19160 -0.152464
19180 -0.165582
19200 -0.17946
19220 -0.194093
19240 -0.209468
19260 -0.225568
19280 -0.242369
19300 -0.259839
19320 -0.277939
19340 -0.29662
19360 -0.31583
19380 -0.335504
19400 -0.355573
19420 -0.37596
19440 -0.39658
19460 -0.417343
19480 -0.43815
19500 -0.4589
19520 -0.479485
19540 -0.499795
19560 -0.519715
19580 -0.539129
19600 -0.557922
19620 -0.575976
19640 -0.593178
19660 -0.609414
19680 -0.624577
19700 -0.638563
19720 -0.651275
19740 -0.662625
19760 -0.67253
19780 -0.680919
19800 -0.687729
19820 -0.692911
19840 -0.696424
19860 -0.698242
19880 -0.69835
19900 -0.696746
19920 -0.693439
19940 -0.688454
19960 -0.681825
19980 -0.673599
20000 -0.663834
20020 -0.6526
20040 -0.639974
20060 -0.626045
20080 -0.610907
20100 -0.594664
20120 -0.577421
20140 -0.559292
20160 -0.540391
20180 -0.520836
20200 -0.500744
20220 -0.480234
20240 -0.459421
20260 -0.438418
20280 -0.417336
20300 -0.39628
20320 -0.375351
20340 -0.354641
20360 -0.334239
20380 -0.314226
20400 -0.294674
20420 -0.275649
20440 -0.257209
20460 -0.239402
20480 -0.22227
20500 -0.205848
20520 -0.190162
20540 -0.175231
20560 -0.161068
20580 -0.147677
20600 -0.13506
20620 -0.123211
20640 -0.112119
20660 -0.101768
20680 -0.0921405
20700 -0.0832136
20720 -0.0749621
20740 -0.0673584
20760 -0.0603732
20780 -0.0539757
20800 -0.0481341
20820 -0.0428161
20840 -0.0379893
20860 -0.0336212
20880 -0.0296799
20900 -0.0261342
20920 -0.0229537
20940 -0.020109
20960 -0.017572
20980 -0.0153161
21000 -0.0133158
21020 -0.0115472
21040 -0.00998802
21060 -0.00861731
21080 -0.00741572
21100 -0.00636537
21120 -0.00544982
21140 -0.00465401
21160 -0.00396423
21180 -0.00336803
21200 -0.00285415
21220 -0.00241247
21240 -0.0020339
21260 -0.00171032
21280 -0.00143452
21300 -0.0012001
21320 -0.0010014
21340 -0.000833439
21360 -0.000691861
21380 -0.000572848
21400 -0.000473081
21420 -0.000389679
21440 -0.000320148
21460 -0.000262342
21480 -0.000214416
21500 -0.00017479
21520 -0.000142117
21540 -0.00011525
21560 -9.32197e-05
21580 -7.52039e-05
21600 -6.05115e-05
21620 -4.85625e-05
21640 -3.88712e-05
21660 -3.10325e-05
21680 -2.47097e-05
21700 -1.96237e-05
21720 -1.55436e-05
21740 -1.22795e-05
21760 -9.6754e-06
21780 -7.6035e-06
21800 -5.95954e-06
21820 -4.65872e-06
21840 -3.63224e-06
21860 -2.82445e-06
21880 -2.19051e-06
21900 -1.69436e-06
21920 -1.30712e-06
21940 -1.00571e-06
21960 -7.71751e-07
21980 -5.90646e-07
22000 -4.50837e-07
22020 -3.43207e-07
22040 -2.60578e-07
22060 -1.97316e-07
22080 -1.49011e-07
22100 -1.12231e-07
22120 -8.43056e-08
22140 -6.31602e-08
22160 -4.71903e-08
22180 -3.5163e-08
22200 -2.61328e-08
22220 -1.93719e-08
22240 -1.43217e-08
22260 -1.05592e-08
22280 -7.76688e-09
22300 -5.70239e-09
22320 -4.17908e-09
22340 -3.05741e-09
22360 -2.23697e-09
22380 -1.64298e-09
22400 -1.21592e-09
22420 -9.10685e-10
22440 -6.98072e-10
22460 -5.59293e-10
22480 -4.78161e-10
22500 -4.40741e-10
22520 -4.40538e-10
22540 -4.78154e-10
22560 -5.5483e-10
22580 -6.7007e-10
22600 -8.27189e-10
22620 -1.03695e-09
22640 -1.3133e-09
22660 -1.66871e-09
22680 -2.11785e-09
22700 -2.68375e-09
22720 -3.39695e-09
22740 -4.28979e-09
22760 -5.39705e-09
22780 -6.7632e-09
22800 -8.446e-09
22820 -1.05126e-08
22840 -1.30378e-08
22860 -1.61112e-08
22880 -1.98447e-08
22900 -2.43727e-08
22920 -2.9848e-08
22940 -3.64457e-08
22960 -4.4372e-08
22980 -5.38673e-08
23000 -6.52036e-08
23020 -7.86849e-08
23040 -9.4657e-08
23060 -1.13517e-07
23080 -1.35716e-07
23100 -1.61755e-07
23120 -1.92195e-07
23140 -2.27659e-07
23160 -2.68841e-07
23180 -3.16493e-07
23200 -3.71429e-07
23220 -4.34526e-07
23240 -5.06733e-07
23260 -5.89063e-07
23280 -6.82587e-07
23300 -7.88422e-07
23320 -9.07733e-07
23340 -1.04172e-06
23360 -1.19157e-06
23380 -1.35849e-06
23400 -1.54364e-06
23420 -1.74814e-06
23440 -1.97303e-06
23460 -2.21925e-06
23480 -2.48757e-06
23500 -2.77859e-06
23520 -3.09267e-06
23540 -3.4299e-06
23560 -3.79004e-06
23580 -4.17249e-06
23600 -4.57624e-06
23620 -4.99981e-06
23640 -5.44122e-06
23660 -5.8979e-06
23680 -6.3667e-06
23700 -6.84384e-06
23720 -7.3249e-06
23740 -7.80478e-06
23760 -8.27766e-06
23780 -8.73709e-06
23800 -9.17591e-06
23820 -9.58635e-06
23840 -9.96003e-06
23860 -1.02881e-05
23880 -1.05611e-05
23900 -1.07695e-05
23920 -1.09033e-05
23940 -1.09525e-05
23960 -1.0907e-05
23980 -1.07572e-05
24000 -1.04936e-05
24020 -1.01075e-05
24040 -9.59063e-06
24060 -8.93605e-06
24080 -8.1378e-06
24100 -7.19131e-06
24120 -6.0936e-06
24140 -4.84339e-06
24160 -3.44132e-06
24180 -1.8901e-06
24200 -1.94593e-07
24220 1.63806e-06
24240 3.59838e-06
24260 5.67452e-06
24280 7.85231e-06
24300 1.01153e-05
24320 1.24447e-05
24340 1.48199e-05
24360 1.72183e-05
24380 1.96155e-05
24400 2.19858e-05
24420 2.43026e-05
24440 2.65383e-05
24460 2.86649e-05
24480 3.06545e-05
24500 3.24796e-05
24520 3.41134e-05
24540 3.55305e-05
24560 3.67069e-05
24580 3.76208e-05
24600 3.8253e-05
24620 3.85866e-05
24640 3.86084e-05
24660 3.83083e-05
24680 3.76798e-05
24700 3.67203e-05
24720 3.54312e-05
24740 3.3818e-05
24760 3.18902e-05
24780 2.96611e-05
24800 2.71483e-05
24820 2.43727e-05
24840 2.13589e-05
24860 1.81346e-05
24880 1.47303e-05
24900 1.11791e-05
24920 7.51577e-06
24940 3.7769e-06
24960 0
