-20 0
0 0.000680016
20 0.0013474
40 0.00198981
60 0.00259545
80 0.00315331
100 0.00365344
120 0.00408714
140 0.00444711
160 0.00472763
180 0.00492461
200 0.00503566
220 0.00506013
240 0.00499904
260 0.00485501
280 0.00463219
300 0.0043361
320 0.00397345
340 0.00355198
360 0.00308025
380 0.00256739
400 0.00202293
420 0.00145658
440 0.000877972
460 0.000296509
480 -0.000278833
500 -0.000839668
520 -0.00137834
540 -0.00188804
560 -0.00236289
580 -0.00279802
600 -0.00318957
620 -0.00353476
640 -0.00383183
660 -0.00408001
680 -0.0042795
700 -0.00443137
720 -0.00453748
740 -0.0046004
760 -0.0046233
780 -0.00460982
800 -0.004564
820 -0.00449015
840 -0.00439272
860 -0.00427624
880 -0.00414522
900 -0.00400401
920 -0.00385679
940 -0.00370748
960 -0.00355966
980 -0.00341655
1000 -0.003281
1020 -0.00315541
1040 -0.00304175
1060 -0.00294158
1080 -0.00285602
1100 -0.00278579
1120 -0.00273121
1140 -0.00269227
1160 -0.00266862
1180 -0.00265964
1200 -0.00266448
1220 -0.00268207
1240 -0.00271122
1260 -0.00275062
1280 -0.00279889
1300 -0.00285466
1320 -0.00291654
1340 -0.00298324
1360 -0.00305351
1380 -0.00312625
1400 -0.00320047
1420 -0.00327534
1440 -0.00335018
1460 -0.00342448
1480 -0.00349789
1500 -0.0035702
1520 -0.00364135
1540 -0.0037114
1560 -0.00378052
1580 -0.00384894
1600 -0.00391695
1620 -0.00398486
1640 -0.00405296
1660 -0.00412151
1680 -0.00419072
1700 -0.00426069
1720 -0.0043314
1740 -0.00440274
1760 -0.00447441
1780 -0.004546
1800 -0.00461694
1820 -0.0046865
1840 -0.00475381
1860 -0.00481792
1880 -0.00487772
1900 -0.00493207
1920 -0.00497975
1940 -0.00501954
1960 -0.00505023
1980 -0.00507066
2000 -0.00507973
2020 -0.00507647
2040 -0.00506004
2060 -0.00502978
2080 -0.0049852
2100 -0.004926
2120 -0.00485211
2140 -0.00476368
2160 -0.00466105
2180 -0.00454481
2200 -0.00441572
2220 -0.00427472
2240 -0.00412293
2260 -0.0039616
2280 -0.00379209
2300 -0.00361586
2320 -0.00343441
2340 -0.00324926
2360 -0.00306193
2380 -0.00287393
2400 -0.00268669
2420 -0.00250157
2440 -0.00231983
2460 -0.00214263
2480 -0.00197097
2500 -0.00180575
2520 -0.00164772
2540 -0.00149748
2560 -0.0013555
2580 -0.0012221
2600 -0.0010975
2620 -0.000981771
2640 -0.000874887
2660 -0.000776724
2680 -0.000687074
2700 -0.000605656
2720 -0.000532128
2740 -0.000466105
2760 -0.000407164
2780 -0.000354858
2800 -0.000308729
2820 -0.000268311
2840 -0.000233142
2860 -0.000202769
2880 -0.000176754
2900 -0.000154677
2920 -0.000136138
2940 -0.000120765
2960 -0.000108207
2980 -9.81402e-05
3000 -9.02662e-05
3020 -8.43107e-05
3040 -8.00236e-05
3060 -7.71765e-05
3080 -7.55623e-05
3100 -7.49928e-05
3120 -7.52977e-05
3140 -7.63228e-05
3160 -7.79291e-05
3180 -7.9991e-05
3200 -8.23965e-05
3220 -8.50456e-05
3240 -8.78512e-05
3260 -9.07389e-05
3280 -9.36479e-05
3300 -9.6533e-05
3320 -9.9366e-05
3340 -0.000102139
3360 -0.000104871
3380 -0.000107607
3400 -0.000110432
3420 -0.000113478
3440 -0.000116931
3460 -0.000121052
3480 -0.00012619
3500 -0.000132808
3520 -0.000141507
3540 -0.000153065
3560 -0.000168476
3580 -0.000189002
3600 -0.000216237
3620 -0.000252181
3640 -0.000299332
3660 -0.00036079
3680 -0.000440385
3700 -0.000542824
3720 -0.000673861
3740 -0.000840496
3760 -0.00105119
3780 -0.00131614
3800 -0.00164752
3820 -0.00205984
3840 -0.00257024
3860 -0.0031989
3880 -0.00396939
3900 -0.00490908
3920 -0.00604958
3940 -0.00742713
3960 -0.009083
3980 -0.0110639
4000 -0.0134222
4020 -0.0162164
4040 -0.019511
4060 -0.023377
4080 -0.0278915
4100 -0.0331374
4120 -0.0392036
4140 -0.0461835
4160 -0.0541749
4180 -0.0632785
4200 -0.0735969
4220 -0.0852324
4240 -0.0982856
4260 -0.112853
4280 -0.129025
4300 -0.146882
4320 -0.166493
4340 -0.187912
4360 -0.211175
4380 -0.236298
4400 -0.263272
4420 -0.292062
4440 -0.322603
4460 -0.354801
4480 -0.388528
4500 -0.423623
4520 -0.45989
4540 -0.497103
4560 -0.534999
4580 -0.573289
4600 -0.611655
4620 -0.649756
4640 -0.687232
4660 -0.72371
4680 -0.758807
4700 -0.792143
4720 -0.823339
4740 -0.852032
4760 -0.877877
4780 -0.900555
4800 -0.91978
4820 -0.935305
4840 -0.946928
4860 -0.954495
4880 -0.957903
4900 -0.957104
4920 -0.952105
4940 -0.942969
4960 -0.929811
4980 -0.912801
5000 -0.898226
5020 -0.881113
5040 -0.861617
5060 -0.839914
5080 -0.816194
5100 -0.790661
5120 -0.763532
5140 -0.735028
5160 -0.705378
5180 -0.674811
5200 -0.643554
5220 -0.611831
5240 -0.57986
5260 -0.547849
5280 -0.515995
5300 -0.484483
5320 -0.453484
5340 -0.423151
5360 -0.393624
5380 -0.365025
5400 -0.337457
5420 -0.311008
5440 -0.285748
5460 -0.261731
5480 -0.238996
5500 -0.217564
5520 -0.197447
5540 -0.17864
5560 -0.16113
5580 -0.144892
5600 -0.129891
5620 -0.116088
5640 -0.103433
5660 -0.0918765
5680 -0.0813604
5700 -0.0718263
5720 -0.0632133
5740 -0.0554599
5760 -0.0485045
5780 -0.0422861
5800 -0.0367453
5820 -0.0318244
5840 -0.0274678
5860 -0.0236229
5880 -0.0202396
5900 -0.017271
5920 -0.0146733
5940 -0.0124058
5960 -0.0104312
5980 -0.00871518
6000 -0.00722645
6020 -0.00593674
6040 -0.00482054
6060 -0.00385498
6080 -0.00301969
6100 -0.00229661
6120 -0.00166979
6140 -0.00112527
6160 -0.000650871
6180 -0.000236027
6200 0.000128349
6220 0.000450033
6240 0.000735623
6260 0.000990679
6280 0.00121984
6300 0.00142692
6320 0.00161506
6340 0.00178676
6360 0.00194401
6380 0.00208835
6400 0.00222094
6420 0.00234261
6440 0.00245395
6460 0.00255534
6480 0.00264699
6500 0.00272898
6520 0.00280132
6540 0.00286394
6560 0.00291676
6580 0.00295967
6600 0.0029926
6620 0.00301548
6640 0.00302831
6660 0.00303112
6680 0.00302402
6700 0.00300717
6720 0.00298081
6740 0.00294525
6760 0.00290087
6780 0.00284812
6800 0.00278749
6820 0.00271955
6840 0.00264493
6860 0.00256427
6880 0.00247828
6900 0.00238767
6920 0.00229317
6940 0.00219555
6960 0.00209553
6980 0.00199387
7000 0.00189129
7020 0.00178849
7040 0.00168615
7060 0.00158492
7080 0.00148541
7100 0.00138819
7120 0.0012938
7140 0.00120274
7160 0.00111547
7180 0.00103241
7200 0.000953945
7220 0.000880453
7240 0.000812269
7260 0.000749718
7280 0.000693115
7300 0.00064277
7320 0.000598999
7340 0.000562129
7360 0.000532505
7380 0.000510499
7400 0.000496517
7420 0.000491006
7440 0.000494454
7460 0.000507404
7480 0.000530449
7500 0.000564238
7520 0.000609475
7540 0.000666916
7560 0.000737371
7580 0.000821689
7600 0.000920758
7620 0.00103549
7640 0.00116681
7660 0.00131564
7680 0.00148287
7700 0.00166937
7720 0.00187592
7740 0.00210322
7760 0.00235186
7780 0.00262228
7800 0.00291475
7820 0.00322933
7840 0.00356585
7860 0.00392388
7880 0.00430271
7900 0.00470131
7920 0.00511831
7940 0.005552
7960 0.00600029
7980 0.00646072
8000 0.00693044
8020 0.00740621
8040 0.00788444
8060 0.00836116
8080 0.00883205
8100 0.00929251
8120 0.00973765
8140 0.0101623
8160 0.0105613
8180 0.010929
8200 0.01126
8220 0.0115487
8240 0.0117898
8260 0.0119778
8280 0.0121076
8300 0.0121744
8320 0.0121737
8340 0.0121014
8360 0.0119538
8380 0.0117281
8400 0.0114216
8420 0.0110328
8440 0.0105605
8460 0.0100044
8480 0.00936507
8500 0.00864376
8520 0.00784259
8540 0.00696448
8560 0.00601317
8580 0.0049932
8600 0.00390985
8620 0.00276912
8640 0.0015777
8660 0.000342877
8680 -0.000927514
8700 -0.00222516
8720 -0.00354138
8740 -0.00486717
8760 -0.00619334
8780 -0.00751058
8800 -0.00880959
8820 -0.0100812
8840 -0.0113163
8860 -0.0125062
8880 -0.0136426
8900 -0.0147177
8920 -0.0157243
8940 -0.0166556
8960 -0.017506
8980 -0.0182703
9000 -0.0189443
9020 -0.0195248
9040 -0.0200092
9060 -0.0203962
9080 -0.0206852
9100 -0.0208766
9120 -0.0209718
9140 -0.020973
9160 -0.0208831
9180 -0.0207061
9200 -0.0204464
9220 -0.0201092
9240 -0.0197001
9260 -0.0192255
9280 -0.0186917
9300 -0.0181056
9320 -0.0174742
9340 -0.0168046
9360 -0.0161037
9380 -0.0153787
9400 -0.0146363
9420 -0.0138829
9440 -0.0131247
9460 -0.0123675
9480 -0.0116166
9500 -0.0108766
9520 -0.0101519
9540 -0.00944597
9560 -0.00876182
9580 -0.00810177
9600 -0.00746748
9620 -0.00685995
9640 -0.0062795
9660 -0.00572577
9680 -0.00519775
9700 -0.00469374
9720 -0.00421141
9740 -0.00374776
9760 -0.00329918
9780 -0.0028614
9800 -0.00242956
9820 -0.00199818
9840 -0.00156117
9860 -0.00111188
9880 -0.000643057
9900 -0.000146913
9920 0.000384891
9940 0.000961208
9960 0.00159138
9980 0.00228518
10000 0.00288522
10020 0.00355482
10040 0.00430114
10060 0.00513149
10080 0.00605329
10100 0.00707399
10120 0.00820101
10140 0.00944165
10160 0.010803
10180 0.0122919
10200 0.0139147
10220 0.0156772
10240 0.0175847
10260 0.0196416
10280 0.0218514
10300 0.0242167
10320 0.0267387
10340 0.0294176
10360 0.0322522
10380 0.0352396
10400 0.0383754
10420 0.0416537
10440 0.0450667
10460 0.0486048
10480 0.0522569
10500 0.0560097
10520 0.0598485
10540 0.0637568
10560 0.0677164
10580 0.0717076
10600 0.0757094
10620 0.0796997
10640 0.0836552
10660 0.0875519
10680 0.0913652
10700 0.0950703
10720 0.0986423
10740 0.102056
10760 0.105289
10780 0.108316
10800 0.111115
10820 0.113666
10840 0.115949
10860 0.117948
10880 0.119646
10900 0.12103
10920 0.122091
10940 0.12282
10960 0.123213
10980 0.123265
11000 0.122979
11020 0.122356
11040 0.121403
11060 0.120128
11080 0.118542
11100 0.116659
11120 0.114493
11140 0.112062
11160 0.109386
11180 0.106485
11200 0.103382
11220 0.100098
11240 0.0966577
11260 0.093085
11280 0.0894039
11300 0.0856386
11320 0.0818125
11340 0.0779488
11360 0.0740697
11380 0.0701964
11400 0.0663489
11420 0.062546
11440 0.0588049
11460 0.0551415
11480 0.0515697
11500 0.0481023
11520 0.0447499
11540 0.0415218
11560 0.0384255
11580 0.035467
11600 0.0326507
11620 0.0299796
11640 0.0274554
11660 0.0250784
11680 0.0228478
11700 0.0207617
11720 0.0188174
11740 0.0170114
11760 0.0153392
11780 0.0137961
11800 0.0123766
11820 0.0110752
11840 0.00988562
11860 0.00880183
11880 0.00781748
11900 0.00692624
11920 0.00612182
11940 0.00539801
11960 0.00474875
11980 0.00416818
12000 0.00365064
12020 0.00319075
12040 0.00278337
12060 0.00242367
12080 0.0021071
12100 0.0018294
12120 0.00158665
12140 0.00137518
12160 0.00119163
12180 0.00103293
12200 0.000896266
12220 0.000779076
12240 0.000679047
12260 0.000594093
12280 0.000522335
12300 0.000462093
12320 0.000411865
12340 0.000370316
12360 0.000336258
12380 0.000308645
12400 0.000286549
12420 0.000269156
12440 0.000255752
12460 0.000245711
12480 0.000238486
12500 0.000233601
12520 0.000230642
12540 0.000229254
12560 0.000229126
12580 0.000229995
12600 0.000231634
12620 0.000233852
12640 0.000236489
12660 0.000239412
12680 0.000242513
12700 0.000245705
12720 0.000248925
12740 0.000252126
12760 0.000255277
12780 0.000258367
12800 0.000261397
12820 0.000264384
12840 0.000267357
12860 0.000270359
12880 0.000273444
12900 0.000276683
12920 0.000280153
12940 0.000283949
12960 0.000288175
12980 0.00029295
13000 0.000298406
13020 0.000304689
13040 0.000311962
13060 0.000320402
13080 0.000330207
13100 0.000341592
13120 0.000354796
13140 0.000370079
13160 0.000387731
13180 0.000408066
13200 0.000431431
13220 0.00045821
13240 0.000488819
13260 0.000523716
13280 0.000563403
13300 0.000608424
13320 0.000659373
13340 0.000716894
13360 0.00078168
13380 0.000854478
13400 0.000936089
13420 0.00102736
13440 0.0011292
13460 0.00124256
13480 0.00136843
13500 0.00150785
13520 0.00166188
13540 0.00183163
13560 0.00201818
13580 0.00222267
13600 0.00244618
13620 0.00268981
13640 0.00295459
13660 0.0032415
13680 0.00355146
13700 0.00388527
13720 0.00424364
13740 0.00462713
13760 0.00503614
13780 0.00547089
13800 0.0059314
13820 0.00641747
13840 0.00692866
13860 0.00746426
13880 0.00802329
13900 0.00860451
13920 0.00920633
13940 0.00982691
13960 0.0104641
13980 0.0111153
14000 0.0117779
14020 0.0124487
14040 0.0131245
14060 0.0138015
14080 0.014476
14100 0.0151438
14120 0.0158008
14140 0.0164425
14160 0.0170644
14180 0.0176619
14200 0.0182304
14220 0.0187653
14240 0.0192619
14260 0.0197157
14280 0.0201224
14300 0.0204777
14320 0.0207776
14340 0.0210182
14360 0.0211958
14380 0.0213073
14400 0.0213494
14420 0.0213196
14440 0.0212151
14460 0.021034
14480 0.0207743
14500 0.0204345
14520 0.0200131
14540 0.0195092
14560 0.0189218
14580 0.0182504
14600 0.0174946
14620 0.0166541
14640 0.0157288
14660 0.0147189
14680 0.0136244
14700 0.0124458
14720 0.0111834
14740 0.00983785
14760 0.00840978
14780 0.00690002
14800 0.00530958
14820 0.00363966
14840 0.00189166
14860 6.72704e-05
14880 -0.0018315
14900 -0.00380229
14920 -0.00584232
14940 -0.00794835
14960 -0.0101166
14980 -0.0123429
15000 -0.0139311
15020 -0.0155635
15040 -0.0172361
15060 -0.018944
15080 -0.0206821
15100 -0.0224446
15120 -0.0242252
15140 -0.0260169
15160 -0.0278125
15180 -0.0296042
15200 -0.031384
15220 -0.0331432
15240 -0.0348731
15260 -0.0365649
15280 -0.0382095
15300 -0.0397977
15320 -0.0413207
15340 -0.0427695
15360 -0.0441356
15380 -0.0454107
15400 -0.046587
15420 -0.0476573
15440 -0.0486149
15460 -0.049454
15480 -0.0501692
15500 -0.0507564
15520 -0.0512122
15540 -0.051534
15560 -0.0517204
15580 -0.0517709
15600 -0.051686
15620 -0.0514674
15640 -0.0511176
15660 -0.0506401
15680 -0.0500394
15700 -0.0493209
15720 -0.0484906
15740 -0.0475558
15760 -0.0465239
15780 -0.0454032
15800 -0.0442027
15820 -0.0429314
15840 -0.0415991
15860 -0.0402157
15880 -0.0387911
15900 -0.0373355
15920 -0.0358592
15940 -0.0343721
15960 -0.0328843
15980 -0.0314055
16000 -0.0299451
16020 -0.0285124
16040 -0.0271161
16060 -0.0257646
16080 -0.024466
16100 -0.0232276
16120 -0.0220567
16140 -0.0209597
16160 -0.0199428
16180 -0.0190115
16200 -0.018171
16220 -0.0174261
16240 -0.0167808
16260 -0.016239
16280 -0.015804
16300 -0.0154787
16320 -0.0152657
16340 -0.0151669
16360 -0.015184
16380 -0.0153183
16400 -0.0155706
16420 -0.0159414
16440 -0.0164307
16460 -0.017038
16480 -0.0177624
16500 -0.0186025
16520 -0.0195565
16540 -0.0206219
16560 -0.0217957
16580 -0.0230745
16600 -0.024454
16620 -0.0259296
16640 -0.0274957
16660 -0.0291464
16680 -0.0308748
16700 -0.0326737
16720 -0.034535
16740 -0.0364499
16760 -0.0384091
16780 -0.0404027
16800 -0.0424203
16820 -0.0444508
16840 -0.0464828
16860 -0.0485045
16880 -0.0505039
16900 -0.0524687
16920 -0.0543863
16940 -0.0562446
16960 -0.0580311
16980 -0.0597337
17000 -0.0613408
17020 -0.062841
17040 -0.0642236
17060 -0.0654785
17080 -0.0665965
17100 -0.0675691
17120 -0.0683889
17140 -0.0690497
17160 -0.0695461
17180 -0.0698742
17200 -0.0700312
17220 -0.0700157
17240 -0.0698273
17260 -0.0694673
17280 -0.0689379
17300 -0.0682429
17320 -0.0673871
17340 -0.0663764
17360 -0.065218
17380 -0.06392
17400 -0.0624913
17420 -0.0609416
17440 -0.0592815
17460 -0.057522
17480 -0.0556744
17500 -0.0537506
17520 -0.0517626
17540 -0.0497224
17560 -0.047642
17580 -0.0455331
17600 -0.0434073
17620 -0.0412758
17640 -0.0391493
17660 -0.0370379
17680 -0.0349511
17700 -0.0328977
17720 -0.0308858
17740 -0.0289227
17760 -0.0270149
17780 -0.0251682
17800 -0.0233873
17820 -0.0216764
17840 -0.0200387
17860 -0.0184767
17880 -0.0169922
17900 -0.0155862
17920 -0.014259
17940 -0.0130105
17960 -0.0118398
17980 -0.0107457
18000 -0.00972638
18020 -0.00877969
18040 -0.00790313
18060 -0.00709393
18080 -0.00634907
18100 -0.00566532
18120 -0.00503936
18140 -0.00446773
18160 -0.00394694
18180 -0.00347346
18200 -0.00304378
18220 -0.00265445
18240 -0.00230204
18260 -0.00198325
18280 -0.00169486
18300 -0.00143377
18320 -0.00119701
18340 -0.000981752
18360 -0.000785297
18380 -0.0006051
18400 -0.000438761
18420 -0.000284027
18440 -0.000138792
18460 -1.09352e-06
18480 0.000130888
18500 0.000258834
18520 0.000384291
18540 0.000508672
18560 0.000633261
18580 0.000759219
18600 0.000887579
18620 0.00101926
18640 0.00115504
18660 0.00129562
18680 0.00144155
18700 0.00159328
18720 0.00175113
18740 0.00191533
18760 0.00208597
18780 0.00226306
18800 0.00244648
18820 0.00263598
18840 0.00283124
18860 0.00303181
18880 0.00323715
18900 0.00344661
18920 0.00365945
18940 0.00387485
18960 0.0040919
18980 0.00430961
19000 0.00452693
19020 0.00474277
19040 0.00495597
19060 0.00516535
19080 0.00536969
19100 0.00556779
19120 0.00575842
19140 0.0059404
19160 0.00611253
19180 0.0062737
19200 0.00642283
19220 0.00655892
19240 0.00668102
19260 0.00678831
19280 0.00688004
19300 0.00695557
19320 0.0070144
19340 0.00705612
19360 0.00708046
19380 0.0070873
19400 0.00707661
19420 0.00704852
19440 0.00700328
19460 0.00694128
19480 0.00686301
19500 0.0067691
19520 0.00666026
19540 0.00653733
19560 0.00640122
19580 0.00625295
19600 0.00609358
19620 0.00592427
19640 0.00574619
19660 0.00556057
19680 0.00536869
19700 0.00517183
19720 0.00497127
19740 0.00476833
19760 0.0045643
19780 0.00436048
19800 0.00415813
19820 0.00395852
19840 0.00376289
19860 0.00357247
19880 0.00338845
19900 0.00321202
19920 0.00304437
19940 0.00288665
19960 0.00274005
19980 0.00260573
20000 0.00248489
20020 0.00237874
20040 0.00228854
20060 0.00221558
20080 0.00216122
20100 0.00212685
20120 0.00211398
20140 0.00212418
20160 0.0021591
20180 0.0022205
20200 0.00231024
20220 0.00243028
20240 0.00258269
20260 0.00276962
20280 0.00299334
20300 0.00325619
20320 0.00356059
20340 0.00390902
20360 0.004304
20380 0.00474805
20400 0.0052437
20420 0.00579343
20440 0.00639964
20460 0.00706463
20480 0.00779054
20500 0.00857932
20520 0.00943267
20540 0.010352
20560 0.0113384
20580 0.0123927
20600 0.0135149
20620 0.0147051
20640 0.0159624
20660 0.0172856
20680 0.0186729
20700 0.0201217
20720 0.0216289
20740 0.0231908
20760 0.0248028
20780 0.0264598
20800 0.028156
20820 0.0298849
20840 0.0316394
20860 0.0334118
20880 0.0351938
20900 0.0369767
20920 0.0387512
20940 0.0405079
20960 0.0422369
20980 0.0439282
21000 0.0455717
21020 0.0471571
21040 0.0486747
21060 0.0501144
21080 0.0514668
21100 0.0527228
21120 0.0538739
21140 0.054912
21160 0.0558299
21180 0.0566211
21200 0.05728
21220 0.0578019
21240 0.0581831
21260 0.0584208
21280 0.0585134
21300 0.0584603
21320 0.0582621
21340 0.0579203
21360 0.0574374
21380 0.0568172
21400 0.0560642
21420 0.0551839
21440 0.0541826
21460 0.0530673
21480 0.051846
21500 0.0505268
21520 0.0491186
21540 0.0476308
21560 0.0460728
21580 0.0444543
21600 0.0427852
21620 0.0410753
21640 0.0393344
21660 0.037572
21680 0.0357973
21700 0.0340194
21720 0.0322468
21740 0.0304875
21760 0.0287492
21780 0.0270388
21800 0.0253628
21820 0.023727
21840 0.0221365
21860 0.0205959
21880 0.0191091
21900 0.0176794
21920 0.0163094
21940 0.0150012
21960 0.0137564
21980 0.0125759
22000 0.0114601
22020 0.0104091
22040 0.00942249
22060 0.00849939
22080 0.00763869
22100 0.00683895
22120 0.00609847
22140 0.00541534
22160 0.00478746
22180 0.00421263
22200 0.00368852
22220 0.00321276
22240 0.00278295
22260 0.00239669
22280 0.00205163
22300 0.00174548
22320 0.00147602
22340 0.00124115
22360 0.00103893
22380 0.000867538
22400 0.000725336
22420 0.000610874
22440 0.000522905
22460 0.000460394
22480 0.000422537
22500 0.000408768
22520 0.000418773
22540 0.000452495
22560 0.000510149
22580 0.000592221
22600 0.000699484
22620 0.000832996
22640 0.000994106
22660 0.00118446
22680 0.001406
22700 0.00166096
22720 0.00195186
22740 0.00228151
22760 0.00265301
22780 0.0030697
22800 0.00353517
22820 0.00405327
22840 0.00462802
22860 0.00526364
22880 0.00596447
22900 0.00673499
22920 0.0075797
22940 0.00850316
22960 0.00950985
22980 0.0106042
23000 0.0117904
23020 0.0130724
23040 0.014454
23060 0.0159386
23080 0.0175289
23100 0.0192272
23120 0.0210354
23140 0.0229544
23160 0.0249845
23180 0.0271251
23200 0.0293745
23220 0.0317304
23240 0.0341891
23260 0.036746
23280 0.0393953
23300 0.0421301
23320 0.0449422
23340 0.0478224
23360 0.0507601
23380 0.0537439
23400 0.0567611
23420 0.059798
23440 0.0628401
23460 0.0658718
23480 0.0688772
23500 0.0718395
23520 0.0747415
23540 0.0775658
23560 0.0802949
23580 0.0829111
23600 0.0853974
23620 0.0877368
23640 0.0899132
23660 0.091911
23680 0.0937159
23700 0.0953146
23720 0.0966949
23740 0.0978465
23760 0.0987602
23780 0.099429
23800 0.0998472
23820 0.100011
23840 0.0999197
23860 0.0995725
23880 0.0989721
23900 0.0981224
23920 0.0970297
23940 0.0957015
23960 0.0941476
23980 0.092379
24000 0.0904082
24020 0.0882493
24040 0.0859172
24060 0.0834279
24080 0.0807984
24100 0.0780461
24120 0.0751887
24140 0.0722444
24160 0.0692312
24180 0.0661672
24200 0.0630698
24220 0.0599564
24240 0.0568433
24260 0.0537464
24280 0.0506803
24300 0.047659
24320 0.0446952
24340 0.0418005
24360 0.0389852
24380 0.0362585
24400 0.0336282
24420 0.031101
24440 0.0286822
24460 0.026376
24480 0.0241853
24500 0.022112
24520 0.0201568
24540 0.0183197
24560 0.0165994
24580 0.0149939
24600 0.0135006
24620 0.012116
24640 0.0108361
24660 0.00965629
24680 0.00857165
24700 0.00757676
24720 0.00666593
24740 0.00583322
24760 0.00507246
24780 0.00437735
24800 0.00374148
24820 0.00315834
24840 0.00262138
24860 0.00212401
24880 0.00165963
24900 0.00122165
24920 0.000803442
24940 0.000398425
24960 0
