-20 0
0 -7.15331e-06
20 -1.41719e-05
40 -2.09246e-05
60 -2.72871e-05
80 -3.3145e-05
100 -3.83971e-05
120 -4.29572e-05
140 -4.67565e-05
160 -4.97448e-05
180 -5.18913e-05
200 -5.31848e-05
220 -5.36333e-05
240 -5.32636e-05
260 -5.21189e-05
280 -5.02579e-05
300 -4.77521e-05
320 -4.46834e-05
340 -4.11415e-05
360 -3.72211e-05
380 -3.30194e-05
400 -2.86331e-05
420 -2.41562e-05
440 -1.96778e-05
460 -1.52802e-05
480 -1.10372e-05
500 -7.01297e-06
520 -3.26131e-06
540 1.7484e-07
560 3.26353e-06
580 5.98351e-06
600 8.32377e-06
620 1.02827e-05
640 1.18673e-05
660 1.30917e-05
680 1.39765e-05
700 1.4547e-05
720 1.48325e-05
740 1.48645e-05
760 1.46762e-05
780 1.43009e-05
800 1.37715e-05
820 1.31198e-05
840 1.23753e-05
860 1.15656e-05
880 1.07152e-05
900 9.84582e-06
920 8.97628e-06
940 8.1222e-06
960 7.29641e-06
980 6.5089e-06
1000 5.76714e-06
1020 5.07634e-06
1040 4.43964e-06
1060 3.85848e-06
1080 3.33282e-06
1100 2.86142e-06
1120 2.44217e-06
1140 2.07221e-06
1160 1.74817e-06
1180 1.46647e-06
1200 1.22328e-06
1220 1.01475e-06
1240 8.37169e-07
1260 6.86929e-07
1280 5.60602e-07
1300 4.55075e-07
1320 3.67474e-07
1340 2.95162e-07
1360 2.35836e-07
1380 1.87479e-07
1400 1.48267e-07
1420 1.16635e-07
1440 9.12935e-08
1460 7.11147e-08
1480 5.51035e-08
1500 4.2464e-08
1520 3.25729e-08
1540 2.48816e-08
1560 1.89031e-08
1580 1.42664e-08
1600 1.0713e-08
1620 8.02812e-09
1640 6.00282e-09
1660 4.45649e-09
1680 3.26724e-09
1700 2.36604e-09
1720 1.70676e-09
1740 1.2445e-09
1760 9.3364e-10
1780 7.36101e-10
1800 6.2788e-10
1820 6.00319e-10
1840 6.58856e-10
1860 8.22703e-10
1880 1.12728e-09
1900 1.62988e-09
1920 2.41896e-09
1940 3.62795e-09
1960 5.45528e-09
1980 8.19308e-09
2000 1.22683e-08
2020 1.8301e-08
2040 2.71868e-08
2060 4.02123e-08
2080 5.92166e-08
2100 8.68158e-08
2120 1.26712e-07
2140 1.84118e-07
2160 2.66338e-07
2180 3.83557e-07
2200 5.49902e-07
2220 7.84875e-07
2240 1.11526e-06
2260 1.57764e-06
2280 2.22179e-06
2300 3.11499e-06
2320 4.34783e-06
2340 6.04157e-06
2360 8.35772e-06
2380 1.15103e-05
2400 1.57816e-05
2420 2.15415e-05
2440 2.92728e-05
2460 3.9602e-05
2480 5.33375e-05
2500 7.15175e-05
2520 9.54677e-05
2540 0.000126872
2560 0.000167857
2580 0.000221096
2600 0.000289926
2620 0.000378495
2640 0.000491925
2660 0.00063651
2680 0.000819935
2700 0.00105153
2720 0.00134255
2740 0.00170652
2760 0.00215952
2780 0.00272066
2800 0.00341241
2820 0.00426107
2840 0.00529719
2860 0.00655607
2880 0.00807817
2900 0.00990955
2920 0.0121023
2940 0.0147147
2960 0.0178119
2980 0.0214655
3000 0.025754
3020 0.0307626
3040 0.0365827
3060 0.0433114
3080 0.051051
3100 0.0599075
3120 0.0699896
3140 0.0814071
3160 0.0942687
3180 0.10868
3200 0.124741
3220 0.142543
3240 0.162166
3260 0.183676
3280 0.207121
3300 0.232528
3320 0.259899
3340 0.289211
3360 0.320409
3380 0.353407
3400 0.388084
3420 0.424286
3440 0.46182
3460 0.500459
3480 0.539942
3500 0.579974
3520 0.62023
3540 0.66036
3560 0.699991
3580 0.738735
3600 0.776192
3620 0.81196
3640 0.84564
3660 0.876844
3680 0.905201
3700 0.930367
3720 0.95203
3740 0.969915
3760 0.983795
3780 0.99349
3800 0.998874
3820 0.999877
3840 0.996486
3860 0.988748
3880 0.976764
3900 0.960692
3920 0.940738
3940 0.917159
3960 0.890249
3980 0.86034
4000 0.827791
4020 0.792983
4040 0.75631
4060 0.718172
4080 0.678971
4100 0.639098
4120 0.598932
4140 0.558834
4160 0.519138
4180 0.480151
4200 0.442149
4220 0.405374
4240 0.370032
4260 0.336294
4280 0.304296
4300 0.274139
4320 0.245891
4340 0.219591
4360 0.195247
4380 0.172843
4400 0.152342
4420 0.133686
4440 0.116803
4460 0.101606
4480 0.0880014
4500 0.0758856
4520 0.0651523
4540 0.0556932
4560 0.0473998
4580 0.0401655
4600 0.033887
4620 0.0284652
4640 0.0238067
4660 0.0198237
4680 0.0164351
4700 0.0135662
4720 0.0111491
4740 0.00912242
4760 0.00743123
4780 0.00602663
4800 0.00486543
4820 0.00390981
4840 0.00312676
4860 0.00248774
4880 0.00196817
4900 0.00154699
4920 0.00120624
4940 0.000930666
4960 0.000707345
4980 0.000525314
5000 0.000421446
5020 0.000337032
5040 0.000268661
5060 0.000213475
5080 0.00016908
5100 0.000133489
5120 0.000105052
5140 8.24074e-05
5160 6.4437e-05
5180 5.02238e-05
5200 3.90202e-05
5220 3.02186e-05
5240 2.33273e-05
5260 1.79498e-05
5280 1.37676e-05
5300 1.0526e-05
5320 8.02183e-06
5340 6.09379e-06
5360 4.6143e-06
5380 3.4828e-06
5400 2.62033e-06
5420 1.96511e-06
5440 1.469e-06
5460 1.09461e-06
5480 8.1302e-07
5500 6.01931e-07
5520 4.44217e-07
5540 3.26773e-07
5560 2.39608e-07
5580 1.75129e-07
5600 1.2759e-07
5620 9.26571e-08
5640 6.70722e-08
5660 4.83958e-08
5680 3.48077e-08
5700 2.49542e-08
5720 1.78325e-08
5740 1.27024e-08
5760 9.01894e-09
5780 6.38304e-09
5800 4.50298e-09
5820 3.16645e-09
5840 2.21944e-09
5860 1.55066e-09
5880 1.07991e-09
5900 7.49646e-10
5920 5.1871e-10
5940 3.5776e-10
5960 2.45956e-10
5980 1.68547e-10
6000 1.15128e-10
6020 7.8386e-11
6040 5.31978e-11
6060 3.5987e-11
6080 2.42657e-11
6100 1.63094e-11
6120 1.09264e-11
6140 7.29646e-12
6160 4.85672e-12
6180 3.22232e-12
6200 2.13102e-12
6220 1.40476e-12
6240 9.23015e-13
6260 6.04519e-13
6280 3.94642e-13
6300 2.56797e-13
6320 1.66559e-13
6340 1.07681e-13
6360 6.93909e-14
6380 4.45714e-14
6400 2.85365e-14
6420 1.82111e-14
6440 1.15841e-14
6460 7.34472e-15
6480 4.64172e-15
6500 2.92396e-15
6520 1.83592e-15
6540 1.14901e-15
6560 7.16768e-16
6580 4.45679e-16
6600 2.76219e-16
6620 1.70636e-16
6640 1.05069e-16
6660 6.44854e-17
6680 3.94489e-17
6700 2.40543e-17
6720 1.46196e-17
6740 8.8565e-18
6760 5.34776e-18
6780 3.2186e-18
6800 1.93084e-18
6820 1.15453e-18
6840 6.88108e-19
6860 4.08794e-19
6880 2.42068e-19
6900 1.42875e-19
6920 8.40704e-20
6940 4.93231e-20
6960 2.88455e-20
6980 1.6814e-20
7000 9.78053e-21
7020 5.69231e-21
7040 3.31961e-21
7060 1.93402e-21
7080 1.11708e-21
7100 6.34064e-22
7120 3.51608e-22
7140 1.90279e-22
7160 1.00785e-22
7180 5.25046e-23
7200 2.70327e-23
7220 1.38052e-23
7240 7.00796e-24
7260 3.53995e-24
7280 1.78009e-24
7300 8.91226e-25
7320 4.44273e-25
7340 2.20512e-25
7360 1.08977e-25
7380 5.3624e-26
7400 2.62727e-26
7420 1.28166e-26
7440 6.22532e-27
7460 3.01074e-27
7480 1.44979e-27
7500 6.95123e-28
7520 3.31848e-28
7540 1.57739e-28
7560 7.46556e-29
7580 3.5181e-29
7600 1.65073e-29
7620 7.71201e-30
7640 3.58742e-30
7660 1.66158e-30
7680 7.66269e-31
7700 3.51857e-31
7720 1.6087e-31
7740 7.3233e-32
7760 3.31943e-32
7780 1.49811e-32
7800 6.73206e-33
7820 3.01215e-33
7840 1.34193e-33
7860 5.95262e-34
7880 2.62912e-34
7900 1.15621e-34
7920 5.0628e-35
7940 2.20733e-35
7960 9.58233e-36
7980 4.14189e-36
8000 1.78259e-36
8020 7.63892e-37
8040 3.25939e-37
8060 1.38474e-37
8080 5.85766e-38
8100 2.46721e-38
8120 1.0347e-38
8140 4.32066e-39
8160 1.79644e-39
8180 7.43704e-40
8200 3.06559e-40
8220 1.25822e-40
8240 5.14191e-41
8260 2.09228e-41
8280 8.47699e-42
8300 3.41973e-42
8320 1.37362e-42
8340 5.49379e-43
8360 2.18778e-43
8380 8.67486e-44
8400 3.42491e-44
8420 1.34637e-44
8440 5.26995e-45
8460 2.05389e-45
8480 7.97033e-46
8500 3.07966e-46
8520 1.18484e-46
8540 4.53881e-47
8560 1.73123e-47
8580 6.57498e-48
8600 2.48636e-48
8620 9.36186e-49
8640 3.50985e-49
8660 1.31022e-49
8680 4.87001e-50
8700 1.80237e-50
8720 6.64183e-51
8740 2.43703e-51
8760 8.90354e-52
8780 3.23888e-52
8800 1.17316e-52
8820 4.23104e-53
8840 1.51938e-53
8860 5.43273e-54
8880 1.93419e-54
8900 6.8566e-55
8920 2.42019e-55
8940 8.5059e-56
8960 2.9766e-56
8980 1.03718e-56
9000 3.59844e-57
9020 1.2431e-57
9040 4.27592e-58
9060 1.46448e-58
9080 4.99421e-59
9100 1.69583e-59
9120 5.7336e-60
9140 1.93021e-60
9160 6.47011e-61
9180 2.15949e-61
9200 7.17662e-62
9220 2.37477e-62
9240 7.82444e-63
9260 2.56695e-63
9280 8.38517e-64
9300 2.72734e-64
9320 8.83276e-65
9340 2.8483e-65
9360 9.1455e-66
9380 2.92389e-66
9400 9.30776e-67
9420 2.95027e-67
9440 9.3113e-68
9460 2.92611e-68
9480 9.15594e-69
9500 2.85264e-69
9520 8.84961e-70
9540 2.73359e-70
9560 8.40764e-71
9580 2.57482e-71
9600 7.85151e-72
9620 2.38392e-72
9640 7.20712e-73
9660 2.16952e-73
9680 6.50279e-74
9700 1.94074e-74
9720 5.76725e-75
9740 1.70648e-75
9760 5.02768e-76
9780 1.47491e-76
9800 4.30822e-77
9820 1.25303e-77
9840 3.62878e-78
9860 1.04638e-78
9880 3.00437e-79
9900 8.58911e-80
9920 2.44489e-80
9940 6.926e-81
9960 1.941e-81
9980 4.96532e-82
10000 1.5204e-82
10020 4.63771e-83
10040 1.40924e-83
10060 4.26582e-84
10080 1.28633e-84
10100 3.86401e-85
10120 1.15626e-85
10140 3.44673e-86
10160 1.02351e-86
10180 3.02764e-87
10200 8.92174e-88
10220 2.61893e-88
10240 7.65825e-89
10260 2.23081e-89
10280 6.47328e-90
10300 1.87117e-90
10320 5.38804e-91
10340 1.54552e-91
10360 4.41614e-92
10380 1.25701e-92
10400 3.56416e-93
10420 1.0067e-93
10440 2.83248e-94
10460 7.93881e-95
10480 2.2165e-95
10500 6.16453e-96
10520 1.70787e-96
10540 4.71333e-97
10560 1.29575e-97
10580 3.54842e-98
10600 9.67981e-99
10620 2.63036e-99
10640 7.12004e-100
10660 1.91984e-100
10680 5.15661e-101
10700 1.37968e-101
10720 3.67712e-102
10740 9.76227e-103
10760 2.58171e-103
10780 6.80106e-104
10800 1.78467e-104
10820 4.66499e-105
10840 1.21466e-105
10860 3.15042e-106
10880 8.1394e-107
10900 2.09472e-107
10920 5.3699e-108
10940 1.37124e-108
10960 3.48795e-109
10980 8.83756e-110
11000 2.23049e-110
11020 5.60756e-111
11040 1.40427e-111
11060 3.50294e-112
11080 8.70397e-113
11100 2.15429e-113
11120 5.31121e-114
11140 1.30432e-114
11160 3.19062e-115
11180 7.77439e-116
11200 1.88694e-116
11220 4.56191e-117
11240 1.09858e-117
11260 2.63523e-118
11280 6.29651e-119
11300 1.49857e-119
11320 3.55264e-120
11340 8.38917e-121
11360 1.97325e-121
11380 4.62314e-122
11400 1.07891e-122
11420 2.50799e-123
11440 5.8071e-124
11460 1.33931e-124
11480 3.07678e-125
11500 7.04044e-126
11520 1.60469e-126
11540 3.64312e-127
11560 8.23838e-128
11580 1.85566e-128
11600 4.16332e-129
11620 9.30395e-130
11640 2.071e-130
11660 4.59175e-131
11680 1.01405e-131
11700 2.23061e-132
11720 4.88732e-133
11740 1.0666e-133
11760 2.31851e-134
11780 5.01996e-135
11800 1.08261e-135
11820 2.32552e-136
11840 4.97565e-137
11860 1.06037e-137
11880 2.25082e-138
11900 4.75883e-139
11920 1.00216e-139
11940 2.10208e-140
11960 4.39173e-141
11980 9.13896e-142
12000 1.89422e-142
12020 3.91055e-143
12040 8.04113e-144
12060 1.6469e-144
12080 3.35961e-145
12100 6.82623e-146
12120 1.38147e-146
12140 2.78466e-147
12160 5.59077e-148
12180 1.11799e-148
12200 2.22679e-149
12220 4.418e-150
12240 8.73512e-151
12260 1.72317e-151
12280 3.39625e-152
12300 6.67585e-153
12320 1.29661e-153
12340 2.45035e-154
12360 4.45488e-155
12380 7.8116e-156
12400 1.34017e-156
12420 2.27925e-157
12440 3.85952e-158
12460 6.50699e-159
12480 1.09228e-159
12500 1.82556e-160
12520 3.03782e-161
12540 5.03312e-162
12560 8.30268e-163
12580 1.36366e-163
12600 2.22998e-164
12620 3.63079e-165
12640 5.88585e-166
12660 9.5e-167
12680 1.52667e-167
12700 2.44271e-168
12720 3.8914e-169
12740 6.17229e-170
12760 9.74749e-171
12780 1.53266e-171
12800 2.39942e-172
12820 3.74e-173
12840 5.80422e-174
12860 8.96856e-175
12880 1.37977e-175
12900 2.11348e-176
12920 3.22327e-177
12940 4.89441e-178
12960 7.39964e-179
12980 1.11385e-179
13000 1.66935e-180
13020 2.49102e-181
13040 3.70093e-182
13060 5.47459e-183
13080 8.06303e-184
13100 1.18236e-184
13120 1.72627e-185
13140 2.50942e-186
13160 3.63198e-187
13180 5.23383e-188
13200 7.50933e-189
13220 1.07273e-189
13240 1.52575e-190
13260 2.16064e-191
13280 3.0464e-192
13300 4.27659e-193
13320 5.97742e-194
13340 8.31833e-195
13360 1.15256e-195
13380 1.59e-196
13400 2.18391e-197
13420 2.98662e-198
13440 4.06658e-199
13460 5.51295e-200
13480 7.44123e-201
13500 1.00002e-201
13520 1.33808e-202
13540 1.78262e-203
13560 2.36451e-204
13580 3.12268e-205
13600 4.10601e-206
13620 5.37549e-207
13640 7.00681e-208
13660 9.09345e-209
13680 1.17501e-209
13700 1.51168e-210
13720 1.93635e-211
13740 2.46951e-212
13760 3.13577e-213
13780 3.96444e-214
13800 4.99028e-215
13820 6.25422e-216
13840 7.80415e-217
13860 9.69579e-218
13880 1.19935e-218
13900 1.47711e-219
13920 1.81127e-220
13940 2.21137e-221
13960 2.68808e-222
13980 3.25332e-223
14000 3.92028e-224
14020 4.7034e-225
14040 5.61839e-226
14060 6.68214e-227
14080 7.91268e-228
14100 9.32903e-229
14120 1.0951e-229
14140 1.2799e-230
14160 1.48936e-231
14180 1.72556e-232
14200 1.99051e-233
14220 2.28614e-234
14240 2.61424e-235
14260 2.97641e-236
14280 3.37399e-237
14300 3.80802e-238
14320 4.27915e-239
14340 4.78763e-240
14360 5.3332e-241
14380 5.91506e-242
14400 6.53181e-243
14420 7.18145e-244
14440 7.86131e-245
14460 8.56804e-246
14480 9.29761e-247
14500 1.00454e-247
14520 1.0806e-248
14540 1.15735e-249
14560 1.23415e-250
14580 1.31032e-251
14600 1.38513e-252
14620 1.45782e-253
14640 1.52765e-254
14660 1.59385e-255
14680 1.65567e-256
14700 1.71239e-257
14720 1.76334e-258
14740 1.80789e-259
14760 1.84548e-260
14780 1.87565e-261
14800 1.89801e-262
14820 1.91226e-263
14840 1.91823e-264
14860 1.91582e-265
14880 1.90508e-266
14900 1.88614e-267
14920 1.85909e-268
14940 1.80741e-269
14960 0
