-10 0
0 2.89587e-63
10 1.25315e-62
20 5.0693e-62
30 2.01422e-61
40 7.88251e-61
50 3.03871e-60
60 1.15394e-59
70 4.31669e-59
80 1.59072e-58
90 5.77458e-58
100 2.06508e-57
110 7.2754e-57
120 2.52519e-56
130 8.63513e-56
140 2.90941e-55
150 9.65895e-55
160 3.15995e-54
170 1.01882e-53
180 3.23769e-53
190 1.01425e-52
200 3.13258e-52
210 9.54074e-52
220 2.866e-51
230 8.49354e-51
240 2.48392e-50
250 7.17059e-50
260 2.04404e-49
270 5.75578e-49
280 1.6017e-48
290 4.40671e-48
300 1.19927e-47
310 3.23007e-47
320 8.61463e-47
330 2.27632e-46
340 5.96285e-46
350 1.54934e-45
360 3.99537e-45
370 1.02311e-44
380 2.60298e-44
390 6.58271e-44
400 1.65545e-43
410 4.14157e-43
420 1.03109e-42
430 2.55522e-42
440 6.30454e-42
450 1.54899e-41
460 3.79026e-41
470 9.23756e-41
480 2.24255e-40
490 5.42305e-40
500 1.30639e-39
510 3.13501e-39
520 7.49453e-39
530 1.7848e-38
540 4.23425e-38
550 1.00069e-37
560 2.35593e-37
570 5.52535e-37
580 1.29089e-36
590 3.00433e-36
600 6.96519e-36
610 1.60859e-35
620 3.70065e-35
630 8.48069e-35
640 1.93598e-34
650 4.40237e-34
660 9.97205e-34
670 2.25005e-33
680 5.05714e-33
690 1.1322e-32
700 2.5249e-32
710 5.60871e-32
720 1.24102e-31
730 2.7352e-31
740 6.00469e-31
750 1.31305e-30
760 2.85994e-30
770 6.20465e-30
780 1.34078e-29
790 2.88587e-29
800 6.18688e-29
810 1.32111e-28
820 2.80981e-28
830 5.95226e-28
840 1.25589e-27
850 2.63927e-27
860 5.52428e-27
870 1.15166e-26
880 2.39126e-26
890 4.94517e-26
900 1.01855e-25
910 2.08946e-25
920 4.26899e-25
930 8.68676e-25
940 1.76047e-24
950 3.55331e-24
960 7.14284e-24
970 1.43001e-23
980 2.85123e-23
990 5.66174e-23
1000 1.11967e-22
1010 2.2052e-22
1020 4.32534e-22
1030 8.44903e-22
1040 1.64363e-21
1050 3.18425e-21
1060 6.14349e-21
1070 1.18039e-20
1080 2.25857e-20
1090 4.30367e-20
1100 8.16653e-20
1110 1.54322e-19
1120 2.90404e-19
1130 5.44207e-19
1140 1.01557e-18
1150 1.88725e-18
1160 3.49244e-18
1170 6.43578e-18
1180 1.18098e-17
1190 2.15802e-17
1200 3.92672e-17
1210 7.11488e-17
1220 1.2837e-16
1230 2.30631e-16
1240 4.12595e-16
1250 7.34989e-16
1260 1.30372e-15
1270 2.30269e-15
1280 4.04974e-15
1290 7.09182e-15
1300 1.23659e-14
1310 2.14696e-14
1320 3.71155e-14
1330 6.3887e-14
1340 1.09495e-13
1350 1.86853e-13
1360 3.17485e-13
1370 5.37108e-13
1380 9.04719e-13
1390 1.51731e-12
1400 2.53364e-12
1410 4.21229e-12
1420 6.97258e-12
1430 1.14912e-11
1440 1.88554e-11
1450 3.08033e-11
1460 5.01012e-11
1470 8.1131e-11
1480 1.308e-10
1490 2.09948e-10
1500 3.355e-10
1510 5.33764e-10
1520 8.4543e-10
1530 1.33314e-09
1540 2.09286e-09
1550 3.27091e-09
1560 5.08929e-09
1570 7.88321e-09
1580 1.21564e-08
1590 1.8662e-08
1600 2.85207e-08
1610 4.33918e-08
1620 6.57203e-08
1630 9.90904e-08
1640 1.48731e-07
1650 2.22231e-07
1660 3.30552e-07
1670 4.89446e-07
1680 7.21431e-07
1690 1.05854e-06
1700 1.54611e-06
1710 2.24798e-06
1720 3.25355e-06
1730 4.68742e-06
1740 6.72233e-06
1750 9.59646e-06
1760 1.36366e-05
1770 1.92886e-05
1780 2.71576e-05
1790 3.80608e-05
1800 5.30952e-05
1810 7.37263e-05
1820 0.0001019
1830 0.000140188
1840 0.000191968
1850 0.000261651
1860 0.00035497
1870 0.000479327
1880 0.000644233
1890 0.000861826
1900 0.00114752
1910 0.00152077
1920 0.00200596
1930 0.00263353
1940 0.00344117
1950 0.00447533
1960 0.00579284
1970 0.00746281
1980 0.00956875
1990 0.0122109
2000 0.0155087
2010 0.0196038
2020 0.0246623
2030 0.0308786
2040 0.0384775
2050 0.0477178
2060 0.0588944
2070 0.0723414
2080 0.0884332
2090 0.107586
2100 0.130259
2110 0.156953
2120 0.188207
2130 0.224598
2140 0.266733
2150 0.315243
2160 0.370774
2170 0.433977
2180 0.505493
2190 0.585939
2200 0.675889
2210 0.775859
2220 0.88628
2230 1.00748
2240 1.13968
2250 1.28292
2260 1.43711
2270 1.60196
2280 1.77697
2290 1.96143
2300 2.15441
2310 2.35475
2320 2.56107
2330 2.77175
2340 2.98497
2350 3.19874
2360 3.4109
2370 3.61915
2380 3.82111
2390 4.01436
2400 4.19649
2410 4.36511
2420 4.51796
2430 4.65292
2440 4.76807
2450 4.86175
2460 4.93256
2470 4.97944
2480 5.00167
2490 4.99891
2500 4.97116
2510 4.91883
2520 4.84267
2530 4.7438
2540 4.62364
2550 4.4839
2560 4.32653
2570 4.15371
2580 3.96772
2590 3.77098
2600 3.56594
2610 3.35505
2620 3.1407
2630 2.92521
2640 2.71074
2650 2.4993
2660 2.29269
2670 2.09253
2680 1.90016
2690 1.71674
2700 1.54316
2710 1.38009
2720 1.22799
2730 1.08711
2740 0.957496
2750 0.839051
2760 0.731519
2770 0.634523
2780 0.547587
2790 0.470155
2800 0.401616
2810 0.34132
2820 0.288597
2830 0.242773
2840 0.203184
2850 0.169182
2860 0.140151
2870 0.115508
2880 0.0947118
2890 0.0772629
2900 0.0627064
2910 0.050632
2920 0.0406735
2930 0.0325065
2940 0.0258464
2950 0.0204456
2960 0.0160906
2970 0.0125983
2980 0.00981352
2990 0.00760511
3000 0.00586348
3010 0.00449753
3020 0.00343211
3030 0.00260565
3040 0.00196807
3050 0.00147887
3060 0.00110558
3070 0.000822276
3080 0.000608432
3090 0.000447893
3100 0.000328023
3110 0.000239002
3120 0.000173248
3130 0.00012494
3140 8.96399e-05
3150 6.39839e-05
3160 4.54368e-05
3170 3.21007e-05
3180 2.25626e-05
3190 1.57773e-05
3200 1.09761e-05
3210 7.5968e-06
3220 5.23099e-06
3230 3.58351e-06
3240 2.44233e-06
3250 1.65604e-06
3260 1.11715e-06
3270 7.4976e-07
3280 5.00619e-07
3290 3.32558e-07
3300 2.19786e-07
3310 1.44514e-07
3320 9.45354e-08
3330 6.15256e-08
3340 3.98378e-08
3350 2.56633e-08
3360 1.64479e-08
3370 1.04879e-08
3380 6.65342e-09
3390 4.19938e-09
3400 2.63699e-09
3410 1.64746e-09
3420 1.02402e-09
3430 6.33271e-10
3440 3.89631e-10
3450 2.38518e-10
3460 1.45267e-10
3470 8.8024e-11
3480 5.30739e-11
3490 3.18318e-11
3500 1.9e-11
3510 1.12843e-11
3520 6.66525e-12
3530 3.91657e-12
3540 2.29142e-12
3550 1.33357e-12
3560 7.74671e-13
3570 4.45131e-13
3580 2.57921e-13
3590 1.44065e-13
3600 8.22942e-14
3610 4.27981e-14
3620 2.39037e-14
3630 9.33704e-15
3640 2.93965e-15
3650 1.93807e-15
3660 -2.0163e-15
3670 -9.53958e-15
3680 -3.93427e-15
3690 -4.44086e-15
3700 -1.4364e-15
3710 -1.13992e-15
3720 -2.5853e-15
3730 -4.14719e-15
3740 -1.82642e-15
3750 -2.24447e-15
3760 -3.46964e-15
3770 -4.01161e-15
3780 -6.45723e-15
3790 2.04296e-16
3800 -5.93715e-15
3810 6.39541e-16
3820 -2.37979e-16
3830 -3.04301e-16
3840 -7.09083e-16
3850 -7.90461e-16
3860 -4.90231e-15
3870 -8.05994e-15
3880 -8.26984e-15
3890 -3.74982e-15
3900 -6.81777e-15
3910 -8.45474e-15
3920 -6.79866e-15
3930 -2.85155e-15
3940 -4.94687e-15
3950 -1.91639e-15
3960 -3.64143e-15
3970 -3.86234e-15
3980 -4.32468e-15
3990 -1.32562e-15
4000 -1.86065e-15
4010 9.02003e-16
4020 4.33529e-15
4030 -2.27402e-15
4040 3.58305e-16
4050 -3.28123e-15
4060 1.8153e-15
4070 -1.96073e-15
4080 -4.96491e-16
4090 2.91753e-15
4100 2.72622e-15
4110 4.84908e-15
4120 -3.86678e-16
4130 3.17071e-15
4140 5.32033e-15
4150 -7.78382e-16
4160 3.40662e-15
4170 3.30281e-15
4180 -8.37814e-17
4190 -2.29305e-15
4200 3.44967e-15
4210 6.82124e-16
4220 1.99102e-15
4230 -9.57912e-17
4240 4.03477e-15
4250 2.79321e-15
4260 -2.06911e-15
4270 1.8661e-15
4280 -6.75832e-16
4290 3.46342e-15
4300 2.18889e-15
4310 -1.29789e-15
4320 1.74999e-15
4330 6.95138e-15
4340 6.07595e-15
4350 4.25328e-15
4360 3.12861e-15
4370 3.25377e-15
4380 -7.01928e-16
4390 -4.90181e-15
4400 -2.15936e-15
4410 -3.79084e-15
4420 -5.43661e-16
4430 -1.37368e-15
4440 4.13969e-15
4450 3.12143e-15
4460 3.6996e-15
4470 2.19953e-15
4480 -8.62937e-16
4490 -2.04985e-15
4500 1.25428e-15
4510 -7.28848e-16
4520 3.68182e-16
4530 3.81831e-15
4540 4.48882e-15
4550 1.08621e-15
4560 2.65897e-15
4570 5.00107e-15
4580 2.94204e-15
4590 -3.52383e-16
4600 8.00789e-16
4610 -2.80361e-15
4620 1.94463e-15
4630 2.41166e-16
4640 3.7246e-15
4650 -1.27557e-15
4660 -5.14645e-15
4670 -6.86988e-15
4680 -6.41487e-15
4690 -7.46882e-15
4700 -9.57385e-15
4710 -7.91684e-15
4720 -1.07851e-14
4730 -1.55108e-14
4740 -1.25807e-14
4750 -1.12508e-14
4760 -9.64979e-15
4770 -7.25025e-15
4780 -4.59124e-15
4790 -5.53176e-15
4800 -4.99724e-15
4810 -5.43061e-15
4820 -1.09768e-14
4830 -9.54253e-15
4840 -1.07841e-14
4850 -1.13117e-14
4860 -8.91712e-15
4870 -1.20087e-14
4880 -5.94777e-15
4890 -1.00848e-14
4900 -6.35899e-15
4910 -1.09106e-14
4920 -1.28027e-14
4930 -1.44433e-14
4940 -1.39705e-14
4950 -1.58203e-14
4960 -1.35569e-14
4970 -1.6255e-14
4980 -1.7791e-14
4990 -1.72467e-14
5000 -1.7791e-14
5010 -1.6255e-14
5020 -1.35569e-14
5030 -1.58203e-14
5040 -1.39705e-14
5050 -1.44433e-14
5060 -1.28027e-14
5070 -1.09106e-14
5080 -6.35899e-15
5090 -1.00848e-14
5100 -5.94777e-15
5110 -1.20087e-14
5120 -8.91712e-15
5130 -1.13117e-14
5140 -1.07841e-14
5150 -9.54253e-15
5160 -1.09768e-14
5170 -5.43061e-15
5180 -4.99724e-15
5190 -5.53176e-15
5200 -4.59124e-15
5210 -7.25025e-15
5220 -9.64979e-15
5230 -1.12508e-14
5240 -1.25807e-14
5250 -1.55108e-14
5260 -1.07851e-14
5270 -7.91684e-15
5280 -9.57385e-15
5290 -7.46882e-15
5300 -6.41487e-15
5310 -6.86988e-15
5320 -5.14645e-15
5330 -1.27557e-15
5340 3.7246e-15
5350 2.41166e-16
5360 1.94463e-15
5370 -2.80361e-15
5380 8.00789e-16
5390 -3.52383e-16
5400 2.94204e-15
5410 5.00107e-15
5420 2.65897e-15
5430 1.08621e-15
5440 4.48882e-15
5450 3.81831e-15
5460 3.68182e-16
5470 -7.28848e-16
5480 1.25428e-15
5490 -2.04985e-15
5500 -8.62937e-16
5510 2.19953e-15
5520 3.6996e-15
5530 3.12143e-15
5540 4.13969e-15
5550 -1.37368e-15
5560 -5.43661e-16
5570 -3.79084e-15
5580 -2.15936e-15
5590 -4.90181e-15
5600 -7.01928e-16
5610 3.25377e-15
5620 3.12861e-15
5630 4.25328e-15
5640 6.07595e-15
5650 6.95138e-15
5660 1.74999e-15
5670 -1.29789e-15
5680 2.18889e-15
5690 3.46342e-15
5700 -6.75832e-16
5710 1.8661e-15
5720 -2.06911e-15
5730 2.79321e-15
5740 4.03477e-15
5750 -9.57912e-17
5760 1.99102e-15
5770 6.82124e-16
5780 3.44967e-15
5790 -2.29305e-15
5800 -8.37814e-17
5810 3.30281e-15
5820 3.40662e-15
5830 -7.78382e-16
5840 5.32033e-15
5850 3.17071e-15
5860 -3.86678e-16
5870 4.84908e-15
5880 2.72622e-15
5890 2.91753e-15
5900 -4.96491e-16
5910 -1.96073e-15
5920 1.8153e-15
5930 -3.28123e-15
5940 3.58305e-16
5950 -2.27402e-15
5960 4.33529e-15
5970 9.02003e-16
5980 -1.86065e-15
5990 -1.32562e-15
6000 -4.32468e-15
6010 -3.86234e-15
6020 -3.64143e-15
6030 -1.91639e-15
6040 -4.94687e-15
6050 -2.85155e-15
6060 -6.79866e-15
6070 -8.45474e-15
6080 -6.81777e-15
6090 -3.74982e-15
6100 -8.26984e-15
6110 -8.05994e-15
6120 -4.90231e-15
6130 -7.90461e-16
6140 -7.09083e-16
6150 -3.04301e-16
6160 -2.37979e-16
6170 6.39541e-16
6180 -5.93715e-15
6190 2.04296e-16
6200 -6.45723e-15
6210 -4.01161e-15
6220 -3.46964e-15
6230 -2.24447e-15
6240 -1.82642e-15
6250 -4.14719e-15
6260 -2.5853e-15
6270 -1.13992e-15
6280 -1.4364e-15
6290 -4.44086e-15
6300 -3.93427e-15
6310 -9.53958e-15
6320 -2.0163e-15
6330 1.93807e-15
6340 2.93965e-15
6350 9.33704e-15
6360 2.39037e-14
6370 4.27981e-14
6380 8.22942e-14
6390 1.44065e-13
6400 2.57921e-13
6410 4.45131e-13
6420 7.74671e-13
6430 1.33357e-12
6440 2.29142e-12
6450 3.91657e-12
6460 6.66525e-12
6470 1.12843e-11
6480 1.9e-11
6490 3.18318e-11
6500 5.30739e-11
6510 8.8024e-11
6520 1.45267e-10
6530 2.38518e-10
6540 3.89631e-10
6550 6.33271e-10
6560 1.02402e-09
6570 1.64746e-09
6580 2.63699e-09
6590 4.19938e-09
6600 6.65342e-09
6610 1.04879e-08
6620 1.64479e-08
6630 2.56633e-08
6640 3.98378e-08
6650 6.15256e-08
6660 9.45354e-08
6670 1.44514e-07
6680 2.19786e-07
6690 3.32558e-07
6700 5.00619e-07
6710 7.4976e-07
6720 1.11715e-06
6730 1.65604e-06
6740 2.44233e-06
6750 3.58351e-06
6760 5.23099e-06
6770 7.5968e-06
6780 1.09761e-05
6790 1.57773e-05
6800 2.25626e-05
6810 3.21007e-05
6820 4.54368e-05
6830 6.39839e-05
6840 8.96399e-05
6850 0.00012494
6860 0.000173248
6870 0.000239002
6880 0.000328023
6890 0.000447893
6900 0.000608432
6910 0.000822276
6920 0.00110558
6930 0.00147887
6940 0.00196807
6950 0.00260565
6960 0.00343211
6970 0.00449753
6980 0.00586348
6990 0.00760511
7000 0.00981352
7010 0.0125983
7020 0.0160906
7030 0.0204456
7040 0.0258464
7050 0.0325065
7060 0.0406735
7070 0.050632
7080 0.0627064
7090 0.0772629
7100 0.0947118
7110 0.115508
7120 0.140151
7130 0.169182
7140 0.203184
7150 0.242773
7160 0.288597
7170 0.34132
7180 0.401616
7190 0.470155
7200 0.547587
7210 0.634523
7220 0.731519
7230 0.839051
7240 0.957496
7250 1.08711
7260 1.22799
7270 1.38009
7280 1.54316
7290 1.71674
7300 1.90016
7310 2.09253
7320 2.29269
7330 2.4993
7340 2.71074
7350 2.92521
7360 3.1407
7370 3.35505
7380 3.56594
7390 3.77098
7400 3.96772
7410 4.15371
7420 4.32653
7430 4.4839
7440 4.62364
7450 4.7438
7460 4.84267
7470 4.91883
7480 4.97116
7490 4.99891
7500 5.00167
7510 4.97944
7520 4.93256
7530 4.86175
7540 4.76807
7550 4.65292
7560 4.51796
7570 4.36511
7580 4.19649
7590 4.01436
7600 3.82111
7610 3.61915
7620 3.4109
7630 3.19874
7640 2.98497
7650 2.77175
7660 2.56107
7670 2.35475
7680 2.15441
7690 1.96143
7700 1.77697
7710 1.60196
7720 1.43711
7730 1.28292
7740 1.13968
7750 1.00748
7760 0.88628
7770 0.775859
7780 0.675889
7790 0.585939
7800 0.505493
7810 0.433977
7820 0.370774
7830 0.315243
7840 0.266733
7850 0.224598
7860 0.188207
7870 0.156953
7880 0.130259
7890 0.107586
7900 0.0884332
7910 0.0723414
7920 0.0588944
7930 0.0477178
7940 0.0384775
7950 0.0308786
7960 0.0246623
7970 0.0196038
7980 0.0155087
7990 0.0122109
8000 0.00956875
8010 0.00746281
8020 0.00579284
8030 0.00447533
8040 0.00344117
8050 0.00263353
8060 0.00200596
8070 0.00152077
8080 0.00114752
8090 0.000861826
8100 0.000644233
8110 0.000479327
8120 0.00035497
8130 0.000261651
8140 0.000191968
8150 0.000140188
8160 0.0001019
8170 7.37263e-05
8180 5.30952e-05
8190 3.80608e-05
8200 2.71576e-05
8210 1.92886e-05
8220 1.36366e-05
8230 9.59646e-06
8240 6.72233e-06
8250 4.68742e-06
8260 3.25355e-06
8270 2.24798e-06
8280 1.54611e-06
8290 1.05854e-06
8300 7.21431e-07
8310 4.89446e-07
8320 3.30552e-07
8330 2.22231e-07
8340 1.48731e-07
8350 9.90904e-08
8360 6.57203e-08
8370 4.33918e-08
8380 2.85207e-08
8390 1.8662e-08
8400 1.21564e-08
8410 7.88321e-09
8420 5.08929e-09
8430 3.27091e-09
8440 2.09286e-09
8450 1.33314e-09
8460 8.4543e-10
8470 5.33764e-10
8480 3.355e-10
8490 2.09948e-10
8500 1.308e-10
8510 8.1131e-11
8520 5.01012e-11
8530 3.08033e-11
8540 1.88554e-11
8550 1.14912e-11
8560 6.97258e-12
8570 4.21229e-12
8580 2.53364e-12
8590 1.51731e-12
8600 9.04719e-13
8610 5.37108e-13
8620 3.17485e-13
8630 1.86853e-13
8640 1.09495e-13
8650 6.3887e-14
8660 3.71155e-14
8670 2.14696e-14
8680 1.23659e-14
8690 7.09182e-15
8700 4.04974e-15
8710 2.30269e-15
8720 1.30372e-15
8730 7.34989e-16
8740 4.12595e-16
8750 2.30631e-16
8760 1.2837e-16
8770 7.11488e-17
8780 3.92672e-17
8790 2.15802e-17
8800 1.18098e-17
8810 6.43578e-18
8820 3.49244e-18
8830 1.88725e-18
8840 1.01557e-18
8850 5.44207e-19
8860 2.90404e-19
8870 1.54322e-19
8880 8.16653e-20
8890 4.30367e-20
8900 2.25857e-20
8910 1.18039e-20
8920 6.14349e-21
8930 3.18425e-21
8940 1.64363e-21
8950 8.44903e-22
8960 4.32534e-22
8970 2.2052e-22
8980 1.11967e-22
8990 5.66174e-23
9000 2.85123e-23
9010 1.43001e-23
9020 7.14284e-24
9030 3.55331e-24
9040 1.76047e-24
9050 8.68676e-25
9060 4.26899e-25
9070 2.08946e-25
9080 1.01855e-25
9090 4.94517e-26
9100 2.39126e-26
9110 1.15166e-26
9120 5.52428e-27
9130 2.63927e-27
9140 1.25589e-27
9150 5.95226e-28
9160 2.80981e-28
9170 1.32111e-28
9180 6.18688e-29
9190 2.88587e-29
9200 1.34078e-29
9210 6.20465e-30
9220 2.85994e-30
9230 1.31305e-30
9240 6.00469e-31
9250 2.7352e-31
9260 1.24102e-31
9270 5.60871e-32
9280 2.5249e-32
9290 1.1322e-32
9300 5.05714e-33
9310 2.25005e-33
9320 9.97205e-34
9330 4.40237e-34
9340 1.93598e-34
9350 8.48069e-35
9360 3.70065e-35
9370 1.60859e-35
9380 6.96519e-36
9390 3.00433e-36
9400 1.29089e-36
9410 5.52535e-37
9420 2.35593e-37
9430 1.00069e-37
9440 4.23425e-38
9450 1.7848e-38
9460 7.49453e-39
9470 3.13501e-39
9480 1.30639e-39
9490 5.42305e-40
9500 2.24255e-40
9510 9.23756e-41
9520 3.79026e-41
9530 1.54899e-41
9540 6.30454e-42
9550 2.55522e-42
9560 1.03109e-42
9570 4.14157e-43
9580 1.65545e-43
9590 6.58271e-44
9600 2.60298e-44
9610 1.02311e-44
9620 3.99537e-45
9630 1.54934e-45
9640 5.96285e-46
9650 2.27632e-46
9660 8.61463e-47
9670 3.23007e-47
9680 1.19927e-47
9690 4.40671e-48
9700 1.6017e-48
9710 5.75578e-49
9720 2.04404e-49
9730 7.17059e-50
9740 2.48392e-50
9750 8.49354e-51
9760 2.866e-51
9770 9.54074e-52
9780 3.13258e-52
9790 1.01425e-52
9800 3.23769e-53
9810 1.01882e-53
9820 3.15995e-54
9830 9.65895e-55
9840 2.90941e-55
9850 8.63513e-56
9860 2.52519e-56
9870 7.2754e-57
9880 2.06508e-57
9890 5.77458e-58
9900 1.59072e-58
9910 4.31669e-59
9920 1.15394e-59
9930 3.03871e-60
9940 7.88252e-61
9950 2.01424e-61
9960 5.07039e-62
9970 1.25788e-62
9980 3.09839e-63
9990 8.53958e-64
10000 2.02517e-64
10010 4.73119e-65
10020 1.08886e-65
10030 2.46869e-66
10040 5.51395e-67
10050 1.21329e-67
10060 2.63012e-68
10070 5.61694e-69
10080 1.1818e-69
10090 2.44967e-70
10100 5.00261e-71
10110 1.0065e-71
10120 1.9951e-72
10130 3.89625e-73
10140 7.49659e-74
10150 1.42108e-74
10160 2.65403e-75
10170 4.88351e-76
10180 8.85306e-77
10190 1.58121e-77
10200 2.78239e-78
10210 4.82366e-79
10220 8.23875e-80
10230 1.38634e-80
10240 2.29824e-81
10250 3.7535e-82
10260 6.03925e-83
10270 9.5726e-84
10280 1.49476e-84
10290 2.2993e-85
10300 3.48414e-86
10310 5.20072e-87
10320 7.64691e-88
10330 1.10752e-88
10340 1.57999e-89
10350 2.2201e-90
10360 3.07254e-91
10370 4.18807e-92
10380 5.62221e-93
10390 7.43291e-94
10400 9.6773e-95
10410 1.24072e-95
10420 1.56639e-96
10430 1.9472e-97
10440 2.38335e-98
10450 2.87216e-99
10460 3.40761e-100
10470 3.98006e-101
10480 4.57616e-102
10490 5.17917e-103
10500 5.76953e-104
10510 6.32577e-105
10520 6.82574e-106
10530 7.24805e-107
10540 7.57348e-108
10550 7.78647e-109
10560 7.87632e-110
10570 7.83807e-111
10580 7.67294e-112
10590 7.3883e-113
10600 6.99712e-114
10610 6.51697e-115
10620 5.96874e-116
10630 5.37512e-117
10640 4.75902e-118
10650 4.14215e-119
10660 3.54376e-120
10670 2.9798e-121
10680 2.46231e-122
10690 1.9993e-123
10700 1.59492e-124
10710 1.24989e-125
10720 9.62099e-127
10730 7.27312e-128
10740 5.39902e-129
10750 3.93495e-130
10760 2.81531e-131
10770 1.97702e-132
10780 1.36245e-133
10790 9.21261e-135
10800 6.11116e-136
10810 3.97617e-137
10820 2.53704e-138
10830 1.58718e-139
10840 9.73364e-141
10850 5.85042e-142
10860 3.44562e-143
10870 1.98802e-144
10880 1.12344e-145
10890 6.21654e-147
10900 3.36754e-148
10910 1.78538e-149
10920 9.26161e-151
10930 4.69961e-152
10940 2.33202e-153
10950 1.13128e-154
10960 5.36337e-156
10970 2.48427e-157
10980 1.12384e-158
10990 4.96372e-160
11000 2.13967e-161
11010 8.99825e-163
11020 3.69037e-164
11030 1.47537e-165
11040 5.74732e-167
11050 2.18054e-168
11060 8.05367e-170
11070 2.89425e-171
11080 1.0115e-172
11090 3.43593e-174
11100 1.13376e-175
11110 3.6319e-177
11120 1.12877e-178
11130 3.40125e-180
11140 9.92952e-182
11150 2.80638e-183
11160 7.67262e-185
11170 2.02747e-186
11180 5.17353e-188
11190 1.27357e-189
11200 3.02147e-191
11210 6.90079e-193
11220 1.51549e-194
11230 3.19622e-196
11240 6.46485e-198
11250 1.25223e-199
11260 2.31912e-201
11270 4.09948e-203
11280 6.90379e-205
11290 1.10537e-206
11300 1.67883e-208
11310 2.41274e-210
11320 3.27203e-212
11330 4.17437e-214
11340 4.99267e-216
11350 5.57637e-218
11360 5.79052e-220
11370 5.56181e-222
11380 4.9122e-224
11390 3.96166e-226
11400 2.89349e-228
11410 1.89475e-230
11420 1.0987e-232
11430 5.55352e-235
11440 2.39702e-237
11450 8.58935e-240
11460 2.45308e-242
11470 5.23485e-245
11480 7.41975e-248
11490 5.23885e-251
11500 0
11510 0
11520 0
11530 0
11540 0
11550 0
11560 0
11570 0
11580 0
11590 0
11600 0
11610 0
11620 0
11630 0
11640 0
11650 0
11660 0
11670 0
11680 0
11690 0
11700 0
11710 0
11720 0
11730 0
11740 0
11750 0
11760 0
11770 0
11780 0
11790 0
11800 0
11810 0
11820 0
11830 0
11840 0
11850 0
11860 0
11870 0
11880 0
11890 0
11900 0
11910 0
11920 0
11930 0
11940 0
11950 0
11960 0
11970 0
11980 0
11990 0
12000 0
12010 0
12020 0
12030 0
12040 0
12050 0
12060 0
12070 0
12080 0
12090 0
12100 0
12110 0
12120 0
12130 0
12140 0
12150 0
12160 0
12170 0
12180 0
12190 0
12200 0
12210 0
12220 0
12230 0
12240 0
12250 0
12260 0
12270 0
12280 0
12290 0
12300 0
12310 0
12320 0
12330 0
12340 0
12350 0
12360 0
12370 0
12380 0
12390 0
12400 0
12410 0
12420 0
12430 0
12440 0
12450 0
12460 0
12470 0
12480 0
12490 0
12500 0
12510 0
12520 0
12530 0
12540 0
12550 0
12560 0
12570 0
12580 0
12590 0
12600 0
12610 0
12620 0
12630 0
12640 0
12650 0
12660 0
12670 0
12680 0
12690 0
12700 0
12710 0
12720 0
12730 0
12740 0
12750 0
12760 0
12770 0
12780 0
12790 0
12800 0
12810 0
12820 0
12830 0
12840 0
12850 0
12860 0
12870 0
12880 0
12890 0
12900 0
12910 0
12920 0
12930 0
12940 0
12950 0
12960 0
12970 0
12980 0
12990 0
13000 0
13010 0
13020 0
13030 0
13040 0
13050 0
13060 0
13070 0
13080 0
13090 0
13100 0
13110 0
13120 0
13130 0
13140 0
13150 0
13160 0
13170 0
13180 0
13190 0
13200 0
13210 0
13220 0
13230 0
13240 0
13250 0
13260 0
13270 0
13280 0
13290 0
13300 0
13310 0
13320 0
13330 0
13340 0
13350 0
13360 0
13370 0
13380 0
13390 0
13400 0
13410 0
13420 0
13430 0
13440 0
13450 0
13460 0
13470 0
13480 0
13490 0
13500 0
13510 0
13520 0
13530 0
13540 0
13550 0
13560 0
13570 0
13580 0
13590 0
13600 0
13610 0
13620 0
13630 0
13640 0
13650 0
13660 0
13670 0
13680 0
13690 0
13700 0
13710 0
13720 0
13730 0
13740 0
13750 0
13760 0
13770 0
13780 0
13790 0
13800 0
13810 0
13820 0
13830 0
13840 0
13850 0
13860 0
13870 0
13880 0
13890 0
13900 0
13910 0
13920 0
13930 0
13940 0
13950 0
13960 0
13970 0
13980 0
13990 0
14000 0
14010 0
14020 0
14030 0
14040 0
14050 0
14060 0
14070 0
14080 0
14090 0
14100 0
14110 0
14120 0
14130 0
14140 0
14150 0
14160 0
14170 0
14180 0
14190 0
14200 0
14210 0
14220 0
14230 0
14240 0
14250 0
14260 0
14270 0
14280 0
14290 0
14300 0
14310 0
14320 0
14330 0
14340 0
14350 0
14360 0
14370 0
14380 0
14390 0
14400 0
14410 0
14420 0
14430 0
14440 0
14450 0
14460 0
14470 0
14480 0
14490 0
14500 0
14510 0
14520 0
14530 0
14540 0
14550 0
14560 0
14570 0
14580 0
14590 0
14600 0
14610 0
14620 0
14630 0
14640 0
14650 0
14660 0
14670 0
14680 0
14690 0
14700 0
14710 0
14720 0
14730 0
14740 0
14750 0
14760 0
14770 0
14780 0
14790 0
14800 0
14810 0
14820 0
14830 0
14840 0
14850 0
14860 0
14870 0
14880 0
14890 0
14900 0
14910 0
14920 0
14930 0
14940 0
14950 0
14960 0
14970 0
14980 0
14990 0
15000 0
15010 0
15020 0
15030 0
15040 0
15050 0
15060 0
15070 0
15080 0
15090 0
15100 0
15110 0
15120 0
15130 0
15140 0
15150 0
15160 0
15170 0
15180 0
15190 0
15200 0
15210 0
15220 0
15230 0
15240 0
15250 0
15260 0
15270 0
15280 0
15290 0
15300 0
15310 0
15320 0
15330 0
15340 0
15350 0
15360 0
15370 0
15380 0
15390 0
15400 0
15410 0
15420 0
15430 0
15440 0
15450 0
15460 0
15470 0
15480 0
15490 0
15500 0
15510 0
15520 0
15530 0
15540 0
15550 0
15560 0
15570 0
15580 0
15590 0
15600 0
15610 0
15620 0
15630 0
15640 0
15650 0
15660 0
15670 0
15680 0
15690 0
15700 0
15710 0
15720 0
15730 0
15740 0
15750 0
15760 0
15770 0
15780 0
15790 0
15800 0
15810 0
15820 0
15830 0
15840 0
15850 0
15860 0
15870 0
15880 0
15890 0
15900 0
15910 0
15920 0
15930 0
15940 0
15950 0
15960 0
15970 0
15980 0
15990 0
16000 0
16010 0
16020 0
16030 0
16040 0
16050 0
16060 0
16070 0
16080 0
16090 0
16100 0
16110 0
16120 0
16130 0
16140 0
16150 0
16160 0
16170 0
16180 0
16190 0
16200 0
16210 0
16220 0
16230 0
16240 0
16250 0
16260 0
16270 0
16280 0
16290 0
16300 0
16310 0
16320 0
16330 0
16340 0
16350 0
16360 0
16370 0
16380 0
16390 0
16400 0
16410 0
16420 0
16430 0
16440 0
16450 0
16460 0
16470 0
16480 0
16490 0
16500 0
16510 0
16520 0
16530 0
16540 0
16550 0
16560 0
16570 0
16580 0
16590 0
16600 0
16610 0
16620 0
16630 0
16640 0
16650 0
16660 0
16670 0
16680 0
16690 0
16700 0
16710 0
16720 0
16730 0
16740 0
16750 0
16760 0
16770 0
16780 0
16790 0
16800 0
16810 0
16820 0
16830 0
16840 0
16850 0
16860 0
16870 0
16880 0
16890 0
16900 0
16910 0
16920 0
16930 0
16940 0
16950 0
16960 0
16970 0
16980 0
16990 0
17000 0
17010 0
17020 0
17030 0
17040 0
17050 0
17060 0
17070 0
17080 0
17090 0
17100 0
17110 0
17120 0
17130 0
17140 0
17150 0
17160 0
17170 0
17180 0
17190 0
17200 0
17210 0
17220 0
17230 0
17240 0
17250 0
17260 0
17270 0
17280 0
17290 0
17300 0
17310 0
17320 0
17330 0
17340 0
17350 0
17360 0
17370 0
17380 0
17390 0
17400 0
17410 0
17420 0
17430 0
17440 0
17450 0
17460 0
17470 0
17480 0
17490 0
17500 0
17510 0
17520 0
17530 0
17540 0
17550 0
17560 0
17570 0
17580 0
17590 0
17600 0
17610 0
17620 0
17630 0
17640 0
17650 0
17660 0
17670 0
17680 0
17690 0
17700 0
17710 0
17720 0
17730 0
17740 0
17750 0
17760 0
17770 0
17780 0
17790 0
17800 0
17810 0
17820 0
17830 0
17840 0
17850 0
17860 0
17870 0
17880 0
17890 0
17900 0
17910 0
17920 0
17930 0
17940 0
17950 0
17960 0
17970 0
17980 0
17990 0
18000 0
18010 0
18020 0
18030 0
18040 0
18050 0
18060 0
18070 0
18080 0
18090 0
18100 0
18110 0
18120 0
18130 0
18140 0
18150 0
18160 0
18170 0
18180 0
18190 0
18200 0
18210 0
18220 0
18230 0
18240 0
18250 0
18260 0
18270 0
18280 0
18290 0
18300 0
18310 0
18320 0
18330 0
18340 0
18350 0
18360 0
18370 0
18380 0
18390 0
18400 0
18410 0
18420 0
18430 0
18440 0
18450 0
18460 0
18470 0
18480 0
18490 0
18500 0
18510 0
18520 0
18530 0
18540 0
18550 0
18560 0
18570 0
18580 0
18590 0
18600 0
18610 0
18620 0
18630 0
18640 0
18650 0
18660 0
18670 0
18680 0
18690 0
18700 0
18710 0
18720 0
18730 0
18740 0
18750 0
18760 0
18770 0
18780 0
18790 0
18800 0
18810 0
18820 0
18830 0
18840 0
18850 0
18860 0
18870 0
18880 0
18890 0
18900 0
18910 0
18920 0
18930 0
18940 0
18950 0
18960 0
18970 0
18980 0
18990 0
19000 0
19010 0
19020 0
19030 0
19040 0
19050 0
19060 0
19070 0
19080 0
19090 0
19100 0
19110 0
19120 0
19130 0
19140 0
19150 0
19160 0
19170 0
19180 0
19190 0
19200 0
19210 0
19220 0
19230 0
19240 0
19250 0
19260 0
19270 0
19280 0
19290 0
19300 0
19310 0
19320 0
19330 0
19340 0
19350 0
19360 0
19370 0
19380 0
19390 0
19400 0
19410 0
19420 0
19430 0
19440 0
19450 0
19460 0
19470 0
19480 0
19490 0
19500 0
19510 0
19520 0
19530 0
19540 0
19550 0
19560 0
19570 0
19580 0
19590 0
19600 0
19610 0
19620 0
19630 0
19640 0
19650 0
19660 0
19670 0
19680 0
19690 0
19700 0
19710 0
19720 0
19730 0
19740 0
19750 0
19760 0
19770 0
19780 0
19790 0
19800 0
19810 0
19820 0
19830 0
19840 0
19850 0
19860 0
19870 0
19880 0
19890 0
19900 0
19910 0
19920 0
19930 0
19940 0
19950 0
19960 0
19970 0
19980 0
19990 0
20000 0
20010 0
20020 0
20030 0
20040 0
20050 0
20060 0
20070 0
20080 0
20090 0
20100 0
20110 0
20120 0
20130 0
20140 0
20150 0
20160 0
20170 0
20180 0
20190 0
20200 0
20210 0
20220 0
20230 0
20240 0
20250 0
20260 0
20270 0
20280 0
20290 0
20300 0
20310 0
20320 0
20330 0
20340 0
20350 0
20360 0
20370 0
20380 0
20390 0
20400 0
20410 0
20420 0
20430 0
20440 0
20450 0
20460 0
20470 0
20480 0
20490 0
20500 0
20510 0
20520 0
20530 0
20540 0
20550 0
20560 0
20570 0
20580 0
20590 0
20600 0
20610 0
20620 0
20630 0
20640 0
20650 0
20660 0
20670 0
20680 0
20690 0
20700 0
20710 0
20720 0
20730 0
20740 0
20750 0
20760 0
20770 0
20780 0
20790 0
20800 0
20810 0
20820 0
20830 0
20840 0
20850 0
20860 0
20870 0
20880 0
20890 0
20900 0
20910 0
20920 0
20930 0
20940 0
20950 0
20960 0
20970 0
20980 0
20990 0
21000 0
21010 0
21020 0
21030 0
21040 0
21050 0
21060 0
21070 0
21080 0
21090 0
21100 0
21110 0
21120 0
21130 0
21140 0
21150 0
21160 0
21170 0
21180 0
21190 0
21200 0
21210 0
21220 0
21230 0
21240 0
21250 0
21260 0
21270 0
21280 0
21290 0
21300 0
21310 0
21320 0
21330 0
21340 0
21350 0
21360 0
21370 0
21380 0
21390 0
21400 0
21410 0
21420 0
21430 0
21440 0
21450 0
21460 0
21470 0
21480 0
21490 0
21500 0
21510 0
21520 0
21530 0
21540 0
21550 0
21560 0
21570 0
21580 0
21590 0
21600 0
21610 0
21620 0
21630 0
21640 0
21650 0
21660 0
21670 0
21680 0
21690 0
21700 0
21710 0
21720 0
21730 0
21740 0
21750 0
21760 0
21770 0
21780 0
21790 0
21800 0
21810 0
21820 0
21830 0
21840 0
21850 0
21860 0
21870 0
21880 0
21890 0
21900 0
21910 0
21920 0
21930 0
21940 0
21950 0
21960 0
21970 0
21980 0
21990 0
22000 0
22010 0
22020 0
22030 0
22040 0
22050 0
22060 0
22070 0
22080 0
22090 0
22100 0
22110 0
22120 0
22130 0
22140 0
22150 0
22160 0
22170 0
22180 0
22190 0
22200 0
22210 0
22220 0
22230 0
22240 0
22250 0
22260 0
22270 0
22280 0
22290 0
22300 0
22310 0
22320 0
22330 0
22340 0
22350 0
22360 0
22370 0
22380 0
22390 0
22400 0
22410 0
22420 0
22430 0
22440 0
22450 0
22460 0
22470 0
22480 0
22490 0
22500 0
22510 0
22520 0
22530 0
22540 0
22550 0
22560 0
22570 0
22580 0
22590 0
22600 0
22610 0
22620 0
22630 0
22640 0
22650 0
22660 0
22670 0
22680 0
22690 0
22700 0
22710 0
22720 0
22730 0
22740 0
22750 0
22760 0
22770 0
22780 0
22790 0
22800 0
22810 0
22820 0
22830 0
22840 0
22850 0
22860 0
22870 0
22880 0
22890 0
22900 0
22910 0
22920 0
22930 0
22940 0
22950 0
22960 0
22970 0
22980 0
22990 0
23000 0
23010 0
23020 0
23030 0
23040 0
23050 0
23060 0
23070 0
23080 0
23090 0
23100 0
23110 0
23120 0
23130 0
23140 0
23150 0
23160 0
23170 0
23180 0
23190 0
23200 0
23210 0
23220 0
23230 0
23240 0
23250 0
23260 0
23270 0
23280 0
23290 0
23300 0
23310 0
23320 0
23330 0
23340 0
23350 0
23360 0
23370 0
23380 0
23390 0
23400 0
23410 0
23420 0
23430 0
23440 0
23450 0
23460 0
23470 0
23480 0
23490 0
23500 0
23510 0
23520 0
23530 0
23540 0
23550 0
23560 0
23570 0
23580 0
23590 0
23600 0
23610 0
23620 0
23630 0
23640 0
23650 0
23660 0
23670 0
23680 0
23690 0
23700 0
23710 0
23720 0
23730 0
23740 0
23750 0
23760 0
23770 0
23780 0
23790 0
23800 0
23810 0
23820 0
23830 0
23840 0
23850 0
23860 0
23870 0
23880 0
23890 0
23900 0
23910 0
23920 0
23930 0
23940 0
23950 0
23960 0
23970 0
23980 0
23990 0
24000 0
24010 0
24020 0
24030 0
24040 0
24050 0
24060 0
24070 0
24080 0
24090 0
24100 0
24110 0
24120 0
24130 0
24140 0
24150 0
24160 0
24170 0
24180 0
24190 0
24200 0
24210 0
24220 0
24230 0
24240 0
24250 0
24260 0
24270 0
24280 0
24290 0
24300 0
24310 0
24320 0
24330 0
24340 0
24350 0
24360 0
24370 0
24380 0
24390 0
24400 0
24410 0
24420 0
24430 0
24440 0
24450 0
24460 0
24470 0
24480 0
24490 0
24500 0
24510 0
24520 0
24530 0
24540 0
24550 0
24560 0
24570 0
24580 0
24590 0
24600 0
24610 0
24620 0
24630 0
24640 0
24650 0
24660 0
24670 0
24680 0
24690 0
24700 0
24710 0
24720 0
24730 0
24740 0
24750 0
24760 0
24770 0
24780 0
24790 0
24800 0
24810 0
24820 0
24830 0
24840 0
24850 0
24860 0
24870 0
24880 0
24890 0
24900 0
24910 0
24920 0
24930 0
24940 0
24950 0
24960 0
24970 0
24980 0
24990 0
25000 0
25010 0
25020 0
25030 0
25040 0
25050 0
25060 0
25070 0
25080 0
25090 0
25100 0
25110 0
25120 0
25130 0
25140 0
25150 0
25160 0
25170 0
25180 0
25190 0
25200 0
25210 0
25220 0
25230 0
25240 0
25250 0
25260 0
25270 0
25280 0
25290 0
25300 0
25310 0
25320 0
25330 0
25340 0
25350 0
25360 0
25370 0
25380 0
25390 0
25400 0
25410 0
25420 0
25430 0
25440 0
25450 0
25460 0
25470 0
25480 0
25490 0
25500 0
25510 0
25520 0
25530 0
25540 0
25550 0
25560 0
25570 0
25580 0
25590 0
25600 0
25610 0
25620 0
25630 0
25640 0
25650 0
25660 0
25670 0
25680 0
25690 0
25700 0
25710 0
25720 0
25730 0
25740 0
25750 0
25760 0
25770 0
25780 0
25790 0
25800 0
25810 0
25820 0
25830 0
25840 0
25850 0
25860 0
25870 0
25880 0
25890 0
25900 0
25910 0
25920 0
25930 0
25940 0
25950 0
25960 0
25970 0
25980 0
25990 0
26000 0
26010 0
26020 0
26030 0
26040 0
26050 0
26060 0
26070 0
26080 0
26090 0
26100 0
26110 0
26120 0
26130 0
26140 0
26150 0
26160 0
26170 0
26180 0
26190 0
26200 0
26210 0
26220 0
26230 0
26240 0
26250 0
26260 0
26270 0
26280 0
26290 0
26300 0
26310 0
26320 0
26330 0
26340 0
26350 0
26360 0
26370 0
26380 0
26390 0
26400 0
26410 0
26420 0
26430 0
26440 0
26450 0
26460 0
26470 0
26480 0
26490 0
26500 0
26510 0
26520 0
26530 0
26540 0
26550 0
26560 0
26570 0
26580 0
26590 0
26600 0
26610 0
26620 0
26630 0
26640 0
26650 0
26660 0
26670 0
26680 0
26690 0
26700 0
26710 0
26720 0
26730 0
26740 0
26750 0
26760 0
26770 0
26780 0
26790 0
26800 0
26810 0
26820 0
26830 0
26840 0
26850 0
26860 0
26870 0
26880 0
26890 0
26900 0
26910 0
26920 0
26930 0
26940 0
26950 0
26960 0
26970 0
26980 0
26990 0
27000 0
27010 0
27020 0
27030 0
27040 0
27050 0
27060 0
27070 0
27080 0
27090 0
27100 0
27110 0
27120 0
27130 0
27140 0
27150 0
27160 0
27170 0
27180 0
27190 0
27200 0
27210 0
27220 0
27230 0
27240 0
27250 0
27260 0
27270 0
27280 0
27290 0
27300 0
27310 0
27320 0
27330 0
27340 0
27350 0
27360 0
27370 0
27380 0
27390 0
27400 0
27410 0
27420 0
27430 0
27440 0
27450 0
27460 0
27470 0
27480 0
27490 0
27500 0
27510 0
27520 0
27530 0
27540 0
27550 0
27560 0
27570 0
27580 0
27590 0
27600 0
27610 0
27620 0
27630 0
27640 0
27650 0
27660 0
27670 0
27680 0
27690 0
27700 0
27710 0
27720 0
27730 0
27740 0
27750 0
27760 0
27770 0
27780 0
27790 0
27800 0
27810 0
27820 0
27830 0
27840 0
27850 0
27860 0
27870 0
27880 0
27890 0
27900 0
27910 0
27920 0
27930 0
27940 0
27950 0
27960 0
27970 0
27980 0
27990 0
28000 0
28010 0
28020 0
28030 0
28040 0
28050 0
28060 0
28070 0
28080 0
28090 0
28100 0
28110 0
28120 0
28130 0
28140 0
28150 0
28160 0
28170 0
28180 0
28190 0
28200 0
28210 0
28220 0
28230 0
28240 0
28250 0
28260 0
28270 0
28280 0
28290 0
28300 0
28310 0
28320 0
28330 0
28340 0
28350 0
28360 0
28370 0
28380 0
28390 0
28400 0
28410 0
28420 0
28430 0
28440 0
28450 0
28460 0
28470 0
28480 0
28490 0
28500 0
28510 0
28520 0
28530 0
28540 0
28550 0
28560 0
28570 0
28580 0
28590 0
28600 0
28610 0
28620 0
28630 0
28640 0
28650 0
28660 0
28670 0
28680 0
28690 0
28700 0
28710 0
28720 0
28730 0
28740 0
28750 0
28760 0
28770 0
28780 0
28790 0
28800 0
28810 0
28820 0
28830 0
28840 0
28850 0
28860 0
28870 0
28880 0
28890 0
28900 0
28910 0
28920 0
28930 0
28940 0
28950 0
28960 0
28970 0
28980 0
28990 0
29000 0
29010 0
29020 0
29030 0
29040 0
29050 0
29060 0
29070 0
29080 0
29090 0
29100 0
29110 0
29120 0
29130 0
29140 0
29150 0
29160 0
29170 0
29180 0
29190 0
29200 0
29210 0
29220 0
29230 0
29240 0
29250 0
29260 0
29270 0
29280 0
29290 0
29300 0
29310 0
29320 0
29330 0
29340 0
29350 0
29360 0
29370 0
29380 0
29390 0
29400 0
29410 0
29420 0
29430 0
29440 0
29450 0
29460 0
29470 0
29480 0
29490 0
29500 0
29510 0
29520 0
29530 0
29540 0
29550 0
29560 0
29570 0
29580 0
29590 0
29600 0
29610 0
29620 0
29630 0
29640 0
29650 0
29660 0
29670 0
29680 0
29690 0
29700 0
29710 0
29720 0
29730 0
29740 0
29750 0
29760 0
29770 0
29780 0
29790 0
29800 0
29810 0
29820 0
29830 0
29840 0
29850 0
29860 0
29870 0
29880 0
29890 0
29900 0
29910 0
29920 0
29930 0
29940 0
29950 0
29960 0
29970 0
29980 0
