-20 0
0 0.000195376
20 0.000394244
40 0.000600064
60 0.000816228
80 0.00104603
100 0.00129261
120 0.00155895
140 0.00184779
160 0.00216162
180 0.00250261
200 0.00287255
220 0.00327286
240 0.00370444
260 0.00416774
280 0.00466262
300 0.00518836
320 0.00574361
340 0.0063264
360 0.00693409
380 0.00756339
400 0.00821035
420 0.00887045
440 0.00953857
460 0.0102091
480 0.010876
500 0.0115329
520 0.0121731
540 0.0127899
560 0.0133766
580 0.0139264
600 0.0144329
620 0.0148902
640 0.0152925
660 0.0156351
680 0.0159135
700 0.0161244
720 0.0162652
740 0.0163341
760 0.0163304
780 0.0162544
800 0.0161073
820 0.0158911
840 0.0156089
860 0.0152644
880 0.0148622
900 0.0144074
920 0.0139057
940 0.0133632
960 0.0127862
980 0.0121813
1000 0.0115549
1020 0.0109136
1040 0.0102637
1060 0.00961122
1080 0.00896186
1100 0.00832084
1120 0.00769293
1140 0.00708235
1160 0.00649276
1180 0.00592724
1200 0.0053883
1220 0.00487786
1240 0.00439734
1260 0.00394758
1280 0.00352899
1300 0.00314154
1320 0.0027848
1340 0.00245801
1360 0.00216016
1380 0.00188999
1400 0.00164608
1420 0.00142692
1440 0.00123093
1460 0.00105652
1480 0.000902162
1500 0.000766426
1520 0.00064804
1540 0.000545944
1560 0.000459355
1580 0.000387828
1600 0.000331334
1620 0.000290345
1640 0.000265936
1660 0.000259896
1680 0.00027487
1700 0.00031451
1720 0.000383666
1740 0.000488595
1760 0.000637204
1780 0.000839333
1800 0.00110706
1820 0.00145505
1840 0.00190094
1860 0.00246575
1880 0.00317431
1900 0.00405574
1920 0.0051439
1940 0.00647788
1960 0.00810242
1980 0.0100684
2000 0.0124331
2020 0.0152607
2040 0.0186221
2060 0.0225955
2080 0.0272656
2100 0.0327241
2120 0.0390685
2140 0.0464018
2160 0.0548311
2180 0.0644667
2200 0.0754198
2220 0.0878014
2240 0.101719
2260 0.117276
2280 0.134565
2300 0.15367
2320 0.174659
2340 0.197583
2360 0.22247
2380 0.249327
2400 0.27813
2420 0.308828
2440 0.341335
2460 0.375533
2480 0.411267
2500 0.448345
2520 0.486541
2540 0.525594
2560 0.565209
2580 0.605063
2600 0.644806
2620 0.684066
2640 0.722457
2660 0.759581
2680 0.795041
2700 0.828439
2720 0.859391
2740 0.887534
2760 0.912527
2780 0.934063
2800 0.951877
2820 0.965743
2840 0.97549
2860 0.980996
2880 0.982197
2900 0.979083
2920 0.971703
2940 0.96016
2960 0.944611
2980 0.925261
3000 0.902363
3020 0.876207
3040 0.847118
3060 0.815446
3080 0.781564
3100 0.745854
3120 0.708707
3140 0.670511
3160 0.631647
3180 0.592483
3200 0.553365
3220 0.514619
3240 0.476542
3260 0.4394
3280 0.403427
3300 0.368825
3320 0.335759
3340 0.304361
3360 0.274732
3380 0.246939
3400 0.221022
3420 0.19699
3440 0.174833
3460 0.154517
3480 0.135988
3500 0.11918
3520 0.104013
3540 0.0903972
3560 0.0782364
3580 0.06743
3600 0.0578751
3620 0.0494687
3640 0.042109
3660 0.0356972
3680 0.0301383
3700 0.0253424
3720 0.0212248
3740 0.017707
3760 0.0147166
3780 0.0121875
3800 0.0100601
3820 0.00828071
3840 0.00680176
3860 0.00558126
3880 0.00458256
3900 0.00377396
3920 0.00312836
3940 0.00262288
3960 0.00223848
3980 0.00195961
4000 0.0017739
4020 0.00167185
4040 0.0016465
4060 0.00169325
4080 0.00180956
4100 0.00199476
4120 0.00224987
4140 0.00257738
4160 0.00298114
4180 0.00346613
4200 0.00403833
4220 0.00470455
4240 0.00547225
4260 0.00634937
4280 0.00734412
4300 0.00846479
4320 0.00971948
4340 0.0111159
4360 0.0126612
4380 0.0143615
4400 0.0162218
4420 0.0182454
4440 0.0204343
4460 0.0227882
4480 0.0253045
4500 0.0279782
4520 0.0308017
4540 0.0337645
4560 0.0368533
4580 0.0400516
4600 0.0433403
4620 0.0466971
4640 0.0500975
4660 0.0535141
4680 0.0569178
4700 0.0602777
4720 0.0635615
4740 0.0667364
4760 0.0697693
4780 0.0726277
4800 0.07528
4820 0.0776965
4840 0.0798495
4860 0.0817145
4880 0.0832702
4900 0.0844994
4920 0.0853891
4940 0.0859309
4960 0.0861212
4980 0.0859613
5000 0.0855967
5020 0.0849852
5040 0.084135
5060 0.0830567
5080 0.0817632
5100 0.0802691
5120 0.078591
5140 0.0767467
5160 0.0747555
5180 0.0726373
5200 0.0704127
5220 0.0681026
5240 0.0657277
5260 0.0633086
5280 0.0608649
5300 0.0584158
5320 0.055979
5340 0.053571
5360 0.0512068
5380 0.0488999
5400 0.0466619
5420 0.0445026
5440 0.04243
5460 0.0404503
5480 0.0385679
5500 0.0367854
5520 0.0351038
5540 0.0335226
5560 0.0320398
5580 0.0306524
5600 0.0293561
5620 0.0281458
5640 0.0270157
5660 0.0259594
5680 0.0249703
5700 0.0240413
5720 0.0231655
5740 0.0223361
5760 0.0215464
5780 0.02079
5800 0.0200611
5820 0.0193544
5840 0.018665
5860 0.0179888
5880 0.0173222
5900 0.0166622
5920 0.0160067
5940 0.015354
5960 0.0147028
5980 0.0140527
6000 0.0134036
6020 0.0127556
6040 0.0121094
6060 0.0114659
6080 0.0108262
6100 0.0101914
6120 0.00956279
6140 0.00894154
6160 0.00832876
6180 0.00772539
6200 0.00713215
6220 0.00654949
6240 0.00597756
6260 0.00541612
6280 0.00486457
6300 0.00432187
6320 0.00378652
6340 0.00325657
6360 0.0027296
6380 0.00220269
6400 0.00167246
6420 0.00113502
6440 0.000586048
6460 2.07406e-05
6480 -0.000566122
6500 -0.00118016
6520 -0.00182738
6540 -0.00251409
6560 -0.0032469
6580 -0.00403264
6600 -0.00487829
6620 -0.00579094
6640 -0.00677769
6660 -0.00784555
6680 -0.00900138
6700 -0.0102518
6720 -0.0116029
6740 -0.0130605
6760 -0.0146296
6780 -0.0163145
6800 -0.0181188
6820 -0.0200449
6840 -0.0220941
6860 -0.0242664
6880 -0.0265607
6900 -0.0289742
6920 -0.0315026
6940 -0.0341399
6960 -0.0368785
6980 -0.0397092
7000 -0.0426208
7020 -0.0456006
7040 -0.0486343
7060 -0.0517057
7080 -0.0547975
7100 -0.0578908
7120 -0.0609658
7140 -0.0640015
7160 -0.0669763
7180 -0.069868
7200 -0.0726544
7220 -0.0753132
7240 -0.0778226
7260 -0.0801612
7280 -0.082309
7300 -0.084247
7320 -0.0859578
7340 -0.0874259
7360 -0.088638
7380 -0.0895828
7400 -0.0902518
7420 -0.090639
7440 -0.0907412
7460 -0.0905579
7480 -0.0900915
7500 -0.0893472
7520 -0.0883329
7540 -0.0870592
7560 -0.0855388
7580 -0.0837871
7600 -0.081821
7620 -0.0796596
7640 -0.077323
7660 -0.0748329
7680 -0.0722114
7700 -0.0694813
7720 -0.0666655
7740 -0.0637869
7760 -0.0608677
7780 -0.0579297
7800 -0.0549935
7820 -0.0520785
7840 -0.0492029
7860 -0.0463829
7880 -0.0436336
7900 -0.0409677
7920 -0.0383964
7940 -0.0359291
7960 -0.033573
7980 -0.0313336
8000 -0.0292149
8020 -0.0272188
8040 -0.0253459
8060 -0.0235954
8080 -0.021965
8100 -0.0204516
8120 -0.0190508
8140 -0.0177577
8160 -0.0165664
8180 -0.0154709
8200 -0.0144646
8220 -0.0135408
8240 -0.0126927
8260 -0.0119137
8280 -0.0111972
8300 -0.0105368
8320 -0.00992657
8340 -0.00936091
8360 -0.00883461
8380 -0.00834293
8400 -0.0078816
8420 -0.00744685
8440 -0.00703534
8460 -0.00664423
8480 -0.0062711
8500 -0.00591394
8520 -0.00557114
8540 -0.0052414
8560 -0.00492376
8580 -0.00461749
8600 -0.0043221
8620 -0.00403729
8640 -0.00376289
8660 -0.00349886
8680 -0.00324523
8700 -0.00300206
8720 -0.00276945
8740 -0.0025475
8760 -0.00233627
8780 -0.0021358
8800 -0.00194606
8820 -0.00176697
8840 -0.00159838
8860 -0.00144005
8880 -0.00129169
8900 -0.00115292
8920 -0.00102327
8940 -0.000902227
8960 -0.00078918
8980 -0.000683466
9000 -0.00058436
9020 -0.000491078
9040 -0.000402789
9060 -0.000318613
9080 -0.000237635
9100 -0.000158904
9120 -8.14406e-05
9140 -4.24485e-06
9160 7.36993e-05
9180 0.000153417
9200 0.000235937
9220 0.000322282
9240 0.000413463
9260 0.000510469
9280 0.000614262
9300 0.000725761
9320 0.000845835
9340 0.000975294
9360 0.00111487
9380 0.00126522
9400 0.00142689
9420 0.00160031
9440 0.00178582
9460 0.00198358
9480 0.00219364
9500 0.00241587
9520 0.00264998
9540 0.0028955
9560 0.0031518
9580 0.00341805
9600 0.00369323
9620 0.00397616
9640 0.00426547
9660 0.00455963
9680 0.00485694
9700 0.00515557
9720 0.00545357
9740 0.00574888
9760 0.00603936
9780 0.00632283
9800 0.00659706
9820 0.00685984
9840 0.007109
9860 0.00734241
9880 0.00755806
9900 0.00775405
9920 0.00792862
9940 0.00808023
9960 0.00820749
9980 0.00830926
10000 0.00836571
10020 0.00839937
10040 0.00841001
10060 0.0083976
10080 0.00836231
10100 0.00830449
10120 0.00822466
10140 0.00812355
10160 0.00800203
10180 0.00786114
10200 0.00770206
10220 0.00752611
10240 0.00733471
10260 0.00712939
10280 0.00691176
10300 0.00668351
10320 0.00644637
10340 0.00620211
10360 0.00595251
10380 0.00569938
10400 0.00544453
10420 0.00518974
10440 0.00493678
10460 0.0046874
10480 0.00444332
10500 0.00420623
10520 0.00397781
10540 0.00375968
10560 0.00355349
10580 0.00336085
10600 0.00318339
10620 0.00302274
10640 0.00288056
10660 0.00275857
10680 0.00265853
10700 0.00258228
10720 0.00253173
10740 0.00250891
10760 0.00251598
10780 0.00255519
10800 0.00262896
10820 0.00273985
10840 0.00289055
10860 0.00308392
10880 0.00332296
10900 0.0036108
10920 0.0039507
10940 0.00434601
10960 0.00480018
10980 0.0053167
11000 0.00589905
11020 0.0065507
11040 0.00727502
11060 0.00807527
11080 0.00895448
11100 0.00991546
11120 0.0109606
11140 0.0120921
11160 0.0133115
11180 0.0146197
11200 0.0160173
11220 0.0175041
11240 0.0190789
11260 0.0207401
11280 0.0224848
11300 0.0243096
11320 0.0262098
11340 0.02818
11360 0.0302136
11380 0.0323031
11400 0.03444
11420 0.0366149
11440 0.0388175
11460 0.0410365
11480 0.0432601
11500 0.0454756
11520 0.0476699
11540 0.0498292
11560 0.0519397
11580 0.0539871
11600 0.0559575
11620 0.0578367
11640 0.059611
11660 0.0612671
11680 0.0627923
11700 0.0641747
11720 0.0654032
11740 0.0664679
11760 0.0673599
11780 0.0680717
11800 0.0685971
11820 0.0689314
11840 0.0690713
11860 0.0690152
11880 0.0687629
11900 0.0683159
11920 0.0676772
11940 0.0668512
11960 0.0658438
11980 0.0646623
12000 0.0633151
12020 0.0618119
12040 0.0601633
12060 0.0583808
12080 0.0564766
12100 0.0544638
12120 0.0523555
12140 0.0501654
12160 0.0479072
12180 0.0455948
12200 0.0432418
12220 0.0408616
12240 0.0384674
12260 0.0360715
12280 0.0336862
12300 0.0313228
12320 0.0289918
12340 0.0267032
12360 0.024466
12380 0.0222885
12400 0.0201779
12420 0.0181407
12440 0.0161824
12460 0.0143078
12480 0.0125207
12500 0.0108242
12520 0.0092204
12540 0.00771091
12560 0.00629652
12580 0.00497736
12600 0.00375296
12620 0.00262233
12640 0.00158392
12660 0.000635767
12680 -0.000224511
12700 -0.000999649
12720 -0.00169269
12740 -0.00230694
12760 -0.00284592
12780 -0.00331332
12800 -0.003713
12820 -0.00404889
12840 -0.00432501
12860 -0.00454542
12880 -0.00471417
12900 -0.00483533
12920 -0.00491291
12940 -0.00495089
12960 -0.00495314
12980 -0.00492348
13000 -0.00486561
13020 -0.00478312
13040 -0.00467949
13060 -0.00455808
13080 -0.0044221
13100 -0.00427466
13120 -0.00411875
13140 -0.0039572
13160 -0.00379278
13180 -0.0036281
13200 -0.00346572
13220 -0.0033081
13240 -0.00315762
13260 -0.00301664
13280 -0.00288747
13300 -0.00277239
13320 -0.00267372
13340 -0.00259379
13360 -0.00253497
13380 -0.00249972
13400 -0.00249058
13420 -0.0025102
13440 -0.00256135
13460 -0.00264697
13480 -0.00277012
13500 -0.00293405
13520 -0.0031422
13540 -0.00339815
13560 -0.00370567
13580 -0.00406872
13600 -0.00449137
13620 -0.00497784
13640 -0.00553246
13660 -0.00615963
13680 -0.00686376
13700 -0.00764926
13720 -0.00852045
13740 -0.00948151
13760 -0.0105364
13780 -0.0116889
13800 -0.0129422
13820 -0.0142992
13840 -0.0157622
13860 -0.017333
13880 -0.0190124
13900 -0.0208007
13920 -0.0226969
13940 -0.0246994
13960 -0.0268052
13980 -0.0290103
14000 -0.0313096
14020 -0.0336964
14040 -0.036163
14060 -0.0387003
14080 -0.0412977
14100 -0.0439434
14120 -0.0466243
14140 -0.049326
14160 -0.052033
14180 -0.0547286
14200 -0.0573951
14220 -0.060014
14240 -0.0625661
14260 -0.0650314
14280 -0.0673898
14300 -0.0696208
14320 -0.0717038
14340 -0.0736186
14360 -0.0753453
14380 -0.0768644
14400 -0.0781575
14420 -0.079207
14440 -0.0799966
14460 -0.0805111
14480 -0.0807373
14500 -0.0806633
14520 -0.0802793
14540 -0.0795773
14560 -0.0785515
14580 -0.0771981
14600 -0.0755158
14620 -0.0735052
14640 -0.0711694
14660 -0.0685137
14680 -0.0655455
14700 -0.0622746
14720 -0.0587128
14740 -0.054874
14760 -0.0507739
14780 -0.0464301
14800 -0.0418621
14820 -0.0370906
14840 -0.0321379
14860 -0.0270276
14880 -0.0217842
14900 -0.0164332
14920 -0.0110009
14940 -0.00551414
14960 0
