-10 0
0 0
10 0
20 0
30 0
40 0
50 0
60 0
70 0
80 0
90 0
100 0
110 0
120 0
130 0
140 0
150 0
160 0
170 0
180 0
190 0
200 0
210 0
220 0
230 0
240 0
250 0
260 0
270 0
280 0
290 0
300 0
310 0
320 0
330 0
340 0
350 0
360 0
370 0
380 0
390 0
400 0
410 0
420 0
430 0
440 0
450 0
460 0
470 0
480 0
490 5.3254e-279
500 1.44016e-275
510 1.93942e-272
520 1.73407e-269
530 1.1581e-266
540 6.16207e-264
550 2.72103e-261
560 1.02564e-258
570 3.36868e-256
580 9.79398e-254
590 2.55201e-251
600 6.01988e-249
610 1.2962e-246
620 2.56541e-244
630 4.69474e-242
640 7.98455e-240
650 1.26766e-237
660 1.88607e-235
670 2.63886e-233
680 3.48269e-231
690 4.3476e-229
700 5.14637e-227
710 5.78958e-225
720 6.20268e-223
730 6.34034e-221
740 6.19432e-219
750 5.79309e-217
760 5.19396e-215
770 4.4704e-213
780 3.69829e-211
790 2.94423e-209
800 2.25804e-207
810 1.67004e-205
820 1.19227e-203
830 8.22367e-202
840 5.48487e-200
850 3.54017e-198
860 2.21292e-196
870 1.34061e-194
880 7.87632e-193
890 4.49064e-191
900 2.48611e-189
910 1.33723e-187
920 6.99213e-186
930 3.55592e-184
940 1.75975e-182
950 8.47834e-181
960 3.97859e-179
970 1.81926e-177
980 8.10934e-176
990 3.52512e-174
1000 1.49494e-172
1010 6.1872e-171
1020 2.49997e-169
1030 9.86492e-168
1040 3.80283e-166
1050 1.43255e-164
1060 5.27514e-163
1070 1.89932e-161
1080 6.68846e-160
1090 2.30426e-158
1100 7.76823e-157
1110 2.56335e-155
1120 8.28115e-154
1130 2.61981e-152
1140 8.11782e-151
1150 2.4643e-149
1160 7.33028e-148
1170 2.13701e-146
1180 6.1071e-145
1190 1.71114e-143
1200 4.70149e-142
1210 1.26696e-140
1220 3.34915e-139
1230 8.68612e-138
1240 2.21056e-136
1250 5.52115e-135
1260 1.35354e-133
1270 3.25753e-132
1280 7.69737e-131
1290 1.78603e-129
1300 4.06989e-128
1310 9.10919e-127
1320 2.00277e-125
1330 4.326e-124
1340 9.18114e-123
1350 1.91473e-121
1360 3.92431e-120
1370 7.90517e-119
1380 1.56528e-117
1390 3.04683e-116
1400 5.83067e-115
1410 1.09709e-113
1420 2.02982e-112
1430 3.69316e-111
1440 6.60848e-110
1450 1.16306e-108
1460 2.01338e-107
1470 3.42857e-106
1480 5.74365e-105
1490 9.46634e-104
1500 1.53505e-102
1510 2.44928e-101
1520 3.8455e-100
1530 5.94145e-99
1540 9.03401e-98
1550 1.35189e-96
1560 1.99112e-95
1570 2.88647e-94
1580 4.11883e-93
1590 5.78543e-92
1600 7.99965e-91
1610 1.08892e-89
1620 1.45926e-88
1630 1.92527e-87
1640 2.50086e-86
1650 3.19847e-85
1660 4.02773e-84
1670 4.99412e-83
1680 6.09746e-82
1690 7.33063e-81
1700 8.67853e-80
1710 1.01175e-78
1720 1.16154e-77
1730 1.3132e-76
1740 1.46209e-75
1750 1.60313e-74
1760 1.73111e-73
1770 1.84095e-72
1780 1.92808e-71
1790 1.98875e-70
1800 2.02027e-69
1810 2.02122e-68
1820 1.99156e-67
1830 1.93264e-66
1840 1.84707e-65
1850 1.73857e-64
1860 1.61166e-63
1870 1.47138e-62
1880 1.32296e-61
1890 1.17146e-60
1900 1.02157e-59
1910 8.77332e-59
1920 7.41999e-58
1930 6.1799e-57
1940 5.06862e-56
1950 4.09374e-55
1960 3.25583e-54
1970 2.54979e-53
1980 1.96625e-52
1990 1.49296e-51
2000 1.11615e-50
2010 8.21577e-50
2020 5.95399e-49
2030 4.24804e-48
2040 2.98381e-47
2050 2.06319e-46
2060 1.40434e-45
2070 9.40919e-45
2080 6.20524e-44
2090 4.02781e-43
2100 2.57313e-42
2110 1.61775e-41
2120 1.00091e-40
2130 6.09372e-40
2140 3.65049e-39
2150 2.15164e-38
2160 1.2477e-37
2170 7.11771e-37
2180 3.99419e-36
2190 2.20466e-35
2200 1.19686e-34
2210 6.38996e-34
2220 3.35481e-33
2230 1.73186e-32
2240 8.79006e-32
2250 4.38594e-31
2260 2.1512e-30
2270 1.03705e-29
2280 4.91328e-29
2290 2.28742e-28
2300 1.04634e-27
2310 4.70213e-27
2320 2.07566e-26
2330 8.99916e-26
2340 3.83149e-25
2350 1.60173e-24
2360 6.57363e-24
2370 2.64815e-23
2380 1.04696e-22
2390 4.06158e-22
2400 1.54581e-21
2410 5.77081e-21
2420 2.11275e-20
2430 7.58412e-20
2440 2.66878e-19
2450 9.20395e-19
2460 3.11021e-18
2470 1.02956e-17
2480 3.33775e-17
2490 1.05944e-16
2500 3.29153e-16
2510 1.00067e-15
2520 2.97594e-15
2530 8.65473e-15
2540 2.46055e-14
2550 6.83604e-14
2560 1.85526e-13
2570 4.91659e-13
2580 1.27173e-12
2590 3.20928e-12
2600 7.89767e-12
2610 1.89431e-11
2620 4.4263e-11
2630 1.00699e-10
2640 2.2292e-10
2650 4.79895e-10
2660 1.004e-09
2670 2.03991e-09
2680 4.02225e-09
2690 7.69097e-09
2700 1.42498e-08
2710 2.55629e-08
2720 4.43644e-08
2730 7.44299e-08
2740 1.20624e-07
2750 1.88722e-07
2760 2.84924e-07
2770 4.15034e-07
2780 5.83471e-07
2790 7.92389e-07
2800 1.04142e-06
2810 1.32849e-06
2820 1.65176e-06
2830 2.01254e-06
2840 2.41771e-06
2850 2.8807e-06
2860 3.41965e-06
2870 4.05344e-06
2880 4.79738e-06
2890 5.66147e-06
2900 6.65317e-06
2910 7.78369e-06
2920 9.07393e-06
2930 1.05556e-05
2940 1.22659e-05
2950 1.42399e-05
2960 1.65077e-05
2970 1.90992e-05
2980 2.20547e-05
2990 2.54311e-05
3000 2.92967e-05
3010 3.37216e-05
3020 3.87733e-05
3030 4.45243e-05
3040 5.10659e-05
3050 5.85121e-05
3060 6.69901e-05
3070 7.66299e-05
3080 8.7569e-05
3090 9.99683e-05
3100 0.000114022
3110 0.000129947
3120 0.000147974
3130 0.000168348
3140 0.000191357
3150 0.00021733
3160 0.000246632
3170 0.000279653
3180 0.000316823
3190 0.000358634
3200 0.000405639
3210 0.000458436
3220 0.000517677
3230 0.000584091
3240 0.000658498
3250 0.000741792
3260 0.000834944
3270 0.000939029
3280 0.00105524
3290 0.0011849
3300 0.00132941
3310 0.00149035
3320 0.00166943
3330 0.00186854
3340 0.00208973
3350 0.00233522
3360 0.00260747
3370 0.00290914
3380 0.00324312
3390 0.00361255
3400 0.00402085
3410 0.00447174
3420 0.00496921
3430 0.00551762
3440 0.00612168
3450 0.00678644
3460 0.00751739
3470 0.00832043
3480 0.00920192
3490 0.0101687
3500 0.011228
3510 0.0123879
3520 0.0136567
3530 0.0150433
3540 0.0165576
3550 0.0182098
3560 0.0200109
3570 0.0219726
3580 0.0241074
3590 0.0264285
3600 0.02895
3610 0.0316867
3620 0.0346546
3630 0.0378701
3640 0.041351
3650 0.0451159
3660 0.0491843
3670 0.0535768
3680 0.058315
3690 0.0634216
3700 0.0689204
3710 0.0748362
3720 0.081195
3730 0.0880237
3740 0.0953507
3750 0.103205
3760 0.111617
3770 0.120619
3780 0.130243
3790 0.140522
3800 0.151491
3810 0.163187
3820 0.175645
3830 0.188903
3840 0.203
3850 0.217975
3860 0.233867
3870 0.250718
3880 0.268569
3890 0.28746
3900 0.307435
3910 0.328536
3920 0.350804
3930 0.374283
3940 0.399014
3950 0.425039
3960 0.452401
3970 0.481139
3980 0.511294
3990 0.542905
4000 0.57601
4010 0.610645
4020 0.646846
4030 0.684646
4040 0.724076
4050 0.765165
4060 0.807939
4070 0.852424
4080 0.898638
4090 0.946602
4100 0.996329
4110 1.04783
4120 1.10111
4130 1.15618
4140 1.21303
4150 1.27166
4160 1.33206
4170 1.39421
4180 1.45809
4190 1.52369
4200 1.59096
4210 1.65987
4220 1.73039
4230 1.80246
4240 1.87603
4250 1.95104
4260 2.02743
4270 2.10512
4280 2.18405
4290 2.26412
4300 2.34525
4310 2.42735
4320 2.51031
4330 2.59403
4340 2.6784
4350 2.76331
4360 2.84862
4370 2.93422
4380 3.01998
4390 3.10576
4400 3.19142
4410 3.27682
4420 3.36181
4430 3.44626
4440 3.52999
4450 3.61287
4460 3.69474
4470 3.77544
4480 3.85482
4490 3.93272
4500 4.00899
4510 4.08347
4520 4.156
4530 4.22644
4540 4.29463
4550 4.36044
4560 4.42371
4570 4.48431
4580 4.5421
4590 4.59696
4600 4.64876
4610 4.69738
4620 4.74272
4630 4.78466
4640 4.82311
4650 4.85798
4660 4.88919
4670 4.91666
4680 4.94034
4690 4.96015
4700 4.97606
4710 4.98803
4720 4.99603
4730 5.00004
4740 5.00004
4750 4.99605
4760 4.98807
4770 4.97612
4780 4.96022
4790 4.94042
4800 4.91676
4810 4.8893
4820 4.8581
4830 4.82325
4840 4.78481
4850 4.74288
4860 4.69755
4870 4.64894
4880 4.59715
4890 4.5423
4900 4.48452
4910 4.42393
4920 4.36066
4930 4.29486
4940 4.22667
4950 4.15624
4960 4.08371
4970 4.00924
4980 3.93297
4990 3.85507
5000 3.93297
5010 4.00924
5020 4.08371
5030 4.15624
5040 4.22667
5050 4.29486
5060 4.36066
5070 4.42393
5080 4.48452
5090 4.5423
5100 4.59715
5110 4.64894
5120 4.69755
5130 4.74288
5140 4.78481
5150 4.82325
5160 4.8581
5170 4.8893
5180 4.91676
5190 4.94042
5200 4.96022
5210 4.97612
5220 4.98807
5230 4.99605
5240 5.00004
5250 5.00004
5260 4.99603
5270 4.98803
5280 4.97606
5290 4.96015
5300 4.94034
5310 4.91666
5320 4.88919
5330 4.85798
5340 4.82311
5350 4.78466
5360 4.74272
5370 4.69738
5380 4.64876
5390 4.59696
5400 4.5421
5410 4.48431
5420 4.42371
5430 4.36044
5440 4.29463
5450 4.22644
5460 4.156
5470 4.08347
5480 4.00899
5490 3.93272
5500 3.85482
5510 3.77544
5520 3.69474
5530 3.61287
5540 3.52999
5550 3.44626
5560 3.36181
5570 3.27682
5580 3.19142
5590 3.10576
5600 3.01998
5610 2.93422
5620 2.84862
5630 2.76331
5640 2.6784
5650 2.59403
5660 2.51031
5670 2.42735
5680 2.34525
5690 2.26412
5700 2.18405
5710 2.10512
5720 2.02743
5730 1.95104
5740 1.87603
5750 1.80246
5760 1.73039
5770 1.65987
5780 1.59096
5790 1.52369
5800 1.45809
5810 1.39421
5820 1.33206
5830 1.27166
5840 1.21303
5850 1.15618
5860 1.10111
5870 1.04783
5880 0.996329
5890 0.946602
5900 0.898638
5910 0.852424
5920 0.807939
5930 0.765165
5940 0.724076
5950 0.684646
5960 0.646846
5970 0.610645
5980 0.57601
5990 0.542905
6000 0.511294
6010 0.481139
6020 0.452401
6030 0.425039
6040 0.399014
6050 0.374283
6060 0.350804
6070 0.328536
6080 0.307435
6090 0.28746
6100 0.268569
6110 0.250718
6120 0.233867
6130 0.217975
6140 0.203
6150 0.188903
6160 0.175645
6170 0.163187
6180 0.151491
6190 0.140522
6200 0.130243
6210 0.120619
6220 0.111617
6230 0.103205
6240 0.0953507
6250 0.0880237
6260 0.081195
6270 0.0748362
6280 0.0689204
6290 0.0634216
6300 0.058315
6310 0.0535768
6320 0.0491843
6330 0.0451159
6340 0.041351
6350 0.0378701
6360 0.0346546
6370 0.0316867
6380 0.02895
6390 0.0264285
6400 0.0241074
6410 0.0219726
6420 0.0200109
6430 0.0182098
6440 0.0165576
6450 0.0150433
6460 0.0136567
6470 0.0123879
6480 0.011228
6490 0.0101687
6500 0.00920192
6510 0.00832043
6520 0.00751739
6530 0.00678644
6540 0.00612168
6550 0.00551762
6560 0.00496921
6570 0.00447174
6580 0.00402085
6590 0.00361255
6600 0.00324312
6610 0.00290914
6620 0.00260747
6630 0.00233522
6640 0.00208973
6650 0.00186854
6660 0.00166943
6670 0.00149035
6680 0.00132941
6690 0.0011849
6700 0.00105524
6710 0.000939029
6720 0.000834944
6730 0.000741792
6740 0.000658498
6750 0.000584091
6760 0.000517677
6770 0.000458436
6780 0.000405639
6790 0.000358634
6800 0.000316823
6810 0.000279653
6820 0.000246632
6830 0.00021733
6840 0.000191357
6850 0.000168348
6860 0.000147974
6870 0.000129947
6880 0.000114022
6890 9.99683e-05
6900 8.7569e-05
6910 7.66299e-05
6920 6.69901e-05
6930 5.85121e-05
6940 5.10659e-05
6950 4.45243e-05
6960 3.87733e-05
6970 3.37216e-05
6980 2.92967e-05
6990 2.54311e-05
7000 2.20547e-05
7010 1.90992e-05
7020 1.65077e-05
7030 1.42399e-05
7040 1.22659e-05
7050 1.05556e-05
7060 9.07393e-06
7070 7.78369e-06
7080 6.65317e-06
7090 5.66147e-06
7100 4.79738e-06
7110 4.05344e-06
7120 3.41965e-06
7130 2.8807e-06
7140 2.41771e-06
7150 2.01254e-06
7160 1.65176e-06
7170 1.32849e-06
7180 1.04142e-06
7190 7.92389e-07
7200 5.83471e-07
7210 4.15034e-07
7220 2.84924e-07
7230 1.88722e-07
7240 1.20624e-07
7250 7.44299e-08
7260 4.43644e-08
7270 2.55629e-08
7280 1.42498e-08
7290 7.69097e-09
7300 4.02225e-09
7310 2.03991e-09
7320 1.004e-09
7330 4.79895e-10
7340 2.2292e-10
7350 1.00699e-10
7360 4.4263e-11
7370 1.89431e-11
7380 7.89767e-12
7390 3.20928e-12
7400 1.27173e-12
7410 4.91659e-13
7420 1.85526e-13
7430 6.83604e-14
7440 2.46055e-14
7450 8.65473e-15
7460 2.97594e-15
7470 1.00067e-15
7480 3.29153e-16
7490 1.05944e-16
7500 3.33775e-17
7510 1.02956e-17
7520 3.11021e-18
7530 9.20395e-19
7540 2.66878e-19
7550 7.58412e-20
7560 2.11275e-20
7570 5.77081e-21
7580 1.54581e-21
7590 4.06158e-22
7600 1.04696e-22
7610 2.64815e-23
7620 6.57363e-24
7630 1.60173e-24
7640 3.83149e-25
7650 8.99916e-26
7660 2.07566e-26
7670 4.70213e-27
7680 1.04634e-27
7690 2.28742e-28
7700 4.91328e-29
7710 1.03705e-29
7720 2.1512e-30
7730 4.38594e-31
7740 8.79006e-32
7750 1.73186e-32
7760 3.35481e-33
7770 6.38996e-34
7780 1.19686e-34
7790 2.20466e-35
7800 3.99419e-36
7810 7.11771e-37
7820 1.2477e-37
7830 2.15164e-38
7840 3.65049e-39
7850 6.09372e-40
7860 1.00091e-40
7870 1.61775e-41
7880 2.57313e-42
7890 4.02781e-43
7900 6.20524e-44
7910 9.40919e-45
7920 1.40434e-45
7930 2.06319e-46
7940 2.98381e-47
7950 4.24804e-48
7960 5.95399e-49
7970 8.21577e-50
7980 1.11615e-50
7990 1.49296e-51
8000 1.96625e-52
8010 2.54979e-53
8020 3.25583e-54
8030 4.09374e-55
8040 5.06862e-56
8050 6.1799e-57
8060 7.41999e-58
8070 8.77332e-59
8080 1.02157e-59
8090 1.17146e-60
8100 1.32296e-61
8110 1.47138e-62
8120 1.61166e-63
8130 1.73857e-64
8140 1.84707e-65
8150 1.93264e-66
8160 1.99156e-67
8170 2.02122e-68
8180 2.02027e-69
8190 1.98875e-70
8200 1.92808e-71
8210 1.84095e-72
8220 1.73111e-73
8230 1.60313e-74
8240 1.46209e-75
8250 1.3132e-76
8260 1.16154e-77
8270 1.01175e-78
8280 8.67853e-80
8290 7.33063e-81
8300 6.09746e-82
8310 4.99412e-83
8320 4.02773e-84
8330 3.19847e-85
8340 2.50086e-86
8350 1.92527e-87
8360 1.45926e-88
8370 1.08892e-89
8380 7.99965e-91
8390 5.78543e-92
8400 4.11883e-93
8410 2.88647e-94
8420 1.99112e-95
8430 1.35189e-96
8440 9.03401e-98
8450 5.94145e-99
8460 3.8455e-100
8470 2.44928e-101
8480 1.53505e-102
8490 9.46634e-104
8500 5.74365e-105
8510 3.42857e-106
8520 2.01338e-107
8530 1.16306e-108
8540 6.60848e-110
8550 3.69316e-111
8560 2.02982e-112
8570 1.09709e-113
8580 5.83067e-115
8590 3.04683e-116
8600 1.56528e-117
8610 7.90517e-119
8620 3.92431e-120
8630 1.91473e-121
8640 9.18114e-123
8650 4.326e-124
8660 2.00277e-125
8670 9.10919e-127
8680 4.06989e-128
8690 1.78603e-129
8700 7.69737e-131
8710 3.25753e-132
8720 1.35354e-133
8730 5.52115e-135
8740 2.21056e-136
8750 8.68612e-138
8760 3.34915e-139
8770 1.26696e-140
8780 4.70149e-142
8790 1.71114e-143
8800 6.1071e-145
8810 2.13701e-146
8820 7.33028e-148
8830 2.4643e-149
8840 8.11782e-151
8850 2.61981e-152
8860 8.28115e-154
8870 2.56335e-155
8880 7.76823e-157
8890 2.30426e-158
8900 6.68846e-160
8910 1.89932e-161
8920 5.27514e-163
8930 1.43255e-164
8940 3.80283e-166
8950 9.86492e-168
8960 2.49997e-169
8970 6.1872e-171
8980 1.49494e-172
8990 3.52512e-174
9000 8.10934e-176
9010 1.81926e-177
9020 3.97859e-179
9030 8.47834e-181
9040 1.75975e-182
9050 3.55592e-184
9060 6.99213e-186
9070 1.33723e-187
9080 2.48611e-189
9090 4.49064e-191
9100 7.87632e-193
9110 1.34061e-194
9120 2.21292e-196
9130 3.54017e-198
9140 5.48487e-200
9150 8.22367e-202
9160 1.19227e-203
9170 1.67004e-205
9180 2.25804e-207
9190 2.94423e-209
9200 3.69829e-211
9210 4.4704e-213
9220 5.19396e-215
9230 5.79309e-217
9240 6.19432e-219
9250 6.34034e-221
9260 6.20268e-223
9270 5.78958e-225
9280 5.14637e-227
9290 4.3476e-229
9300 3.48269e-231
9310 2.63886e-233
9320 1.88607e-235
9330 1.26766e-237
9340 7.98455e-240
9350 4.69474e-242
9360 2.56541e-244
9370 1.2962e-246
9380 6.01988e-249
9390 2.55201e-251
9400 9.79398e-254
9410 3.36868e-256
9420 1.02564e-258
9430 2.72103e-261
9440 6.16207e-264
9450 1.1581e-266
9460 1.73407e-269
9470 1.93942e-272
9480 1.44016e-275
9490 5.3254e-279
9500 0
9510 0
9520 0
9530 0
9540 0
9550 0
9560 0
9570 0
9580 0
9590 0
9600 0
9610 0
9620 0
9630 0
9640 0
9650 0
9660 0
9670 0
9680 0
9690 0
9700 0
9710 0
9720 0
9730 0
9740 0
9750 0
9760 0
9770 0
9780 0
9790 0
9800 0
9810 0
9820 0
9830 0
9840 0
9850 0
9860 0
9870 0
9880 0
9890 0
9900 0
9910 0
9920 0
9930 0
9940 0
9950 0
9960 0
9970 0
9980 0
9990 0
10000 0
10010 0
10020 0
10030 0
10040 0
10050 0
10060 0
10070 0
10080 0
10090 0
10100 0
10110 0
10120 0
10130 0
10140 0
10150 0
10160 0
10170 0
10180 0
10190 0
10200 0
10210 0
10220 0
10230 0
10240 0
10250 0
10260 0
10270 0
10280 0
10290 0
10300 0
10310 0
10320 0
10330 0
10340 0
10350 0
10360 0
10370 0
10380 0
10390 0
10400 0
10410 0
10420 0
10430 0
10440 0
10450 0
10460 0
10470 0
10480 0
10490 0
10500 0
10510 0
10520 0
10530 0
10540 0
10550 0
10560 0
10570 0
10580 0
10590 0
10600 0
10610 0
10620 0
10630 0
10640 0
10650 0
10660 0
10670 0
10680 0
10690 0
10700 0
10710 0
10720 0
10730 0
10740 0
10750 0
10760 0
10770 0
10780 0
10790 0
10800 0
10810 0
10820 0
10830 0
10840 0
10850 0
10860 0
10870 0
10880 0
10890 0
10900 0
10910 0
10920 0
10930 0
10940 0
10950 0
10960 0
10970 0
10980 0
10990 0
11000 0
11010 0
11020 0
11030 0
11040 0
11050 0
11060 0
11070 0
11080 0
11090 0
11100 0
11110 0
11120 0
11130 0
11140 0
11150 0
11160 0
11170 0
11180 0
11190 0
11200 0
11210 0
11220 0
11230 0
11240 0
11250 0
11260 0
11270 0
11280 0
11290 0
11300 0
11310 0
11320 0
11330 0
11340 0
11350 0
11360 0
11370 0
11380 0
11390 0
11400 0
11410 0
11420 0
11430 0
11440 0
11450 0
11460 0
11470 0
11480 0
11490 0
11500 0
11510 0
11520 0
11530 0
11540 0
11550 0
11560 0
11570 0
11580 0
11590 0
11600 0
11610 0
11620 0
11630 0
11640 0
11650 0
11660 0
11670 0
11680 0
11690 0
11700 0
11710 0
11720 0
11730 0
11740 0
11750 0
11760 0
11770 0
11780 0
11790 0
11800 0
11810 0
11820 0
11830 0
11840 0
11850 0
11860 0
11870 0
11880 0
11890 0
11900 0
11910 0
11920 0
11930 0
11940 0
11950 0
11960 0
11970 0
11980 0
11990 0
12000 0
12010 0
12020 0
12030 0
12040 0
12050 0
12060 0
12070 0
12080 0
12090 0
12100 0
12110 0
12120 0
12130 0
12140 0
12150 0
12160 0
12170 0
12180 0
12190 0
12200 0
12210 0
12220 0
12230 0
12240 0
12250 0
12260 0
12270 0
12280 0
12290 0
12300 0
12310 0
12320 0
12330 0
12340 0
12350 0
12360 0
12370 0
12380 0
12390 0
12400 0
12410 0
12420 0
12430 0
12440 0
12450 0
12460 0
12470 0
12480 0
12490 0
12500 0
12510 0
12520 0
12530 0
12540 0
12550 0
12560 0
12570 0
12580 0
12590 0
12600 0
12610 0
12620 0
12630 0
12640 0
12650 0
12660 0
12670 0
12680 0
12690 0
12700 0
12710 0
12720 0
12730 0
12740 0
12750 0
12760 0
12770 0
12780 0
12790 0
12800 0
12810 0
12820 0
12830 0
12840 0
12850 0
12860 0
12870 0
12880 0
12890 0
12900 0
12910 0
12920 0
12930 0
12940 0
12950 0
12960 0
12970 0
12980 0
12990 0
13000 0
13010 0
13020 0
13030 0
13040 0
13050 0
13060 0
13070 0
13080 0
13090 0
13100 0
13110 0
13120 0
13130 0
13140 0
13150 0
13160 0
13170 0
13180 0
13190 0
13200 0
13210 0
13220 0
13230 0
13240 0
13250 0
13260 0
13270 0
13280 0
13290 0
13300 0
13310 0
13320 0
13330 0
13340 0
13350 0
13360 0
13370 0
13380 0
13390 0
13400 0
13410 0
13420 0
13430 0
13440 0
13450 0
13460 0
13470 0
13480 0
13490 0
13500 0
13510 0
13520 0
13530 0
13540 0
13550 0
13560 0
13570 0
13580 0
13590 0
13600 0
13610 0
13620 0
13630 0
13640 0
13650 0
13660 0
13670 0
13680 0
13690 0
13700 0
13710 0
13720 0
13730 0
13740 0
13750 0
13760 0
13770 0
13780 0
13790 0
13800 0
13810 0
13820 0
13830 0
13840 0
13850 0
13860 0
13870 0
13880 0
13890 0
13900 0
13910 0
13920 0
13930 0
13940 0
13950 0
13960 0
13970 0
13980 0
13990 0
14000 0
14010 0
14020 0
14030 0
14040 0
14050 0
14060 0
14070 0
14080 0
14090 0
14100 0
14110 0
14120 0
14130 0
14140 0
14150 0
14160 0
14170 0
14180 0
14190 0
14200 0
14210 0
14220 0
14230 0
14240 0
14250 0
14260 0
14270 0
14280 0
14290 0
14300 0
14310 0
14320 0
14330 0
14340 0
14350 0
14360 0
14370 0
14380 0
14390 0
14400 0
14410 0
14420 0
14430 0
14440 0
14450 0
14460 0
14470 0
14480 0
14490 0
14500 0
14510 0
14520 0
14530 0
14540 0
14550 0
14560 0
14570 0
14580 0
14590 0
14600 0
14610 0
14620 0
14630 0
14640 0
14650 0
14660 0
14670 0
14680 0
14690 0
14700 0
14710 0
14720 0
14730 0
14740 0
14750 0
14760 0
14770 0
14780 0
14790 0
14800 0
14810 0
14820 0
14830 0
14840 0
14850 0
14860 0
14870 0
14880 0
14890 0
14900 0
14910 0
14920 0
14930 0
14940 0
14950 0
14960 0
14970 0
14980 0
14990 0
15000 0
15010 0
15020 0
15030 0
15040 0
15050 0
15060 0
15070 0
15080 0
15090 0
15100 0
15110 0
15120 0
15130 0
15140 0
15150 0
15160 0
15170 0
15180 0
15190 0
15200 0
15210 0
15220 0
15230 0
15240 0
15250 0
15260 0
15270 0
15280 0
15290 0
15300 0
15310 0
15320 0
15330 0
15340 0
15350 0
15360 0
15370 0
15380 0
15390 0
15400 0
15410 0
15420 0
15430 0
15440 0
15450 0
15460 0
15470 0
15480 0
15490 0
15500 0
15510 0
15520 0
15530 0
15540 0
15550 0
15560 0
15570 0
15580 0
15590 0
15600 0
15610 0
15620 0
15630 0
15640 0
15650 0
15660 0
15670 0
15680 0
15690 0
15700 0
15710 0
15720 0
15730 0
15740 0
15750 0
15760 0
15770 0
15780 0
15790 0
15800 0
15810 0
15820 0
15830 0
15840 0
15850 0
15860 0
15870 0
15880 0
15890 0
15900 0
15910 0
15920 0
15930 0
15940 0
15950 0
15960 0
15970 0
15980 0
15990 0
16000 0
16010 0
16020 0
16030 0
16040 0
16050 0
16060 0
16070 0
16080 0
16090 0
16100 0
16110 0
16120 0
16130 0
16140 0
16150 0
16160 0
16170 0
16180 0
16190 0
16200 0
16210 0
16220 0
16230 0
16240 0
16250 0
16260 0
16270 0
16280 0
16290 0
16300 0
16310 0
16320 0
16330 0
16340 0
16350 0
16360 0
16370 0
16380 0
16390 0
16400 0
16410 0
16420 0
16430 0
16440 0
16450 0
16460 0
16470 0
16480 0
16490 0
16500 0
16510 0
16520 0
16530 0
16540 0
16550 0
16560 0
16570 0
16580 0
16590 0
16600 0
16610 0
16620 0
16630 0
16640 0
16650 0
16660 0
16670 0
16680 0
16690 0
16700 0
16710 0
16720 0
16730 0
16740 0
16750 0
16760 0
16770 0
16780 0
16790 0
16800 0
16810 0
16820 0
16830 0
16840 0
16850 0
16860 0
16870 0
16880 0
16890 0
16900 0
16910 0
16920 0
16930 0
16940 0
16950 0
16960 0
16970 0
16980 0
16990 0
17000 0
17010 0
17020 0
17030 0
17040 0
17050 0
17060 0
17070 0
17080 0
17090 0
17100 0
17110 0
17120 0
17130 0
17140 0
17150 0
17160 0
17170 0
17180 0
17190 0
17200 0
17210 0
17220 0
17230 0
17240 0
17250 0
17260 0
17270 0
17280 0
17290 0
17300 0
17310 0
17320 0
17330 0
17340 0
17350 0
17360 0
17370 0
17380 0
17390 0
17400 0
17410 0
17420 0
17430 0
17440 0
17450 0
17460 0
17470 0
17480 0
17490 0
17500 0
17510 0
17520 0
17530 0
17540 0
17550 0
17560 0
17570 0
17580 0
17590 0
17600 0
17610 0
17620 0
17630 0
17640 0
17650 0
17660 0
17670 0
17680 0
17690 0
17700 0
17710 0
17720 0
17730 0
17740 0
17750 0
17760 0
17770 0
17780 0
17790 0
17800 0
17810 0
17820 0
17830 0
17840 0
17850 0
17860 0
17870 0
17880 0
17890 0
17900 0
17910 0
17920 0
17930 0
17940 0
17950 0
17960 0
17970 0
17980 0
17990 0
18000 0
18010 0
18020 0
18030 0
18040 0
18050 0
18060 0
18070 0
18080 0
18090 0
18100 0
18110 0
18120 0
18130 0
18140 0
18150 0
18160 0
18170 0
18180 0
18190 0
18200 0
18210 0
18220 0
18230 0
18240 0
18250 0
18260 0
18270 0
18280 0
18290 0
18300 0
18310 0
18320 0
18330 0
18340 0
18350 0
18360 0
18370 0
18380 0
18390 0
18400 0
18410 0
18420 0
18430 0
18440 0
18450 0
18460 0
18470 0
18480 0
18490 0
18500 0
18510 0
18520 0
18530 0
18540 0
18550 0
18560 0
18570 0
18580 0
18590 0
18600 0
18610 0
18620 0
18630 0
18640 0
18650 0
18660 0
18670 0
18680 0
18690 0
18700 0
18710 0
18720 0
18730 0
18740 0
18750 0
18760 0
18770 0
18780 0
18790 0
18800 0
18810 0
18820 0
18830 0
18840 0
18850 0
18860 0
18870 0
18880 0
18890 0
18900 0
18910 0
18920 0
18930 0
18940 0
18950 0
18960 0
18970 0
18980 0
18990 0
19000 0
19010 0
19020 0
19030 0
19040 0
19050 0
19060 0
19070 0
19080 0
19090 0
19100 0
19110 0
19120 0
19130 0
19140 0
19150 0
19160 0
19170 0
19180 0
19190 0
19200 0
19210 0
19220 0
19230 0
19240 0
19250 0
19260 0
19270 0
19280 0
19290 0
19300 0
19310 0
19320 0
19330 0
19340 0
19350 0
19360 0
19370 0
19380 0
19390 0
19400 0
19410 0
19420 0
19430 0
19440 0
19450 0
19460 0
19470 0
19480 0
19490 0
19500 0
19510 0
19520 0
19530 0
19540 0
19550 0
19560 0
19570 0
19580 0
19590 0
19600 0
19610 0
19620 0
19630 0
19640 0
19650 0
19660 0
19670 0
19680 0
19690 0
19700 0
19710 0
19720 0
19730 0
19740 0
19750 0
19760 0
19770 0
19780 0
19790 0
19800 0
19810 0
19820 0
19830 0
19840 0
19850 0
19860 0
19870 0
19880 0
19890 0
19900 0
19910 0
19920 0
19930 0
19940 0
19950 0
19960 0
19970 0
19980 0
19990 0
20000 0
20010 0
20020 0
20030 0
20040 0
20050 0
20060 0
20070 0
20080 0
20090 0
20100 0
20110 0
20120 0
20130 0
20140 0
20150 0
20160 0
20170 0
20180 0
20190 0
20200 0
20210 0
20220 0
20230 0
20240 0
20250 0
20260 0
20270 0
20280 0
20290 0
20300 0
20310 0
20320 0
20330 0
20340 0
20350 0
20360 0
20370 0
20380 0
20390 0
20400 0
20410 0
20420 0
20430 0
20440 0
20450 0
20460 0
20470 0
20480 0
20490 0
20500 0
20510 0
20520 0
20530 0
20540 0
20550 0
20560 0
20570 0
20580 0
20590 0
20600 0
20610 0
20620 0
20630 0
20640 0
20650 0
20660 0
20670 0
20680 0
20690 0
20700 0
20710 0
20720 0
20730 0
20740 0
20750 0
20760 0
20770 0
20780 0
20790 0
20800 0
20810 0
20820 0
20830 0
20840 0
20850 0
20860 0
20870 0
20880 0
20890 0
20900 0
20910 0
20920 0
20930 0
20940 0
20950 0
20960 0
20970 0
20980 0
20990 0
21000 0
21010 0
21020 0
21030 0
21040 0
21050 0
21060 0
21070 0
21080 0
21090 0
21100 0
21110 0
21120 0
21130 0
21140 0
21150 0
21160 0
21170 0
21180 0
21190 0
21200 0
21210 0
21220 0
21230 0
21240 0
21250 0
21260 0
21270 0
21280 0
21290 0
21300 0
21310 0
21320 0
21330 0
21340 0
21350 0
21360 0
21370 0
21380 0
21390 0
21400 0
21410 0
21420 0
21430 0
21440 0
21450 0
21460 0
21470 0
21480 0
21490 0
21500 0
21510 0
21520 0
21530 0
21540 0
21550 0
21560 0
21570 0
21580 0
21590 0
21600 0
21610 0
21620 0
21630 0
21640 0
21650 0
21660 0
21670 0
21680 0
21690 0
21700 0
21710 0
21720 0
21730 0
21740 0
21750 0
21760 0
21770 0
21780 0
21790 0
21800 0
21810 0
21820 0
21830 0
21840 0
21850 0
21860 0
21870 0
21880 0
21890 0
21900 0
21910 0
21920 0
21930 0
21940 0
21950 0
21960 0
21970 0
21980 0
21990 0
22000 0
22010 0
22020 0
22030 0
22040 0
22050 0
22060 0
22070 0
22080 0
22090 0
22100 0
22110 0
22120 0
22130 0
22140 0
22150 0
22160 0
22170 0
22180 0
22190 0
22200 0
22210 0
22220 0
22230 0
22240 0
22250 0
22260 0
22270 0
22280 0
22290 0
22300 0
22310 0
22320 0
22330 0
22340 0
22350 0
22360 0
22370 0
22380 0
22390 0
22400 0
22410 0
22420 0
22430 0
22440 0
22450 0
22460 0
22470 0
22480 0
22490 0
22500 0
22510 0
22520 0
22530 0
22540 0
22550 0
22560 0
22570 0
22580 0
22590 0
22600 0
22610 0
22620 0
22630 0
22640 0
22650 0
22660 0
22670 0
22680 0
22690 0
22700 0
22710 0
22720 0
22730 0
22740 0
22750 0
22760 0
22770 0
22780 0
22790 0
22800 0
22810 0
22820 0
22830 0
22840 0
22850 0
22860 0
22870 0
22880 0
22890 0
22900 0
22910 0
22920 0
22930 0
22940 0
22950 0
22960 0
22970 0
22980 0
22990 0
23000 0
23010 0
23020 0
23030 0
23040 0
23050 0
23060 0
23070 0
23080 0
23090 0
23100 0
23110 0
23120 0
23130 0
23140 0
23150 0
23160 0
23170 0
23180 0
23190 0
23200 0
23210 0
23220 0
23230 0
23240 0
23250 0
23260 0
23270 0
23280 0
23290 0
23300 0
23310 0
23320 0
23330 0
23340 0
23350 0
23360 0
23370 0
23380 0
23390 0
23400 0
23410 0
23420 0
23430 0
23440 0
23450 0
23460 0
23470 0
23480 0
23490 0
23500 0
23510 0
23520 0
23530 0
23540 0
23550 0
23560 0
23570 0
23580 0
23590 0
23600 0
23610 0
23620 0
23630 0
23640 0
23650 0
23660 0
23670 0
23680 0
23690 0
23700 0
23710 0
23720 0
23730 0
23740 0
23750 0
23760 0
23770 0
23780 0
23790 0
23800 0
23810 0
23820 0
23830 0
23840 0
23850 0
23860 0
23870 0
23880 0
23890 0
23900 0
23910 0
23920 0
23930 0
23940 0
23950 0
23960 0
23970 0
23980 0
23990 0
24000 0
24010 0
24020 0
24030 0
24040 0
24050 0
24060 0
24070 0
24080 0
24090 0
24100 0
24110 0
24120 0
24130 0
24140 0
24150 0
24160 0
24170 0
24180 0
24190 0
24200 0
24210 0
24220 0
24230 0
24240 0
24250 0
24260 0
24270 0
24280 0
24290 0
24300 0
24310 0
24320 0
24330 0
24340 0
24350 0
24360 0
24370 0
24380 0
24390 0
24400 0
24410 0
24420 0
24430 0
24440 0
24450 0
24460 0
24470 0
24480 0
24490 0
24500 0
24510 0
24520 0
24530 0
24540 0
24550 0
24560 0
24570 0
24580 0
24590 0
24600 0
24610 0
24620 0
24630 0
24640 0
24650 0
24660 0
24670 0
24680 0
24690 0
24700 0
24710 0
24720 0
24730 0
24740 0
24750 0
24760 0
24770 0
24780 0
24790 0
24800 0
24810 0
24820 0
24830 0
24840 0
24850 0
24860 0
24870 0
24880 0
24890 0
24900 0
24910 0
24920 0
24930 0
24940 0
24950 0
24960 0
24970 0
24980 0
24990 0
25000 0
25010 0
25020 0
25030 0
25040 0
25050 0
25060 0
25070 0
25080 0
25090 0
25100 0
25110 0
25120 0
25130 0
25140 0
25150 0
25160 0
25170 0
25180 0
25190 0
25200 0
25210 0
25220 0
25230 0
25240 0
25250 0
25260 0
25270 0
25280 0
25290 0
25300 0
25310 0
25320 0
25330 0
25340 0
25350 0
25360 0
25370 0
25380 0
25390 0
25400 0
25410 0
25420 0
25430 0
25440 0
25450 0
25460 0
25470 0
25480 0
25490 0
25500 0
25510 0
25520 0
25530 0
25540 0
25550 0
25560 0
25570 0
25580 0
25590 0
25600 0
25610 0
25620 0
25630 0
25640 0
25650 0
25660 0
25670 0
25680 0
25690 0
25700 0
25710 0
25720 0
25730 0
25740 0
25750 0
25760 0
25770 0
25780 0
25790 0
25800 0
25810 0
25820 0
25830 0
25840 0
25850 0
25860 0
25870 0
25880 0
25890 0
25900 0
25910 0
25920 0
25930 0
25940 0
25950 0
25960 0
25970 0
25980 0
25990 0
26000 0
26010 0
26020 0
26030 0
26040 0
26050 0
26060 0
26070 0
26080 0
26090 0
26100 0
26110 0
26120 0
26130 0
26140 0
26150 0
26160 0
26170 0
26180 0
26190 0
26200 0
26210 0
26220 0
26230 0
26240 0
26250 0
26260 0
26270 0
26280 0
26290 0
26300 0
26310 0
26320 0
26330 0
26340 0
26350 0
26360 0
26370 0
26380 0
26390 0
26400 0
26410 0
26420 0
26430 0
26440 0
26450 0
26460 0
26470 0
26480 0
26490 0
26500 0
26510 0
26520 0
26530 0
26540 0
26550 0
26560 0
26570 0
26580 0
26590 0
26600 0
26610 0
26620 0
26630 0
26640 0
26650 0
26660 0
26670 0
26680 0
26690 0
26700 0
26710 0
26720 0
26730 0
26740 0
26750 0
26760 0
26770 0
26780 0
26790 0
26800 0
26810 0
26820 0
26830 0
26840 0
26850 0
26860 0
26870 0
26880 0
26890 0
26900 0
26910 0
26920 0
26930 0
26940 0
26950 0
26960 0
26970 0
26980 0
26990 0
27000 0
27010 0
27020 0
27030 0
27040 0
27050 0
27060 0
27070 0
27080 0
27090 0
27100 0
27110 0
27120 0
27130 0
27140 0
27150 0
27160 0
27170 0
27180 0
27190 0
27200 0
27210 0
27220 0
27230 0
27240 0
27250 0
27260 0
27270 0
27280 0
27290 0
27300 0
27310 0
27320 0
27330 0
27340 0
27350 0
27360 0
27370 0
27380 0
27390 0
27400 0
27410 0
27420 0
27430 0
27440 0
27450 0
27460 0
27470 0
27480 0
27490 0
27500 0
27510 0
27520 0
27530 0
27540 0
27550 0
27560 0
27570 0
27580 0
27590 0
27600 0
27610 0
27620 0
27630 0
27640 0
27650 0
27660 0
27670 0
27680 0
27690 0
27700 0
27710 0
27720 0
27730 0
27740 0
27750 0
27760 0
27770 0
27780 0
27790 0
27800 0
27810 0
27820 0
27830 0
27840 0
27850 0
27860 0
27870 0
27880 0
27890 0
27900 0
27910 0
27920 0
27930 0
27940 0
27950 0
27960 0
27970 0
27980 0
27990 0
28000 0
28010 0
28020 0
28030 0
28040 0
28050 0
28060 0
28070 0
28080 0
28090 0
28100 0
28110 0
28120 0
28130 0
28140 0
28150 0
28160 0
28170 0
28180 0
28190 0
28200 0
28210 0
28220 0
28230 0
28240 0
28250 0
28260 0
28270 0
28280 0
28290 0
28300 0
28310 0
28320 0
28330 0
28340 0
28350 0
28360 0
28370 0
28380 0
28390 0
28400 0
28410 0
28420 0
28430 0
28440 0
28450 0
28460 0
28470 0
28480 0
28490 0
28500 0
28510 0
28520 0
28530 0
28540 0
28550 0
28560 0
28570 0
28580 0
28590 0
28600 0
28610 0
28620 0
28630 0
28640 0
28650 0
28660 0
28670 0
28680 0
28690 0
28700 0
28710 0
28720 0
28730 0
28740 0
28750 0
28760 0
28770 0
28780 0
28790 0
28800 0
28810 0
28820 0
28830 0
28840 0
28850 0
28860 0
28870 0
28880 0
28890 0
28900 0
28910 0
28920 0
28930 0
28940 0
28950 0
28960 0
28970 0
28980 0
28990 0
29000 0
29010 0
29020 0
29030 0
29040 0
29050 0
29060 0
29070 0
29080 0
29090 0
29100 0
29110 0
29120 0
29130 0
29140 0
29150 0
29160 0
29170 0
29180 0
29190 0
29200 0
29210 0
29220 0
29230 0
29240 0
29250 0
29260 0
29270 0
29280 0
29290 0
29300 0
29310 0
29320 0
29330 0
29340 0
29350 0
29360 0
29370 0
29380 0
29390 0
29400 0
29410 0
29420 0
29430 0
29440 0
29450 0
29460 0
29470 0
29480 0
29490 0
29500 0
29510 0
29520 0
29530 0
29540 0
29550 0
29560 0
29570 0
29580 0
29590 0
29600 0
29610 0
29620 0
29630 0
29640 0
29650 0
29660 0
29670 0
29680 0
29690 0
29700 0
29710 0
29720 0
29730 0
29740 0
29750 0
29760 0
29770 0
29780 0
29790 0
29800 0
29810 0
29820 0
29830 0
29840 0
29850 0
29860 0
29870 0
29880 0
29890 0
29900 0
29910 0
29920 0
29930 0
29940 0
29950 0
29960 0
29970 0
29980 0
