-10 0
0 7.90394e-10
10 -9.74121e-10
20 7.07565e-10
30 -6.38711e-10
40 9.84186e-10
50 -1.22091e-09
60 8.1154e-10
70 3.84651e-11
80 -6.22455e-10
90 6.37414e-10
100 -5.17478e-10
110 7.69131e-10
120 -1.23888e-09
130 1.31452e-09
140 -7.59227e-10
150 3.38949e-11
160 3.11013e-10
170 -3.17268e-10
180 4.65038e-10
190 -9.40771e-10
200 1.35505e-09
210 -1.264e-09
220 7.47671e-10
230 -2.67139e-10
240 5.37101e-11
250 1.1689e-10
260 -5.09135e-10
270 1.00842e-09
280 -1.26781e-09
290 1.15661e-09
300 -8.68229e-10
310 6.00185e-10
320 -3.20673e-10
330 -7.28162e-11
340 5.16346e-10
350 -8.45672e-10
360 1.02045e-09
370 -1.11571e-09
380 1.10686e-09
390 -8.52504e-10
400 3.59255e-10
410 1.06165e-10
420 -3.27512e-10
430 4.50673e-10
440 -7.6637e-10
450 1.20018e-09
460 -1.29094e-09
470 8.08891e-10
480 -1.68171e-10
490 -5.19728e-11
500 -1.00223e-10
510 -7.54266e-12
520 6.6644e-10
530 -1.29661e-09
540 1.15726e-09
550 -3.92421e-10
560 -8.49486e-11
570 -1.86896e-10
580 5.67571e-10
590 -2.05709e-10
600 -7.13695e-10
610 1.14009e-09
620 -5.78007e-10
630 -2.0393e-10
640 2.03875e-10
650 4.49444e-10
660 -7.03342e-10
670 7.37997e-11
680 6.67565e-10
690 -5.64863e-10
700 -2.11074e-10
710 6.31305e-10
720 -2.27628e-10
730 -3.44689e-10
740 3.08129e-10
750 1.65865e-10
760 -2.94172e-10
770 -1.80785e-10
780 7.03174e-10
790 -7.52135e-10
800 4.86542e-10
810 -3.35513e-10
820 3.16543e-10
830 -1.36942e-10
840 -2.30994e-10
850 5.09632e-10
860 -6.2968e-10
870 8.39042e-10
880 -1.16337e-09
890 1.16748e-09
900 -5.79443e-10
910 -1.4618e-10
920 3.52837e-10
930 -1.5526e-10
940 3.33726e-10
950 -1.14004e-09
960 1.75744e-09
970 -1.36128e-09
980 3.31165e-10
990 2.00045e-10
1000 9.58832e-11
1010 -3.23416e-10
1020 -2.91152e-10
1030 1.23993e-09
1040 -1.44244e-09
1050 7.53497e-10
1060 -9.09528e-11
1070 9.66436e-11
1080 -3.57763e-10
1090 2.06115e-10
1100 2.64149e-10
1110 -4.73591e-10
1120 2.91548e-10
1130 -1.13894e-10
1140 9.78727e-11
1150 1.77212e-11
1160 -2.79021e-10
1170 2.30843e-10
1180 2.89129e-10
1190 -7.42818e-10
1200 5.33929e-10
1210 -1.22414e-10
1220 2.40849e-10
1230 -9.70014e-10
1240 1.05954e-09
1250 -2.96794e-10
1260 -9.40976e-10
1270 9.23797e-10
1280 -7.82435e-10
1290 1.98791e-10
1300 -1.4291e-09
1310 8.79593e-10
1320 -1.76235e-09
1330 -9.36736e-10
1340 -1.12719e-09
1350 -2.52381e-09
1360 -2.117e-09
1370 -4.72195e-09
1380 -4.29214e-09
1390 -7.35706e-09
1400 -8.80903e-09
1410 -1.27573e-08
1420 -1.56691e-08
1430 -2.07303e-08
1440 -2.82295e-08
1450 -3.52163e-08
1460 -4.51077e-08
1470 -5.91189e-08
1480 -7.42574e-08
1490 -9.33826e-08
1500 -1.17789e-07
1510 -1.47369e-07
1520 -1.82311e-07
1530 -2.24083e-07
1540 -2.76901e-07
1550 -3.35204e-07
1560 -4.08577e-07
1570 -4.90954e-07
1580 -5.90508e-07
1590 -7.04961e-07
1600 -8.36964e-07
1610 -9.91506e-07
1620 -1.16751e-06
1630 -1.37243e-06
1640 -1.60272e-06
1650 -1.8719e-06
1660 -2.1761e-06
1670 -2.52367e-06
1680 -2.92174e-06
1690 -3.37587e-06
1700 -3.89343e-06
1710 -4.48378e-06
1720 -5.15845e-06
1730 -5.92747e-06
1740 -6.80371e-06
1750 -7.80339e-06
1760 -8.94139e-06
1770 -1.0237e-05
1780 -1.17108e-05
1790 -1.33821e-05
1800 -1.52839e-05
1810 -1.74351e-05
1820 -1.98743e-05
1830 -2.26325e-05
1840 -2.5753e-05
1850 -2.92756e-05
1860 -3.32509e-05
1870 -3.77381e-05
1880 -4.27908e-05
1890 -4.84848e-05
1900 -5.48902e-05
1910 -6.20954e-05
1920 -7.0191e-05
1930 -7.92803e-05
1940 -8.94768e-05
1950 -0.000100907
1960 -0.000113708
1970 -0.000128031
1980 -0.000144046
1990 -0.000161939
2000 -0.000181907
2010 -0.000204182
2020 -0.000229006
2030 -0.000256648
2040 -0.000287407
2050 -0.000321601
2060 -0.00035959
2070 -0.000401753
2080 -0.000448515
2090 -0.000500332
2100 -0.000557705
2110 -0.000621176
2120 -0.000691332
2130 -0.00076882
2140 -0.000854333
2150 -0.000948621
2160 -0.0010525
2170 -0.00116686
2180 -0.00129265
2190 -0.00143089
2200 -0.00158268
2210 -0.00174923
2220 -0.00193181
2230 -0.0021318
2240 -0.00235066
2250 -0.00259
2260 -0.00285149
2270 -0.00313696
2280 -0.00344833
2290 -0.00378767
2300 -0.00415719
2310 -0.00455923
2320 -0.00499626
2330 -0.00547095
2340 -0.00598609
2350 -0.00654465
2360 -0.00714978
2370 -0.0078048
2380 -0.00851323
2390 -0.00927874
2400 -0.0101052
2410 -0.0109968
2420 -0.0119577
2430 -0.0129925
2440 -0.0141059
2450 -0.0153027
2460 -0.0165882
2470 -0.0179677
2480 -0.0194467
2490 -0.0210312
2500 -0.022727
2510 -0.0245404
2520 -0.0264778
2530 -0.0285459
2540 -0.0307516
2550 -0.0331019
2560 -0.0356039
2570 -0.0382653
2580 -0.0410934
2590 -0.0440962
2600 -0.0472813
2610 -0.050657
2620 -0.0542312
2630 -0.0580123
2640 -0.0620084
2650 -0.066228
2660 -0.0706793
2670 -0.0753708
2680 -0.0803108
2690 -0.0855076
2700 -0.0909694
2710 -0.0967042
2720 -0.10272
2730 -0.109024
2740 -0.115625
2750 -0.122529
2760 -0.129744
2770 -0.137275
2780 -0.145129
2790 -0.153313
2800 -0.161831
2810 -0.170688
2820 -0.179888
2830 -0.189434
2840 -0.199331
2850 -0.20958
2860 -0.220182
2870 -0.231139
2880 -0.242449
2890 -0.254113
2900 -0.266129
2910 -0.278492
2920 -0.291201
2930 -0.30425
2940 -0.317632
2950 -0.331342
2960 -0.34537
2970 -0.359709
2980 -0.374347
2990 -0.389273
3000 -0.404475
3010 -0.419938
3020 -0.435648
3030 -0.451588
3040 -0.467741
3050 -0.484089
3060 -0.500612
3070 -0.517289
3080 -0.534099
3090 -0.551018
3100 -0.568023
3110 -0.585089
3120 -0.60219
3130 -0.6193
3140 -0.636391
3150 -0.653434
3160 -0.670403
3170 -0.687265
3180 -0.703993
3190 -0.720556
3200 -0.736922
3210 -0.753062
3220 -0.768943
3230 -0.784536
3240 -0.799808
3250 -0.81473
3260 -0.829269
3270 -0.843396
3280 -0.857082
3290 -0.870296
3300 -0.88301
3310 -0.895197
3320 -0.906828
3330 -0.917879
3340 -0.928323
3350 -0.938139
3360 -0.947301
3370 -0.95579
3380 -0.963586
3390 -0.97067
3400 -0.977025
3410 -0.982637
3420 -0.987492
3430 -0.991577
3440 -0.994884
3450 -0.997404
3460 -0.99913
3470 -1.00006
3480 -1.00019
3490 -0.999518
3500 -0.998047
3510 -0.995781
3520 -0.992725
3530 -0.988885
3540 -0.98427
3550 -0.978892
3560 -0.972763
3570 -0.965897
3580 -0.958311
3590 -0.950021
3600 -0.941047
3610 -0.93141
3620 -0.921131
3630 -0.910234
3640 -0.898743
3650 -0.886685
3660 -0.874085
3670 -0.860971
3680 -0.847372
3690 -0.833318
3700 -0.818837
3710 -0.80396
3720 -0.788718
3730 -0.773142
3740 -0.757264
3750 -0.741114
3760 -0.724724
3770 -0.708125
3780 -0.691349
3790 -0.674426
3800 -0.657387
3810 -0.640261
3820 -0.623078
3830 -0.605867
3840 -0.588656
3850 -0.571472
3860 -0.554341
3870 -0.537289
3880 -0.520341
3890 -0.503521
3900 -0.48685
3910 -0.47035
3920 -0.454042
3930 -0.437945
3940 -0.422077
3950 -0.406454
3960 -0.391093
3970 -0.376007
3980 -0.361211
3990 -0.346716
4000 -0.332532
4010 -0.31867
4020 -0.305139
4030 -0.291945
4040 -0.279095
4050 -0.266594
4060 -0.254446
4070 -0.242655
4080 -0.231222
4090 -0.220149
4100 -0.209436
4110 -0.199083
4120 -0.189087
4130 -0.179447
4140 -0.17016
4150 -0.161223
4160 -0.152631
4170 -0.144379
4180 -0.136462
4190 -0.128874
4200 -0.121609
4210 -0.11466
4220 -0.10802
4230 -0.101682
4240 -0.0956374
4250 -0.089879
4260 -0.0843984
4270 -0.0791873
4280 -0.0742374
4290 -0.0695401
4300 -0.0650869
4310 -0.0608691
4320 -0.0568781
4330 -0.0531054
4340 -0.0495425
4350 -0.0461808
4360 -0.0430121
4370 -0.040028
4380 -0.0372205
4390 -0.0345816
4400 -0.0321035
4410 -0.0297786
4420 -0.0275995
4430 -0.0255589
4440 -0.0236498
4450 -0.0218654
4460 -0.020199
4470 -0.0186444
4480 -0.0171953
4490 -0.0158458
4500 -0.0145903
4510 -0.0134233
4520 -0.0123395
4530 -0.0113338
4540 -0.0104016
4550 -0.00953828
4560 -0.00873942
4570 -0.0080009
4580 -0.00731879
4590 -0.00668935
4600 -0.00610903
4610 -0.0055745
4620 -0.00508258
4630 -0.00463029
4640 -0.00421482
4650 -0.00383351
4660 -0.00348387
4670 -0.00316358
4680 -0.00287043
4690 -0.00260238
4700 -0.0023575
4710 -0.00213401
4720 -0.00193023
4730 -0.0017446
4740 -0.00157569
4750 -0.00142213
4760 -0.00128269
4770 -0.00115621
4780 -0.00104162
4790 -0.000937926
4800 -0.000844225
4810 -0.000759675
4820 -0.000683509
4830 -0.000615023
4840 -0.000553569
4850 -0.000498557
4860 -0.000449458
4870 -0.000405782
4880 -0.0003671
4890 -0.00033301
4900 -0.000303166
4910 -0.000277259
4920 -0.000255016
4930 -0.000236202
4940 -0.000220618
4950 -0.000208086
4960 -0.000198482
4970 -0.000191695
4980 -0.000187653
4990 -0.000186312
5000 -0.000187654
5010 -0.000191694
5020 -0.000198483
5030 -0.000208086
5040 -0.000220617
5050 -0.000236203
5060 -0.000255016
5070 -0.000277259
5080 -0.000303166
5090 -0.000333009
5100 -0.0003671
5110 -0.000405781
5120 -0.000449458
5130 -0.000498557
5140 -0.000553569
5150 -0.000615024
5160 -0.000683509
5170 -0.000759674
5180 -0.000844226
5190 -0.000937925
5200 -0.00104162
5210 -0.00115621
5220 -0.00128269
5230 -0.00142213
5240 -0.00157569
5250 -0.0017446
5260 -0.00193023
5270 -0.002134
5280 -0.0023575
5290 -0.00260238
5300 -0.00287043
5310 -0.00316358
5320 -0.00348387
5330 -0.00383351
5340 -0.00421482
5350 -0.00463029
5360 -0.00508258
5370 -0.0055745
5380 -0.00610903
5390 -0.00668935
5400 -0.00731879
5410 -0.0080009
5420 -0.00873942
5430 -0.00953828
5440 -0.0104016
5450 -0.0113338
5460 -0.0123394
5470 -0.0134233
5480 -0.0145903
5490 -0.0158458
5500 -0.0171953
5510 -0.0186444
5520 -0.020199
5530 -0.0218654
5540 -0.0236498
5550 -0.0255589
5560 -0.0275995
5570 -0.0297786
5580 -0.0321035
5590 -0.0345816
5600 -0.0372205
5610 -0.040028
5620 -0.0430121
5630 -0.0461808
5640 -0.0495425
5650 -0.0531054
5660 -0.0568781
5670 -0.0608691
5680 -0.0650869
5690 -0.0695401
5700 -0.0742374
5710 -0.0791873
5720 -0.0843984
5730 -0.089879
5740 -0.0956374
5750 -0.101682
5760 -0.10802
5770 -0.11466
5780 -0.121609
5790 -0.128874
5800 -0.136462
5810 -0.144379
5820 -0.152631
5830 -0.161223
5840 -0.17016
5850 -0.179447
5860 -0.189087
5870 -0.199083
5880 -0.209436
5890 -0.220149
5900 -0.231222
5910 -0.242655
5920 -0.254446
5930 -0.266594
5940 -0.279095
5950 -0.291945
5960 -0.305139
5970 -0.31867
5980 -0.332532
5990 -0.346716
6000 -0.361211
6010 -0.376007
6020 -0.391093
6030 -0.406454
6040 -0.422077
6050 -0.437945
6060 -0.454042
6070 -0.47035
6080 -0.48685
6090 -0.503521
6100 -0.520341
6110 -0.537289
6120 -0.554341
6130 -0.571472
6140 -0.588656
6150 -0.605867
6160 -0.623078
6170 -0.640261
6180 -0.657387
6190 -0.674426
6200 -0.691349
6210 -0.708125
6220 -0.724724
6230 -0.741114
6240 -0.757264
6250 -0.773142
6260 -0.788718
6270 -0.80396
6280 -0.818837
6290 -0.833318
6300 -0.847372
6310 -0.860971
6320 -0.874085
6330 -0.886685
6340 -0.898743
6350 -0.910234
6360 -0.921131
6370 -0.93141
6380 -0.941047
6390 -0.950021
6400 -0.958311
6410 -0.965897
6420 -0.972763
6430 -0.978892
6440 -0.98427
6450 -0.988885
6460 -0.992725
6470 -0.995781
6480 -0.998047
6490 -0.999518
6500 -1.00019
6510 -1.00006
6520 -0.99913
6530 -0.997404
6540 -0.994884
6550 -0.991577
6560 -0.987492
6570 -0.982637
6580 -0.977025
6590 -0.97067
6600 -0.963586
6610 -0.95579
6620 -0.947301
6630 -0.938139
6640 -0.928323
6650 -0.917879
6660 -0.906828
6670 -0.895197
6680 -0.88301
6690 -0.870296
6700 -0.857082
6710 -0.843396
6720 -0.829269
6730 -0.81473
6740 -0.799808
6750 -0.784536
6760 -0.768943
6770 -0.753062
6780 -0.736922
6790 -0.720556
6800 -0.703993
6810 -0.687265
6820 -0.670403
6830 -0.653434
6840 -0.636391
6850 -0.6193
6860 -0.60219
6870 -0.585089
6880 -0.568023
6890 -0.551018
6900 -0.534099
6910 -0.517289
6920 -0.500612
6930 -0.484089
6940 -0.467741
6950 -0.451588
6960 -0.435648
6970 -0.419938
6980 -0.404475
6990 -0.389273
7000 -0.374347
7010 -0.359709
7020 -0.34537
7030 -0.331342
7040 -0.317632
7050 -0.30425
7060 -0.291201
7070 -0.278492
7080 -0.266129
7090 -0.254113
7100 -0.242449
7110 -0.231139
7120 -0.220182
7130 -0.20958
7140 -0.199331
7150 -0.189434
7160 -0.179888
7170 -0.170688
7180 -0.161831
7190 -0.153313
7200 -0.145129
7210 -0.137275
7220 -0.129744
7230 -0.122529
7240 -0.115625
7250 -0.109024
7260 -0.10272
7270 -0.0967042
7280 -0.0909694
7290 -0.0855076
7300 -0.0803108
7310 -0.0753708
7320 -0.0706793
7330 -0.066228
7340 -0.0620084
7350 -0.0580123
7360 -0.0542312
7370 -0.050657
7380 -0.0472813
7390 -0.0440962
7400 -0.0410934
7410 -0.0382653
7420 -0.0356039
7430 -0.0331019
7440 -0.0307516
7450 -0.0285459
7460 -0.0264778
7470 -0.0245404
7480 -0.022727
7490 -0.0210312
7500 -0.0194467
7510 -0.0179677
7520 -0.0165882
7530 -0.0153027
7540 -0.0141059
7550 -0.0129925
7560 -0.0119577
7570 -0.0109968
7580 -0.0101052
7590 -0.00927874
7600 -0.00851322
7610 -0.0078048
7620 -0.00714978
7630 -0.00654465
7640 -0.00598609
7650 -0.00547095
7660 -0.00499626
7670 -0.00455923
7680 -0.00415719
7690 -0.00378767
7700 -0.00344833
7710 -0.00313696
7720 -0.00285149
7730 -0.00259
7740 -0.00235066
7750 -0.0021318
7760 -0.00193181
7770 -0.00174923
7780 -0.00158268
7790 -0.00143089
7800 -0.00129265
7810 -0.00116686
7820 -0.0010525
7830 -0.000948621
7840 -0.000854332
7850 -0.000768821
7860 -0.000691332
7870 -0.000621176
7880 -0.000557706
7890 -0.000500331
7900 -0.000448515
7910 -0.000401753
7920 -0.000359589
7930 -0.000321601
7940 -0.000287407
7950 -0.000256648
7960 -0.000229006
7970 -0.000204182
7980 -0.000181907
7990 -0.000161938
8000 -0.000144047
8010 -0.000128031
8020 -0.000113708
8030 -0.000100908
8040 -8.94762e-05
8050 -7.92804e-05
8060 -7.01914e-05
8070 -6.20952e-05
8080 -5.48898e-05
8090 -4.84855e-05
8100 -4.27904e-05
8110 -3.77376e-05
8120 -3.32519e-05
8130 -2.92748e-05
8140 -2.57529e-05
8150 -2.26331e-05
8160 -1.98737e-05
8170 -1.74351e-05
8180 -1.52843e-05
8190 -1.33819e-05
8200 -1.17103e-05
8210 -1.02378e-05
8220 -8.94109e-06
8230 -7.80285e-06
8240 -6.80472e-06
8250 -5.9268e-06
8260 -5.15833e-06
8270 -4.48438e-06
8280 -3.89304e-06
8290 -3.37567e-06
8300 -2.92215e-06
8310 -2.52371e-06
8320 -2.17541e-06
8330 -1.87274e-06
8340 -1.60251e-06
8350 -1.37178e-06
8360 -1.16847e-06
8370 -9.91035e-07
8380 -8.36699e-07
8390 -7.05456e-07
8400 -5.9045e-07
8410 -4.90484e-07
8420 -4.08975e-07
8430 -3.35499e-07
8440 -2.75972e-07
8450 -2.24896e-07
8460 -1.82303e-07
8470 -1.46631e-07
8480 -1.18531e-07
8490 -9.32695e-08
8500 -7.38556e-08
8510 -5.93436e-08
8520 -4.55189e-08
8530 -3.44874e-08
8540 -2.84875e-08
8550 -2.13421e-08
8560 -1.46375e-08
8570 -1.33414e-08
8580 -9.06512e-09
8590 -6.71407e-09
8600 -4.54911e-09
8610 -5.0758e-09
8620 -1.70778e-09
8630 -2.29292e-09
8640 -2.00668e-09
8650 -1.54284e-10
8660 -1.71419e-09
8670 6.84523e-11
8680 -6.45616e-10
8690 1.09948e-10
8700 -1.22818e-09
8710 1.15239e-09
8720 -4.97426e-10
8730 -1.01191e-09
8740 1.21809e-09
8750 -2.46009e-10
8760 -7.83668e-10
8770 3.17372e-10
8780 9.31588e-10
8790 -1.35671e-09
8800 3.63194e-10
8810 7.21961e-10
8820 -6.05864e-10
8830 -4.38139e-10
8840 1.0901e-09
8850 -7.46805e-10
8860 -5.24653e-12
8870 3.78367e-10
8880 -2.51049e-10
8890 -1.72811e-11
8900 9.39392e-11
8910 2.07849e-10
8920 -8.66315e-10
8930 1.44051e-09
8940 -1.2684e-09
8950 3.07342e-10
8960 5.19827e-10
8970 -3.29715e-10
8980 -4.40218e-10
8990 4.291e-10
9000 8.15375e-10
9010 -2.01284e-09
9020 1.7127e-09
9030 -2.46306e-10
9040 -6.2294e-10
9050 1.1756e-11
9060 9.46203e-10
9070 -6.58757e-10
9080 -7.79434e-10
9090 1.75114e-09
9100 -1.24086e-09
9110 5.55916e-11
9120 3.61535e-10
9130 2.54727e-10
9140 -8.63282e-10
9150 5.8714e-10
9160 2.90688e-10
9170 -8.56031e-10
9180 6.74545e-10
9190 -9.99441e-11
9200 -2.55879e-10
9210 1.05328e-10
9220 3.72167e-10
9230 -6.9846e-10
9240 4.84543e-10
9250 1.41449e-10
9260 -5.06105e-10
9270 9.67162e-11
9280 6.91652e-10
9290 -8.38251e-10
9300 -3.58734e-11
9310 1.02196e-09
9320 -9.51255e-10
9330 -3.59219e-11
9340 5.48551e-10
9350 2.53595e-10
9360 -1.42413e-09
9370 1.36811e-09
9380 4.0736e-11
9390 -1.1915e-09
9400 8.1588e-10
9410 3.30422e-10
9420 -4.60791e-10
9430 -8.25328e-10
9440 1.95896e-09
9450 -1.44555e-09
9460 -1.56115e-10
9470 9.77635e-10
9480 -2.82725e-10
9490 -6.21299e-10
9500 1.9395e-10
9510 1.27653e-09
9520 -2.05412e-09
9530 1.23258e-09
9540 1.42265e-10
9550 -4.90088e-10
9560 -2.68642e-10
9570 7.31025e-10
9580 7.26515e-11
9590 -1.40779e-09
9600 1.82167e-09
9610 -9.84034e-10
9620 2.1548e-11
9630 -4.48976e-12
9640 6.31548e-10
9650 -7.26637e-10
9660 -1.84445e-10
9670 1.28077e-09
9680 -1.49428e-09
9690 8.12538e-10
9700 -1.9948e-10
9710 3.42801e-10
9720 -8.27097e-10
9730 7.36639e-10
9740 1.52508e-10
9750 -1.07383e-09
9760 1.21285e-09
9770 -6.71014e-10
9780 2.83965e-10
9790 -5.39175e-10
9800 9.7645e-10
9810 -7.94588e-10
9820 -9.35281e-11
9830 9.13137e-10
9840 -9.64729e-10
9850 4.8032e-10
9860 -2.86155e-10
9870 7.13365e-10
9880 -1.14648e-09
9890 8.31614e-10
9900 1.10933e-10
9910 -7.88077e-10
9920 6.65324e-10
9930 -2.31286e-10
9940 3.20138e-10
9950 -9.56878e-10
9960 1.29661e-09
9970 -7.48071e-10
9980 -1.97394e-10
9990 5.90141e-10
10000 6.48809e-10
10010 6.37766e-11
10020 -5.26079e-10
10030 -5.97217e-10
10040 -6.62904e-11
10050 6.1363e-10
10060 6.94291e-10
10070 -7.47756e-11
10080 -8.86526e-10
10090 -6.61239e-10
10100 4.68215e-10
10110 1.08854e-09
10120 3.17429e-10
10130 -8.96419e-10
10140 -9.64432e-10
10150 1.9368e-10
10160 1.05579e-09
10170 5.67004e-10
10180 -5.46026e-10
10190 -8.92559e-10
10200 -1.99234e-10
10210 5.96152e-10
10220 6.61674e-10
10230 7.81674e-11
10240 -5.25737e-10
10250 -6.19661e-10
10260 -9.26464e-11
10270 6.16286e-10
10280 7.31239e-10
10290 -4.20374e-11
10300 -8.99897e-10
10310 -7.12448e-10
10320 4.35954e-10
10330 1.11722e-09
10340 3.8061e-10
10350 -8.70159e-10
10360 -1.01088e-09
10370 1.21391e-10
10380 1.04089e-09
10390 6.33912e-10
10400 -4.67849e-10
10410 -8.95309e-10
10420 -2.88595e-10
10430 5.18082e-10
10440 6.9008e-10
10450 1.89871e-10
10460 -4.57107e-10
10470 -6.81075e-10
10480 -2.21892e-10
10490 5.69188e-10
10500 8.29812e-10
10510 9.49203e-11
10520 -8.86275e-10
10530 -8.46932e-10
10540 3.04628e-10
10550 1.14582e-09
10560 5.44133e-10
10570 -7.58361e-10
10580 -1.08552e-09
10590 -6.0683e-11
10600 9.60328e-10
10610 7.53991e-10
10620 -2.78437e-10
10630 -8.54601e-10
10640 -4.51045e-10
10650 3.32395e-10
10660 6.96891e-10
10670 3.91178e-10
10680 -2.86637e-10
10690 -7.42805e-10
10700 -4.55724e-10
10710 4.29132e-10
10720 9.53411e-10
10730 3.49989e-10
10740 -7.93829e-10
10750 -1.03334e-09
10760 4.69562e-11
10770 1.11679e-09
10780 7.85996e-10
10790 -5.19407e-10
10800 -1.12792e-09
10810 -3.42929e-10
10820 7.58812e-10
10830 8.67913e-10
10840 2.78458e-11
10850 -7.02898e-10
10860 -6.32491e-10
10870 1.58703e-11
10880 6.04423e-10
10890 6.37185e-10
10900 2.73356e-11
10910 -7.20789e-10
10920 -7.63208e-10
10930 1.35255e-10
10940 1.01533e-09
10950 7.09723e-10
10960 -5.43908e-10
10970 -1.18767e-09
10980 -3.44639e-10
10990 9.35659e-10
11000 1.02989e-09
11010 -1.2277e-10
11020 -1.0314e-09
11030 -6.61894e-10
11040 3.81864e-10
11050 8.60994e-10
11060 4.05168e-10
11070 -3.61656e-10
11080 -7.14742e-10
11090 -4.07169e-10
11100 3.11464e-10
11110 8.11949e-10
11120 4.86274e-10
11130 -4.9286e-10
11140 -1.03612e-09
11150 -3.42335e-10
11160 8.76145e-10
11170 1.08e-09
11180 -7.61363e-11
11190 -1.1579e-09
11200 -7.96191e-10
11210 5.11056e-10
11220 1.11676e-09
11230 3.82979e-10
11240 -6.74675e-10
11250 -8.57753e-10
11260 -1.52088e-10
11270 5.83842e-10
11280 6.99168e-10
11290 1.84425e-10
11300 -5.23656e-10
11310 -7.94935e-10
11320 -2.34614e-10
11330 7.2024e-10
11340 9.67731e-10
11350 3.27563e-11
11360 -1.064e-09
11370 -9.08198e-10
11380 4.03815e-10
11390 1.24178e-09
11400 5.47669e-10
11410 -7.72851e-10
11420 -1.08796e-09
11430 -1.34772e-10
11440 8.38794e-10
11450 7.85475e-10
11460 -3.56276e-11
11470 -6.89954e-10
11480 -6.46413e-10
11490 -3.38432e-11
11500 6.41304e-10
11510 7.63038e-10
11520 6.24028e-11
11530 -8.57037e-10
11540 -8.94603e-10
11550 1.87522e-10
11560 1.16743e-09
11570 7.59271e-10
11580 -6.19311e-10
11590 -1.25346e-09
11600 -3.55201e-10
11610 9.17085e-10
11620 1.0247e-09
11630 -2.15215e-11
11640 -8.95606e-10
11650 -7.15625e-10
11660 1.22221e-10
11670 7.19907e-10
11680 6.2692e-10
11690 -1.7572e-11
11700 -7.02711e-10
11710 -7.71778e-10
11720 2.048e-11
11730 9.50947e-10
11740 8.73102e-10
11750 -3.10728e-10
11760 -1.23133e-09
11770 -6.77195e-10
11780 7.32014e-10
11790 1.24792e-09
11800 2.60266e-10
11810 -9.57947e-10
11820 -9.74318e-10
11830 6.38421e-11
11840 8.73963e-10
11850 6.95357e-10
11860 -9.08164e-11
11870 -6.9738e-10
11880 -6.71819e-10
11890 -3.33121e-11
11900 7.3525e-10
11910 8.52134e-10
11920 -6.23401e-12
11930 -1.01964e-09
11940 -9.24203e-10
11950 3.3702e-10
11960 1.27962e-09
11970 6.87359e-10
11980 -7.38496e-10
11990 -1.24216e-09
12000 -2.76616e-10
12010 9.02405e-10
12020 9.57091e-10
12030 2.17373e-11
12040 -7.74188e-10
12050 -7.31007e-10
12060 -6.13528e-11
12070 6.24613e-10
12080 7.87168e-10
12090 1.9707e-10
12100 -7.27029e-10
12110 -1.00005e-09
12120 -1.13326e-10
12130 1.053e-09
12140 1.0516e-09
12150 -2.46791e-10
12160 -1.29294e-09
12170 -7.87608e-10
12180 6.23939e-10
12190 1.22184e-09
12200 4.08264e-10
12210 -7.26457e-10
12220 -9.46935e-10
12230 -2.30602e-10
12240 5.73911e-10
12250 7.96782e-10
12260 3.38304e-10
12270 -4.6271e-10
12280 -9.34824e-10
12290 -4.76812e-10
12300 6.36429e-10
12310 1.18376e-09
12320 3.57606e-10
12330 -9.94559e-10
12340 -1.21836e-09
12350 2.0254e-11
12360 1.21765e-09
12370 9.50495e-10
12380 -3.55178e-10
12390 -1.1209e-09
12400 -6.20415e-10
12410 3.97887e-10
12420 8.77741e-10
12430 5.35812e-10
12440 -2.2337e-10
12450 -8.10164e-10
12460 -7.09399e-10
12470 1.56374e-10
12480 1.03299e-09
12490 8.57411e-10
12500 -3.87422e-10
12510 -1.31086e-09
12520 -7.13213e-10
12530 7.65664e-10
12540 1.33901e-09
12550 3.45273e-10
12560 -9.58328e-10
12570 -1.08068e-09
12580 -6.92877e-11
12590 8.4172e-10
12600 8.2202e-10
12610 1.00943e-10
12620 -6.30912e-10
12630 -8.35229e-10
12640 -2.98915e-10
12650 6.46424e-10
12660 1.08054e-09
12670 3.38339e-10
12680 -9.36844e-10
12690 -1.2402e-09
12700 -7.01021e-11
12710 1.23492e-09
12720 1.09331e-09
12730 -2.95972e-10
12740 -1.25003e-09
12750 -7.5679e-10
12760 4.41127e-10
12770 1.01175e-09
12780 5.65807e-10
12790 -2.88017e-10
12800 -8.25057e-10
12810 -6.81039e-10
12820 1.01044e-10
12830 9.36107e-10
12840 9.18425e-10
12850 -1.7331e-10
12860 -1.24015e-09
12870 -9.46672e-10
12880 5.05039e-10
12890 1.41288e-09
12900 6.76821e-10
12910 -7.90538e-10
12920 -1.26743e-09
12930 -3.52604e-10
12940 7.77177e-10
12950 9.79629e-10
12960 2.86264e-10
12970 -5.40953e-10
12980 -8.77654e-10
12990 -4.9272e-10
13000 4.12374e-10
13010 1.08153e-09
13020 6.84104e-10
13030 -5.89987e-10
13040 -1.3554e-09
13050 -5.84997e-10
13060 9.26395e-10
13070 1.38686e-09
13080 2.57216e-10
13090 -1.08345e-09
13100 -1.13019e-09
13110 -1.87372e-11
13120 9.27563e-10
13130 8.70995e-10
13140 9.57029e-11
13150 -6.6985e-10
13160 -8.91452e-10
13170 -3.54022e-10
13180 6.39688e-10
13190 1.16284e-09
13200 4.6305e-10
13210 -8.99697e-10
13220 -1.36588e-09
13230 -2.578e-10
13240 1.1867e-09
13250 1.26433e-09
13260 -6.14902e-11
13270 -1.19719e-09
13280 -9.60728e-10
13290 1.67573e-10
13300 9.43222e-10
13310 7.93557e-10
13320 3.62375e-11
13330 -7.27099e-10
13340 -9.42541e-10
13350 -2.93811e-10
13360 8.1278e-10
13370 1.23804e-09
13380 2.97996e-10
13390 -1.11469e-09
13400 -1.33945e-09
13410 -2.47956e-11
13420 1.30694e-09
13430 1.13303e-09
13440 -2.25793e-10
13450 -1.17788e-09
13460 -8.47622e-10
13470 1.81236e-10
13480 8.82643e-10
13490 8.1037e-10
13500 1.09305e-10
13510 -7.55349e-10
13520 -1.06435e-09
13530 -3.16475e-10
13540 9.45935e-10
13550 1.33309e-09
13560 2.15362e-10
13570 -1.23706e-09
13580 -1.31793e-09
13590 7.45328e-11
13600 1.30219e-09
13610 1.04849e-09
13620 -2.09328e-10
13630 -1.05921e-09
13640 -8.35812e-10
13650 2.1693e-11
13660 7.77286e-10
13670 9.36502e-10
13680 3.04628e-10
13690 -7.60016e-10
13700 -1.2495e-09
13710 -4.2666e-10
13720 1.01814e-09
13730 1.4433e-09
13740 2.42391e-10
13750 -1.24197e-09
13760 -1.31355e-09
13770 8.86397e-12
13780 1.1635e-09
13790 1.02734e-09
13800 -9.20778e-14
13810 -8.42706e-10
13820 -9.21206e-10
13830 -3.01519e-10
13840 6.14865e-10
13850 1.13742e-09
13860 6.11601e-10
13870 -6.99858e-10
13880 -1.44913e-09
13890 -6.32711e-10
13900 9.6928e-10
13910 1.52825e-09
13920 4.02441e-10
13930 -1.07486e-09
13940 -1.29796e-09
13950 -2.36803e-10
13960 8.53004e-10
13970 1.03355e-09
13980 3.91209e-10
13990 -4.9326e-10
14000 -1.0388e-09
14010 -7.58652e-10
14020 3.41227e-10
14030 1.32015e-09
14040 1.00367e-09
14050 -4.96297e-10
14060 -1.56281e-09
14070 -9.21677e-10
14080 7.15103e-10
14090 1.49712e-09
14100 6.8282e-10
14110 -6.67538e-10
14120 -1.18388e-09
14130 -6.26127e-10
14140 3.21142e-10
14150 9.61497e-10
14160 8.95346e-10
14170 3.75545e-11
14180 -1.05185e-09
14190 -1.26147e-09
14200 -1.07093e-10
14210 1.32668e-09
14220 1.39225e-09
14230 -7.71212e-11
14240 -1.43388e-09
14250 -1.20609e-09
14260 1.97668e-10
14270 1.20471e-09
14280 9.77869e-10
14290 6.26602e-12
14300 -8.25889e-10
14310 -1.01554e-09
14320 -4.31239e-10
14330 6.47189e-10
14340 1.33126e-09
14350 7.39162e-10
14360 -7.75284e-10
14370 -1.60955e-09
14380 -7.1633e-10
14390 9.70212e-10
14400 1.57242e-09
14410 5.26053e-10
14420 -8.95788e-10
14430 -1.2712e-09
14440 -5.09766e-10
14450 5.09686e-10
14460 1.04412e-09
14470 8.21318e-10
14480 -9.55664e-11
14490 -1.123e-09
14500 -1.2373e-09
14510 -3.51151e-11
14520 1.38972e-09
14530 1.41814e-09
14540 -9.60478e-11
14550 -1.48951e-09
14560 -1.26646e-09
14570 1.754e-10
14580 1.23953e-09
14590 1.04871e-09
14600 6.89569e-11
14610 -8.15306e-10
14620 -1.08105e-09
14630 -5.46806e-10
14640 5.72244e-10
14650 1.39157e-09
14660 9.18201e-10
14670 -6.35982e-10
14680 -1.66973e-09
14690 -9.5056e-10
14700 7.79388e-10
14710 1.62315e-09
14720 7.88664e-10
14730 -6.59023e-10
14740 -1.28295e-09
14750 -7.74471e-10
14760 2.13645e-10
14770 9.83995e-10
14780 1.08071e-09
14790 2.81081e-10
14800 -9.76664e-10
14810 -1.49791e-09
14820 -4.9651e-10
14830 1.16583e-09
14840 1.67769e-09
14850 4.26918e-10
14860 -1.19821e-09
14870 -1.49555e-09
14880 -3.73749e-10
14890 8.70743e-10
14900 1.20193e-09
14910 6.24601e-10
14920 -3.39758e-10
14930 -1.12476e-09
14940 -1.11154e-09
14950 -3.02338e-11
14960 1.32202e-09
14970 1.49599e-09
14980 8.12657e-11
14990 -1.49766e-09
15000 -1.5171e-09
15010 -1.32495e-11
15020 1.34403e-09
15030 1.28979e-09
15040 1.74563e-10
15050 -8.63891e-10
15060 -1.15438e-09
15070 -6.52592e-10
15080 3.87907e-10
15090 1.31392e-09
15100 1.18595e-09
15110 -1.9704e-10
15120 -1.58737e-09
15130 -1.42341e-09
15140 2.37661e-10
15150 1.62304e-09
15160 1.31861e-09
15170 -1.6917e-10
15180 -1.26485e-09
15190 -1.15278e-09
15200 -2.33615e-10
15210 7.4345e-10
15220 1.23554e-09
15230 8.40237e-10
15240 -4.0793e-10
15250 -1.53797e-09
15260 -1.27609e-09
15270 3.67033e-10
15280 1.73592e-09
15290 1.3384e-09
15300 -3.594e-10
15310 -1.54229e-09
15320 -1.18653e-09
15330 6.95322e-11
15340 1.03947e-09
15350 1.17364e-09
15360 5.31547e-10
15370 -5.72714e-10
15380 -1.42908e-09
15390 -1.11943e-09
15400 3.97096e-10
15410 1.72566e-09
15420 1.37294e-09
15430 -3.88496e-10
15440 -1.70183e-09
15450 -1.28875e-09
15460 2.11346e-10
15470 1.27333e-09
15480 1.18772e-09
15490 3.17276e-10
15500 -7.07822e-10
15510 -1.32948e-09
15520 -9.88599e-10
15530 3.58656e-10
15540 1.6351e-09
15550 1.42722e-09
15560 -2.71442e-10
15570 -1.74477e-09
15580 -1.45976e-09
15590 1.68924e-10
15600 1.4247e-09
15610 1.30094e-09
15620 2.43834e-10
15630 -8.07052e-10
15640 -1.28375e-09
15650 -9.16714e-10
15660 2.70985e-10
15670 1.4967e-09
15680 1.49652e-09
15690 -3.14946e-11
15700 -1.66425e-09
15710 -1.67211e-09
15720 -6.27349e-11
15730 1.45272e-09
15740 1.49509e-09
15750 3.43679e-10
15760 -8.35227e-10
15770 -1.30167e-09
15780 -9.34562e-10
15790 1.29055e-10
15800 1.32142e-09
15810 1.56774e-09
15820 3.06101e-10
15830 -1.44655e-09
15840 -1.87719e-09
15850 -4.72179e-10
15860 1.29753e-09
15870 1.70352e-09
15880 6.19175e-10
15890 -7.38571e-10
15900 -1.35424e-09
15910 -1.06442e-09
15920 -1.03312e-10
15930 1.08067e-09
15940 1.60271e-09
15950 7.01578e-10
15960 -1.08512e-09
15970 -2.01927e-09
15980 -1.03859e-09
15990 8.74971e-10
16000 1.78865e-09
16010 9.96559e-10
16020 -4.93548e-10
16030 -1.40286e-09
16040 -1.33393e-09
16050 -5.18315e-10
16060 6.5498e-10
16070 1.46685e-09
16080 1.02158e-09
16090 -6.62464e-10
16100 -2.11637e-09
16110 -1.80634e-09
16120 -1.92157e-12
16130 1.43108e-09
16140 1.16445e-09
16150 -3.00557e-10
16160 -1.58715e-09
16170 -1.94748e-09
16180 -1.44864e-09
16190 -4.01804e-10
16200 6.29542e-10
16210 6.84827e-10
16220 -7.4596e-10
16230 -2.68535e-09
16240 -3.33178e-09
16250 -2.1046e-09
16260 -4.32052e-10
16270 -1.1439e-10
16280 -1.40122e-09
16290 -3.12938e-09
16300 -4.24439e-09
16310 -4.5011e-09
16320 -4.03311e-09
16330 -3.19943e-09
16340 -2.91871e-09
16350 -4.18711e-09
16360 -6.74834e-09
16370 -8.88472e-09
16380 -9.20283e-09
16390 -8.30621e-09
16400 -8.09406e-09
16410 -9.6329e-09
16420 -1.23508e-08
16430 -1.51446e-08
16440 -1.74468e-08
16450 -1.91078e-08
16460 -2.01711e-08
16470 -2.133e-08
16480 -2.39184e-08
16490 -2.85795e-08
16500 -3.41748e-08
16510 -3.88236e-08
16520 -4.20718e-08
16530 -4.53892e-08
16540 -5.04415e-08
16550 -5.75349e-08
16560 -6.59599e-08
16570 -7.50798e-08
16580 -8.45231e-08
16590 -9.39597e-08
16600 -1.03632e-07
16610 -1.14916e-07
16620 -1.29379e-07
16630 -1.47034e-07
16640 -1.66225e-07
16650 -1.85637e-07
16660 -2.05889e-07
16670 -2.28796e-07
16680 -2.55596e-07
16690 -2.86474e-07
16700 -3.21308e-07
16710 -3.59975e-07
16720 -4.02073e-07
16730 -4.4739e-07
16740 -4.97043e-07
16750 -5.53372e-07
16760 -6.18082e-07
16770 -6.9089e-07
16780 -7.70602e-07
16790 -8.57238e-07
16800 -9.52527e-07
16810 -1.05861e-06
16820 -1.17711e-06
16830 -1.30936e-06
16840 -1.45665e-06
16850 -1.61973e-06
16860 -1.79885e-06
16870 -1.99523e-06
16880 -2.21209e-06
16890 -2.4535e-06
16900 -2.72228e-06
16910 -3.01959e-06
16920 -3.34672e-06
16930 -3.7065e-06
16940 -4.10287e-06
16950 -4.54009e-06
16960 -5.02277e-06
16970 -5.55608e-06
16980 -6.14493e-06
16990 -6.79329e-06
17000 -7.50524e-06
17010 -8.28696e-06
17020 -9.14705e-06
17030 -1.00946e-05
17040 -1.11378e-05
17050 -1.22843e-05
17060 -1.3543e-05
17070 -1.49241e-05
17080 -1.64391e-05
17090 -1.81007e-05
17100 -1.99236e-05
17110 -2.1924e-05
17120 -2.41177e-05
17130 -2.65205e-05
17140 -2.91497e-05
17150 -3.20263e-05
17160 -3.51743e-05
17170 -3.86189e-05
17180 -4.23864e-05
17190 -4.65049e-05
17200 -5.10046e-05
17210 -5.59183e-05
17220 -6.12812e-05
17230 -6.71326e-05
17240 -7.35168e-05
17250 -8.04807e-05
17260 -8.80734e-05
17270 -9.63462e-05
17280 -0.000105356
17290 -0.000115164
17300 -0.000125839
17310 -0.000137454
17320 -0.000150086
17330 -0.000163821
17340 -0.000178748
17350 -0.000194963
17360 -0.000212568
17370 -0.000231676
17380 -0.000252411
17390 -0.000274902
17400 -0.000299289
17410 -0.00032572
17420 -0.000354354
17430 -0.000385363
17440 -0.000418931
17450 -0.000455255
17460 -0.000494549
17470 -0.00053704
17480 -0.000582969
17490 -0.000632593
17500 -0.000686188
17510 -0.00074405
17520 -0.000806496
17530 -0.000873864
17540 -0.000946514
17550 -0.00102483
17560 -0.00110922
17570 -0.00120012
17580 -0.00129799
17590 -0.00140333
17600 -0.00151666
17610 -0.00163854
17620 -0.00176958
17630 -0.0019104
17640 -0.00206167
17650 -0.0022241
17660 -0.00239845
17670 -0.00258552
17680 -0.00278617
17690 -0.00300129
17700 -0.00323184
17710 -0.00347883
17720 -0.00374333
17730 -0.00402647
17740 -0.00432944
17750 -0.00465351
17760 -0.00500001
17770 -0.00537036
17780 -0.00576603
17790 -0.00618859
17800 -0.0066397
17810 -0.00712109
17820 -0.00763459
17830 -0.00818214
17840 -0.00876577
17850 -0.0093876
17860 -0.0100499
17870 -0.010755
17880 -0.0115053
17890 -0.0123035
17900 -0.0131523
17910 -0.0140546
17920 -0.0150132
17930 -0.0160314
17940 -0.0171125
17950 -0.0182598
17960 -0.0194769
17970 -0.0207675
17980 -0.0221357
17990 -0.0235853
18000 -0.0251208
18010 -0.0267465
18020 -0.0284671
18030 -0.0302873
18040 -0.0322122
18050 -0.034247
18060 -0.036397
18070 -0.038668
18080 -0.0410658
18090 -0.0435963
18100 -0.046266
18110 -0.0490814
18120 -0.0520491
18130 -0.0551762
18140 -0.05847
18150 -0.0619379
18160 -0.0655877
18170 -0.0694273
18180 -0.073465
18190 -0.0777093
18200 -0.082169
18210 -0.0868531
18220 -0.0917709
18230 -0.0969319
18240 -0.102346
18250 -0.108024
18260 -0.113975
18270 -0.12021
18280 -0.12674
18290 -0.133577
18300 -0.140731
18310 -0.148215
18320 -0.156041
18330 -0.16422
18340 -0.172765
18350 -0.181689
18360 -0.191005
18370 -0.200725
18380 -0.210864
18390 -0.221435
18400 -0.232452
18410 -0.243928
18420 -0.255878
18430 -0.268317
18440 -0.281259
18450 -0.294718
18460 -0.30871
18470 -0.323248
18480 -0.338349
18490 -0.354028
18500 -0.370299
18510 -0.387178
18520 -0.40468
18530 -0.422821
18540 -0.441615
18550 -0.461077
18560 -0.481224
18570 -0.502069
18580 -0.523628
18590 -0.545916
18600 -0.568947
18610 -0.592736
18620 -0.617296
18630 -0.642642
18640 -0.668787
18650 -0.695745
18660 -0.723528
18670 -0.75215
18680 -0.781621
18690 -0.811955
18700 -0.843161
18710 -0.875252
18720 -0.908236
18730 -0.942123
18740 -0.976923
18750 -1.01264
18760 -1.04929
18770 -1.08687
18780 -1.1254
18790 -1.16487
18800 -1.20528
18810 -1.24666
18820 -1.28898
18830 -1.33227
18840 -1.37651
18850 -1.42172
18860 -1.46787
18870 -1.51498
18880 -1.56304
18890 -1.61205
18900 -1.66199
18910 -1.71287
18920 -1.76466
18930 -1.81737
18940 -1.87098
18950 -1.92549
18960 -1.98086
18970 -2.0371
18980 -2.09418
18990 -2.15209
19000 -2.2108
19010 -2.2703
19020 -2.33056
19030 -2.39157
19040 -2.45329
19050 -2.5157
19060 -2.57877
19070 -2.64248
19080 -2.70679
19090 -2.77166
19100 -2.83708
19110 -2.903
19120 -2.96938
19130 -3.03619
19140 -3.1034
19150 -3.17095
19160 -3.23882
19170 -3.30695
19180 -3.3753
19190 -3.44383
19200 -3.5125
19210 -3.58125
19220 -3.65004
19230 -3.71882
19240 -3.78753
19250 -3.85614
19260 -3.92459
19270 -3.99282
19280 -4.06078
19290 -4.12842
19300 -4.19569
19310 -4.26253
19320 -4.32888
19330 -4.3947
19340 -4.45992
19350 -4.52449
19360 -4.58835
19370 -4.65146
19380 -4.71374
19390 -4.77516
19400 -4.83564
19410 -4.89514
19420 -4.95361
19430 -5.01098
19440 -5.06721
19450 -5.12224
19460 -5.17602
19470 -5.22849
19480 -5.27961
19490 -5.32934
19500 -5.37761
19510 -5.42438
19520 -5.4696
19530 -5.51324
19540 -5.55524
19550 -5.59557
19560 -5.63418
19570 -5.67104
19580 -5.7061
19590 -5.73933
19600 -5.7707
19610 -5.80017
19620 -5.82772
19630 -5.85331
19640 -5.87693
19650 -5.89853
19660 -5.91811
19670 -5.93564
19680 -5.9511
19690 -5.96448
19700 -5.97576
19710 -5.98494
19720 -5.99199
19730 -5.99692
19740 -5.99972
19750 -6.00039
19760 -5.99892
19770 -5.99532
19780 -5.98959
19790 -5.98175
19800 -5.97179
19810 -5.95972
19820 -5.94557
19830 -5.92935
19840 -5.91107
19850 -5.89075
19860 -5.86842
19870 -5.8441
19880 -5.81781
19890 -5.78959
19900 -5.75946
19910 -5.72745
19920 -5.6936
19930 -5.65794
19940 -5.62051
19950 -5.58135
19960 -5.5405
19970 -5.49799
19980 -5.45388
19990 -5.4082
20000 -5.36101
20010 -5.31234
20020 -5.26225
20030 -5.21079
20040 -5.158
20050 -5.10394
20060 -5.04865
20070 -4.9922
20080 -4.93463
20090 -4.876
20100 -4.81636
20110 -4.75577
20120 -4.69427
20130 -4.63193
20140 -4.56881
20150 -4.50495
20160 -4.44041
20170 -4.37525
20180 -4.30952
20190 -4.24327
20200 -4.17657
20210 -4.10947
20220 -4.04201
20230 -3.97426
20240 -3.90626
20250 -3.83807
20260 -3.76974
20270 -3.70131
20280 -3.63285
20290 -3.56439
20300 -3.49599
20310 -3.42769
20320 -3.35954
20330 -3.29158
20340 -3.22386
20350 -3.15642
20360 -3.0893
20370 -3.02254
20380 -2.95618
20390 -2.89026
20400 -2.82482
20410 -2.75988
20420 -2.69548
20430 -2.63166
20440 -2.56845
20450 -2.50587
20460 -2.44395
20470 -2.38272
20480 -2.32221
20490 -2.26244
20500 -2.20344
20510 -2.14521
20520 -2.08779
20530 -2.03119
20540 -1.97543
20550 -1.92053
20560 -1.86649
20570 -1.81334
20580 -1.76108
20590 -1.70973
20600 -1.65929
20610 -1.60977
20620 -1.56118
20630 -1.51353
20640 -1.46681
20650 -1.42104
20660 -1.37621
20670 -1.33233
20680 -1.28939
20690 -1.2474
20700 -1.20635
20710 -1.16625
20720 -1.12708
20730 -1.08885
20740 -1.05154
20750 -1.01515
20760 -0.979685
20770 -0.945123
20780 -0.911461
20790 -0.878689
20800 -0.846799
20810 -0.815779
20820 -0.785621
20830 -0.756313
20840 -0.727843
20850 -0.700199
20860 -0.673369
20870 -0.64734
20880 -0.622099
20890 -0.597634
20900 -0.573929
20910 -0.550972
20920 -0.528747
20930 -0.507242
20940 -0.486441
20950 -0.46633
20960 -0.446894
20970 -0.428118
20980 -0.409988
20990 -0.392488
21000 -0.375603
21010 -0.35932
21020 -0.343622
21030 -0.328495
21040 -0.313924
21050 -0.299895
21060 -0.286393
21070 -0.273403
21080 -0.260911
21090 -0.248902
21100 -0.237364
21110 -0.226282
21120 -0.215641
21130 -0.205429
21140 -0.195633
21150 -0.186238
21160 -0.177233
21170 -0.168605
21180 -0.16034
21190 -0.152428
21200 -0.144855
21210 -0.137611
21220 -0.130684
21230 -0.124061
21240 -0.117734
21250 -0.11169
21260 -0.105919
21270 -0.100412
21280 -0.095158
21290 -0.0901474
21300 -0.0853709
21310 -0.0808193
21320 -0.0764838
21330 -0.0723556
21340 -0.0684264
21350 -0.0646881
21360 -0.0611327
21370 -0.0577527
21380 -0.0545405
21390 -0.0514891
21400 -0.0485915
21410 -0.045841
21420 -0.0432312
21430 -0.0407558
21440 -0.0384088
21450 -0.0361843
21460 -0.0340769
21470 -0.032081
21480 -0.0301915
21490 -0.0284035
21500 -0.026712
21510 -0.0251126
21520 -0.0236007
21530 -0.0221722
21540 -0.0208229
21550 -0.0195489
21560 -0.0183465
21570 -0.0172121
21580 -0.0161422
21590 -0.0151336
21600 -0.0141831
21610 -0.0132876
21620 -0.0124444
21630 -0.0116507
21640 -0.0109038
21650 -0.0102012
21660 -0.0095406
21670 -0.0089197
21680 -0.00833631
21690 -0.00778839
21700 -0.00727395
21710 -0.00679115
21720 -0.00633819
21730 -0.0059134
21740 -0.00551516
21750 -0.00514196
21760 -0.00479235
21770 -0.00446497
21780 -0.00415851
21790 -0.00387175
21800 -0.00360351
21810 -0.0033527
21820 -0.00311828
21830 -0.00289924
21840 -0.00269466
21850 -0.00250365
21860 -0.00232537
21870 -0.00215905
21880 -0.00200392
21890 -0.0018593
21900 -0.00172451
21910 -0.00159894
21920 -0.001482
21930 -0.00137314
21940 -0.00127184
21950 -0.0011776
21960 -0.00108997
21970 -0.00100852
21980 -0.000932831
21990 -0.00086253
22000 -0.000797255
22010 -0.000736666
22020 -0.000680447
22030 -0.000628302
22040 -0.000579953
22050 -0.000535138
22060 -0.000493613
22070 -0.000455151
22080 -0.000419541
22090 -0.000386584
22100 -0.000356092
22110 -0.000327893
22120 -0.000301826
22130 -0.000277741
22140 -0.000255495
22150 -0.000234956
22160 -0.000216003
22170 -0.00019852
22180 -0.0001824
22190 -0.000167543
22200 -0.000153856
22210 -0.000141254
22220 -0.000129656
22230 -0.000118989
22240 -0.000109183
22250 -0.000100175
22260 -9.19085e-05
22270 -8.43297e-05
22280 -7.73884e-05
22290 -7.10391e-05
22300 -6.5241e-05
22310 -5.99563e-05
22320 -5.51489e-05
22330 -5.07853e-05
22340 -4.68356e-05
22350 -4.32729e-05
22360 -4.00713e-05
22370 -3.72061e-05
22380 -3.46551e-05
22390 -3.2399e-05
22400 -3.04206e-05
22410 -2.87031e-05
22420 -2.72315e-05
22430 -2.59936e-05
22440 -2.49803e-05
22450 -2.41837e-05
22460 -2.35968e-05
22470 -2.32149e-05
22480 -2.30367e-05
22490 -2.30631e-05
22500 -2.32954e-05
22510 -2.37361e-05
22520 -2.43903e-05
22530 -2.52656e-05
22540 -2.63704e-05
22550 -2.77133e-05
22560 -2.93041e-05
22570 -3.11553e-05
22580 -3.32813e-05
22590 -3.56971e-05
22600 -3.84182e-05
22610 -4.14631e-05
22620 -4.48539e-05
22630 -4.86147e-05
22640 -5.27711e-05
22650 -5.73515e-05
22660 -6.23888e-05
22670 -6.79197e-05
22680 -7.39833e-05
22690 -8.06214e-05
22700 -8.78792e-05
22710 -9.58071e-05
22720 -0.000104459
22730 -0.000113891
22740 -0.000124164
22750 -0.000135343
22760 -0.0001475
22770 -0.000160711
22780 -0.000175057
22790 -0.000190628
22800 -0.00020752
22810 -0.000225839
22820 -0.000245697
22830 -0.000267215
22840 -0.000290523
22850 -0.000315762
22860 -0.000343083
22870 -0.000372645
22880 -0.000404618
22890 -0.000439184
22900 -0.00047654
22910 -0.000516892
22920 -0.000560464
22930 -0.000607494
22940 -0.000658237
22950 -0.000712969
22960 -0.000771982
22970 -0.000835588
22980 -0.00090412
22990 -0.000977936
23000 -0.00105741
23010 -0.00114295
23020 -0.00123498
23030 -0.00133395
23040 -0.00144035
23050 -0.00155469
23060 -0.00167752
23070 -0.00180941
23080 -0.00195099
23090 -0.00210291
23100 -0.00226587
23110 -0.00244061
23120 -0.00262791
23130 -0.00282859
23140 -0.00304354
23150 -0.00327367
23160 -0.00351998
23170 -0.00378348
23180 -0.00406529
23190 -0.00436656
23200 -0.00468851
23210 -0.00503243
23220 -0.0053997
23230 -0.00579174
23240 -0.00621007
23250 -0.0066563
23260 -0.00713208
23270 -0.0076392
23280 -0.00817951
23290 -0.00875497
23300 -0.00936763
23310 -0.0100196
23320 -0.0107133
23330 -0.0114509
23340 -0.0122351
23350 -0.0130684
23360 -0.0139535
23370 -0.0148934
23380 -0.015891
23390 -0.0169495
23400 -0.0180721
23410 -0.0192624
23420 -0.0205238
23430 -0.0218602
23440 -0.0232754
23450 -0.0247736
23460 -0.0263589
23470 -0.0280359
23480 -0.0298091
23490 -0.0316834
23500 -0.0336636
23510 -0.0357551
23520 -0.0379632
23530 -0.0402935
23540 -0.0427519
23550 -0.0453443
23560 -0.048077
23570 -0.0509566
23580 -0.0539896
23590 -0.0571831
23600 -0.0605442
23610 -0.0640804
23620 -0.0677993
23630 -0.0717088
23640 -0.0758171
23650 -0.0801327
23660 -0.0846641
23670 -0.0894204
23680 -0.0944107
23690 -0.0996444
23700 -0.105131
23710 -0.110881
23720 -0.116905
23730 -0.123212
23740 -0.129814
23750 -0.136722
23760 -0.143947
23770 -0.1515
23780 -0.159393
23790 -0.167639
23800 -0.176249
23810 -0.185236
23820 -0.194614
23830 -0.204393
23840 -0.214589
23850 -0.225214
23860 -0.236283
23870 -0.247807
23880 -0.259803
23890 -0.272283
23900 -0.285263
23910 -0.298755
23920 -0.312776
23930 -0.32734
23940 -0.342461
23950 -0.358155
23960 -0.374436
23970 -0.391319
23980 -0.408819
23990 -0.426952
24000 -0.445732
24010 -0.465173
24020 -0.485292
24030 -0.506103
24040 -0.52762
24050 -0.549858
24060 -0.572831
24070 -0.596554
24080 -0.621041
24090 -0.646304
24100 -0.672358
24110 -0.699216
24120 -0.726891
24130 -0.755394
24140 -0.784738
24150 -0.814935
24160 -0.845995
24170 -0.877929
24180 -0.910747
24190 -0.944458
24200 -0.979072
24210 -1.0146
24220 -1.05104
24230 -1.08841
24240 -1.1267
24250 -1.16594
24260 -1.20611
24270 -1.24723
24280 -1.28929
24290 -1.33231
24300 -1.37627
24310 -1.42118
24320 -1.46704
24330 -1.51384
24340 -1.56158
24350 -1.61026
24360 -1.65987
24370 -1.71041
24380 -1.76186
24390 -1.81422
24400 -1.86747
24410 -1.92161
24420 -1.97662
24430 -2.03248
24440 -2.08919
24450 -2.14671
24460 -2.20505
24470 -2.26416
24480 -2.32404
24490 -2.38466
24500 -2.446
24510 -2.50802
24520 -2.57071
24530 -2.63403
24540 -2.69796
24550 -2.76246
24560 -2.82751
24570 -2.89306
24580 -2.95908
24590 -3.02554
24600 -3.0924
24610 -3.15962
24620 -3.22715
24630 -3.29496
24640 -3.36301
24650 -3.43125
24660 -3.49963
24670 -3.56811
24680 -3.63664
24690 -3.70517
24700 -3.77366
24710 -3.84205
24720 -3.9103
24730 -3.97835
24740 -4.04615
24750 -4.11365
24760 -4.1808
24770 -4.24753
24780 -4.3138
24790 -4.37955
24800 -4.44472
24810 -4.50927
24820 -4.57313
24830 -4.63626
24840 -4.69859
24850 -4.76006
24860 -4.82064
24870 -4.88025
24880 -4.93884
24890 -4.99637
24900 -5.05278
24910 -5.10801
24920 -5.16201
24930 -5.21473
24940 -5.26612
24950 -5.31613
24960 -5.36471
24970 -5.41181
24980 -5.45739
24990 -5.5014
25000 -5.54379
25010 -5.58453
25020 -5.62357
25030 -5.66088
25040 -5.6964
25050 -5.73012
25060 -5.76199
25070 -5.79197
25080 -5.82005
25090 -5.84618
25100 -5.87035
25110 -5.89252
25120 -5.91267
25130 -5.93079
25140 -5.94684
25150 -5.96082
25160 -5.97271
25170 -5.9825
25180 -5.99017
25190 -5.99572
25200 -5.99914
25210 -6.00043
25220 -5.99959
25230 -5.99661
25240 -5.9915
25250 -5.98427
25260 -5.97492
25270 -5.96347
25280 -5.94992
25290 -5.93428
25300 -5.91659
25310 -5.89684
25320 -5.87508
25330 -5.85131
25340 -5.82556
25350 -5.79786
25360 -5.76824
25370 -5.73672
25380 -5.70335
25390 -5.66816
25400 -5.63117
25410 -5.59244
25420 -5.55199
25430 -5.50987
25440 -5.46613
25450 -5.4208
25460 -5.37394
25470 -5.32558
25480 -5.27577
25490 -5.22457
25500 -5.17202
25510 -5.11818
25520 -5.06309
25530 -5.00681
25540 -4.94939
25550 -4.89089
25560 -4.83136
25570 -4.77084
25580 -4.70941
25590 -4.64711
25600 -4.584
25610 -4.52014
25620 -4.45557
25630 -4.39036
25640 -4.32456
25650 -4.25823
25660 -4.19142
25670 -4.12419
25680 -4.05659
25690 -3.98867
25700 -3.92049
25710 -3.8521
25720 -3.78356
25730 -3.7149
25740 -3.64619
25750 -3.57748
25760 -3.5088
25770 -3.44022
25780 -3.37177
25790 -3.3035
25800 -3.23547
25810 -3.1677
25820 -3.10024
25830 -3.03313
25840 -2.96642
25850 -2.90014
25860 -2.83433
25870 -2.76902
25880 -2.70425
25890 -2.64005
25900 -2.57645
25910 -2.51349
25920 -2.45119
25930 -2.38958
25940 -2.32868
25950 -2.26853
25960 -2.20914
25970 -2.15054
25980 -2.09274
25990 -2.03577
26000 -1.97964
26010 -1.92436
26020 -1.86997
26030 -1.81646
26040 -1.76385
26050 -1.71215
26060 -1.66138
26070 -1.61153
26080 -1.56262
26090 -1.51465
26100 -1.46763
26110 -1.42156
26120 -1.37644
26130 -1.33228
26140 -1.28907
26150 -1.24682
26160 -1.20552
26170 -1.16517
26180 -1.12577
26190 -1.08731
26200 -1.04979
26210 -1.0132
26220 -0.977537
26230 -0.942791
26240 -0.908954
26250 -0.876018
26260 -0.843973
26270 -0.812808
26280 -0.782514
26290 -0.75308
26300 -0.724492
26310 -0.69674
26320 -0.669812
26330 -0.643693
26340 -0.61837
26350 -0.593831
26360 -0.570062
26370 -0.547048
26380 -0.524774
26390 -0.503227
26400 -0.482392
26410 -0.462253
26420 -0.442797
26430 -0.424007
26440 -0.405869
26450 -0.388367
26460 -0.371487
26470 -0.355213
26480 -0.33953
26490 -0.324423
26500 -0.309877
26510 -0.295877
26520 -0.282408
26530 -0.269456
26540 -0.257005
26550 -0.245042
26560 -0.233552
26570 -0.22252
26580 -0.211934
26590 -0.201778
26600 -0.19204
26610 -0.182707
26620 -0.173765
26630 -0.165201
26640 -0.157003
26650 -0.149158
26660 -0.141654
26670 -0.134479
26680 -0.127622
26690 -0.121071
26700 -0.114815
26710 -0.108843
26720 -0.103145
26730 -0.0977095
26740 -0.0925275
26750 -0.0875888
26760 -0.0828839
26770 -0.0784036
26780 -0.0741388
26790 -0.0700807
26800 -0.066221
26810 -0.0625513
26820 -0.0590638
26830 -0.0557506
26840 -0.0526044
26850 -0.0496179
26860 -0.0467841
26870 -0.0440962
26880 -0.0415479
26890 -0.0391327
26900 -0.0368447
26910 -0.0346779
26920 -0.0326269
26930 -0.0306861
26940 -0.0288503
26950 -0.0271146
26960 -0.0254742
26970 -0.0239244
26980 -0.0224608
26990 -0.0210792
27000 -0.0197754
27010 -0.0185455
27020 -0.0173859
27030 -0.016293
27040 -0.0152632
27050 -0.0142934
27060 -0.0133804
27070 -0.0125212
27080 -0.0117129
27090 -0.0109529
27100 -0.0102385
27110 -0.00956723
27120 -0.00893676
27130 -0.00834483
27140 -0.00778931
27150 -0.00726814
27160 -0.0067794
27170 -0.00632124
27180 -0.00589193
27190 -0.00548979
27200 -0.00511325
27210 -0.00476082
27220 -0.00443109
27230 -0.00412271
27240 -0.0038344
27250 -0.00356497
27260 -0.00331328
27270 -0.00307824
27280 -0.00285885
27290 -0.00265414
27300 -0.0024632
27310 -0.00228517
27320 -0.00211924
27330 -0.00196465
27340 -0.00182068
27350 -0.00168665
27360 -0.00156192
27370 -0.0014459
27380 -0.00133801
27390 -0.00123772
27400 -0.00114454
27410 -0.00105799
27420 -0.000977637
27430 -0.000903056
27440 -0.000833863
27450 -0.000769693
27460 -0.000710208
27470 -0.000655084
27480 -0.000604019
27490 -0.000556731
27500 -0.000512959
27510 -0.000472461
27520 -0.000435005
27530 -0.000400373
27540 -0.000368362
27550 -0.000338787
27560 -0.000311475
27570 -0.000286264
27580 -0.000262999
27590 -0.000241536
27600 -0.000221742
27610 -0.000203497
27620 -0.000186688
27630 -0.000171206
27640 -0.00015695
27650 -0.000143829
27660 -0.000131756
27670 -0.000120653
27680 -0.000110447
27690 -0.000101068
27700 -9.24519e-05
27710 -8.45395e-05
27720 -7.72755e-05
27730 -7.06096e-05
27740 -6.4496e-05
27750 -5.88918e-05
27760 -5.37555e-05
27770 -4.90482e-05
27780 -4.47352e-05
27790 -4.07868e-05
27800 -3.71755e-05
27810 -3.38732e-05
27820 -3.0852e-05
27830 -2.80876e-05
27840 -2.55609e-05
27850 -2.3255e-05
27860 -2.11518e-05
27870 -1.92316e-05
27880 -1.74769e-05
27890 -1.5875e-05
27900 -1.44159e-05
27910 -1.30886e-05
27920 -1.18798e-05
27930 -1.07769e-05
27940 -9.77098e-06
27950 -8.85606e-06
27960 -8.0258e-06
27970 -7.2718e-06
27980 -6.58539e-06
27990 -5.96013e-06
28000 -5.39194e-06
28010 -4.87705e-06
28020 -4.41061e-06
28030 -3.98735e-06
28040 -3.60285e-06
28050 -3.25377e-06
28060 -2.93732e-06
28070 -2.65084e-06
28080 -2.39188e-06
28090 -2.15795e-06
28100 -1.94619e-06
28110 -1.75375e-06
28120 -1.57892e-06
28130 -1.42129e-06
28140 -1.28031e-06
28150 -1.15372e-06
28160 -1.03831e-06
28170 -9.32333e-07
28180 -8.36551e-07
28190 -7.52087e-07
28200 -6.77628e-07
28210 -6.09723e-07
28220 -5.46109e-07
28230 -4.87831e-07
28240 -4.37202e-07
28250 -3.94047e-07
28260 -3.55112e-07
28270 -3.17555e-07
28280 -2.82052e-07
28290 -2.51443e-07
28300 -2.26625e-07
28310 -2.04992e-07
28320 -1.83423e-07
28330 -1.61905e-07
28340 -1.43139e-07
28350 -1.2876e-07
28360 -1.17092e-07
28370 -1.05205e-07
28380 -9.24302e-08
28390 -8.08267e-08
28400 -7.22596e-08
28410 -6.60004e-08
28420 -5.97647e-08
28430 -5.25304e-08
28440 -4.54788e-08
28450 -4.01748e-08
28460 -3.65984e-08
28470 -3.33994e-08
28480 -2.96422e-08
28490 -2.56774e-08
28500 -2.23556e-08
28510 -1.9957e-08
28520 -1.81183e-08
28530 -1.6415e-08
28540 -1.46437e-08
28550 -1.27337e-08
28560 -1.08106e-08
28570 -9.32033e-09
28580 -8.64288e-09
28590 -8.42189e-09
28600 -7.69004e-09
28610 -6.03498e-09
28620 -4.37186e-09
28630 -3.9829e-09
28640 -4.76701e-09
28650 -5.0836e-09
28660 -3.75254e-09
28670 -1.75104e-09
28680 -1.16329e-09
28690 -2.46098e-09
28700 -3.67621e-09
28710 -2.81821e-09
28720 -5.50012e-10
28730 4.97637e-10
28740 -8.86631e-10
28750 -2.78644e-09
28760 -2.53066e-09
28770 -1.97179e-10
28780 1.37622e-09
28790 2.38419e-10
28800 -2.07598e-09
28810 -2.4702e-09
28820 -3.10912e-10
28830 1.70324e-09
28840 1.02667e-09
28850 -1.41216e-09
28860 -2.40415e-09
28870 -6.27484e-10
28880 1.64592e-09
28890 1.51944e-09
28900 -7.76498e-10
28910 -2.22693e-09
28920 -9.6709e-10
28930 1.3436e-09
28940 1.74141e-09
28950 -2.03597e-10
28960 -1.91721e-09
28970 -1.21682e-09
28980 9.18013e-10
28990 1.72621e-09
29000 2.58485e-10
29010 -1.50532e-09
29020 -1.3192e-09
29030 4.72019e-10
29040 1.523e-09
29050 5.71483e-10
29060 -1.04695e-09
29070 -1.26139e-09
29080 8.50704e-11
29090 1.19362e-09
29100 7.17995e-10
29110 -6.03742e-10
29120 -1.0634e-09
29130 -1.90172e-10
29140 8.04188e-10
29150 7.03484e-10
29160 -2.29577e-10
29170 -7.65916e-10
29180 -3.2797e-10
29190 4.17074e-10
29200 5.53154e-10
29210 3.73955e-11
29220 -4.19009e-10
29230 -3.2663e-10
29240 8.36914e-11
29250 3.05476e-10
29260 1.77824e-10
29270 -7.27677e-11
29280 -2.03515e-10
29290 -1.5956e-10
29300 4.99664e-12
29310 1.90341e-10
29320 2.29622e-10
29330 1.13561e-11
29340 -2.92734e-10
29350 -3.04189e-10
29360 8.86078e-11
29370 4.55927e-10
29380 2.81485e-10
29390 -3.11288e-10
29400 -5.83311e-10
29410 -1.03108e-10
29420 5.86808e-10
29430 5.69435e-10
29440 -2.23704e-10
29450 -8.02397e-10
29460 -3.54737e-10
29470 6.15184e-10
29480 8.41073e-10
29490 -4.79431e-11
29500 -9.41398e-10
29510 -6.34383e-10
29520 5.4488e-10
29530 1.06843e-09
29540 1.92196e-10
29550 -9.90454e-10
29560 -9.11867e-10
29570 3.88107e-10
29580 1.23115e-09
29590 4.70332e-10
29600 -9.48687e-10
29610 -1.16102e-09
29620 1.62753e-10
29630 1.31668e-09
29640 7.60108e-10
29650 -8.22876e-10
29660 -1.36126e-09
29670 -1.10004e-10
29680 1.32007e-09
29690 1.03758e-09
29700 -6.25109e-10
29710 -1.4978e-09
29720 -4.07974e-10
29730 1.24278e-09
29740 1.28214e-09
29750 -3.71412e-10
29760 -1.562e-09
29770 -7.09499e-10
29780 1.09155e-09
29790 1.4775e-09
29800 -7.97279e-11
29810 -1.55053e-09
29820 -9.94673e-10
29830 8.77111e-10
29840 1.61178e-09
29850 2.31098e-10
29860 -1.46497e-09
29870 -1.24618e-09
29880 6.13154e-10
29890 1.67752e-09
29900 5.42419e-10
29910 -1.31097e-09
29920 -1.44968e-09
29930 3.15188e-10
29940 1.67136e-09
29950 8.36626e-10
29960 -1.09757e-09
29970 -1.594e-09
29980 0
