-10 0
0 1.72206e-06
10 3.58703e-06
20 5.74748e-06
30 8.37578e-06
40 1.16752e-05
50 1.58925e-05
60 2.13325e-05
70 2.83757e-05
80 3.74983e-05
90 4.92974e-05
100 6.45201e-05
110 8.40989e-05
120 0.000109193
130 0.000141239
140 0.000182008
150 0.000233674
160 0.000298892
170 0.000380892
180 0.000483579
190 0.000611655
200 0.000770749
210 0.000967563
220 0.00121004
230 0.00150753
240 0.00187099
250 0.00231319
260 0.00284888
270 0.00349507
280 0.00427117
290 0.00519925
300 0.00630418
310 0.00761384
320 0.00915921
330 0.0109745
340 0.013097
350 0.0155674
360 0.0184291
370 0.0217287
380 0.0255147
390 0.029838
400 0.0347505
410 0.0403047
420 0.0465527
430 0.0535452
440 0.0613299
450 0.0699506
460 0.0794453
470 0.0898449
480 0.101171
490 0.113436
500 0.126637
510 0.140761
520 0.155777
530 0.171637
540 0.188276
550 0.205612
560 0.223541
570 0.241943
580 0.260676
590 0.279585
600 0.298495
610 0.317221
620 0.335563
630 0.353315
640 0.370267
650 0.386206
660 0.400925
670 0.414222
680 0.425909
690 0.435813
700 0.443784
710 0.449693
720 0.45344
730 0.454955
740 0.454202
750 0.451176
760 0.445908
770 0.438461
780 0.428931
790 0.417446
800 0.40416
810 0.389251
820 0.372918
830 0.355375
840 0.336848
850 0.317568
860 0.297768
870 0.277677
880 0.257515
890 0.237491
900 0.217799
910 0.198613
920 0.180087
930 0.162353
940 0.14552
950 0.129671
960 0.114869
970 0.101154
980 0.0885425
990 0.0770358
1000 0.0666162
1010 0.0572518
1020 0.0488985
1030 0.0415023
1040 0.0350022
1050 0.0293315
1060 0.0244211
1070 0.0202003
1080 0.016599
1090 0.0135491
1100 0.0109853
1110 0.00884614
1120 0.00707463
1130 0.00561862
1140 0.00443094
1150 0.00346951
1160 0.00269718
1170 0.00208153
1180 0.00159459
1190 0.00121247
1200 0.000914967
1210 0.000685188
1220 0.000509144
1230 0.000375365
1240 0.000274537
1250 0.000199175
1260 0.000143319
1270 0.000102273
1280 7.23675e-05
1290 5.07694e-05
1300 3.53082e-05
1310 2.43392e-05
1320 1.66275e-05
1330 1.12558e-05
1340 7.5489e-06
1350 5.01507e-06
1360 3.29975e-06
1370 2.14991e-06
1380 1.38679e-06
1390 8.8545e-07
1400 5.59491e-07
1410 3.49786e-07
1420 2.16317e-07
1430 1.32297e-07
1440 7.99969e-08
1450 4.78121e-08
1460 2.8237e-08
1470 1.64734e-08
1480 9.49043e-09
1490 5.39729e-09
1500 3.02891e-09
1510 1.67665e-09
1520 9.1506e-10
1530 4.92151e-10
1540 2.60708e-10
1550 1.35931e-10
1560 6.97155e-11
1570 3.51316e-11
1580 1.73724e-11
1590 8.41494e-12
1600 3.96849e-12
1610 1.80791e-12
1620 7.93715e-13
1630 3.21586e-13
1640 9.80807e-14
1650 3.43692e-15
1660 -4.22512e-14
1670 -6.2268e-14
1680 -8.21098e-14
1690 -9.49343e-14
1700 -9.91401e-14
1710 -9.21948e-14
1720 -9.79243e-14
1730 -1.06639e-13
1740 -1.01565e-13
1750 -1.07605e-13
1760 -1.0063e-13
1770 -1.02984e-13
1780 -9.1314e-14
1790 -9.60283e-14
1800 -9.41368e-14
1810 -1.04026e-13
1820 -1.0508e-13
1830 -1.04859e-13
1840 -1.00844e-13
1850 -1.09314e-13
1860 -1.20229e-13
1870 -1.18953e-13
1880 -1.12073e-13
1890 -1.1798e-13
1900 -1.14394e-13
1910 -1.29199e-13
1920 -1.19187e-13
1930 -1.14963e-13
1940 -1.15369e-13
1950 -1.14608e-13
1960 -1.13832e-13
1970 -1.18981e-13
1980 -1.1663e-13
1990 -1.235e-13
2000 -1.18956e-13
2010 -1.1885e-13
2020 -1.23028e-13
2030 -1.16003e-13
2040 -1.06028e-13
2050 -1.05951e-13
2060 -1.11054e-13
2070 -1.14137e-13
2080 -1.07986e-13
2090 -1.0875e-13
2100 -1.06408e-13
2110 -9.97538e-14
2120 -1.03236e-13
2130 -1.05297e-13
2140 -9.45847e-14
2150 -1.02955e-13
2160 -1.01971e-13
2170 -1.12641e-13
2180 -1.0954e-13
2190 -1.16675e-13
2200 -1.18476e-13
2210 -1.22302e-13
2220 -1.17924e-13
2230 -1.27552e-13
2240 -1.25821e-13
2250 -1.30796e-13
2260 -1.28629e-13
2270 -1.25143e-13
2280 -1.21577e-13
2290 -1.23337e-13
2300 -1.20041e-13
2310 -1.11204e-13
2320 -1.05584e-13
2330 -1.09871e-13
2340 -1.14092e-13
2350 -1.19761e-13
2360 -1.18347e-13
2370 -1.20171e-13
2380 -1.21942e-13
2390 -1.20518e-13
2400 -1.14871e-13
2410 -1.27335e-13
2420 -1.24949e-13
2430 -1.23779e-13
2440 -1.26606e-13
2450 -1.31583e-13
2460 -1.30028e-13
2470 -1.32928e-13
2480 -1.3365e-13
2490 -1.50253e-13
2500 -1.54276e-13
2510 -1.65108e-13
2520 -1.58764e-13
2530 -1.60169e-13
2540 -1.61263e-13
2550 -1.66137e-13
2560 -1.60993e-13
2570 -1.60193e-13
2580 -1.60854e-13
2590 -1.58998e-13
2600 -1.66372e-13
2610 -1.61281e-13
2620 -1.69859e-13
2630 -1.66924e-13
2640 -1.67085e-13
2650 -1.76521e-13
2660 -1.67611e-13
2670 -1.81057e-13
2680 -1.87125e-13
2690 -1.77463e-13
2700 -1.79848e-13
2710 -1.73881e-13
2720 -1.67564e-13
2730 -1.64063e-13
2740 -1.7298e-13
2750 -1.75481e-13
2760 -1.66492e-13
2770 -1.61386e-13
2780 -1.57957e-13
2790 -1.5785e-13
2800 -1.52836e-13
2810 -1.49942e-13
2820 -1.54372e-13
2830 -1.52992e-13
2840 -1.47398e-13
2850 -1.51139e-13
2860 -1.57292e-13
2870 -1.40737e-13
2880 -1.40949e-13
2890 -1.49411e-13
2900 -1.47055e-13
2910 -1.47681e-13
2920 -1.4552e-13
2930 -1.47878e-13
2940 -1.38978e-13
2950 -1.46139e-13
2960 -1.43712e-13
2970 -1.47103e-13
2980 -1.53453e-13
2990 -1.42454e-13
3000 -1.49541e-13
3010 -1.44878e-13
3020 -1.42436e-13
3030 -1.38307e-13
3040 -1.27426e-13
3050 -1.17843e-13
3060 -1.22334e-13
3070 -1.24624e-13
3080 -1.29808e-13
3090 -1.28405e-13
3100 -1.36632e-13
3110 -1.32572e-13
3120 -1.45622e-13
3130 -1.3415e-13
3140 -1.50399e-13
3150 -1.43691e-13
3160 -1.51489e-13
3170 -1.4714e-13
3180 -1.44552e-13
3190 -1.5238e-13
3200 -1.39017e-13
3210 -1.47407e-13
3220 -1.44123e-13
3230 -1.49388e-13
3240 -1.52753e-13
3250 -1.54127e-13
3260 -1.50405e-13
3270 -1.40749e-13
3280 -1.3666e-13
3290 -1.27262e-13
3300 -1.33735e-13
3310 -1.45202e-13
3320 -1.39849e-13
3330 -1.46762e-13
3340 -1.45448e-13
3350 -1.52399e-13
3360 -1.54586e-13
3370 -1.54851e-13
3380 -1.6367e-13
3390 -1.60993e-13
3400 -1.63548e-13
3410 -1.50826e-13
3420 -1.53343e-13
3430 -1.57021e-13
3440 -1.62048e-13
3450 -1.77678e-13
3460 -1.65806e-13
3470 -1.74319e-13
3480 -1.7546e-13
3490 -1.70094e-13
3500 -1.73828e-13
3510 -1.83599e-13
3520 -1.831e-13
3530 -1.88604e-13
3540 -1.93424e-13
3550 -2.00524e-13
3560 -2.07015e-13
3570 -2.00705e-13
3580 -2.02645e-13
3590 -1.93391e-13
3600 -2.02644e-13
3610 -2.04371e-13
3620 -1.96811e-13
3630 -1.97921e-13
3640 -1.99295e-13
3650 -2.02888e-13
3660 -1.98884e-13
3670 -2.11166e-13
3680 -2.12724e-13
3690 -2.14539e-13
3700 -2.05249e-13
3710 -1.97213e-13
3720 -1.93531e-13
3730 -1.94173e-13
3740 -1.97641e-13
3750 -1.99985e-13
3760 -2.02347e-13
3770 -2.04663e-13
3780 -2.12759e-13
3790 -2.15209e-13
3800 -2.14857e-13
3810 -2.19753e-13
3820 -2.25486e-13
3830 -2.35989e-13
3840 -2.19685e-13
3850 -2.29331e-13
3860 -2.26396e-13
3870 -2.23291e-13
3880 -2.27441e-13
3890 -2.24257e-13
3900 -2.28925e-13
3910 -2.19959e-13
3920 -2.26277e-13
3930 -2.16744e-13
3940 -2.22486e-13
3950 -2.23577e-13
3960 -2.29953e-13
3970 -2.26951e-13
3980 -2.44374e-13
3990 -2.37272e-13
4000 -2.35806e-13
4010 -2.41322e-13
4020 -2.25557e-13
4030 -2.16208e-13
4040 -2.17932e-13
4050 -2.13853e-13
4060 -2.10042e-13
4070 -2.23704e-13
4080 -2.21168e-13
4090 -2.16133e-13
4100 -2.17533e-13
4110 -2.22671e-13
4120 -2.22536e-13
4130 -2.37361e-13
4140 -2.37722e-13
4150 -2.33906e-13
4160 -2.45586e-13
4170 -2.39943e-13
4180 -2.48562e-13
4190 -2.4283e-13
4200 -2.48579e-13
4210 -2.39821e-13
4220 -2.35203e-13
4230 -2.39704e-13
4240 -2.46043e-13
4250 -2.40792e-13
4260 -2.44019e-13
4270 -2.49689e-13
4280 -2.47537e-13
4290 -2.56578e-13
4300 -2.56007e-13
4310 -2.56724e-13
4320 -2.55381e-13
4330 -2.59871e-13
4340 -2.55606e-13
4350 -2.51056e-13
4360 -2.51148e-13
4370 -2.47065e-13
4380 -2.42814e-13
4390 -2.33131e-13
4400 -2.43797e-13
4410 -2.4019e-13
4420 -2.4775e-13
4430 -2.47482e-13
4440 -2.48002e-13
4450 -2.54321e-13
4460 -2.53601e-13
4470 -2.4966e-13
4480 -2.44056e-13
4490 -2.53469e-13
4500 -2.36018e-13
4510 -2.4381e-13
4520 -2.51642e-13
4530 -2.46979e-13
4540 -2.45236e-13
4550 -2.54834e-13
4560 -2.54435e-13
4570 -2.57701e-13
4580 -2.59469e-13
4590 -2.5815e-13
4600 -2.50166e-13
4610 -2.54478e-13
4620 -2.53027e-13
4630 -2.51099e-13
4640 -2.57541e-13
4650 -2.60721e-13
4660 -2.52743e-13
4670 -2.50356e-13
4680 -2.50805e-13
4690 -2.49232e-13
4700 -2.4477e-13
4710 -2.43295e-13
4720 -2.51895e-13
4730 -2.48633e-13
4740 -2.54697e-13
4750 -2.5659e-13
4760 -2.57803e-13
4770 -2.563e-13
4780 -2.52754e-13
4790 -2.53441e-13
4800 -2.53505e-13
4810 -2.5649e-13
4820 -2.55694e-13
4830 -2.60435e-13
4840 -2.63985e-13
4850 -2.6208e-13
4860 -2.66468e-13
4870 -2.67903e-13
4880 -2.68852e-13
4890 -2.81196e-13
4900 -2.73179e-13
4910 -2.88245e-13
4920 -2.87348e-13
4930 -2.73754e-13
4940 -2.75833e-13
4950 -2.73626e-13
4960 -2.77014e-13
4970 -2.71825e-13
4980 -2.7017e-13
4990 -2.72347e-13
5000 -2.57732e-13
5010 -2.5933e-13
5020 -2.60831e-13
5030 -2.61683e-13
5040 -2.66553e-13
5050 -2.79293e-13
5060 -2.74603e-13
5070 -2.67625e-13
5080 -2.75581e-13
5090 -2.8743e-13
5100 -2.74943e-13
5110 -2.77687e-13
5120 -2.84387e-13
5130 -2.94176e-13
5140 -2.94708e-13
5150 -2.88212e-13
5160 -2.94805e-13
5170 -2.9558e-13
5180 -2.99935e-13
5190 -2.9724e-13
5200 -3.05371e-13
5210 -3.06017e-13
5220 -3.05481e-13
5230 -3.06174e-13
5240 -3.00892e-13
5250 -3.05598e-13
5260 -3.00524e-13
5270 -3.02293e-13
5280 -2.89682e-13
5290 -2.99109e-13
5300 -2.87938e-13
5310 -2.89391e-13
5320 -2.91608e-13
5330 -2.89655e-13
5340 -2.99174e-13
5350 -2.97935e-13
5360 -3.03609e-13
5370 -2.91142e-13
5380 -2.99093e-13
5390 -2.99719e-13
5400 -2.94171e-13
5410 -3.05353e-13
5420 -3.01358e-13
5430 -3.04428e-13
5440 -3.01446e-13
5450 -3.0116e-13
5460 -2.93012e-13
5470 -2.97796e-13
5480 -2.97277e-13
5490 -2.97138e-13
5500 -3.07505e-13
5510 -3.10464e-13
5520 -3.15439e-13
5530 -3.14341e-13
5540 -3.11175e-13
5550 -3.2534e-13
5560 -3.28523e-13
5570 -3.21627e-13
5580 -3.2243e-13
5590 -3.2395e-13
5600 -3.25511e-13
5610 -3.31958e-13
5620 -3.3026e-13
5630 -3.26952e-13
5640 -3.38701e-13
5650 -3.27386e-13
5660 -3.27741e-13
5670 -3.28635e-13
5680 -3.27351e-13
5690 -3.28009e-13
5700 -3.293e-13
5710 -3.18118e-13
5720 -3.29981e-13
5730 -3.37989e-13
5740 -3.43914e-13
5750 -3.26773e-13
5760 -3.39212e-13
5770 -3.43538e-13
5780 -3.31983e-13
5790 -3.35158e-13
5800 -3.16634e-13
5810 -3.14469e-13
5820 -3.13031e-13
5830 -3.07205e-13
5840 -3.07433e-13
5850 -3.22733e-13
5860 -3.17348e-13
5870 -3.20224e-13
5880 -3.09143e-13
5890 -3.14747e-13
5900 -3.09506e-13
5910 -2.99133e-13
5920 -3.02795e-13
5930 -3.02661e-13
5940 -3.05844e-13
5950 -2.96851e-13
5960 -3.0808e-13
5970 -2.97495e-13
5980 -3.03871e-13
5990 -2.96505e-13
6000 -3.10467e-13
6010 -3.12372e-13
6020 -3.02319e-13
6030 -2.96053e-13
6040 -2.99166e-13
6050 -3.07147e-13
6060 -3.12105e-13
6070 -3.00745e-13
6080 -3.02302e-13
6090 -2.99911e-13
6100 -3.01411e-13
6110 -2.98796e-13
6120 -2.86827e-13
6130 -2.88452e-13
6140 -2.72877e-13
6150 -2.67457e-13
6160 -2.77736e-13
6170 -2.73528e-13
6180 -2.83906e-13
6190 -2.88491e-13
6200 -2.95806e-13
6210 -3.01e-13
6220 -3.06824e-13
6230 -3.02855e-13
6240 -3.0049e-13
6250 -3.06548e-13
6260 -3.01056e-13
6270 -3.04528e-13
6280 -2.99988e-13
6290 -2.93465e-13
6300 -2.92418e-13
6310 -3.02631e-13
6320 -3.07534e-13
6330 -3.04587e-13
6340 -3.08882e-13
6350 -3.04218e-13
6360 -3.14366e-13
6370 -3.11662e-13
6380 -3.10916e-13
6390 -3.03157e-13
6400 -3.04082e-13
6410 -3.02295e-13
6420 -2.97585e-13
6430 -3.06264e-13
6440 -2.98339e-13
6450 -2.99365e-13
6460 -3.06921e-13
6470 -3.20958e-13
6480 -3.06092e-13
6490 -3.12905e-13
6500 -3.22525e-13
6510 -3.23001e-13
6520 -3.08111e-13
6530 -3.08318e-13
6540 -3.04686e-13
6550 -3.01492e-13
6560 -3.04105e-13
6570 -3.06395e-13
6580 -3.10055e-13
6590 -3.1425e-13
6600 -3.21493e-13
6610 -3.24184e-13
6620 -3.26724e-13
6630 -3.26214e-13
6640 -3.30472e-13
6650 -3.28447e-13
6660 -3.29959e-13
6670 -3.33547e-13
6680 -3.34218e-13
6690 -3.35216e-13
6700 -3.2439e-13
6710 -3.23923e-13
6720 -3.20117e-13
6730 -3.27211e-13
6740 -3.18499e-13
6750 -3.18539e-13
6760 -3.0678e-13
6770 -3.18447e-13
6780 -3.28734e-13
6790 -3.30815e-13
6800 -3.32112e-13
6810 -3.28849e-13
6820 -3.33217e-13
6830 -3.30765e-13
6840 -3.20662e-13
6850 -3.28648e-13
6860 -3.27064e-13
6870 -3.2361e-13
6880 -3.31341e-13
6890 -3.21518e-13
6900 -3.20867e-13
6910 -3.2171e-13
6920 -3.16281e-13
6930 -3.14914e-13
6940 -3.19697e-13
6950 -3.18199e-13
6960 -3.16742e-13
6970 -3.15207e-13
6980 -3.18198e-13
6990 -3.26119e-13
7000 -3.23005e-13
7010 -3.23135e-13
7020 -3.27483e-13
7030 -3.17945e-13
7040 -3.16769e-13
7050 -3.19974e-13
7060 -3.23189e-13
7070 -3.15878e-13
7080 -3.2652e-13
7090 -3.20338e-13
7100 -3.0814e-13
7110 -3.10921e-13
7120 -3.11976e-13
7130 -3.16819e-13
7140 -3.08647e-13
7150 -2.98808e-13
7160 -3.15091e-13
7170 -3.07469e-13
7180 -3.05624e-13
7190 -3.03308e-13
7200 -3.05159e-13
7210 -3.12274e-13
7220 -3.22154e-13
7230 -3.13735e-13
7240 -3.154e-13
7250 -3.19287e-13
7260 -3.27693e-13
7270 -3.35414e-13
7280 -3.30747e-13
7290 -3.35735e-13
7300 -3.37774e-13
7310 -3.31069e-13
7320 -3.3435e-13
7330 -3.31779e-13
7340 -3.33999e-13
7350 -3.30408e-13
7360 -3.19392e-13
7370 -3.08341e-13
7380 -3.20385e-13
7390 -3.24049e-13
7400 -3.22356e-13
7410 -3.29292e-13
7420 -3.16109e-13
7430 -3.20306e-13
7440 -3.2233e-13
7450 -3.16307e-13
7460 -3.11794e-13
7470 -3.08451e-13
7480 -3.04739e-13
7490 -3.03905e-13
7500 -3.09357e-13
7510 -3.06958e-13
7520 -3.06605e-13
7530 -3.02914e-13
7540 -2.97329e-13
7550 -3.10725e-13
7560 -3.15643e-13
7570 -3.0527e-13
7580 -2.95324e-13
7590 -2.95282e-13
7600 -2.99828e-13
7610 -2.96292e-13
7620 -2.97758e-13
7630 -3.01996e-13
7640 -2.99119e-13
7650 -3.08209e-13
7660 -3.07825e-13
7670 -3.06267e-13
7680 -3.02934e-13
7690 -2.96699e-13
7700 -2.94463e-13
7710 -2.88694e-13
7720 -2.84825e-13
7730 -2.90892e-13
7740 -2.97872e-13
7750 -2.86479e-13
7760 -2.9082e-13
7770 -2.91585e-13
7780 -2.93867e-13
7790 -2.86165e-13
7800 -2.84715e-13
7810 -2.91299e-13
7820 -3.05232e-13
7830 -2.99939e-13
7840 -2.88458e-13
7850 -2.96918e-13
7860 -3.02845e-13
7870 -3.04621e-13
7880 -3.01147e-13
7890 -2.92837e-13
7900 -2.93201e-13
7910 -2.91273e-13
7920 -2.89584e-13
7930 -2.89637e-13
7940 -2.93332e-13
7950 -2.88583e-13
7960 -2.92892e-13
7970 -2.97128e-13
7980 -3.10771e-13
7990 -2.93425e-13
8000 -2.95447e-13
8010 -2.84224e-13
8020 -2.88536e-13
8030 -2.88331e-13
8040 -2.88512e-13
8050 -2.70023e-13
8060 -2.73599e-13
8070 -2.70379e-13
8080 -2.71732e-13
8090 -2.73958e-13
8100 -2.77117e-13
8110 -2.7293e-13
8120 -2.75627e-13
8130 -2.64166e-13
8140 -2.68412e-13
8150 -2.66117e-13
8160 -2.63772e-13
8170 -2.61741e-13
8180 -2.54384e-13
8190 -2.47035e-13
8200 -2.57539e-13
8210 -2.5954e-13
8220 -2.53017e-13
8230 -2.59775e-13
8240 -2.51745e-13
8250 -2.59258e-13
8260 -2.62858e-13
8270 -2.6697e-13
8280 -2.77191e-13
8290 -3.24692e-13
8300 -4.12743e-13
8310 -6.33711e-13
8320 -1.17283e-12
8330 -2.40007e-12
8340 -5.11925e-12
8350 -1.10593e-11
8360 -2.36992e-11
8370 -5.00795e-11
8380 -1.04029e-10
8390 -2.12393e-10
8400 -4.26099e-10
8410 -8.40408e-10
8420 -1.63046e-09
8430 -3.11312e-09
8440 -5.8532e-09
8450 -1.08424e-08
8460 -1.9797e-08
8470 -3.56464e-08
8480 -6.33218e-08
8490 -1.11015e-07
8500 -1.92159e-07
8510 -3.28502e-07
8520 -5.54821e-07
8530 -9.26049e-07
8540 -1.52794e-06
8550 -2.49277e-06
8560 -4.0223e-06
8570 -6.42074e-06
8580 -1.01417e-05
8590 -1.58544e-05
8600 -2.4535e-05
8610 -3.75929e-05
8620 -5.70411e-05
8630 -8.57256e-05
8640 -0.000127628
8650 -0.000188264
8660 -0.000275195
8670 -0.000398683
8680 -0.000572525
8690 -0.000815076
8700 -0.00115053
8710 -0.00161045
8720 -0.00223562
8730 -0.00307826
8740 -0.00420452
8750 -0.00569743
8760 -0.0076602
8770 -0.0102198
8780 -0.0135311
8790 -0.0177807
8800 -0.0231918
8810 -0.030028
8820 -0.0385979
8830 -0.0492588
8840 -0.0624197
8850 -0.0785439
8860 -0.0981501
8870 -0.121812
8880 -0.150154
8890 -0.183853
8900 -0.223623
8910 -0.270213
8920 -0.324389
8930 -0.386925
8940 -0.458579
8950 -0.540077
8960 -0.632087
8970 -0.735196
8980 -0.849885
8990 -0.976498
9000 -1.11522
9010 -1.26605
9020 -1.42878
9030 -1.60298
9040 -1.78795
9050 -1.98277
9060 -2.18626
9070 -2.39695
9080 -2.61316
9090 -2.83298
9100 -3.05428
9110 -3.27478
9120 -3.49206
9130 -3.7036
9140 -3.90687
9150 -4.09932
9160 -4.27849
9170 -4.44204
9180 -4.58778
9190 -4.71376
9200 -4.8183
9210 -4.89999
9220 -4.9578
9230 -4.99102
9240 -4.99931
9250 -4.98272
9260 -4.94167
9270 -4.8769
9280 -4.78952
9290 -4.68091
9300 -4.55275
9310 -4.40692
9320 -4.24547
9330 -4.07062
9340 -3.88463
9350 -3.68984
9360 -3.48855
9370 -3.28303
9380 -3.07544
9390 -2.86784
9400 -2.66213
9410 -2.46004
9420 -2.26309
9430 -2.07263
9440 -1.88979
9450 -1.71548
9460 -1.55042
9470 -1.39512
9480 -1.24994
9490 -1.11503
9500 -0.990418
9510 -0.875972
9520 -0.77146
9530 -0.676545
9540 -0.590813
9550 -0.513786
9560 -0.444942
9570 -0.383726
9580 -0.329568
9590 -0.281893
9600 -0.24013
9610 -0.203724
9620 -0.172138
9630 -0.144864
9640 -0.121423
9650 -0.10137
9660 -0.0842924
9670 -0.0698151
9680 -0.057597
9690 -0.0473311
9700 -0.0387435
9710 -0.0315909
9720 -0.0256593
9730 -0.0207614
9740 -0.016734
9750 -0.0134365
9760 -0.0107479
9770 -0.0085647
9780 -0.00679932
9790 -0.00537761
9800 -0.0042373
9810 -0.00332638
9820 -0.00260163
9830 -0.00202729
9840 -0.00157395
9850 -0.00121753
9860 -0.000938394
9870 -0.000720645
9880 -0.000551442
9890 -0.000420471
9900 -0.000319491
9910 -0.000241941
9920 -0.000182627
9930 -0.000137453
9940 -0.000103211
9950 -7.73933e-05
9960 -5.806e-05
9970 -4.37166e-05
9980 -3.32245e-05
9990 -2.57281e-05
10000 -1.98751e-05
10010 -1.53166e-05
10020 -1.17753e-05
10030 -9.03108e-06
10040 -6.90988e-06
10050 -5.27432e-06
10060 -4.01634e-06
10070 -3.05116e-06
10080 -2.31246e-06
10090 -1.74847e-06
10100 -1.31893e-06
10110 -9.92588e-07
10120 -7.45247e-07
10130 -5.58238e-07
10140 -4.17184e-07
10150 -3.1105e-07
10160 -2.31381e-07
10170 -1.71721e-07
10180 -1.27151e-07
10190 -9.39334e-08
10200 -6.92351e-08
10210 -5.09145e-08
10220 -3.73566e-08
10230 -2.73469e-08
10240 -1.9974e-08
10250 -1.45559e-08
10260 -1.05837e-08
10270 -7.67817e-09
10280 -5.55784e-09
10290 -4.01406e-09
10300 -2.89264e-09
10310 -2.07989e-09
10320 -1.49219e-09
10330 -1.0682e-09
10340 -7.63001e-10
10350 -5.43826e-10
10360 -3.86761e-10
10370 -2.7448e-10
10380 -1.94369e-10
10390 -1.3736e-10
10400 -9.68711e-11
10410 -6.81854e-11
10420 -4.79015e-11
10430 -3.35912e-11
10440 -2.35242e-11
10450 -1.64517e-11
10460 -1.14926e-11
10470 -8.02431e-12
10480 -5.61023e-12
10490 -3.91845e-12
10500 -2.75898e-12
10510 -1.94341e-12
10520 -1.38334e-12
10530 -9.95033e-13
10540 -7.27369e-13
10550 -5.45078e-13
10560 -4.18537e-13
10570 -3.28221e-13
10580 -2.63926e-13
10590 -2.25782e-13
10600 -1.98955e-13
10610 -1.8665e-13
10620 -1.73319e-13
10630 -1.63898e-13
10640 -1.59842e-13
10650 -1.51777e-13
10660 -1.44444e-13
10670 -1.44612e-13
10680 -1.40082e-13
10690 -1.41359e-13
10700 -1.43459e-13
10710 -1.39654e-13
10720 -1.45523e-13
10730 -1.41763e-13
10740 -1.43003e-13
10750 -1.41782e-13
10760 -1.42111e-13
10770 -1.45584e-13
10780 -1.42829e-13
10790 -1.39564e-13
10800 -1.37909e-13
10810 -1.38782e-13
10820 -1.36369e-13
10830 -1.35312e-13
10840 -1.33976e-13
10850 -1.22153e-13
10860 -1.20754e-13
10870 -1.25051e-13
10880 -1.29757e-13
10890 -1.34338e-13
10900 -1.36682e-13
10910 -1.38984e-13
10920 -1.40803e-13
10930 -1.43855e-13
10940 -1.43398e-13
10950 -1.43827e-13
10960 -1.47341e-13
10970 -1.49482e-13
10980 -1.5581e-13
10990 -1.53471e-13
11000 -1.49123e-13
11010 -1.46358e-13
11020 -1.44309e-13
11030 -1.42438e-13
11040 -1.41487e-13
11050 -1.34787e-13
11060 -1.43353e-13
11070 -1.41172e-13
11080 -1.46404e-13
11090 -1.50307e-13
11100 -1.45278e-13
11110 -1.45865e-13
11120 -1.4248e-13
11130 -1.42565e-13
11140 -1.44123e-13
11150 -1.37928e-13
11160 -1.34757e-13
11170 -1.33543e-13
11180 -1.33779e-13
11190 -1.36533e-13
11200 -1.30085e-13
11210 -1.30514e-13
11220 -1.29153e-13
11230 -1.27404e-13
11240 -1.35354e-13
11250 -1.35639e-13
11260 -1.37847e-13
11270 -1.3048e-13
11280 -1.31755e-13
11290 -1.34895e-13
11300 -1.35688e-13
11310 -1.31996e-13
11320 -1.29934e-13
11330 -1.37771e-13
11340 -1.38296e-13
11350 -1.36335e-13
11360 -1.35692e-13
11370 -1.30498e-13
11380 -1.29494e-13
11390 -1.30366e-13
11400 -1.3051e-13
11410 -1.31986e-13
11420 -1.40642e-13
11430 -1.45214e-13
11440 -1.43989e-13
11450 -1.36487e-13
11460 -1.38934e-13
11470 -1.29287e-13
11480 -1.29069e-13
11490 -1.23717e-13
11500 -1.2664e-13
11510 -1.27819e-13
11520 -1.28178e-13
11530 -1.3104e-13
11540 -1.25437e-13
11550 -1.32733e-13
11560 -1.25216e-13
11570 -1.36635e-13
11580 -1.34638e-13
11590 -1.35961e-13
11600 -1.33384e-13
11610 -1.36716e-13
11620 -1.38543e-13
11630 -1.33693e-13
11640 -1.35546e-13
11650 -1.41326e-13
11660 -1.3558e-13
11670 -1.3925e-13
11680 -1.40191e-13
11690 -1.34886e-13
11700 -1.37846e-13
11710 -1.398e-13
11720 -1.41805e-13
11730 -1.40517e-13
11740 -1.41061e-13
11750 -1.37233e-13
11760 -1.45728e-13
11770 -1.39786e-13
11780 -1.38189e-13
11790 -1.33474e-13
11800 -1.29891e-13
11810 -1.34775e-13
11820 -1.2956e-13
11830 -1.2752e-13
11840 -1.2596e-13
11850 -1.29608e-13
11860 -1.339e-13
11870 -1.37087e-13
11880 -1.34472e-13
11890 -1.36218e-13
11900 -1.33252e-13
11910 -1.31181e-13
11920 -1.30037e-13
11930 -1.30414e-13
11940 -1.2786e-13
11950 -1.24692e-13
11960 -1.2528e-13
11970 -1.24347e-13
11980 -1.2405e-13
11990 -1.30141e-13
12000 -1.31393e-13
12010 -1.37927e-13
12020 -1.43504e-13
12030 -1.42324e-13
12040 -1.43051e-13
12050 -1.37392e-13
12060 -1.40388e-13
12070 -1.46891e-13
12080 -1.45297e-13
12090 -1.37423e-13
12100 -1.36035e-13
12110 -1.33289e-13
12120 -1.35258e-13
12130 -1.38581e-13
12140 -1.34894e-13
12150 -1.33959e-13
12160 -1.27791e-13
12170 -1.37105e-13
12180 -1.3777e-13
12190 -1.32291e-13
12200 -1.38238e-13
12210 -1.39378e-13
12220 -1.44672e-13
12230 -1.50916e-13
12240 -1.52181e-13
12250 -1.51189e-13
12260 -1.53071e-13
12270 -1.50988e-13
12280 -1.55509e-13
12290 -1.60786e-13
12300 -1.61788e-13
12310 -1.66198e-13
12320 -1.59728e-13
12330 -1.62655e-13
12340 -1.6372e-13
12350 -1.71434e-13
12360 -1.69692e-13
12370 -1.70944e-13
12380 -1.60469e-13
12390 -1.54152e-13
12400 -1.55647e-13
12410 -1.61431e-13
12420 -1.61959e-13
12430 -1.60426e-13
12440 -1.53854e-13
12450 -1.54403e-13
12460 -1.50851e-13
12470 -1.51902e-13
12480 -1.50913e-13
12490 -1.56308e-13
12500 -1.58166e-13
12510 -1.54833e-13
12520 -1.53757e-13
12530 -1.53712e-13
12540 -1.57576e-13
12550 -1.61279e-13
12560 -1.64706e-13
12570 -1.59827e-13
12580 -1.56225e-13
12590 -1.50624e-13
12600 -1.59225e-13
12610 -1.46479e-13
12620 -1.54123e-13
12630 -1.50555e-13
12640 -1.5137e-13
12650 -1.54066e-13
12660 -1.49358e-13
12670 -1.50013e-13
12680 -1.39683e-13
12690 -1.38212e-13
12700 -1.34727e-13
12710 -1.32248e-13
12720 -1.31175e-13
12730 -1.34191e-13
12740 -1.38555e-13
12750 -1.3616e-13
12760 -1.40774e-13
12770 -1.45173e-13
12780 -1.41559e-13
12790 -1.47925e-13
12800 -1.49616e-13
12810 -1.49073e-13
12820 -1.46488e-13
12830 -1.42208e-13
12840 -1.4511e-13
12850 -1.4439e-13
12860 -1.42011e-13
12870 -1.4981e-13
12880 -1.44667e-13
12890 -1.45031e-13
12900 -1.40195e-13
12910 -1.37583e-13
12920 -1.36199e-13
12930 -1.32717e-13
12940 -1.35212e-13
12950 -1.35686e-13
12960 -1.29368e-13
12970 -1.38783e-13
12980 -1.29847e-13
12990 -1.29112e-13
13000 -1.24856e-13
13010 -1.27906e-13
13020 -1.13998e-13
13030 -1.17596e-13
13040 -1.15696e-13
13050 -1.16251e-13
13060 -1.22325e-13
13070 -1.17508e-13
13080 -1.22897e-13
13090 -1.25975e-13
13100 -1.33276e-13
13110 -1.28842e-13
13120 -1.32957e-13
13130 -1.33243e-13
13140 -1.26007e-13
13150 -1.33038e-13
13160 -1.27079e-13
13170 -1.31064e-13
13180 -1.28636e-13
13190 -1.25842e-13
13200 -1.24053e-13
13210 -1.27662e-13
13220 -1.23439e-13
13230 -1.22272e-13
13240 -1.18017e-13
13250 -1.15566e-13
13260 -1.18003e-13
13270 -1.18227e-13
13280 -1.10198e-13
13290 -1.09796e-13
13300 -1.07632e-13
13310 -1.12794e-13
13320 -1.0797e-13
13330 -1.15755e-13
13340 -1.12953e-13
13350 -1.11127e-13
13360 -1.11837e-13
13370 -1.18269e-13
13380 -1.16173e-13
13390 -1.06737e-13
13400 -1.10537e-13
13410 -1.13879e-13
13420 -1.12653e-13
13430 -1.16248e-13
13440 -1.18181e-13
13450 -1.18556e-13
13460 -1.17061e-13
13470 -1.16875e-13
13480 -1.15947e-13
13490 -1.06335e-13
13500 -1.10836e-13
13510 -1.12953e-13
13520 -1.07462e-13
13530 -1.10135e-13
13540 -1.09052e-13
13550 -1.07033e-13
13560 -1.1244e-13
13570 -1.05794e-13
13580 -1.13567e-13
13590 -1.11468e-13
13600 -1.12731e-13
13610 -1.09651e-13
13620 -1.19475e-13
13630 -1.18357e-13
13640 -1.17427e-13
13650 -1.17476e-13
13660 -1.19677e-13
13670 -1.2528e-13
13680 -1.19385e-13
13690 -1.21613e-13
13700 -1.25291e-13
13710 -1.24197e-13
13720 -1.18866e-13
13730 -1.18406e-13
13740 -1.2021e-13
13750 -1.24949e-13
13760 -1.24777e-13
13770 -1.29024e-13
13780 -1.34427e-13
13790 -1.28683e-13
13800 -1.33205e-13
13810 -1.31961e-13
13820 -1.3368e-13
13830 -1.38006e-13
13840 -1.41529e-13
13850 -1.51524e-13
13860 -1.56114e-13
13870 -1.54663e-13
13880 -1.53826e-13
13890 -1.56067e-13
13900 -1.56701e-13
13910 -1.59829e-13
13920 -1.60468e-13
13930 -1.61589e-13
13940 -1.5885e-13
13950 -1.57822e-13
13960 -1.6558e-13
13970 -1.59368e-13
13980 -1.57979e-13
13990 -1.60325e-13
14000 -1.60394e-13
14010 -1.60412e-13
14020 -1.58664e-13
14030 -1.5834e-13
14040 -1.58654e-13
14050 -1.59902e-13
14060 -1.65771e-13
14070 -1.60049e-13
14080 -1.64899e-13
14090 -1.55946e-13
14100 -1.64345e-13
14110 -1.61064e-13
14120 -1.602e-13
14130 -1.59104e-13
14140 -1.64221e-13
14150 -1.59208e-13
14160 -1.62047e-13
14170 -1.68308e-13
14180 -1.72313e-13
14190 -1.68108e-13
14200 -1.65858e-13
14210 -1.71139e-13
14220 -1.64768e-13
14230 -1.61398e-13
14240 -1.62179e-13
14250 -1.57578e-13
14260 -1.5402e-13
14270 -1.5691e-13
14280 -1.57456e-13
14290 -1.57511e-13
14300 -1.55846e-13
14310 -1.49165e-13
14320 -1.51906e-13
14330 -1.56945e-13
14340 -1.5494e-13
14350 -1.54156e-13
14360 -1.59246e-13
14370 -1.55253e-13
14380 -1.54541e-13
14390 -1.52118e-13
14400 -1.4675e-13
14410 -1.45996e-13
14420 -1.49684e-13
14430 -1.3877e-13
14440 -1.44965e-13
14450 -1.37229e-13
14460 -1.36718e-13
14470 -1.33361e-13
14480 -1.40674e-13
14490 -1.34159e-13
14500 -1.3699e-13
14510 -1.40541e-13
14520 -1.44865e-13
14530 -1.48666e-13
14540 -1.4285e-13
14550 -1.4678e-13
14560 -1.47767e-13
14570 -1.48237e-13
14580 -1.4705e-13
14590 -1.4841e-13
14600 -1.45421e-13
14610 -1.49438e-13
14620 -1.51853e-13
14630 -1.53659e-13
14640 -1.52118e-13
14650 -1.50247e-13
14660 -1.52991e-13
14670 -1.58123e-13
14680 -1.6164e-13
14690 -1.568e-13
14700 -1.58724e-13
14710 -1.53147e-13
14720 -1.45762e-13
14730 -1.46287e-13
14740 -1.44389e-13
14750 -1.34437e-13
14760 -1.3345e-13
14770 -1.34987e-13
14780 -1.30621e-13
14790 -1.27708e-13
14800 -1.42216e-13
14810 -1.43737e-13
14820 -1.3691e-13
14830 -1.44264e-13
14840 -1.44976e-13
14850 -1.3667e-13
14860 -1.36374e-13
14870 -1.40088e-13
14880 -1.32519e-13
14890 -1.29364e-13
14900 -1.33176e-13
14910 -1.28797e-13
14920 -1.25203e-13
14930 -1.2567e-13
14940 -1.25387e-13
14950 -1.26523e-13
14960 -1.282e-13
14970 -1.31777e-13
14980 -1.33831e-13
14990 -1.28382e-13
15000 -1.2987e-13
15010 -1.33537e-13
15020 -1.30542e-13
15030 -1.28018e-13
15040 -1.23789e-13
15050 -1.29672e-13
15060 -1.27796e-13
15070 -1.25855e-13
15080 -1.29503e-13
15090 -1.31152e-13
15100 -1.37749e-13
15110 -1.30239e-13
15120 -1.29528e-13
15130 -1.32905e-13
15140 -1.35745e-13
15150 -1.39193e-13
15160 -1.39952e-13
15170 -1.41616e-13
15180 -1.46953e-13
15190 -1.52055e-13
15200 -1.50552e-13
15210 -1.45409e-13
15220 -1.51413e-13
15230 -1.51619e-13
15240 -1.56482e-13
15250 -1.57318e-13
15260 -1.63017e-13
15270 -1.69682e-13
15280 -1.58848e-13
15290 -1.61753e-13
15300 -1.59651e-13
15310 -1.57877e-13
15320 -1.55351e-13
15330 -1.57159e-13
15340 -1.56272e-13
15350 -1.48023e-13
15360 -1.60305e-13
15370 -1.61876e-13
15380 -1.57934e-13
15390 -1.62217e-13
15400 -1.67301e-13
15410 -1.65648e-13
15420 -1.59557e-13
15430 -1.64805e-13
15440 -1.75017e-13
15450 -1.60618e-13
15460 -1.6115e-13
15470 -1.6468e-13
15480 -1.54336e-13
15490 -1.42901e-13
15500 -1.51944e-13
15510 -1.62001e-13
15520 -1.58019e-13
15530 -1.49792e-13
15540 -1.47036e-13
15550 -1.41574e-13
15560 -1.44384e-13
15570 -1.47071e-13
15580 -1.53556e-13
15590 -1.51993e-13
15600 -1.53601e-13
15610 -1.55378e-13
15620 -1.59182e-13
15630 -1.56824e-13
15640 -1.56797e-13
15650 -1.56097e-13
15660 -1.5989e-13
15670 -1.64354e-13
15680 -1.6855e-13
15690 -1.67996e-13
15700 -1.63031e-13
15710 -1.59283e-13
15720 -1.60236e-13
15730 -1.68572e-13
15740 -1.69166e-13
15750 -1.62719e-13
15760 -1.61932e-13
15770 -1.58208e-13
15780 -1.5553e-13
15790 -1.64651e-13
15800 -1.6625e-13
15810 -1.55336e-13
15820 -1.60595e-13
15830 -1.61097e-13
15840 -1.6835e-13
15850 -1.58026e-13
15860 -1.48055e-13
15870 -1.51269e-13
15880 -1.52827e-13
15890 -1.53916e-13
15900 -1.6429e-13
15910 -1.59835e-13
15920 -1.70384e-13
15930 -1.64624e-13
15940 -1.60877e-13
15950 -1.68403e-13
15960 -1.65868e-13
15970 -1.62065e-13
15980 -1.68873e-13
15990 -1.70128e-13
16000 -1.69919e-13
16010 -1.72632e-13
16020 -1.70268e-13
16030 -1.68272e-13
16040 -1.74834e-13
16050 -1.69901e-13
16060 -1.7161e-13
16070 -1.70885e-13
16080 -1.73812e-13
16090 -1.67126e-13
16100 -1.66947e-13
16110 -1.72063e-13
16120 -1.74446e-13
16130 -1.64448e-13
16140 -1.64457e-13
16150 -1.7247e-13
16160 -1.65604e-13
16170 -1.69874e-13
16180 -1.6505e-13
16190 -1.69362e-13
16200 -1.69342e-13
16210 -1.70332e-13
16220 -1.69748e-13
16230 -1.68428e-13
16240 -1.61999e-13
16250 -1.65829e-13
16260 -1.60514e-13
16270 -1.56184e-13
16280 -1.59073e-13
16290 -1.60469e-13
16300 -1.58847e-13
16310 -1.62295e-13
16320 -1.64292e-13
16330 -1.65527e-13
16340 -1.62659e-13
16350 -1.56644e-13
16360 -1.58972e-13
16370 -1.56657e-13
16380 -1.61207e-13
16390 -1.54599e-13
16400 -1.52797e-13
16410 -1.61535e-13
16420 -1.55901e-13
16430 -1.49908e-13
16440 -1.55914e-13
16450 -1.47952e-13
16460 -1.52187e-13
16470 -1.5345e-13
16480 -1.53166e-13
16490 -1.54585e-13
16500 -1.5931e-13
16510 -1.56647e-13
16520 -1.56142e-13
16530 -1.55179e-13
16540 -1.60764e-13
16550 -1.65143e-13
16560 -1.59962e-13
16570 -1.64848e-13
16580 -1.57708e-13
16590 -1.61214e-13
16600 -1.64227e-13
16610 -1.64567e-13
16620 -1.5599e-13
16630 -1.51284e-13
16640 -1.51856e-13
16650 -1.59522e-13
16660 -1.53411e-13
16670 -1.58265e-13
16680 -1.51887e-13
16690 -1.54572e-13
16700 -1.55861e-13
16710 -1.54215e-13
16720 -1.57008e-13
16730 -1.55101e-13
16740 -1.55665e-13
16750 -1.54786e-13
16760 -1.50077e-13
16770 -1.57805e-13
16780 -1.63357e-13
16790 -1.66542e-13
16800 -1.65819e-13
16810 -1.64806e-13
16820 -1.63821e-13
16830 -1.63604e-13
16840 -1.62443e-13
16850 -1.6071e-13
16860 -1.63239e-13
16870 -1.67969e-13
16880 -1.65001e-13
16890 -1.67971e-13
16900 -1.74496e-13
16910 -1.62741e-13
16920 -1.69822e-13
16930 -1.6053e-13
16940 -1.56583e-13
16950 -1.59438e-13
16960 -1.5999e-13
16970 -1.47225e-13
16980 -1.49849e-13
16990 -1.58682e-13
17000 -1.6022e-13
17010 -1.57407e-13
17020 -1.53023e-13
17030 -1.59734e-13
17040 -1.58241e-13
17050 -1.53235e-13
17060 -1.5504e-13
17070 -1.53976e-13
17080 -1.5271e-13
17090 -1.48734e-13
17100 -1.43494e-13
17110 -1.4836e-13
17120 -1.39495e-13
17130 -1.33465e-13
17140 -1.43484e-13
17150 -1.28622e-13
17160 -1.3127e-13
17170 -1.36032e-13
17180 -1.31499e-13
17190 -1.3603e-13
17200 -1.38774e-13
17210 -1.51426e-13
17220 -1.51965e-13
17230 -1.45498e-13
17240 -1.47539e-13
17250 -1.5618e-13
17260 -1.47433e-13
17270 -1.51349e-13
17280 -1.44891e-13
17290 -1.57461e-13
17300 -1.56439e-13
17310 -1.5056e-13
17320 -1.44235e-13
17330 -1.54726e-13
17340 -1.55624e-13
17350 -1.41906e-13
17360 -1.37624e-13
17370 -1.3662e-13
17380 -1.43485e-13
17390 -1.3958e-13
17400 -1.42662e-13
17410 -1.44e-13
17420 -1.37359e-13
17430 -1.33795e-13
17440 -1.33698e-13
17450 -1.16141e-13
17460 -9.71478e-14
17470 -6.32295e-14
17480 -2.09217e-14
17490 3.77018e-14
17500 1.33457e-13
17510 2.67279e-13
17520 4.57494e-13
17530 7.4697e-13
17540 1.16369e-12
17550 1.75927e-12
17560 2.62528e-12
17570 3.87273e-12
17580 5.66586e-12
17590 8.23332e-12
17600 1.1917e-11
17610 1.71775e-11
17620 2.46572e-11
17630 3.52887e-11
17640 5.03644e-11
17650 7.16683e-11
17660 1.01699e-10
17670 1.43953e-10
17680 2.03247e-10
17690 2.86251e-10
17700 4.0213e-10
17710 5.63518e-10
17720 7.87726e-10
17730 1.09843e-09
17740 1.52793e-09
17750 2.12012e-09
17760 2.93457e-09
17770 4.05185e-09
17780 5.58069e-09
17790 7.66734e-09
17800 1.0508e-08
17810 1.43654e-08
17820 1.95897e-08
17830 2.66472e-08
17840 3.61565e-08
17850 4.89361e-08
17860 6.6066e-08
17870 8.89671e-08
17880 1.19504e-07
17890 1.60115e-07
17900 2.13982e-07
17910 2.85243e-07
17920 3.79265e-07
17930 5.02987e-07
17940 6.65358e-07
17950 8.7788e-07
17960 1.1553e-06
17970 1.51645e-06
17980 1.98534e-06
17990 2.59247e-06
18000 3.37643e-06
18010 4.38598e-06
18020 5.68246e-06
18030 7.34286e-06
18040 9.46345e-06
18050 1.21643e-05
18060 1.55945e-05
18070 1.9939e-05
18080 2.54261e-05
18090 3.23367e-05
18100 4.10155e-05
18110 5.18842e-05
18120 6.54565e-05
18130 8.23566e-05
18140 0.00010334
18150 0.000129318
18160 0.000161387
18170 0.00020086
18180 0.000249303
18190 0.000308583
18200 0.000380908
18210 0.000468889
18220 0.000575596
18230 0.000704629
18240 0.00086019
18250 0.00104717
18260 0.00127122
18270 0.00153889
18280 0.00185768
18290 0.00223619
18300 0.0026842
18310 0.00321283
18320 0.00383463
18330 0.00456372
18340 0.00541587
18350 0.0064087
18360 0.00756169
18370 0.00889634
18380 0.0104362
18390 0.0122071
18400 0.0142369
18410 0.0165555
18420 0.0191954
18430 0.0221907
18440 0.0255776
18450 0.0293942
18460 0.03368
18470 0.0384756
18480 0.0438226
18490 0.0497631
18500 0.0563387
18510 0.0635907
18520 0.0715587
18530 0.0802805
18540 0.0897906
18550 0.10012
18560 0.111295
18570 0.123337
18580 0.136258
18590 0.150067
18600 0.164761
18610 0.180328
18620 0.196748
18630 0.213988
18640 0.232005
18650 0.250741
18660 0.27013
18670 0.29009
18680 0.310527
18690 0.331336
18700 0.3524
18710 0.37359
18720 0.394768
18730 0.415786
18740 0.436491
18750 0.456721
18760 0.476313
18770 0.495102
18780 0.512923
18790 0.529612
18800 0.545014
18810 0.558979
18820 0.571367
18830 0.582052
18840 0.59092
18850 0.597875
18860 0.602837
18870 0.605749
18880 0.606572
18890 0.605288
18900 0.601902
18910 0.59644
18920 0.588952
18930 0.579506
18940 0.568192
18950 0.555116
18960 0.540403
18970 0.524192
18980 0.506634
18990 0.487892
19000 0.468135
19010 0.447538
19020 0.426277
19030 0.404531
19040 0.382472
19050 0.360273
19060 0.338094
19070 0.316089
19080 0.294403
19090 0.273166
19100 0.252497
19110 0.232499
19120 0.213263
19130 0.194863
19140 0.17736
19150 0.1608
19160 0.145215
19170 0.130624
19180 0.117035
19190 0.104443
19200 0.0928327
19210 0.0821819
19220 0.0724595
19230 0.063628
19240 0.055645
19250 0.0484641
19260 0.0420359
19270 0.0363093
19280 0.0312321
19290 0.0267524
19300 0.0228187
19310 0.019381
19320 0.0163911
19330 0.0138032
19340 0.0115737
19350 0.00966239
19360 0.00803157
19370 0.00664675
19380 0.00547648
19390 0.00449226
19400 0.0036685
19410 0.00298236
19420 0.00241362
19430 0.00194448
19440 0.00155937
19450 0.00124479
19460 0.000989083
19470 0.000782247
19480 0.000615769
19490 0.000482438
19500 0.000376185
19510 0.000291935
19520 0.000225465
19530 0.000173288
19540 0.000132538
19550 0.000100874
19560 7.63965e-05
19570 5.75712e-05
19580 4.31679e-05
19590 3.22052e-05
19600 2.39047e-05
19610 1.76531e-05
19620 1.29693e-05
19630 9.47899e-06
19640 6.89185e-06
19650 4.98451e-06
19660 3.58596e-06
19670 2.56606e-06
19680 1.82637e-06
19690 1.29287e-06
19700 9.10224e-07
19710 6.37305e-07
19720 4.43747e-07
19730 3.0725e-07
19740 2.11543e-07
19750 1.44823e-07
19760 9.85791e-08
19770 6.67148e-08
19780 4.48879e-08
19790 3.0025e-08
19800 1.99648e-08
19810 1.31962e-08
19820 8.66992e-09
19830 5.66159e-09
19840 3.67448e-09
19850 2.37008e-09
19860 1.5192e-09
19870 9.67671e-10
19880 6.12469e-10
19890 3.85212e-10
19900 2.40805e-10
19910 1.49731e-10
19920 9.28328e-11
19930 5.78188e-11
19940 3.68971e-11
19950 2.53663e-11
19960 2.06003e-11
19970 2.16041e-11
19980 2.87886e-11
19990 4.41528e-11
20000 6.7359e-11
20010 1.02247e-10
20020 1.54431e-10
20030 2.3216e-10
20040 3.47408e-10
20050 5.1754e-10
20060 7.67554e-10
20070 1.13337e-09
20080 1.66631e-09
20090 2.43936e-09
20100 3.55595e-09
20110 5.16187e-09
20120 7.46189e-09
20130 1.07422e-08
20140 1.54013e-08
20150 2.19913e-08
20160 3.12747e-08
20170 4.42991e-08
20180 6.24984e-08
20190 8.78271e-08
20200 1.22938e-07
20210 1.71418e-07
20220 2.38094e-07
20230 3.29439e-07
20240 4.54098e-07
20250 6.23567e-07
20260 8.53074e-07
20270 1.16271e-06
20280 1.57888e-06
20290 2.13615e-06
20300 2.87957e-06
20310 3.86767e-06
20320 5.17614e-06
20330 6.90254e-06
20340 9.17208e-06
20350 1.21449e-05
20360 1.60248e-05
20370 2.10708e-05
20380 2.76097e-05
20390 3.60535e-05
20400 4.69189e-05
20410 6.08515e-05
20420 7.8655e-05
20430 0.000101326
20440 0.000130097
20450 0.000166484
20460 0.000212346
20470 0.000269955
20480 0.000342075
20490 0.000432059
20500 0.000543958
20510 0.000682645
20520 0.000853965
20530 0.0010649
20540 0.00132376
20550 0.00164039
20560 0.00202643
20570 0.00249557
20580 0.00306385
20590 0.00375002
20600 0.00457588
20610 0.00556669
20620 0.00675162
20630 0.00816422
20640 0.00984292
20650 0.0118315
20660 0.0141799
20670 0.0169445
20680 0.0201889
20690 0.0239844
20700 0.0284111
20710 0.0335577
20720 0.039523
20730 0.0464159
20740 0.054356
20750 0.0634745
20760 0.0739142
20770 0.0858299
20780 0.0993887
20790 0.11477
20800 0.132166
20810 0.15178
20820 0.173828
20830 0.198536
20840 0.226141
20850 0.256889
20860 0.291033
20870 0.328832
20880 0.370551
20890 0.416454
20900 0.466806
20910 0.52187
20920 0.5819
20930 0.647142
20940 0.717828
20950 0.794176
20960 0.876378
20970 0.964607
20980 1.059
20990 1.15968
21000 1.2667
21010 1.38011
21020 1.49989
21030 1.62598
21040 1.75826
21050 1.89658
21060 2.04072
21070 2.19039
21080 2.34525
21090 2.50492
21100 2.66893
21110 2.83676
21120 3.00785
21130 3.18156
21140 3.35721
21150 3.53407
21160 3.71137
21170 3.8883
21180 4.06401
21190 4.23762
21200 4.40826
21210 4.57501
21220 4.73698
21230 4.89326
21240 5.04297
21250 5.18523
21260 5.31923
21270 5.44415
21280 5.55925
21290 5.66383
21300 5.75726
21310 5.83896
21320 5.90845
21330 5.96529
21340 6.00917
21350 6.03983
21360 6.05711
21370 6.06093
21380 6.05132
21390 6.02838
21400 5.9923
21410 5.94336
21420 5.88192
21430 5.80841
21440 5.72335
21450 5.62731
21460 5.52092
21470 5.40487
21480 5.27989
21490 5.14675
21500 5.00625
21510 4.85921
21520 4.70648
21530 4.5489
21540 4.38731
21550 4.22255
21560 4.05546
21570 3.88682
21580 3.71742
21590 3.548
21600 3.37928
21610 3.21192
21620 3.04655
21630 2.88375
21640 2.72404
21650 2.56791
21660 2.41579
21670 2.26806
21680 2.12504
21690 1.987
21700 1.85418
21710 1.72675
21720 1.60485
21730 1.48857
21740 1.37795
21750 1.27302
21760 1.17373
21770 1.08005
21780 0.991873
21790 0.909101
21800 0.831596
21810 0.759207
21820 0.691762
21830 0.629078
21840 0.570959
21850 0.517203
21860 0.4676
21870 0.421937
21880 0.379999
21890 0.34157
21900 0.306439
21910 0.274394
21920 0.245231
21930 0.21875
21940 0.194758
21950 0.173068
21960 0.153502
21970 0.135891
21980 0.120075
21990 0.105899
22000 0.0932226
22010 0.0819097
22020 0.0718354
22030 0.0628828
22040 0.0549437
22050 0.0479179
22060 0.0417133
22070 0.036245
22080 0.0314356
22090 0.0272142
22100 0.0235166
22110 0.0202842
22120 0.0174641
22130 0.0150087
22140 0.0128751
22150 0.0110248
22160 0.00942332
22170 0.00803992
22180 0.00684726
22190 0.00582103
22200 0.00493972
22210 0.00418434
22220 0.00353814
22230 0.0029864
22240 0.00251621
22250 0.00211629
22260 0.00177677
22270 0.00148909
22280 0.00124578
22290 0.00104039
22300 0.000867335
22310 0.000721797
22320 0.000599629
22330 0.000497268
22340 0.000411661
22350 0.000340199
22360 0.000280654
22370 0.00023113
22380 0.000190015
22390 0.000155944
22400 0.000127762
22410 0.000104493
22420 8.53146e-05
22430 6.9537e-05
22440 5.65803e-05
22450 4.59592e-05
22460 3.72682e-05
22470 3.01693e-05
22480 2.43811e-05
22490 1.96701e-05
22500 1.58424e-05
22510 1.27381e-05
22520 1.02248e-05
22530 8.19358e-06
22540 6.55484e-06
22550 5.23507e-06
22560 4.17402e-06
22570 3.32247e-06
22580 2.64024e-06
22590 2.0946e-06
22600 1.65897e-06
22610 1.31176e-06
22620 1.0355e-06
22630 8.16066e-07
22640 6.42074e-07
22650 5.04347e-07
22660 3.95511e-07
22670 3.09653e-07
22680 2.42035e-07
22690 1.88873e-07
22700 1.47148e-07
22710 1.14453e-07
22720 8.88781e-08
22730 6.89057e-08
22740 5.33348e-08
22750 4.12157e-08
22760 3.17988e-08
22770 2.44939e-08
22780 1.88367e-08
22790 1.44628e-08
22800 1.10867e-08
22810 8.48506e-09
22820 6.48353e-09
22830 4.94622e-09
22840 3.7674e-09
22850 2.86495e-09
22860 2.17521e-09
22870 1.64891e-09
22880 1.24796e-09
22890 9.43013e-10
22900 7.11455e-10
22910 5.35909e-10
22920 4.03042e-10
22930 3.02639e-10
22940 2.26891e-10
22950 1.69835e-10
22960 1.26928e-10
22970 9.47124e-11
22980 7.05632e-11
22990 5.24894e-11
23000 3.89842e-11
23010 2.89088e-11
23020 2.14041e-11
23030 1.58231e-11
23040 1.16792e-11
23050 8.60719e-12
23060 6.33345e-12
23070 4.65318e-12
23080 3.41342e-12
23090 2.50013e-12
23100 1.82839e-12
23110 1.33509e-12
23120 9.73389e-13
23130 7.08596e-13
23140 5.15048e-13
23150 3.73797e-13
23160 2.70871e-13
23170 1.95988e-13
23180 1.41591e-13
23190 1.02138e-13
23200 7.35661e-14
23210 5.2907e-14
23220 3.79921e-14
23230 2.72408e-14
23240 1.95026e-14
23250 1.39416e-14
23260 9.9513e-15
23270 7.09246e-15
23280 5.04735e-15
23290 3.58659e-15
23300 2.54479e-15
23310 1.80291e-15
23320 1.27541e-15
23330 9.00905e-16
23340 6.35425e-16
23350 4.47513e-16
23360 3.14705e-16
23370 2.20984e-16
23380 1.54944e-16
23390 1.0848e-16
23400 7.58373e-17
23410 5.29393e-17
23420 3.69008e-17
23430 2.56836e-17
23440 1.785e-17
23450 1.23876e-17
23460 8.58422e-18
23470 5.93991e-18
23480 4.10418e-18
23490 2.83165e-18
23500 1.95084e-18
23510 1.34206e-18
23520 9.21922e-19
23530 6.32392e-19
23540 4.33161e-19
23550 2.96269e-19
23560 2.02346e-19
23570 1.37999e-19
23580 9.39798e-20
23590 6.39098e-20
23600 4.33987e-20
23610 2.94281e-20
23620 1.99263e-20
23630 1.34731e-20
23640 9.0968e-21
23650 6.13324e-21
23660 4.12925e-21
23670 2.77609e-21
23680 1.86371e-21
23690 1.24942e-21
23700 8.36408e-22
23710 5.59132e-22
23720 3.73246e-22
23730 2.48806e-22
23740 1.6562e-22
23750 1.10091e-22
23760 7.30771e-23
23770 4.84393e-23
23780 3.20629e-23
23790 2.11933e-23
23800 1.39889e-23
23810 9.22065e-24
23820 6.06919e-24
23830 3.98926e-24
23840 2.61847e-24
23850 1.71631e-24
23860 1.12342e-24
23870 7.34311e-25
23880 4.79309e-25
23890 3.12426e-25
23900 2.03365e-25
23910 1.32192e-25
23920 8.58085e-26
23930 5.56232e-26
23940 3.60065e-26
23950 2.32759e-26
23960 1.50257e-26
23970 9.68644e-27
23980 6.23585e-27
23990 4.00895e-27
24000 2.57377e-27
24010 1.65011e-27
24020 1.05648e-27
24030 6.75485e-28
24040 4.31296e-28
24050 2.75007e-28
24060 1.75113e-28
24070 1.11353e-28
24080 7.07121e-29
24090 4.4843e-29
24100 2.83992e-29
24110 1.79609e-29
24120 1.13439e-29
24130 7.15495e-30
24140 4.50676e-30
24150 2.83488e-30
24160 1.78082e-30
24170 1.11716e-30
24180 6.99891e-31
24190 4.37884e-31
24200 2.73592e-31
24210 1.70712e-31
24220 1.06376e-31
24230 6.6197e-32
24240 4.11389e-32
24250 2.5532e-32
24260 1.58248e-32
24270 9.79512e-33
24280 6.05484e-33
24290 3.7378e-33
24300 2.30437e-33
24310 1.41876e-33
24320 8.72349e-34
24330 5.35666e-34
24340 3.2849e-34
24350 2.01175e-34
24360 1.23041e-34
24370 7.51543e-35
24380 4.5844e-35
24390 2.79279e-35
24400 1.6991e-35
24410 1.03236e-35
24420 6.26423e-36
24430 3.79607e-36
24440 2.29737e-36
24450 1.38853e-36
24460 8.38133e-37
24470 5.05242e-37
24480 3.04171e-37
24490 1.82881e-37
24500 1.09812e-37
24510 6.58516e-38
24520 3.9438e-38
24530 2.35883e-38
24540 1.40901e-38
24550 8.40556e-39
24560 5.00788e-39
24570 2.97973e-39
24580 1.77067e-39
24590 1.05083e-39
24600 6.22827e-40
24610 3.68671e-40
24620 2.17946e-40
24630 1.28676e-40
24640 7.58729e-41
24650 4.46802e-41
24660 2.62775e-41
24670 1.54345e-41
24680 9.05405e-42
24690 5.30438e-42
24700 3.10362e-42
24710 1.81362e-42
24720 1.05844e-42
24730 6.16918e-43
24740 3.59116e-43
24750 2.08778e-43
24760 1.21222e-43
24770 7.02944e-44
24780 4.07105e-44
24790 2.35471e-44
24800 1.36024e-44
24810 7.84762e-45
24820 4.52176e-45
24830 2.6021e-45
24840 1.4955e-45
24850 8.58414e-46
24860 4.92101e-46
24870 2.81746e-46
24880 1.61105e-46
24890 9.20043e-47
24900 5.24751e-47
24910 2.98913e-47
24920 1.70053e-47
24930 9.66204e-48
24940 5.48276e-48
24950 3.10724e-48
24960 1.75871e-48
24970 9.94167e-49
24980 5.61263e-49
24990 3.16457e-49
25000 1.78199e-49
25010 1.00215e-49
25020 5.62862e-50
25030 3.15723e-50
25040 1.76866e-50
25050 9.89505e-51
25060 5.52868e-51
25070 3.08499e-51
25080 1.71914e-51
25090 9.56739e-52
25100 5.31737e-52
25110 2.95133e-52
25120 1.63589e-52
25130 9.05523e-53
25140 5.00557e-53
25150 2.7632e-53
25160 1.52324e-53
25170 8.38537e-54
25180 4.60963e-54
25190 2.53044e-54
25200 1.3871e-54
25210 7.59267e-55
25220 4.15005e-55
25230 2.26504e-55
25240 1.23441e-55
25250 6.71735e-56
25260 3.64993e-56
25270 1.98021e-56
25280 1.07269e-56
25290 5.80187e-57
25300 3.13317e-57
25310 1.68933e-57
25320 9.09402e-58
25330 4.88765e-58
25340 2.62264e-58
25350 1.40497e-58
25360 7.51412e-59
25370 4.01202e-59
25380 2.13853e-59
25390 1.13797e-59
25400 6.04501e-60
25410 3.20561e-60
25420 1.69693e-60
25430 8.9671e-61
25440 4.73004e-61
25450 2.49056e-61
25460 1.309e-61
25470 6.86736e-62
25480 3.59615e-62
25490 1.87966e-62
25500 9.80631e-63
25510 5.10637e-63
25520 2.65394e-63
25530 1.3767e-63
25540 7.12767e-64
25550 3.68308e-64
25560 1.89944e-64
25570 9.77648e-65
25580 5.02203e-65
25590 2.57459e-65
25600 1.31725e-65
25610 6.72586e-66
25620 3.42726e-66
25630 1.74285e-66
25640 8.84467e-67
25650 4.47928e-67
25660 2.26378e-67
25670 1.14171e-67
25680 5.74607e-68
25690 2.88585e-68
25700 1.4463e-68
25710 7.23313e-69
25720 3.6097e-69
25730 1.79758e-69
25740 8.93258e-70
25750 4.42927e-70
25760 2.19156e-70
25770 1.08202e-70
25780 5.33059e-71
25790 2.62043e-71
25800 1.28535e-71
25810 6.29107e-72
25820 3.07238e-72
25830 1.49718e-72
25840 7.27973e-73
25850 3.53184e-73
25860 1.70973e-73
25870 8.25833e-74
25880 3.98011e-74
25890 1.91396e-74
25900 9.18347e-75
25910 4.39656e-75
25920 2.10015e-75
25930 1.00096e-75
25940 4.76008e-76
25950 2.2586e-76
25960 1.06928e-76
25970 5.0509e-77
25980 2.38052e-77
25990 1.11943e-77
26000 5.25228e-78
26010 2.45878e-78
26020 1.14846e-78
26030 5.35218e-79
26040 2.48867e-79
26050 1.15458e-79
26060 5.34443e-80
26070 2.46829e-80
26080 1.1374e-80
26090 5.22932e-81
26100 2.39882e-81
26110 1.09791e-81
26120 5.01366e-82
26130 2.28434e-82
26140 1.03845e-82
26150 4.71004e-83
26160 2.13148e-83
26170 9.62404e-84
26180 4.33561e-84
26190 1.94877e-84
26200 8.73951e-85
26210 3.9105e-85
26220 1.7458e-85
26230 7.77632e-86
26240 3.45599e-86
26250 1.53246e-86
26260 6.77988e-87
26270 2.99278e-87
26280 1.31809e-87
26290 5.79209e-88
26300 2.53948e-88
26310 1.11089e-88
26320 4.84865e-89
26330 2.11149e-89
26340 9.17439e-90
26350 3.97728e-90
26360 1.72035e-90
26370 7.42451e-91
26380 3.19699e-91
26390 1.37353e-91
26400 5.88782e-92
26410 2.51823e-92
26420 1.07463e-92
26430 4.5756e-93
26440 1.94384e-93
26450 8.23944e-94
26460 3.48466e-94
26470 1.47044e-94
26480 6.19101e-95
26490 2.60077e-95
26500 1.09011e-95
26510 4.55895e-96
26520 1.90234e-96
26530 7.92024e-97
26540 3.29017e-97
26550 1.36373e-97
26560 5.63986e-98
26570 2.32722e-98
26580 9.58163e-99
26590 3.93615e-99
26600 1.61338e-99
26610 6.59832e-100
26620 2.69255e-100
26630 1.09629e-100
26640 4.45374e-101
26650 1.80533e-101
26660 7.30171e-102
26670 2.94664e-102
26680 1.1865e-102
26690 4.76697e-103
26700 1.91098e-103
26710 7.64375e-104
26720 3.05067e-104
26730 1.21485e-104
26740 4.82715e-105
26750 1.9138e-105
26760 7.57086e-106
26770 2.98836e-106
26780 1.17696e-106
26790 4.62524e-107
26800 1.81363e-107
26810 7.09587e-108
26820 2.77017e-108
26830 1.07907e-108
26840 4.19411e-109
26850 1.62657e-109
26860 6.29439e-110
26870 2.43041e-110
26880 9.36378e-111
26890 3.59973e-111
26900 1.38082e-111
26910 5.28509e-112
26920 2.01844e-112
26930 7.6918e-113
26940 2.92476e-113
26950 1.10969e-113
26960 4.20112e-114
26970 1.587e-114
26980 5.98196e-115
26990 2.24988e-115
27000 8.44364e-116
27010 3.16193e-116
27020 1.18148e-116
27030 4.40512e-117
27040 1.63886e-117
27050 6.08387e-118
27060 2.25358e-118
27070 8.32959e-119
27080 3.07206e-119
27090 1.13055e-119
27100 4.15156e-120
27110 1.52121e-120
27120 5.56189e-121
27130 2.02916e-121
27140 7.387e-122
27150 2.68336e-122
27160 9.72635e-123
27170 3.51788e-123
27180 1.26962e-123
27190 4.57219e-124
27200 1.643e-124
27210 5.89133e-125
27220 2.1079e-125
27230 7.52577e-126
27240 2.6811e-126
27250 9.53103e-127
27260 3.38088e-127
27270 1.1967e-127
27280 4.22671e-128
27290 1.48966e-128
27300 5.23883e-129
27310 1.83844e-129
27320 6.43767e-130
27330 2.24945e-130
27340 7.84312e-131
27350 2.72878e-131
27360 9.47364e-132
27370 3.28195e-132
27380 1.13453e-132
27390 3.91353e-133
27400 1.34707e-133
27410 4.62679e-134
27420 1.58577e-134
27430 5.42336e-135
27440 1.85084e-135
27450 6.30287e-136
27460 2.1418e-136
27470 7.26258e-137
27480 2.45739e-137
27490 8.29716e-138
27500 2.79548e-138
27510 9.39844e-139
27520 3.15303e-139
27530 1.05554e-139
27540 3.52607e-140
27550 1.17539e-140
27560 3.90974e-141
27570 1.29774e-141
27580 4.29834e-142
27590 1.42066e-142
27600 4.68546e-143
27610 1.54202e-143
27620 5.06413e-144
27630 1.65956e-144
27640 5.42699e-145
27650 1.77093e-145
27660 5.76658e-146
27670 1.87376e-146
27680 6.07553e-147
27690 1.96577e-147
27700 6.34685e-148
27710 2.04485e-148
27720 6.5742e-149
27730 2.10912e-149
27740 6.75211e-150
27750 2.15703e-150
27760 6.87622e-151
27770 2.18738e-151
27780 6.94346e-152
27790 2.19942e-152
27800 6.95215e-153
27810 2.19285e-153
27820 6.90209e-154
27830 2.16786e-154
27840 6.79458e-155
27850 2.12507e-155
27860 6.63233e-156
27870 2.06556e-156
27880 6.41937e-157
27890 1.9908e-157
27900 6.16089e-158
27910 1.90257e-158
27920 5.863e-159
27930 1.80294e-159
27940 5.53253e-160
27950 1.69414e-160
27960 5.17672e-161
27970 1.5785e-161
27980 4.80304e-162
27990 1.45838e-162
28000 4.41882e-163
28010 1.33606e-163
28020 4.03115e-164
28030 1.21371e-164
28040 3.64656e-165
28050 1.09329e-165
28060 3.27093e-166
28070 9.76541e-167
28080 2.90933e-167
28090 8.64927e-168
28100 2.56596e-168
28110 7.59633e-169
28120 2.2441e-169
28130 6.61552e-170
28140 1.94612e-170
28150 5.71296e-171
28160 1.67354e-171
28170 4.8921e-172
28180 1.42705e-172
28190 4.15401e-173
28200 1.20665e-173
28210 3.49766e-174
28220 1.01172e-174
28230 2.9203e-175
28240 8.4116e-176
28250 2.41777e-176
28260 6.93485e-177
28270 1.98492e-177
28280 5.66937e-178
28290 1.61589e-178
28300 4.59593e-179
28310 1.30443e-179
28320 3.69446e-180
28330 1.04416e-180
28340 2.9449e-181
28350 8.28815e-182
28360 2.32772e-182
28370 6.5236e-183
28380 1.82444e-183
28390 5.09165e-184
28400 1.41799e-184
28410 3.94067e-185
28420 1.09283e-185
28430 3.02428e-186
28440 8.35173e-187
28450 2.30153e-187
28460 6.32907e-188
28470 1.7368e-188
28480 4.75602e-189
28490 1.29964e-189
28500 3.54396e-190
28510 9.64358e-191
28520 2.61862e-191
28530 7.09566e-192
28540 1.91866e-192
28550 5.1771e-193
28560 1.39399e-193
28570 3.74559e-194
28580 1.0043e-194
28590 2.68715e-195
28600 7.17472e-196
28610 1.91163e-196
28620 5.08259e-197
28630 1.3485e-197
28640 3.57028e-198
28650 9.43272e-199
28660 2.48689e-199
28670 6.54274e-200
28680 1.7177e-200
28690 4.50006e-201
28700 1.17645e-201
28710 3.06911e-202
28720 7.98979e-203
28730 2.07559e-203
28740 5.3806e-204
28750 1.39189e-204
28760 3.59303e-205
28770 9.2555e-206
28780 2.37915e-206
28790 6.10278e-207
28800 1.56213e-207
28810 3.99013e-208
28820 1.01705e-208
28830 2.58688e-209
28840 6.56591e-210
28850 1.66301e-210
28860 4.20318e-211
28870 1.06009e-211
28880 2.66802e-212
28890 6.70065e-213
28900 1.67929e-213
28910 4.19969e-214
28920 1.04807e-214
28930 2.61001e-215
28940 6.48598e-216
28950 1.60839e-216
28960 3.98002e-217
28970 9.82791e-218
28980 2.42168e-218
28990 5.9546e-219
29000 1.46106e-219
29010 3.57737e-220
29020 8.74056e-221
29030 2.13105e-221
29040 5.18474e-222
29050 1.25875e-222
29060 3.04951e-223
29070 7.37226e-224
29080 1.77848e-224
29090 4.2813e-225
29100 1.02844e-225
29110 2.46526e-226
29120 5.89687e-227
29130 1.40753e-227
29140 3.35254e-228
29150 7.96828e-229
29160 1.88987e-229
29170 4.47278e-230
29180 1.05633e-230
29190 2.4894e-231
29200 5.8542e-232
29210 1.37378e-232
29220 3.21692e-233
29230 7.5169e-234
29240 1.75272e-234
29250 4.07813e-235
29260 9.46855e-236
29270 2.19371e-236
29280 5.07167e-237
29290 1.17003e-237
29300 2.69348e-238
29310 6.18734e-239
29320 1.4183e-239
29330 3.24417e-240
29340 7.40479e-241
29350 1.68653e-241
29360 3.83307e-242
29370 8.69301e-243
29380 1.96728e-243
29390 4.44254e-244
29400 1.00108e-244
29410 2.251e-245
29420 5.05072e-246
29430 1.13084e-246
29440 2.52649e-247
29450 5.63252e-248
29460 1.25302e-248
29470 2.78151e-249
29480 6.1613e-250
29490 1.36186e-250
29500 3.00371e-251
29510 6.61079e-252
29520 1.45183e-252
29530 3.18158e-253
29540 6.95725e-254
29550 1.51809e-254
29560 3.3054e-255
29570 7.18152e-256
29580 1.55694e-256
29590 3.36818e-257
29600 7.27077e-258
29610 1.56614e-258
29620 3.36623e-259
29630 7.21973e-260
29640 1.54512e-260
29650 3.29962e-261
29660 7.03119e-262
29670 1.49505e-262
29680 3.17208e-263
29690 6.71573e-264
29700 1.41874e-264
29710 2.99071e-265
29720 6.29079e-266
29730 1.32037e-266
29740 2.76532e-267
29750 5.77902e-268
29760 1.2051e-268
29770 2.50754e-269
29780 5.20632e-270
29790 1.07863e-270
29800 2.22981e-271
29810 4.59963e-272
29820 9.46746e-273
29830 1.94446e-273
29840 3.98493e-274
29850 8.14887e-275
29860 1.66276e-275
29870 3.38543e-276
29880 6.87784e-277
29890 1.39426e-277
29900 2.82026e-278
29910 5.69228e-279
29920 1.1464e-279
29930 2.30376e-280
29940 4.61943e-281
29950 9.24254e-282
29960 1.8452e-282
29970 3.67576e-283
29980 7.30632e-284
29990 1.44911e-284
30000 2.8678e-285
30010 5.663e-286
30020 1.11581e-286
30030 2.19373e-287
30040 4.3035e-288
30050 8.42377e-289
30060 1.64527e-289
30070 3.20636e-290
30080 6.23494e-291
30090 1.20975e-291
30100 2.3421e-292
30110 4.52435e-293
30120 8.72068e-294
30130 1.67721e-294
30140 3.21858e-295
30150 6.16289e-296
30160 1.17745e-296
30170 2.24463e-297
30180 4.26958e-298
30190 8.10334e-299
30200 1.53455e-299
30210 2.8996e-300
30220 5.4668e-301
30230 1.0284e-301
30240 1.93033e-302
30250 3.61523e-303
30260 6.75578e-304
30270 1.25965e-304
30280 2.34347e-305
30290 4.35013e-306
30300 8.0571e-307
30310 1.48898e-307
30320 2.74555e-308
30330 5.05131e-309
30340 9.27275e-310
30350 1.69842e-310
30360 3.10391e-311
30370 5.65986e-312
30380 1.02975e-312
30390 1.86943e-313
30400 3.38697e-314
30410 6.13048e-315
30420 1.11491e-315
30430 2.10025e-316
30440 4.70936e-317
30450 1.77781e-317
30460 1.24693e-317
30470 1.14627e-317
30480 1.12238e-317
30490 1.11208e-317
30500 1.10402e-317
30510 1.09622e-317
30520 1.08845e-317
30530 1.0807e-317
30540 1.07298e-317
30550 1.06529e-317
30560 1.05762e-317
30570 1.04999e-317
30580 1.04238e-317
30590 1.0348e-317
30600 1.02725e-317
30610 1.01972e-317
30620 1.01222e-317
30630 1.00475e-317
30640 9.97309e-318
30650 9.89894e-318
30660 9.82507e-318
30670 9.75147e-318
30680 9.67815e-318
30690 9.60511e-318
30700 9.53234e-318
30710 9.45986e-318
30720 9.38764e-318
30730 9.31571e-318
30740 9.24405e-318
30750 9.17266e-318
30760 9.10156e-318
30770 9.03073e-318
30780 8.96018e-318
30790 8.8899e-318
30800 8.8199e-318
30810 8.75018e-318
30820 8.68073e-318
30830 8.61156e-318
30840 8.54267e-318
30850 8.47406e-318
30860 8.40572e-318
30870 8.33765e-318
30880 8.26987e-318
30890 8.20236e-318
30900 8.13513e-318
30910 8.06817e-318
30920 8.00149e-318
30930 7.93509e-318
30940 7.86896e-318
30950 7.80311e-318
30960 7.73754e-318
30970 7.67225e-318
30980 7.60723e-318
30990 7.54249e-318
31000 7.47802e-318
31010 7.41383e-318
31020 7.34992e-318
31030 7.28628e-318
31040 7.22292e-318
31050 7.15984e-318
31060 7.09704e-318
31070 7.03451e-318
31080 6.97225e-318
31090 6.91028e-318
31100 6.84858e-318
31110 6.78716e-318
31120 6.72601e-318
31130 6.66514e-318
31140 6.60455e-318
31150 6.54424e-318
31160 6.4842e-318
31170 6.42443e-318
31180 6.36495e-318
31190 6.30574e-318
31200 6.24681e-318
31210 6.18815e-318
31220 6.12977e-318
31230 6.07167e-318
31240 6.01385e-318
31250 5.9563e-318
31260 5.89903e-318
31270 5.84203e-318
31280 5.78531e-318
31290 5.72887e-318
31300 5.6727e-318
31310 5.61681e-318
31320 5.5612e-318
31330 5.50587e-318
31340 5.45081e-318
31350 5.39603e-318
31360 5.34152e-318
31370 5.28729e-318
31380 5.23334e-318
31390 5.17967e-318
31400 5.12627e-318
31410 5.07315e-318
31420 5.0203e-318
31430 4.96773e-318
31440 4.91544e-318
31450 4.86342e-318
31460 4.81169e-318
31470 4.76022e-318
31480 4.70904e-318
31490 4.65813e-318
31500 4.6075e-318
31510 4.55714e-318
31520 4.50706e-318
31530 4.45726e-318
31540 4.40774e-318
31550 4.35849e-318
31560 4.30952e-318
31570 4.26082e-318
31580 4.2124e-318
31590 4.16426e-318
31600 4.1164e-318
31610 4.06881e-318
31620 4.0215e-318
31630 3.97446e-318
31640 3.9277e-318
31650 3.88122e-318
31660 3.83502e-318
31670 3.78909e-318
31680 3.74344e-318
31690 3.69806e-318
31700 3.65296e-318
31710 3.60814e-318
31720 3.5636e-318
31730 3.51933e-318
31740 3.47534e-318
31750 3.43162e-318
31760 3.38818e-318
31770 3.34502e-318
31780 3.30214e-318
31790 3.25953e-318
31800 3.2172e-318
31810 3.17514e-318
31820 3.13336e-318
31830 3.09186e-318
31840 3.05064e-318
31850 3.00969e-318
31860 2.96902e-318
31870 2.92862e-318
31880 2.88851e-318
31890 2.84866e-318
31900 2.8091e-318
31910 2.76981e-318
31920 2.7308e-318
31930 2.69206e-318
31940 2.65361e-318
31950 2.61543e-318
31960 2.57752e-318
31970 2.53989e-318
31980 2.50254e-318
31990 2.46547e-318
32000 2.42867e-318
32010 2.39215e-318
32020 2.3559e-318
32030 2.31993e-318
32040 2.28424e-318
32050 2.24883e-318
32060 2.21369e-318
32070 2.17883e-318
32080 2.14424e-318
32090 2.10994e-318
32100 2.07591e-318
32110 2.04215e-318
32120 2.00867e-318
32130 1.97547e-318
32140 1.94255e-318
32150 1.9099e-318
32160 1.87753e-318
32170 1.84543e-318
32180 1.81362e-318
32190 1.78208e-318
32200 1.75081e-318
32210 1.71982e-318
32220 1.68911e-318
32230 1.65868e-318
32240 1.62852e-318
32250 1.59864e-318
32260 1.56903e-318
32270 1.53971e-318
32280 1.51066e-318
32290 1.48188e-318
32300 1.45338e-318
32310 1.42516e-318
32320 1.39722e-318
32330 1.36955e-318
32340 1.34216e-318
32350 1.31504e-318
32360 1.28821e-318
32370 1.26165e-318
32380 1.23536e-318
32390 1.20935e-318
32400 1.18362e-318
32410 1.15817e-318
32420 1.13299e-318
32430 1.10809e-318
32440 1.08347e-318
32450 1.05912e-318
32460 1.03505e-318
32470 1.01125e-318
32480 9.87736e-319
32490 9.64495e-319
32500 9.41531e-319
32510 9.18844e-319
32520 8.96433e-319
32530 8.74299e-319
32540 8.52441e-319
32550 8.3086e-319
32560 8.09556e-319
32570 7.88529e-319
32580 7.67778e-319
32590 7.47304e-319
32600 7.27107e-319
32610 7.07186e-319
32620 6.87542e-319
32630 6.68174e-319
32640 6.49084e-319
32650 6.3027e-319
32660 6.11732e-319
32670 5.93472e-319
32680 5.75488e-319
32690 5.5778e-319
32700 5.4035e-319
32710 5.23196e-319
32720 5.06318e-319
32730 4.89718e-319
32740 4.73394e-319
32750 4.57347e-319
32760 4.41576e-319
32770 4.26082e-319
32780 4.10865e-319
32790 3.95924e-319
32800 3.81261e-319
32810 3.66873e-319
32820 3.52763e-319
32830 3.38929e-319
32840 3.25372e-319
32850 3.12091e-319
32860 2.99088e-319
32870 2.8636e-319
32880 2.7391e-319
32890 2.61736e-319
32900 2.49839e-319
32910 2.38219e-319
32920 2.26875e-319
32930 2.15808e-319
32940 2.05017e-319
32950 1.94504e-319
32960 1.84267e-319
32970 1.74306e-319
32980 1.64623e-319
32990 1.55216e-319
33000 1.46085e-319
33010 1.37232e-319
33020 1.28655e-319
33030 1.20354e-319
33040 1.12331e-319
33050 1.04584e-319
33060 9.71135e-320
33070 8.99199e-320
33080 8.3003e-320
33090 7.63628e-320
33100 6.99992e-320
33110 6.39123e-320
33120 5.81021e-320
33130 5.25686e-320
33140 4.73117e-320
33150 4.23315e-320
33160 3.7628e-320
33170 3.32012e-320
33180 2.90511e-320
33190 2.51776e-320
33200 2.15808e-320
33210 1.82607e-320
33220 1.52172e-320
33230 1.24505e-320
33240 9.96036e-321
33250 7.74695e-321
33260 5.81021e-321
33270 4.15015e-321
33280 2.76677e-321
33290 1.66006e-321
33300 8.3003e-322
33310 2.76677e-322
33320 0
33330 0
33340 0
33350 0
33360 0
33370 0
33380 0
33390 0
33400 0
33410 0
33420 0
33430 0
33440 0
33450 0
33460 0
33470 0
33480 0
33490 0
33500 0
33510 0
33520 0
33530 0
33540 0
33550 0
33560 0
33570 0
33580 0
33590 0
33600 0
33610 0
33620 0
33630 0
33640 0
33650 0
33660 0
33670 0
33680 0
33690 0
33700 0
33710 0
33720 0
33730 0
33740 0
33750 0
33760 0
33770 0
33780 0
33790 0
33800 0
33810 0
33820 0
33830 0
33840 0
33850 0
33860 0
33870 0
33880 0
33890 0
33900 0
33910 0
33920 0
33930 0
33940 0
33950 0
33960 0
33970 0
33980 0
33990 0
34000 0
34010 0
34020 0
34030 0
34040 0
34050 0
34060 0
34070 0
34080 0
34090 0
34100 0
34110 0
34120 0
34130 0
34140 0
34150 0
34160 0
34170 0
34180 0
34190 0
34200 0
34210 0
34220 0
34230 0
34240 0
34250 0
34260 0
34270 0
34280 0
34290 0
34300 0
34310 0
34320 0
34330 0
34340 0
34350 0
34360 0
34370 0
34380 0
34390 0
34400 0
34410 0
34420 0
34430 0
34440 0
34450 0
34460 0
34470 0
34480 0
34490 0
34500 0
34510 0
34520 0
34530 0
34540 0
34550 0
34560 0
34570 0
34580 0
34590 0
34600 0
34610 0
34620 0
34630 0
34640 0
34650 0
34660 0
34670 0
34680 0
34690 0
34700 0
34710 0
34720 0
34730 0
34740 0
34750 0
34760 0
34770 0
34780 0
34790 0
34800 0
34810 0
34820 0
34830 0
34840 0
34850 0
34860 0
34870 0
34880 0
34890 0
34900 0
34910 0
34920 0
34930 0
34940 0
34950 0
34960 0
34970 0
34980 0
34990 0
35000 0
35010 0
35020 0
35030 0
35040 0
35050 0
35060 0
35070 0
35080 0
35090 0
35100 0
35110 0
35120 0
35130 0
35140 0
35150 0
35160 0
35170 0
35180 0
35190 0
35200 0
35210 0
35220 0
35230 0
35240 0
35250 0
35260 0
35270 0
35280 0
35290 0
35300 0
35310 0
35320 0
35330 0
35340 0
35350 0
35360 0
35370 0
35380 0
35390 0
35400 0
35410 0
35420 0
35430 0
35440 0
35450 0
35460 0
35470 0
35480 0
35490 0
35500 0
35510 0
35520 0
35530 0
35540 0
35550 0
35560 0
35570 0
35580 0
35590 0
35600 0
35610 0
35620 0
35630 0
35640 0
35650 0
35660 0
35670 0
35680 0
35690 0
35700 0
35710 0
35720 0
35730 0
35740 0
35750 0
35760 0
35770 0
35780 0
35790 0
35800 0
35810 0
35820 0
35830 0
35840 0
35850 0
35860 0
35870 0
35880 0
35890 0
35900 0
35910 0
35920 0
35930 0
35940 0
35950 0
35960 0
35970 0
35980 0
35990 0
36000 0
36010 0
36020 0
36030 0
36040 0
36050 0
36060 0
36070 0
36080 0
36090 0
36100 0
36110 0
36120 0
36130 0
36140 0
36150 0
36160 0
36170 0
36180 0
36190 0
36200 0
36210 0
36220 0
36230 0
36240 0
36250 0
36260 0
36270 0
36280 0
36290 0
36300 0
36310 0
36320 0
36330 0
36340 0
36350 0
36360 0
36370 0
36380 0
36390 0
36400 0
36410 0
36420 0
36430 0
36440 0
36450 0
36460 0
36470 0
36480 0
36490 0
36500 0
36510 0
36520 0
36530 0
36540 0
36550 0
36560 0
36570 0
36580 0
36590 0
36600 0
36610 0
36620 0
36630 0
36640 0
36650 0
36660 0
36670 0
36680 0
36690 0
36700 0
36710 0
36720 0
36730 0
36740 0
36750 0
36760 0
36770 0
36780 0
36790 0
36800 0
36810 0
36820 0
36830 0
36840 0
36850 0
36860 0
36870 0
36880 0
36890 0
36900 0
36910 0
36920 0
36930 0
36940 0
36950 0
36960 0
36970 0
36980 0
36990 0
37000 0
37010 0
37020 0
37030 0
37040 0
37050 0
37060 0
37070 0
37080 0
37090 0
37100 0
37110 0
37120 0
37130 0
37140 0
37150 0
37160 0
37170 0
37180 0
37190 0
37200 0
37210 0
37220 0
37230 0
37240 0
37250 0
37260 0
37270 0
37280 0
37290 0
37300 0
37310 0
37320 0
37330 0
37340 0
37350 0
37360 0
37370 0
37380 0
37390 0
37400 0
37410 0
37420 0
37430 0
37440 0
37450 0
37460 0
37470 0
37480 0
37490 0
37500 0
37510 0
37520 0
37530 0
37540 0
37550 0
37560 0
37570 0
37580 0
37590 0
37600 0
37610 0
37620 0
37630 0
37640 0
37650 0
37660 0
37670 0
37680 0
37690 0
37700 0
37710 0
37720 0
37730 0
37740 0
37750 0
37760 0
37770 0
37780 0
37790 0
37800 0
37810 0
37820 0
37830 0
37840 0
37850 0
37860 0
37870 0
37880 0
37890 0
37900 0
37910 0
37920 0
37930 0
37940 0
37950 0
37960 0
37970 0
37980 0
37990 0
38000 0
38010 0
38020 0
38030 0
38040 0
38050 0
38060 0
38070 0
38080 0
38090 0
38100 0
38110 0
38120 0
38130 0
38140 0
38150 0
38160 0
38170 0
38180 0
38190 0
38200 0
38210 0
38220 0
38230 0
38240 0
38250 0
38260 0
38270 0
38280 0
38290 0
38300 0
38310 0
38320 0
38330 0
38340 0
38350 0
38360 0
38370 0
38380 0
38390 0
38400 0
38410 0
38420 0
38430 0
38440 0
38450 0
38460 0
38470 0
38480 0
38490 0
38500 0
38510 0
38520 0
38530 0
38540 0
38550 0
38560 0
38570 0
38580 0
38590 0
38600 0
38610 0
38620 0
38630 0
38640 0
38650 0
38660 0
38670 0
38680 0
38690 0
38700 0
38710 0
38720 0
38730 0
38740 0
38750 0
38760 0
38770 0
38780 0
38790 0
38800 0
38810 0
38820 0
38830 0
38840 0
38850 0
38860 0
38870 0
38880 0
38890 0
38900 0
38910 0
38920 0
38930 0
38940 0
38950 0
38960 0
38970 0
38980 0
38990 0
39000 0
39010 0
39020 0
39030 0
39040 0
39050 0
39060 0
39070 0
39080 0
39090 0
39100 0
39110 0
39120 0
39130 0
39140 0
39150 0
39160 0
39170 0
39180 0
39190 0
39200 0
39210 0
39220 0
39230 0
39240 0
39250 0
39260 0
39270 0
39280 0
39290 0
39300 0
39310 0
39320 0
39330 0
39340 0
39350 0
39360 0
39370 0
39380 0
39390 0
39400 0
39410 0
39420 0
39430 0
39440 0
39450 0
39460 0
39470 0
39480 0
39490 0
39500 0
39510 0
39520 0
39530 0
39540 0
39550 0
39560 0
39570 0
39580 0
39590 0
39600 0
39610 0
39620 0
39630 0
39640 0
39650 0
39660 0
39670 0
39680 0
39690 0
39700 0
39710 0
39720 0
39730 0
39740 0
39750 0
39760 0
39770 0
39780 0
39790 0
39800 0
39810 0
39820 0
39830 0
39840 0
39850 0
39860 0
39870 0
39880 0
39890 0
39900 0
39910 0
39920 0
39930 0
39940 0
39950 0
39960 0
39970 0
39980 0
