-20 0
0 -8.18628e-07
20 -1.68215e-06
40 -2.63351e-06
60 -3.71181e-06
80 -4.95054e-06
100 -6.37609e-06
120 -8.00636e-06
140 -9.84987e-06
160 -1.1905e-05
180 -1.41599e-05
200 -1.65923e-05
220 -1.91702e-05
240 -2.18526e-05
260 -2.45908e-05
280 -2.73299e-05
300 -3.00101e-05
320 -3.25692e-05
340 -3.49443e-05
360 -3.70739e-05
380 -3.89e-05
400 -4.03701e-05
420 -4.14386e-05
440 -4.20689e-05
460 -4.22344e-05
480 -4.1919e-05
500 -4.11182e-05
520 -3.98391e-05
540 -3.80999e-05
560 -3.59298e-05
580 -3.33675e-05
600 -3.04605e-05
620 -2.72632e-05
640 -2.38356e-05
660 -2.02412e-05
680 -1.65455e-05
700 -1.28138e-05
720 -9.10969e-06
740 -5.49362e-06
760 -2.02102e-06
780 1.25852e-06
800 4.30244e-06
820 7.07574e-06
840 9.55146e-06
860 1.17108e-05
880 1.3543e-05
900 1.50451e-05
920 1.6221e-05
940 1.70813e-05
960 1.7642e-05
980 1.7924e-05
1000 1.79516e-05
1020 1.77518e-05
1040 1.73536e-05
1060 1.67866e-05
1080 1.60803e-05
1100 1.52637e-05
1120 1.43644e-05
1140 1.3408e-05
1160 1.24179e-05
1180 1.1415e-05
1200 1.04176e-05
1220 9.441e-06
1240 8.49814e-06
1260 7.59907e-06
1280 6.7514e-06
1300 5.96055e-06
1320 5.22992e-06
1340 4.56111e-06
1360 3.95415e-06
1380 3.40784e-06
1400 2.92003e-06
1420 2.48778e-06
1440 2.10761e-06
1460 1.77562e-06
1480 1.48772e-06
1500 1.23973e-06
1520 1.02755e-06
1540 8.47215e-07
1560 6.94955e-07
1580 5.67275e-07
1600 4.60973e-07
1620 3.73172e-07
1640 3.01338e-07
1660 2.43301e-07
1680 1.97266e-07
1700 1.61846e-07
1720 1.36092e-07
1740 1.19563e-07
1760 1.12414e-07
1780 1.15539e-07
1800 1.30775e-07
1820 1.61189e-07
1840 2.11491e-07
1860 2.88599e-07
1880 4.02416e-07
1900 5.66887e-07
1920 8.01425e-07
1940 1.13281e-06
1960 1.59775e-06
1980 2.2462e-06
2000 3.14576e-06
2020 4.38747e-06
2040 6.09319e-06
2060 8.42521e-06
2080 1.15986e-05
2100 1.58966e-05
2120 2.16909e-05
2140 2.94661e-05
2160 3.98507e-05
2180 5.3656e-05
2200 7.19232e-05
2220 9.59818e-05
2240 0.00012752
2260 0.000168669
2280 0.000222108
2300 0.00029118
2320 0.000380039
2340 0.000493818
2360 0.000638816
2380 0.000822727
2400 0.00105489
2420 0.00134657
2440 0.0017113
2460 0.00216517
2480 0.0027273
2500 0.00342015
2520 0.00427003
2540 0.00530751
2560 0.00656787
2580 0.00809155
2600 0.00992462
2620 0.0121191
2640 0.0147334
2660 0.0178324
2680 0.0214879
2700 0.0257782
2720 0.0307884
2740 0.03661
2760 0.04334
2780 0.0510804
2800 0.0599375
2820 0.0700197
2840 0.0814366
2860 0.094297
2880 0.108706
2900 0.124765
2920 0.142563
2940 0.162182
2960 0.183687
2980 0.207125
3000 0.232525
3020 0.259889
3040 0.289192
3060 0.320381
3080 0.353369
3100 0.388037
3120 0.424228
3140 0.461753
3160 0.500383
3180 0.539857
3200 0.579881
3220 0.620131
3240 0.660256
3260 0.699883
3280 0.738625
3300 0.776082
3320 0.811852
3340 0.845536
3360 0.876746
3380 0.905111
3400 0.930287
3420 0.95196
3440 0.969859
3460 0.983753
3480 0.993463
3500 0.998862
3520 0.999881
3540 0.996507
3560 0.988784
3580 0.976814
3600 0.960755
3620 0.940814
3640 0.917245
3660 0.890344
3680 0.860442
3700 0.827898
3720 0.793092
3740 0.75642
3760 0.718281
3780 0.679077
3800 0.639199
3820 0.599027
3840 0.558922
3860 0.519217
3880 0.480222
3900 0.44221
3920 0.405425
3940 0.370074
3960 0.336326
3980 0.304319
4000 0.274153
4020 0.245898
4040 0.21959
4060 0.195239
4080 0.17283
4100 0.152324
4120 0.133664
4140 0.116778
4160 0.101579
4180 0.0879727
4200 0.075856
4220 0.0651225
4240 0.0556638
4260 0.0473711
4280 0.0401379
4300 0.0338608
4320 0.0284407
4340 0.023784
4360 0.019803
4380 0.0164164
4400 0.0135496
4420 0.0111347
4440 0.00911032
4460 0.00742149
4480 0.00601938
4500 0.0048609
4520 0.00390827
4540 0.00312865
4560 0.00249364
4580 0.00197886
4600 0.00156352
4620 0.00122997
4640 0.000963369
4660 0.00075127
4680 0.000583319
4700 0.000450944
4720 0.000347093
4740 0.000265996
4760 0.000202961
4780 0.000154191
4800 0.00011663
4820 8.78361e-05
4840 6.58632e-05
4860 4.91724e-05
4880 3.65519e-05
4900 2.70525e-05
4920 1.99349e-05
4940 1.46262e-05
4960 1.06846e-05
4980 7.77132e-06
5000 5.62786e-06
5020 4.05791e-06
5040 2.91322e-06
5060 2.08236e-06
5080 1.48201e-06
5100 1.05016e-06
5120 7.40928e-07
5140 5.20484e-07
5160 3.64043e-07
5180 2.53519e-07
5200 1.75785e-07
5220 1.21358e-07
5240 8.34195e-08
5260 5.70929e-08
5280 3.89055e-08
5300 2.6397e-08
5320 1.78326e-08
5340 1.19947e-08
5360 8.03302e-09
5380 5.35655e-09
5400 3.55638e-09
5420 2.35097e-09
5440 1.5474e-09
5460 1.01409e-09
5480 6.6171e-10
5500 4.29909e-10
5520 2.78101e-10
5540 1.79121e-10
5560 1.14871e-10
5580 7.33487e-11
5600 4.6633e-11
5620 2.95198e-11
5640 1.8606e-11
5660 1.16765e-11
5680 7.29613e-12
5700 4.53934e-12
5720 2.81198e-12
5740 1.73442e-12
5760 1.06516e-12
5780 6.51329e-13
5800 3.96557e-13
5820 2.40399e-13
5840 1.45105e-13
5860 8.72076e-14
5880 5.21854e-14
5900 3.10932e-14
5920 1.84462e-14
5940 1.08961e-14
5960 6.40852e-15
5980 3.75292e-15
6000 2.18829e-15
6020 1.27047e-15
6040 7.34429e-16
6060 4.22726e-16
6080 2.42267e-16
6100 1.38246e-16
6120 7.85488e-17
6140 4.44377e-17
6160 2.50316e-17
6180 1.40396e-17
6200 7.84051e-18
6220 4.35975e-18
6240 2.41383e-18
6260 1.3307e-18
6280 7.30429e-19
6300 3.99214e-19
6320 2.17251e-19
6340 1.17719e-19
6360 6.35122e-20
6380 3.41192e-20
6400 1.82502e-20
6420 9.72004e-21
6440 5.15462e-21
6460 2.7218e-21
6480 1.43101e-21
6500 7.49139e-22
6520 3.90492e-22
6540 2.02671e-22
6560 1.04737e-22
6580 5.38944e-23
6600 2.76132e-23
6620 1.40871e-23
6640 7.15578e-24
6660 3.6193e-24
6680 1.82274e-24
6700 9.14026e-25
6720 4.56377e-25
6740 2.26894e-25
6760 1.12319e-25
6780 5.53628e-26
6800 2.71717e-26
6820 1.32785e-26
6840 6.46122e-27
6860 3.13051e-27
6880 1.51025e-27
6900 7.25468e-28
6920 3.46994e-28
6940 1.65257e-28
6960 7.83674e-29
6980 3.70037e-29
7000 1.73976e-29
7020 8.14463e-30
7040 3.79655e-30
7060 1.76215e-30
7080 8.1439e-31
7100 3.74765e-31
7120 1.71721e-31
7140 7.83472e-32
7160 3.55927e-32
7180 1.61004e-32
7200 7.25187e-33
7220 3.25238e-33
7240 1.45241e-33
7260 6.4583e-34
7280 2.85946e-34
7300 1.26063e-34
7320 5.53391e-35
7340 2.41888e-35
7360 1.05278e-35
7380 4.56245e-36
7400 1.96879e-36
7420 8.45941e-37
7440 3.61927e-37
7460 1.54185e-37
7480 6.54039e-38
7500 2.76252e-38
7520 1.16185e-38
7540 4.86556e-39
7560 2.02889e-39
7580 8.42411e-40
7600 3.48283e-40
7620 1.43378e-40
7640 5.87723e-41
7660 2.39887e-41
7680 9.7495e-42
7700 3.94548e-42
7720 1.58987e-42
7740 6.37917e-43
7760 2.54865e-43
7780 1.01391e-43
7800 4.01636e-44
7820 1.5842e-44
7840 6.22199e-45
7860 2.43328e-45
7880 9.47546e-46
7900 3.67411e-46
7920 1.41856e-46
7940 5.45366e-47
7960 2.08772e-47
7980 7.95798e-48
8000 3.02049e-48
8020 1.14156e-48
8040 4.29598e-49
8060 1.6098e-49
8080 6.00661e-50
8100 2.23168e-50
8120 8.25617e-51
8140 3.04139e-51
8160 1.11561e-51
8180 4.07473e-52
8200 1.48194e-52
8220 5.36675e-53
8240 1.93525e-53
8260 6.94882e-54
8280 2.48446e-54
8300 8.84502e-55
8320 3.13555e-55
8340 1.10682e-55
8360 3.89033e-56
8380 1.36159e-56
8400 4.74516e-57
8420 1.64666e-57
8440 5.68994e-58
8460 1.95776e-58
8480 6.70745e-59
8500 2.28826e-59
8520 7.77325e-60
8540 2.62935e-60
8560 8.85612e-61
8580 2.97021e-61
8600 9.9193e-62
8620 3.29856e-62
8640 1.09224e-62
8660 3.60129e-63
8680 1.18236e-63
8700 3.86539e-64
8720 1.2583e-64
8740 4.07875e-65
8760 1.3165e-65
8780 4.2312e-66
8800 1.35412e-66
8820 4.31522e-67
8840 1.3693e-67
8860 4.32658e-68
8880 1.36126e-68
8900 4.26472e-69
8920 1.33043e-69
8940 4.13278e-70
8960 1.27834e-70
8980 3.93732e-71
9000 1.20756e-71
9020 3.68779e-72
9040 1.12144e-72
9060 3.39578e-73
9080 1.02389e-73
9100 3.07412e-74
9120 9.19053e-75
9140 2.73598e-75
9160 8.11031e-76
9180 2.39395e-76
9200 7.03632e-77
9220 2.05934e-77
9240 6.00157e-78
9260 1.74163e-78
9280 5.03266e-79
9300 1.44808e-79
9320 4.149e-80
9340 1.18371e-80
9360 3.36282e-81
9380 9.51291e-82
9400 2.67965e-82
9420 7.51616e-83
9440 2.09927e-83
9460 5.83841e-84
9480 1.61687e-84
9500 4.45871e-85
9520 1.22433e-85
9540 3.34767e-86
9560 9.11465e-87
9580 2.47111e-87
9600 6.67114e-88
9620 1.79334e-88
9640 4.80042e-89
9660 1.27953e-89
9680 3.39608e-90
9700 8.97552e-91
9720 2.36209e-91
9740 6.18997e-92
9760 1.61524e-92
9780 4.197e-93
9800 1.08592e-93
9820 2.79777e-94
9840 7.17763e-95
9860 1.83361e-95
9880 4.66424e-96
9900 1.18119e-96
9920 2.96844e-97
9940 7.01839e-98
9960 0
