-20 0
0 0.00881855
20 0.0178305
40 0.0272282
60 0.0372019
80 0.0479385
100 0.05962
120 0.0724222
140 0.0865123
160 0.102047
180 0.119171
200 0.138012
220 0.158681
240 0.181265
260 0.205828
280 0.232406
300 0.261005
320 0.291596
340 0.324115
360 0.358461
380 0.394494
400 0.432032
420 0.470859
440 0.510716
460 0.55131
480 0.592317
500 0.633381
520 0.674124
540 0.714149
560 0.753048
580 0.790406
600 0.825814
620 0.858869
640 0.889188
660 0.916414
680 0.940221
700 0.960321
720 0.976474
740 0.988486
760 0.996218
780 0.999588
800 0.998568
820 0.993192
840 0.983547
860 0.969775
880 0.952071
900 0.930673
920 0.905862
940 0.877954
960 0.847293
980 0.814244
1000 0.779188
1020 0.742512
1040 0.704605
1060 0.665848
1080 0.626613
1100 0.587252
1120 0.548098
1140 0.509455
1160 0.471602
1180 0.434783
1200 0.399212
1220 0.365069
1240 0.332502
1260 0.301624
1280 0.272519
1300 0.245241
1320 0.219817
1340 0.196248
1360 0.174515
1380 0.154579
1400 0.136384
1420 0.119861
1440 0.104929
1460 0.0915012
1480 0.0794832
1500 0.0687776
1520 0.0592853
1540 0.0509074
1560 0.0435466
1580 0.0371084
1600 0.0315021
1620 0.0266417
1640 0.0224463
1660 0.0188405
1680 0.0157548
1700 0.0131252
1720 0.0108938
1740 0.00900824
1760 0.00742148
1780 0.00609166
1800 0.00498175
1820 0.00405914
1840 0.00329531
1860 0.00266548
1880 0.00214822
1900 0.00172508
1920 0.00138032
1940 0.00110052
1960 0.000874339
1980 0.000692215
2000 0.000546147
2020 0.000429461
2040 0.000336621
2060 0.000263056
2080 0.000205011
2100 0.000159413
2120 0.000123763
2140 9.60347e-05
2160 7.45961e-05
2180 5.81359e-05
2200 4.5607e-05
2220 3.61767e-05
2240 2.9186e-05
2260 2.41152e-05
2280 2.05568e-05
2300 1.81917e-05
2320 1.67711e-05
2340 1.6101e-05
2360 1.60298e-05
2380 1.64384e-05
2400 1.7232e-05
2420 1.83338e-05
2440 1.96794e-05
2460 2.12133e-05
2480 2.28849e-05
2500 2.46465e-05
2520 2.64512e-05
2540 2.82514e-05
2560 2.9998e-05
2580 3.16398e-05
2600 3.31233e-05
2620 3.43932e-05
2640 3.53922e-05
2660 3.60629e-05
2680 3.63476e-05
2700 3.61908e-05
2720 3.55399e-05
2740 3.4347e-05
2760 3.25709e-05
2780 3.01787e-05
2800 2.71475e-05
2820 2.34662e-05
2840 1.91371e-05
2860 1.41766e-05
2880 8.61703e-06
2900 2.50629e-06
2920 -4.09141e-06
2940 -1.10962e-05
2960 -1.84133e-05
2980 -2.59346e-05
3000 -3.35403e-05
3020 -4.11016e-05
3040 -4.84832e-05
3060 -5.5547e-05
3080 -6.21551e-05
3100 -6.81737e-05
3120 -7.34767e-05
3140 -7.79493e-05
3160 -8.14917e-05
3180 -8.40215e-05
3200 -8.54771e-05
3220 -8.58194e-05
3240 -8.50329e-05
3260 -8.31269e-05
3280 -8.01354e-05
3300 -7.61161e-05
3320 -7.11486e-05
3340 -6.53332e-05
3360 -5.87868e-05
3380 -5.16405e-05
3400 -4.40356e-05
3420 -3.61197e-05
3440 -2.80426e-05
3460 -1.99523e-05
3480 -1.19912e-05
3500 -4.2927e-06
3520 3.02213e-06
3540 9.84697e-06
3560 1.60923e-05
3580 2.16868e-05
3600 2.65782e-05
3620 3.07331e-05
3640 3.41369e-05
3660 3.67926e-05
3680 3.87191e-05
3700 3.995e-05
3720 4.05307e-05
3740 4.05166e-05
3760 3.99707e-05
3780 3.89607e-05
3800 3.75572e-05
3820 3.58316e-05
3840 3.38535e-05
3860 3.16899e-05
3880 2.9403e-05
3900 2.70498e-05
3920 2.46809e-05
3940 2.23402e-05
3960 2.00646e-05
3980 1.7884e-05
4000 1.58218e-05
4020 1.3895e-05
4040 1.21149e-05
4060 1.04876e-05
4080 9.01502e-06
4100 7.69519e-06
4120 6.52316e-06
4140 5.49167e-06
4160 4.5917e-06
4180 3.81311e-06
4200 3.1451e-06
4220 2.5766e-06
4240 2.09664e-06
4260 1.69459e-06
4280 1.36042e-06
4300 1.0848e-06
4320 8.59198e-07
4340 6.75932e-07
4360 5.28167e-07
4380 4.09906e-07
4400 3.15962e-07
4420 2.41895e-07
4440 1.83929e-07
4460 1.38898e-07
4480 1.04164e-07
4500 7.75706e-08
4520 5.73667e-08
4540 4.21331e-08
4560 3.07313e-08
4580 2.225e-08
4600 1.59916e-08
4620 1.14107e-08
4640 8.08922e-09
4660 5.69616e-09
4680 3.97606e-09
4700 2.75191e-09
4720 1.88931e-09
4740 1.29446e-09
4760 8.81812e-10
4780 5.91587e-10
4800 3.90414e-10
4820 2.55082e-10
4840 1.72891e-10
4860 1.16059e-10
4880 7.3537e-11
4900 4.22915e-11
4920 2.4959e-11
4940 2.16671e-11
4960 1.56063e-11
4980 7.64463e-12
5000 -4.29308e-13
5020 -3.76523e-14
5040 5.94148e-12
5060 4.05401e-12
5080 -4.7594e-13
5100 -4.88703e-12
5120 -1.59581e-13
5140 5.08191e-12
5160 1.55705e-12
5180 -2.66529e-12
5200 -4.50348e-12
5220 2.33946e-12
5240 4.60725e-12
5260 -7.60281e-13
5280 -3.73304e-12
5300 -2.47914e-12
5320 4.55182e-12
5340 2.76298e-12
5360 -3.1328e-12
5380 -3.29398e-12
5400 4.53844e-13
5420 5.238e-12
5440 -4.01708e-13
5460 -4.41407e-12
5480 -9.82402e-13
5500 2.96199e-12
5520 3.60286e-12
5540 -3.69701e-12
5560 -3.37373e-12
5580 2.30477e-12
5600 3.26802e-12
5620 1.36159e-13
5640 -5.089e-12
5660 3.96788e-14
5680 4.34766e-12
5700 6.23026e-13
5720 -2.83299e-12
5740 -3.1411e-12
5760 3.72837e-12
5780 3.03221e-12
5800 -3.24023e-12
5820 -2.49925e-12
5840 9.07183e-13
5860 4.37242e-12
5880 -1.07744e-12
5900 -4.60674e-12
5920 1.37608e-12
5940 3.051e-12
5960 8.79327e-13
5980 -3.91242e-12
6000 -1.50948e-12
6020 4.80493e-12
6040 4.32598e-13
6060 -2.99142e-12
6080 -1.7723e-12
6100 2.63527e-12
6120 3.27874e-12
6140 -4.00923e-12
6160 -2.00471e-12
6180 2.98297e-12
6200 1.96894e-12
6220 -1.43404e-12
6240 -3.82578e-12
6260 2.68952e-12
6280 3.42468e-12
6300 -3.02193e-12
6320 -2.02344e-12
6340 1.15627e-12
6360 3.35919e-12
6380 -1.24188e-12
6400 -4.26788e-12
6420 2.82538e-12
6440 2.64007e-12
6460 -1.8139e-12
6480 -2.36324e-12
6500 5.73261e-13
6520 4.12709e-12
6540 -2.01882e-12
6560 -3.58149e-12
6580 2.87048e-12
6600 1.91152e-12
6620 -1.22202e-12
6640 -2.78788e-12
6660 1.21855e-12
6680 3.9848e-12
6700 -3.12548e-12
6720 -2.32906e-12
6740 2.98779e-12
6760 1.28923e-12
6780 -1.42472e-12
6800 -2.66187e-12
6820 2.50667e-12
6840 2.86488e-12
6860 -4.13282e-12
6880 -6.29319e-13
6900 3.17271e-12
6920 2.38559e-13
6940 -1.96136e-12
6960 -1.53891e-12
6980 3.53527e-12
7000 8.08034e-13
7020 -4.47001e-12
7040 1.59322e-12
7060 2.82086e-12
7080 -1.51327e-12
7100 -1.75652e-12
7120 4.03309e-13
7140 3.2239e-12
7160 -1.62536e-12
7180 -3.3229e-12
7200 3.80698e-12
7220 1.0434e-12
7240 -3.17675e-12
7260 1.79e-13
7280 1.83217e-12
7300 9.5678e-13
7320 -2.79161e-12
7340 -5.5194e-13
7360 4.28366e-12
7380 -2.00127e-12
7400 -2.85441e-12
7420 3.19265e-12
7440 7.14243e-13
7460 -1.85564e-12
7480 -8.5585e-13
7500 1.74493e-12
7520 1.68936e-12
7540 -3.59465e-12
7560 1.42436e-13
7580 4.08539e-12
7600 -2.74929e-12
7620 -1.77048e-12
7640 2.88329e-12
7660 1.86553e-13
7680 -1.50174e-12
7700 -8.18717e-13
7720 2.13453e-12
7740 9.04811e-13
7760 -3.77845e-12
7780 1.62315e-12
7800 3.14177e-12
7820 -3.74807e-12
7840 -2.53385e-13
7860 3.03475e-12
7880 -1.15858e-12
7900 -1.35873e-12
7920 4.85098e-13
7940 1.73493e-12
7960 -6.19663e-13
7980 -2.65546e-12
8000 2.89921e-12
8020 1.22551e-12
8040 -4.2192e-12
8060 1.98756e-12
8080 2.52104e-12
8100 -3.29713e-12
8120 1.39465e-13
8140 2.08927e-12
8160 -6.67185e-13
8180 -1.11716e-12
8200 5.37833e-14
8220 2.013e-12
8240 -9.97975e-13
8260 -2.39432e-12
8280 3.3618e-12
8300 1.8393e-13
8320 -3.88978e-12
8340 2.98152e-12
8360 1.43726e-12
8380 -3.68922e-12
8400 1.44275e-12
8420 1.84645e-12
8440 -1.95649e-12
8460 -2.19968e-13
8480 1.07029e-12
8500 4.44751e-13
8520 -1.18029e-12
8540 -5.6926e-13
8560 2.51951e-12
8580 -1.14027e-12
8600 -2.34475e-12
8620 3.57346e-12
8640 -3.40069e-13
8660 -3.53491e-12
8680 3.44355e-12
8700 6.73267e-13
8720 -3.72891e-12
8740 2.42147e-12
8760 1.36392e-12
8780 -2.90387e-12
8800 1.04303e-12
8820 1.39442e-12
8840 -1.38588e-12
8860 -1.79562e-13
8880 7.44633e-13
8900 3.65266e-13
8920 -8.97463e-13
8940 -3.97337e-13
8960 1.90311e-12
8980 -1.01151e-12
9000 -1.70847e-12
9020 2.92677e-12
9040 -6.09954e-13
9060 -2.86822e-12
9080 3.33859e-12
9100 9.34361e-14
9120 -3.6425e-12
9140 3.19409e-12
9160 8.63382e-13
9180 -3.94862e-12
9200 2.63718e-12
9220 1.49333e-12
9240 -3.79834e-12
9260 1.87663e-12
9280 1.85838e-12
9300 -3.29262e-12
9320 1.09436e-12
9340 1.9273e-12
9360 -2.55144e-12
9380 4.29954e-13
9400 1.72666e-12
9420 -1.7331e-12
9440 -3.29419e-14
9460 1.31209e-12
9480 -9.51692e-13
9500 -2.72138e-13
9520 7.64358e-13
9540 -2.98778e-13
9560 -3.01255e-13
9580 1.79802e-13
9600 1.90879e-13
9620 -1.65594e-13
9640 -3.77449e-13
9660 4.89072e-13
9680 8.98783e-14
9700 -8.51827e-13
9720 6.21698e-13
9740 4.18883e-13
9760 -1.20128e-12
9780 6.07835e-13
9800 7.62897e-13
9820 -1.42836e-12
9840 4.73047e-13
9860 1.07801e-12
9880 -1.51098e-12
9900 2.59985e-13
9920 1.32361e-12
9940 -1.47278e-12
9960 0
