-10 0
0 2.17995e-14
10 1.9475e-14
20 1.30994e-14
30 2.54225e-14
40 1.03168e-14
50 2.98361e-15
60 -8.14668e-15
70 3.29005e-15
80 9.40276e-15
90 4.31481e-15
100 1.20824e-14
110 -5.17363e-15
120 -3.27549e-14
130 -2.95196e-14
140 -1.63085e-14
150 -2.09316e-14
160 -2.23408e-14
170 1.10322e-14
180 9.72462e-15
190 5.70953e-15
200 -6.5309e-15
210 -9.27031e-16
220 2.75474e-15
230 -1.23069e-14
240 -1.43187e-14
250 -2.95611e-14
260 -1.61126e-14
270 -4.01137e-14
280 -2.31031e-14
290 -3.20925e-14
300 -3.12492e-14
310 -1.8943e-14
320 3.51004e-15
330 -1.5925e-14
340 -1.25197e-14
350 -7.44557e-15
360 -4.11165e-15
370 -2.0347e-14
380 8.69964e-15
390 5.21684e-15
400 -2.28983e-14
410 -1.57587e-14
420 9.57494e-15
430 -3.74393e-15
440 -1.31507e-14
450 -1.07506e-14
460 -3.94009e-15
470 -4.87778e-15
480 -1.46896e-14
490 -6.36104e-15
500 -9.51833e-15
510 3.21924e-15
520 -1.64974e-14
530 3.37055e-14
540 2.14162e-14
550 7.33736e-15
560 9.23151e-15
570 1.22506e-14
580 1.94378e-14
590 1.35984e-14
600 1.22498e-14
610 1.27376e-14
620 3.10119e-14
630 2.10791e-14
640 4.72052e-14
650 3.13381e-14
660 6.33238e-14
670 4.95298e-14
680 2.52567e-14
690 2.92318e-14
700 3.45416e-14
710 2.8419e-14
720 2.08116e-14
730 6.67685e-15
740 3.35365e-14
750 3.20046e-14
760 3.77179e-14
770 2.47257e-14
780 2.93921e-14
790 3.10122e-14
800 3.57017e-14
810 4.46468e-14
820 4.00159e-14
830 6.22659e-14
840 7.57395e-14
850 6.61926e-14
860 7.13101e-14
870 1.06135e-13
880 1.1824e-13
890 1.01452e-13
900 9.29984e-14
910 1.07798e-13
920 1.1112e-13
930 1.12194e-13
940 1.00937e-13
950 1.01375e-13
960 9.34776e-14
970 9.12969e-14
980 1.1021e-13
990 1.09312e-13
1000 7.62128e-14
1010 9.43903e-14
1020 1.04806e-13
1030 1.3013e-13
1040 9.20377e-14
1050 8.66615e-14
1060 1.00421e-13
1070 1.01688e-13
1080 1.06761e-13
1090 1.03599e-13
1100 9.46437e-14
1110 8.7391e-14
1120 6.34441e-14
1130 7.71966e-14
1140 8.37027e-14
1150 8.66786e-14
1160 8.58284e-14
1170 9.40685e-14
1180 9.6076e-14
1190 1.00025e-13
1200 8.39365e-14
1210 8.16858e-14
1220 1.02898e-13
1230 7.84745e-14
1240 9.48646e-14
1250 1.11143e-13
1260 1.01798e-13
1270 1.05504e-13
1280 1.12968e-13
1290 1.26084e-13
1300 1.28715e-13
1310 1.2117e-13
1320 9.32082e-14
1330 9.66563e-14
1340 9.64773e-14
1350 9.94945e-14
1360 6.43744e-14
1370 8.146e-14
1380 8.64307e-14
1390 7.29068e-14
1400 7.38177e-14
1410 4.32657e-14
1420 2.72772e-14
1430 5.74703e-14
1440 5.3977e-14
1450 3.8415e-14
1460 3.39375e-14
1470 4.21457e-14
1480 3.2251e-14
1490 2.71464e-14
1500 3.56233e-14
1510 3.52559e-14
1520 1.74666e-14
1530 2.6916e-14
1540 2.95142e-14
1550 2.76116e-14
1560 2.2759e-14
1570 -9.08441e-15
1580 -2.72089e-14
1590 3.59127e-15
1600 3.44947e-15
1610 -4.53398e-15
1620 -3.44708e-14
1630 -1.38036e-14
1640 -2.61768e-14
1650 -1.06793e-14
1660 -1.21482e-14
1670 -1.58073e-14
1680 -1.84196e-14
1690 -1.26853e-14
1700 2.06708e-16
1710 1.97535e-14
1720 -2.30449e-15
1730 5.67075e-15
1740 2.39966e-14
1750 1.0876e-14
1760 1.37395e-14
1770 -1.10434e-14
1780 1.45449e-14
1790 4.52253e-16
1800 2.31188e-15
1810 -8.26126e-15
1820 3.90459e-15
1830 -2.6346e-14
1840 -1.37086e-14
1850 2.46517e-15
1860 3.73814e-16
1870 -1.70786e-14
1880 -2.3002e-15
1890 3.20175e-15
1900 1.27048e-14
1910 -5.05569e-15
1920 -6.40808e-15
1930 -3.2426e-15
1940 -8.72725e-15
1950 -2.18131e-14
1960 -3.49973e-14
1970 -2.71773e-14
1980 -4.45644e-14
1990 -5.53664e-14
2000 -3.74052e-14
2010 -3.85444e-14
2020 -3.36912e-14
2030 -4.74521e-14
2040 -5.83198e-14
2050 -5.2999e-14
2060 -5.14601e-14
2070 -3.33682e-14
2080 -2.77967e-14
2090 -6.02556e-14
2100 -9.11304e-14
2110 -1.14397e-13
2120 -7.15588e-14
2130 4.16713e-14
2140 4.37789e-13
2150 1.34813e-12
2160 3.26977e-12
2170 6.67985e-12
2180 1.17401e-11
2190 1.71737e-11
2200 1.71189e-11
2210 -5.37153e-12
2220 -9.26533e-11
2230 -3.40574e-10
2240 -9.52577e-10
2250 -2.3393e-09
2260 -5.29738e-09
2270 -1.13202e-08
2280 -2.31265e-08
2290 -4.5537e-08
2300 -8.68995e-08
2310 -1.61357e-07
2320 -2.9239e-07
2330 -5.18253e-07
2340 -9.00165e-07
2350 -1.53445e-06
2360 -2.57023e-06
2370 -4.23487e-06
2380 -6.86983e-06
2390 -1.09807e-05
2400 -1.73058e-05
2410 -2.69085e-05
2420 -4.13013e-05
2430 -6.26069e-05
2440 -9.37686e-05
2450 -0.000138817
2460 -0.000203207
2470 -0.000294231
2480 -0.00042153
2490 -0.000597702
2500 -0.000839018
2510 -0.00116627
2520 -0.0016057
2530 -0.00219013
2540 -0.00296006
2550 -0.00396498
2560 -0.00526468
2570 -0.00693057
2580 -0.00904698
2590 -0.0117124
2600 -0.0150403
2610 -0.0191603
2620 -0.024218
2630 -0.0303755
2640 -0.0378105
2650 -0.0467149
2660 -0.0572932
2670 -0.0697595
2680 -0.0843339
2690 -0.101238
2700 -0.12069
2710 -0.142898
2720 -0.168053
2730 -0.196323
2740 -0.227844
2750 -0.262714
2760 -0.300983
2770 -0.342646
2780 -0.387641
2790 -0.435836
2800 -0.487033
2810 -0.54096
2820 -0.597271
2830 -0.655551
2840 -0.715314
2850 -0.776013
2860 -0.837046
2870 -0.897765
2880 -0.95749
2890 -1.01552
2900 -1.07114
2910 -1.12365
2920 -1.17238
2930 -1.21668
2940 -1.25596
2950 -1.2897
2960 -1.31746
2970 -1.33887
2980 -1.35367
2990 -1.36169
3000 -1.36286
3010 -1.35723
3020 -1.34494
3030 -1.32622
3040 -1.30139
3050 -1.27085
3060 -1.23508
3070 -1.1946
3080 -1.14999
3090 -1.10186
3100 -1.05083
3110 -0.997536
3120 -0.942601
3130 -0.886634
3140 -0.830219
3150 -0.773902
3160 -0.718188
3170 -0.663532
3180 -0.610338
3190 -0.558954
3200 -0.509673
3210 -0.462732
3220 -0.418313
3230 -0.376546
3240 -0.337516
3250 -0.301258
3260 -0.267771
3270 -0.237017
3280 -0.208928
3290 -0.183412
3300 -0.160355
3310 -0.139628
3320 -0.121089
3330 -0.104591
3340 -0.0899799
3350 -0.077103
3360 -0.0658083
3370 -0.0559478
3380 -0.0473793
3390 -0.0399673
3400 -0.0335848
3410 -0.0281132
3420 -0.0234431
3430 -0.0194746
3440 -0.0161168
3450 -0.0132877
3460 -0.0109143
3470 -0.00893147
3480 -0.0072818
3490 -0.00591495
3500 -0.00478706
3510 -0.0038601
3520 -0.00310134
3530 -0.00248272
3540 -0.00198035
3550 -0.00157398
3560 -0.00124654
3570 -0.000983716
3580 -0.000773568
3590 -0.000606176
3600 -0.000473345
3610 -0.000368334
3620 -0.000285627
3630 -0.000220726
3640 -0.000169987
3650 -0.000130463
3660 -9.97883e-05
3670 -7.60669e-05
3680 -5.77888e-05
3690 -4.37551e-05
3700 -3.30185e-05
3710 -2.48334e-05
3720 -1.86153e-05
3730 -1.3908e-05
3740 -1.03569e-05
3750 -7.68717e-06
3760 -5.68699e-06
3770 -4.19357e-06
3780 -3.0823e-06
3790 -2.2582e-06
3800 -1.64912e-06
3810 -1.20047e-06
3820 -8.71082e-07
3830 -6.30066e-07
3840 -4.54294e-07
3850 -3.26524e-07
3860 -2.33953e-07
3870 -1.67101e-07
3880 -1.1898e-07
3890 -8.44537e-08
3900 -5.97608e-08
3910 -4.21574e-08
3920 -2.96479e-08
3930 -2.07866e-08
3940 -1.45293e-08
3950 -1.01248e-08
3960 -7.0341e-09
3970 -4.87214e-09
3980 -3.36452e-09
3990 -2.31646e-09
4000 -1.59011e-09
4010 -1.08827e-09
4020 -7.42609e-10
4030 -5.0524e-10
4040 -3.42738e-10
4050 -2.3182e-10
4060 -1.56337e-10
4070 -1.0513e-10
4080 -7.0489e-11
4090 -4.71423e-11
4100 -3.14357e-11
4110 -2.09082e-11
4120 -1.38717e-11
4130 -9.19511e-12
4140 -6.06877e-12
4150 -4.0085e-12
4160 -2.65175e-12
4170 -1.74151e-12
4180 -1.13139e-12
4190 -7.58967e-13
4200 -4.9625e-13
4210 -3.36423e-13
4220 -2.10106e-13
4230 -1.52226e-13
4240 -1.14963e-13
4250 -7.14875e-14
4260 -7.24116e-14
4270 -4.8489e-14
4280 -4.31973e-14
4290 -3.66444e-14
4300 -2.55012e-14
4310 -4.50164e-14
4320 -2.72437e-14
4330 -3.69254e-14
4340 -4.69399e-14
4350 -5.28636e-14
4360 -4.49759e-14
4370 -8.5203e-14
4380 -7.58845e-14
4390 -7.53169e-14
4400 -7.34585e-14
4410 -7.25987e-14
4420 -8.87886e-14
4430 -9.48471e-14
4440 -1.21625e-13
4450 -1.33872e-13
4460 -1.12928e-13
4470 -1.03146e-13
4480 -1.24897e-13
4490 -1.41545e-13
4500 -1.20822e-13
4510 -1.3912e-13
4520 -1.34822e-13
4530 -1.29197e-13
4540 -1.29639e-13
4550 -1.3407e-13
4560 -1.3588e-13
4570 -1.35248e-13
4580 -1.12578e-13
4590 -1.31428e-13
4600 -1.36777e-13
4610 -1.19613e-13
4620 -1.34908e-13
4630 -1.30009e-13
4640 -1.25849e-13
4650 -1.50062e-13
4660 -1.37322e-13
4670 -1.29705e-13
4680 -1.48836e-13
4690 -1.35433e-13
4700 -1.50065e-13
4710 -1.22791e-13
4720 -1.22731e-13
4730 -1.25532e-13
4740 -9.37724e-14
4750 -1.09605e-13
4760 -1.05135e-13
4770 -1.22413e-13
4780 -1.03089e-13
4790 -1.12273e-13
4800 -1.19341e-13
4810 -1.02887e-13
4820 -1.02736e-13
4830 -9.2886e-14
4840 -1.03674e-13
4850 -1.10096e-13
4860 -1.16252e-13
4870 -1.12868e-13
4880 -1.08e-13
4890 -1.09559e-13
4900 -1.00374e-13
4910 -1.1265e-13
4920 -9.82339e-14
4930 -1.09295e-13
4940 -1.09467e-13
4950 -9.25807e-14
4960 -1.09932e-13
4970 -1.03551e-13
4980 -1.02593e-13
4990 -1.0511e-13
5000 -1.07586e-13
5010 -9.50404e-14
5020 -1.06428e-13
5030 -9.49269e-14
5040 -1.28034e-13
5050 -1.10352e-13
5060 -1.14831e-13
5070 -1.15108e-13
5080 -1.18314e-13
5090 -1.16048e-13
5100 -1.2585e-13
5110 -1.11667e-13
5120 -9.77627e-14
5130 -9.34837e-14
5140 -9.70082e-14
5150 -9.21887e-14
5160 -9.04297e-14
5170 -9.19923e-14
5180 -1.038e-13
5190 -1.10223e-13
5200 -1.09293e-13
5210 -1.11782e-13
5220 -1.0007e-13
5230 -1.15582e-13
5240 -1.10981e-13
5250 -1.1782e-13
5260 -1.28471e-13
5270 -1.21955e-13
5280 -1.36056e-13
5290 -1.35991e-13
5300 -1.23129e-13
5310 -1.3051e-13
5320 -1.19503e-13
5330 -1.24116e-13
5340 -1.18683e-13
5350 -1.14123e-13
5360 -1.00737e-13
5370 -1.03739e-13
5380 -9.82894e-14
5390 -1.07722e-13
5400 -1.04608e-13
5410 -1.12883e-13
5420 -1.07732e-13
5430 -1.06384e-13
5440 -1.05129e-13
5450 -8.80251e-14
5460 -8.50788e-14
5470 -8.37081e-14
5480 -8.83906e-14
5490 -8.01017e-14
5500 -7.47388e-14
5510 -6.83126e-14
5520 -5.76048e-14
5530 -5.83682e-14
5540 -4.89101e-14
5550 -6.98233e-14
5560 -6.27351e-14
5570 -5.20524e-14
5580 -3.47764e-14
5590 -5.3398e-14
5600 -4.73866e-14
5610 -7.45611e-14
5620 -6.1869e-14
5630 -6.77397e-14
5640 -7.29643e-14
5650 -8.35819e-14
5660 -7.72565e-14
5670 -7.90131e-14
5680 -7.61102e-14
5690 -8.10437e-14
5700 -7.43885e-14
5710 -8.766e-14
5720 -9.74248e-14
5730 -9.90211e-14
5740 -1.49108e-13
5750 -1.98507e-13
5760 -2.6583e-13
5770 -3.9128e-13
5780 -5.46639e-13
5790 -8.28984e-13
5800 -1.23956e-12
5810 -1.86971e-12
5820 -2.84794e-12
5830 -4.31803e-12
5840 -6.55056e-12
5850 -9.92143e-12
5860 -1.49978e-11
5870 -2.25663e-11
5880 -3.38863e-11
5890 -5.07676e-11
5900 -7.58176e-11
5910 -1.12926e-10
5920 -1.67692e-10
5930 -2.48328e-10
5940 -3.6662e-10
5950 -5.39724e-10
5960 -7.92236e-10
5970 -1.15943e-09
5980 -1.69182e-09
5990 -2.46136e-09
6000 -3.57027e-09
6010 -5.16335e-09
6020 -7.44489e-09
6030 -1.07023e-08
6040 -1.53385e-08
6050 -2.19166e-08
6060 -3.12206e-08
6070 -4.43387e-08
6080 -6.27761e-08
6090 -8.86072e-08
6100 -1.24682e-07
6110 -1.74901e-07
6120 -2.44585e-07
6130 -3.40966e-07
6140 -4.7384e-07
6150 -6.56427e-07
6160 -9.06505e-07
6170 -1.24789e-06
6180 -1.71239e-06
6190 -2.34229e-06
6200 -3.19364e-06
6210 -4.34044e-06
6220 -5.88001e-06
6230 -7.93985e-06
6240 -1.06864e-05
6250 -1.43361e-05
6260 -1.91692e-05
6270 -2.55473e-05
6280 -3.39351e-05
6290 -4.4927e-05
6300 -5.9281e-05
6310 -7.79593e-05
6320 -0.000102178
6330 -0.000133469
6340 -0.00017375
6350 -0.000225419
6360 -0.000291452
6370 -0.000375533
6380 -0.000482202
6390 -0.000617024
6400 -0.000786793
6410 -0.000999763
6420 -0.00126592
6430 -0.00159727
6440 -0.0020082
6450 -0.00251586
6460 -0.00314056
6470 -0.00390629
6480 -0.00484115
6490 -0.00597796
6500 -0.00735476
6510 -0.00901549
6520 -0.0110105
6530 -0.0133971
6540 -0.0162403
6550 -0.0196133
6560 -0.0235978
6570 -0.0282843
6580 -0.0337727
6590 -0.040172
6600 -0.0476002
6610 -0.0561842
6620 -0.0660586
6630 -0.0773651
6640 -0.0902511
6650 -0.104868
6660 -0.121367
6670 -0.139902
6680 -0.16062
6690 -0.18366
6700 -0.209152
6710 -0.237209
6720 -0.267922
6730 -0.30136
6740 -0.337559
6750 -0.376523
6760 -0.418213
6770 -0.462548
6780 -0.509399
6790 -0.558584
6800 -0.609868
6810 -0.662961
6820 -0.717515
6830 -0.773131
6840 -0.829356
6850 -0.885687
6860 -0.94158
6870 -0.996457
6880 -1.04971
6890 -1.10072
6900 -1.14885
6910 -1.19347
6920 -1.23399
6930 -1.26983
6940 -1.30046
6950 -1.32541
6960 -1.34427
6970 -1.35671
6980 -1.36251
6990 -1.36151
7000 -1.35367
7010 -1.33906
7020 -1.31784
7030 -1.29026
7040 -1.25668
7050 -1.21755
7060 -1.17338
7070 -1.12477
7080 -1.07234
7090 -1.01678
7100 -0.958778
7110 -0.899057
7120 -0.838313
7130 -0.777232
7140 -0.716461
7150 -0.656608
7160 -0.598221
7170 -0.54179
7180 -0.487736
7190 -0.436406
7200 -0.388077
7210 -0.342951
7220 -0.301163
7230 -0.262778
7240 -0.227802
7250 -0.196187
7260 -0.167838
7270 -0.142617
7280 -0.120359
7290 -0.10087
7300 -0.0839411
7310 -0.0693544
7320 -0.0568863
7330 -0.0463152
7340 -0.0374256
7350 -0.0300113
7360 -0.0238788
7370 -0.0188491
7380 -0.0147588
7390 -0.0114611
7400 -0.00882559
7410 -0.0067379
7420 -0.00509904
7430 -0.00382427
7440 -0.00284193
7450 -0.00209211
7460 -0.00152531
7470 -0.00110108
7480 -0.00078678
7490 -0.000556322
7500 -0.000389134
7510 -0.000269167
7520 -0.000184046
7530 -0.000124346
7540 -8.29741e-05
7550 -5.46556e-05
7560 -3.55193e-05
7570 -2.27593e-05
7580 -1.43683e-05
7590 -8.92999e-06
7600 -5.45872e-06
7610 -3.27832e-06
7620 -1.93186e-06
7630 -1.1153e-06
7640 -6.29633e-07
7650 -3.46768e-07
7660 -1.85754e-07
7670 -9.63934e-08
7680 -4.81899e-08
7690 -2.30213e-08
7700 -1.03747e-08
7710 -4.31134e-09
7720 -1.57522e-09
7730 -4.41311e-10
7740 -3.19288e-11
7750 7.77548e-11
7760 8.04782e-11
7770 5.58462e-11
7780 3.2001e-11
7790 1.58227e-11
7800 6.6419e-12
7810 2.20054e-12
7820 3.81167e-13
7830 -1.82369e-13
7840 -2.41511e-13
7850 -1.64036e-13
7860 -6.5498e-14
7870 -6.7347e-15
7880 5.28167e-15
7890 -1.07579e-14
7900 1.45878e-14
7910 1.95748e-14
7920 2.21586e-15
7930 2.9547e-14
7940 5.78522e-15
7950 8.95726e-15
7960 6.39432e-15
7970 1.17107e-15
7980 3.47844e-15
7990 -1.67466e-15
8000 2.04854e-15
8010 -9.70041e-16
8020 -1.0255e-14
8030 -8.74573e-15
8040 -2.772e-14
8050 -2.8832e-14
8060 -2.09998e-14
8070 -9.32178e-15
8080 -3.01142e-14
8090 -1.84399e-14
8100 -2.66396e-14
8110 -2.02852e-14
8120 -3.41353e-14
8130 -3.26635e-14
8140 -4.29963e-14
8150 -4.45242e-14
8160 -3.34889e-14
8170 -4.08053e-14
8180 -3.58178e-14
8190 -3.55086e-14
8200 -3.1137e-14
8210 -5.07247e-14
8220 -5.04684e-14
8230 -5.18803e-14
8240 -5.13091e-14
8250 -7.71816e-14
8260 -7.10418e-14
8270 -6.8161e-14
8280 -6.76603e-14
8290 -6.13263e-14
8300 -1.00821e-13
8310 -8.70508e-14
8320 -9.29904e-14
8330 -7.63656e-14
8340 -6.91311e-14
8350 -6.94497e-14
8360 -8.71088e-14
8370 -9.35273e-14
8380 -1.00863e-13
8390 -1.21721e-13
8400 -1.38847e-13
8410 -1.4877e-13
8420 -1.50907e-13
8430 -1.69051e-13
8440 -1.57154e-13
8450 -1.60741e-13
8460 -1.52813e-13
8470 -1.49112e-13
8480 -1.32349e-13
8490 -1.17144e-13
8500 -1.34472e-13
8510 -1.18091e-13
8520 -1.0885e-13
8530 -1.04952e-13
8540 -1.04225e-13
8550 -1.01127e-13
8560 -1.16113e-13
8570 -1.04025e-13
8580 -1.08474e-13
8590 -9.97331e-14
8600 -1.01067e-13
8610 -1.18234e-13
8620 -1.13427e-13
8630 -1.14384e-13
8640 -1.18495e-13
8650 -1.16494e-13
8660 -1.06962e-13
8670 -1.25715e-13
8680 -1.3542e-13
8690 -9.23077e-14
8700 -1.20441e-13
8710 -1.19907e-13
8720 -1.20528e-13
8730 -1.36561e-13
8740 -1.29886e-13
8750 -1.51096e-13
8760 -1.50702e-13
8770 -1.71582e-13
8780 -1.47978e-13
8790 -1.47675e-13
8800 -1.5565e-13
8810 -1.48009e-13
8820 -1.53731e-13
8830 -1.66385e-13
8840 -1.67062e-13
8850 -1.60672e-13
8860 -1.57818e-13
8870 -1.53302e-13
8880 -1.6325e-13
8890 -1.58441e-13
8900 -1.67051e-13
8910 -1.64275e-13
8920 -1.68091e-13
8930 -1.66899e-13
8940 -1.66843e-13
8950 -1.79067e-13
8960 -1.65805e-13
8970 -1.63133e-13
8980 -1.8192e-13
8990 -1.6796e-13
9000 -1.55273e-13
9010 -1.5085e-13
9020 -1.40412e-13
9030 -1.19455e-13
9040 -1.20076e-13
9050 -9.94105e-14
9060 -1.16577e-13
9070 -1.32276e-13
9080 -1.4395e-13
9090 -1.43826e-13
9100 -1.43839e-13
9110 -1.30919e-13
9120 -1.29977e-13
9130 -1.01889e-13
9140 -1.0763e-13
9150 -1.23196e-13
9160 -1.08892e-13
9170 -1.07288e-13
9180 -9.21327e-14
9190 -1.04614e-13
9200 -1.01988e-13
9210 -1.13419e-13
9220 -1.31704e-13
9230 -1.16218e-13
9240 -1.21654e-13
9250 -1.03252e-13
9260 -1.05968e-13
9270 -8.53508e-14
9280 -8.60673e-14
9290 -8.63872e-14
9300 -8.5e-14
9310 -8.63495e-14
9320 -7.55087e-14
9330 -7.26058e-14
9340 -6.14917e-14
9350 -6.25562e-14
9360 -7.38479e-14
9370 -6.32625e-14
9380 -5.71015e-14
9390 -3.89121e-14
9400 -6.14151e-14
9410 -3.63723e-14
9420 -6.67088e-14
9430 -4.58669e-14
9440 -6.77468e-14
9450 -5.28484e-14
9460 -6.82006e-14
9470 -5.56289e-14
9480 -3.18404e-14
9490 -3.9741e-14
9500 -2.43895e-14
9510 -3.74443e-14
9520 -2.72136e-14
9530 -3.71055e-14
9540 -3.31974e-14
9550 -1.64015e-14
9560 -2.36973e-14
9570 -3.63457e-14
9580 -3.44624e-14
9590 -2.1956e-14
9600 -2.6636e-14
9610 -3.51309e-14
9620 -3.59568e-14
9630 -2.8569e-14
9640 -3.17559e-14
9650 -3.59268e-14
9660 -4.10272e-14
9670 -2.00411e-14
9680 -3.90779e-14
9690 -2.13542e-14
9700 -3.09073e-14
9710 -2.5493e-14
9720 -2.22967e-14
9730 -2.85249e-14
9740 -2.97242e-14
9750 -2.97357e-14
9760 -2.86518e-14
9770 -1.2843e-14
9780 -2.90305e-14
9790 -1.03185e-14
9800 -1.50777e-14
9810 -5.63526e-15
9820 -1.48869e-14
9830 -2.98737e-14
9840 -3.19829e-14
9850 -3.92085e-14
9860 -6.11314e-14
9870 -5.83769e-14
9880 -5.75786e-14
9890 -7.2389e-14
9900 -8.47393e-14
9910 -7.4862e-14
9920 -7.51204e-14
9930 -9.9033e-14
9940 -8.48907e-14
9950 -8.35131e-14
9960 -9.41406e-14
9970 -1.02326e-13
9980 -1.0917e-13
9990 -1.10521e-13
10000 -1.1244e-13
10010 -1.15885e-13
10020 -1.17265e-13
10030 -1.00938e-13
10040 -1.14833e-13
10050 -9.70549e-14
10060 -1.10805e-13
10070 -1.14021e-13
10080 -1.05394e-13
10090 -1.35229e-13
10100 -1.47598e-13
10110 -1.28296e-13
10120 -1.20936e-13
10130 -1.25494e-13
10140 -1.40493e-13
10150 -1.28485e-13
10160 -1.34086e-13
10170 -1.3583e-13
10180 -1.40216e-13
10190 -1.27295e-13
10200 -1.31421e-13
10210 -1.23001e-13
10220 -1.30539e-13
10230 -1.30693e-13
10240 -1.42272e-13
10250 -1.44315e-13
10260 -1.59144e-13
10270 -1.22937e-13
10280 -1.10501e-13
10290 -1.2511e-13
10300 -1.13376e-13
10310 -1.1655e-13
10320 -1.05661e-13
10330 -1.27724e-13
10340 -1.21463e-13
10350 -1.17872e-13
10360 -1.14131e-13
10370 -1.10514e-13
10380 -1.11878e-13
10390 -1.12516e-13
10400 -1.08473e-13
10410 -1.02839e-13
10420 -1.07565e-13
10430 -1.04077e-13
10440 -1.16925e-13
10450 -1.13398e-13
10460 -1.04382e-13
10470 -1.11558e-13
10480 -1.23196e-13
10490 -1.16918e-13
10500 -1.07789e-13
10510 -1.18288e-13
10520 -1.2743e-13
10530 -1.17672e-13
10540 -1.31779e-13
10550 -1.20112e-13
10560 -1.24631e-13
10570 -1.32969e-13
10580 -1.31201e-13
10590 -1.4576e-13
10600 -1.44484e-13
10610 -1.55674e-13
10620 -1.67816e-13
10630 -1.76889e-13
10640 -1.82323e-13
10650 -1.80082e-13
10660 -1.61774e-13
10670 -1.96375e-13
10680 -1.86519e-13
10690 -1.96052e-13
10700 -2.08107e-13
10710 -2.0875e-13
10720 -2.12214e-13
10730 -2.12105e-13
10740 -1.93751e-13
10750 -1.97728e-13
10760 -2.03527e-13
10770 -2.2777e-13
10780 -2.27256e-13
10790 -2.08652e-13
10800 -2.14446e-13
10810 -2.3223e-13
10820 -2.42621e-13
10830 -2.31127e-13
10840 -2.29435e-13
10850 -2.30919e-13
10860 -2.1785e-13
10870 -2.34876e-13
10880 -2.31516e-13
10890 -2.29404e-13
10900 -2.2547e-13
10910 -2.25565e-13
10920 -2.22551e-13
10930 -2.16836e-13
10940 -2.17493e-13
10950 -1.99188e-13
10960 -2.15819e-13
10970 -2.09979e-13
10980 -2.06266e-13
10990 -1.8878e-13
11000 -2.01861e-13
11010 -2.11966e-13
11020 -2.18375e-13
11030 -2.19141e-13
11040 -2.3623e-13
11050 -2.36365e-13
11060 -2.31008e-13
11070 -2.19481e-13
11080 -2.10709e-13
11090 -2.2427e-13
11100 -2.39043e-13
11110 -2.28526e-13
11120 -2.3485e-13
11130 -2.27754e-13
11140 -2.37425e-13
11150 -2.39234e-13
11160 -2.32484e-13
11170 -2.30239e-13
11180 -2.48303e-13
11190 -2.7963e-13
11200 -2.79335e-13
11210 -2.87893e-13
11220 -2.7628e-13
11230 -2.96855e-13
11240 -2.82992e-13
11250 -2.84193e-13
11260 -2.77971e-13
11270 -2.76578e-13
11280 -2.94617e-13
11290 -2.72979e-13
11300 -2.6779e-13
11310 -2.80744e-13
11320 -2.58745e-13
11330 -2.45906e-13
11340 -2.24883e-13
11350 -2.29144e-13
11360 -1.76103e-13
11370 -1.05384e-13
11380 -5.70517e-15
11390 1.15582e-13
11400 3.05002e-13
11410 5.42986e-13
11420 9.25547e-13
11430 1.45164e-12
11440 2.20269e-12
11450 3.22506e-12
11460 4.65676e-12
11470 6.64248e-12
11480 9.39529e-12
11490 1.32458e-11
11500 1.85686e-11
11510 2.59181e-11
11520 3.60481e-11
11530 4.99814e-11
11540 6.90996e-11
11550 9.52813e-11
11560 1.31066e-10
11570 1.79933e-10
11580 2.46512e-10
11590 3.36993e-10
11600 4.59658e-10
11610 6.2565e-10
11620 8.49835e-10
11630 1.15196e-09
11640 1.55829e-09
11650 2.10358e-09
11660 2.83384e-09
11670 3.80975e-09
11680 5.11114e-09
11690 6.84289e-09
11700 9.14235e-09
11710 1.21892e-08
11720 1.62175e-08
11730 2.15323e-08
11740 2.85292e-08
11750 3.77206e-08
11760 4.97687e-08
11770 6.5527e-08
11780 8.60934e-08
11790 1.12876e-07
11800 1.47678e-07
11810 1.928e-07
11820 2.51175e-07
11830 3.26528e-07
11840 4.23581e-07
11850 5.48308e-07
11860 7.08241e-07
11870 9.1286e-07
11880 1.17406e-06
11890 1.50675e-06
11900 1.92953e-06
11910 2.46559e-06
11920 3.14373e-06
11930 3.99966e-06
11940 5.07754e-06
11950 6.4318e-06
11960 8.1294e-06
11970 1.02525e-05
11980 1.29016e-05
11990 1.61994e-05
12000 2.02951e-05
12010 2.537e-05
12020 3.16433e-05
12030 3.93799e-05
12040 4.88987e-05
12050 6.05823e-05
12060 7.4889e-05
12070 9.23661e-05
12080 0.000113665
12090 0.000139559
12100 0.000170963
12110 0.000208957
12120 0.000254814
12130 0.000310025
12140 0.000376335
12150 0.000455778
12160 0.000550721
12170 0.000663906
12180 0.000798502
12190 0.000958157
12200 0.00114706
12210 0.00137001
12220 0.00163246
12230 0.00194062
12240 0.00230155
12250 0.00272316
12260 0.00321439
12270 0.00378525
12280 0.0044469
12290 0.00521176
12300 0.00609358
12310 0.00710754
12320 0.0082703
12330 0.0096001
12340 0.0111168
12350 0.012842
12360 0.0147988
12370 0.0170122
12380 0.019509
12390 0.0223173
12400 0.0254672
12410 0.0289901
12420 0.0329187
12430 0.037287
12440 0.04213
12450 0.0474833
12460 0.053383
12470 0.0598652
12480 0.0669656
12490 0.074719
12500 0.0831591
12510 0.0923176
12520 0.102224
12530 0.112904
12540 0.12438
12550 0.13667
12560 0.149787
12570 0.163739
12580 0.178525
12590 0.19414
12600 0.210569
12610 0.22779
12620 0.245772
12630 0.264473
12640 0.283844
12650 0.303825
12660 0.324346
12670 0.345327
12680 0.36668
12690 0.388304
12700 0.410094
12710 0.431932
12720 0.453696
12730 0.475257
12740 0.496478
12750 0.517222
12760 0.537347
12770 0.55671
12780 0.575168
12790 0.592582
12800 0.608815
12810 0.623737
12820 0.637223
12830 0.649159
12840 0.659441
12850 0.667976
12860 0.674687
12870 0.679508
12880 0.682391
12890 0.683303
12900 0.682229
12910 0.67917
12920 0.674145
12930 0.667191
12940 0.65836
12950 0.647721
12960 0.635358
12970 0.62137
12980 0.605868
12990 0.588973
13000 0.570819
13010 0.551544
13020 0.531294
13030 0.510221
13040 0.488477
13050 0.466215
13060 0.443586
13070 0.420739
13080 0.397819
13090 0.374963
13100 0.3523
13110 0.329951
13120 0.308029
13130 0.286631
13140 0.265848
13150 0.245753
13160 0.226412
13170 0.207873
13180 0.190174
13190 0.173338
13200 0.157375
13210 0.142281
13220 0.128039
13230 0.114617
13240 0.10197
13250 0.0900395
13260 0.0787504
13270 0.0680134
13280 0.0577227
13290 0.0477555
13300 0.0379705
13310 0.0282064
13320 0.0182804
13330 0.00798621
13340 -0.00290794
13350 -0.0146616
13360 -0.0275645
13370 -0.0419384
13380 -0.0581402
13390 -0.0765633
13400 -0.0976399
13410 -0.121843
13420 -0.149686
13430 -0.181726
13440 -0.218562
13450 -0.260833
13460 -0.309218
13470 -0.364433
13480 -0.427226
13490 -0.498373
13500 -0.578669
13510 -0.668926
13520 -0.769955
13530 -0.882564
13540 -1.00754
13550 -1.14564
13560 -1.29758
13570 -1.464
13580 -1.64549
13590 -1.84252
13600 -2.05548
13610 -2.2846
13620 -2.53002
13630 -2.79169
13640 -3.0694
13650 -3.36277
13660 -3.67123
13670 -3.99401
13680 -4.33015
13690 -4.67847
13700 -5.03761
13710 -5.40601
13720 -5.78192
13730 -6.1634
13740 -6.54837
13750 -6.93459
13760 -7.31971
13770 -7.70127
13780 -8.07675
13790 -8.44356
13800 -8.79913
13810 -9.14087
13820 -9.46627
13830 -9.77288
13840 -10.0584
13850 -10.3205
13860 -10.5573
13870 -10.767
13880 -10.9479
13890 -11.0986
13900 -11.218
13910 -11.3054
13920 -11.36
13930 -11.3817
13940 -11.3704
13950 -11.3265
13960 -11.2505
13970 -11.1432
13980 -11.0057
13990 -10.8393
14000 -10.6456
14010 -10.4263
14020 -10.1832
14030 -9.91847
14040 -9.63415
14050 -9.33249
14060 -9.01579
14070 -8.68636
14080 -8.34653
14090 -7.9986
14100 -7.64483
14110 -7.2874
14120 -6.92842
14130 -6.5699
14140 -6.21371
14150 -5.86161
14160 -5.5152
14170 -5.17594
14180 -4.84515
14190 -4.52396
14200 -4.21337
14210 -3.91421
14220 -3.62718
14230 -3.3528
14240 -3.09146
14250 -2.84344
14260 -2.60888
14270 -2.38778
14280 -2.18008
14290 -1.98561
14300 -1.8041
14310 -1.63523
14320 -1.4786
14330 -1.33377
14340 -1.20026
14350 -1.07755
14360 -0.9651
14370 -0.862347
14380 -0.768726
14390 -0.683668
14400 -0.606605
14410 -0.536981
14420 -0.474249
14430 -0.417882
14440 -0.36737
14450 -0.322226
14460 -0.281987
14470 -0.246212
14480 -0.214491
14490 -0.186436
14500 -0.161686
14510 -0.139909
14520 -0.120795
14530 -0.104061
14540 -0.0894474
14550 -0.0767162
14560 -0.0656525
14570 -0.0560614
14580 -0.047767
14590 -0.0406113
14600 -0.0344527
14610 -0.029165
14620 -0.0246356
14630 -0.020765
14640 -0.0174651
14650 -0.0146583
14660 -0.0122764
14670 -0.0102598
14680 -0.00855633
14690 -0.00712069
14700 -0.00591349
14710 -0.00490069
14720 -0.00405287
14730 -0.00334476
14740 -0.00275465
14750 -0.00226397
14760 -0.00185685
14770 -0.00151982
14780 -0.00124141
14790 -0.00101193
14800 -0.000823198
14810 -0.000668303
14820 -0.000541455
14830 -0.000437799
14840 -0.000353274
14850 -0.000284496
14860 -0.00022865
14870 -0.0001834
14880 -0.000146812
14890 -0.00011729
14900 -9.35194e-05
14910 -7.4419e-05
14920 -5.91031e-05
14930 -4.68472e-05
14940 -3.70601e-05
14950 -2.92604e-05
14960 -2.30573e-05
14970 -1.81339e-05
14980 -1.42342e-05
14990 -1.11515e-05
15000 -8.71966e-06
15010 -6.80501e-06
15020 -5.3006e-06
15030 -4.12089e-06
15040 -3.19762e-06
15050 -2.47649e-06
15060 -1.91435e-06
15070 -1.47701e-06
15080 -1.13743e-06
15090 -8.74278e-07
15100 -6.70744e-07
15110 -5.13629e-07
15120 -3.92581e-07
15130 -2.99501e-07
15140 -2.28066e-07
15150 -1.73346e-07
15160 -1.31512e-07
15170 -9.95889e-08
15180 -7.52761e-08
15190 -5.67942e-08
15200 -4.27715e-08
15210 -3.21522e-08
15220 -2.41253e-08
15230 -1.80694e-08
15240 -1.35091e-08
15250 -1.00814e-08
15260 -7.5098e-09
15270 -5.58411e-09
15280 -4.14475e-09
15290 -3.07089e-09
15300 -2.2712e-09
15310 -1.67676e-09
15320 -1.23573e-09
15330 -9.09077e-10
15340 -6.67615e-10
15350 -4.8943e-10
15360 -3.5818e-10
15370 -2.61684e-10
15380 -1.90871e-10
15390 -1.39e-10
15400 -1.01057e-10
15410 -7.33715e-11
15420 -5.31988e-11
15430 -3.85235e-11
15440 -2.78691e-11
15450 -2.01446e-11
15460 -1.45406e-11
15470 -1.05279e-11
15480 -7.6196e-12
15490 -5.52962e-12
15500 -4.0384e-12
15510 -2.95641e-12
15520 -2.20006e-12
15530 -1.63684e-12
15540 -1.23982e-12
15550 -9.47537e-13
15560 -7.512e-13
15570 -6.01267e-13
15580 -5.05256e-13
15590 -4.38769e-13
15600 -3.81949e-13
15610 -3.4713e-13
15620 -3.25415e-13
15630 -3.27844e-13
15640 -3.08238e-13
15650 -3.03613e-13
15660 -2.85799e-13
15670 -2.91692e-13
15680 -2.76864e-13
15690 -2.85697e-13
15700 -2.91088e-13
15710 -2.94872e-13
15720 -2.90252e-13
15730 -2.86278e-13
15740 -2.81224e-13
15750 -2.76322e-13
15760 -2.635e-13
15770 -2.47054e-13
15780 -2.6095e-13
15790 -2.67944e-13
15800 -2.58197e-13
15810 -2.62746e-13
15820 -2.61275e-13
15830 -2.70453e-13
15840 -2.55902e-13
15850 -2.63966e-13
15860 -2.65155e-13
15870 -2.58368e-13
15880 -2.59211e-13
15890 -2.74861e-13
15900 -2.7812e-13
15910 -2.77131e-13
15920 -2.70309e-13
15930 -2.73974e-13
15940 -2.75973e-13
15950 -2.71345e-13
15960 -2.7466e-13
15970 -2.72673e-13
15980 -2.63558e-13
15990 -2.6644e-13
16000 -2.80561e-13
16010 -2.70716e-13
16020 -2.7843e-13
16030 -2.73286e-13
16040 -2.73894e-13
16050 -2.86138e-13
16060 -2.77954e-13
16070 -2.87523e-13
16080 -2.79856e-13
16090 -2.8592e-13
16100 -2.84122e-13
16110 -2.73963e-13
16120 -2.69746e-13
16130 -2.7427e-13
16140 -2.82438e-13
16150 -2.98943e-13
16160 -2.98887e-13
16170 -2.98827e-13
16180 -3.15264e-13
16190 -3.07081e-13
16200 -3.11245e-13
16210 -3.00886e-13
16220 -3.15432e-13
16230 -3.21861e-13
16240 -3.11988e-13
16250 -3.1105e-13
16260 -3.1283e-13
16270 -3.06912e-13
16280 -3.02067e-13
16290 -2.99793e-13
16300 -3.02147e-13
16310 -2.95762e-13
16320 -2.97326e-13
16330 -2.9516e-13
16340 -2.94188e-13
16350 -2.83491e-13
16360 -2.72824e-13
16370 -2.79323e-13
16380 -2.84505e-13
16390 -2.69073e-13
16400 -2.63104e-13
16410 -2.65157e-13
16420 -2.66456e-13
16430 -2.58644e-13
16440 -2.69853e-13
16450 -2.62981e-13
16460 -2.65475e-13
16470 -2.63515e-13
16480 -2.73592e-13
16490 -2.85046e-13
16500 -2.97024e-13
16510 -3.02288e-13
16520 -2.95184e-13
16530 -3.13379e-13
16540 -2.90538e-13
16550 -2.95389e-13
16560 -2.98017e-13
16570 -2.89694e-13
16580 -2.77903e-13
16590 -2.74455e-13
16600 -2.76724e-13
16610 -2.75718e-13
16620 -2.69297e-13
16630 -2.62265e-13
16640 -2.71169e-13
16650 -2.61853e-13
16660 -2.70608e-13
16670 -2.69299e-13
16680 -2.80532e-13
16690 -2.91388e-13
16700 -2.79804e-13
16710 -2.69877e-13
16720 -2.84176e-13
16730 -2.62518e-13
16740 -2.62527e-13
16750 -2.6125e-13
16760 -2.71792e-13
16770 -2.66041e-13
16780 -2.68785e-13
16790 -2.80413e-13
16800 -2.75805e-13
16810 -2.79114e-13
16820 -2.78539e-13
16830 -2.71009e-13
16840 -2.82923e-13
16850 -2.84695e-13
16860 -2.88011e-13
16870 -2.89203e-13
16880 -3.04424e-13
16890 -2.96561e-13
16900 -2.88931e-13
16910 -2.91308e-13
16920 -2.99986e-13
16930 -3.07666e-13
16940 -3.052e-13
16950 -3.03576e-13
16960 -3.00701e-13
16970 -3.05341e-13
16980 -2.82499e-13
16990 -2.94753e-13
17000 -2.86345e-13
17010 -2.86394e-13
17020 -2.69466e-13
17030 -2.81852e-13
17040 -2.9169e-13
17050 -2.91598e-13
17060 -2.89166e-13
17070 -2.82913e-13
17080 -2.89435e-13
17090 -2.82293e-13
17100 -2.82041e-13
17110 -2.88298e-13
17120 -2.74657e-13
17130 -2.73298e-13
17140 -2.6549e-13
17150 -2.71502e-13
17160 -2.76298e-13
17170 -2.4419e-13
17180 -2.6874e-13
17190 -2.61759e-13
17200 -2.59366e-13
17210 -2.58774e-13
17220 -2.55831e-13
17230 -2.6164e-13
17240 -2.45105e-13
17250 -2.45582e-13
17260 -2.52049e-13
17270 -2.52581e-13
17280 -2.52181e-13
17290 -2.55285e-13
17300 -2.6782e-13
17310 -2.68792e-13
17320 -2.64317e-13
17330 -2.50962e-13
17340 -2.39964e-13
17350 -2.27987e-13
17360 -2.25798e-13
17370 -2.29347e-13
17380 -2.20916e-13
17390 -2.18209e-13
17400 -2.08221e-13
17410 -2.07544e-13
17420 -1.99829e-13
17430 -2.03652e-13
17440 -2.1314e-13
17450 -2.2044e-13
17460 -2.22493e-13
17470 -2.15595e-13
17480 -2.0719e-13
17490 -2.0452e-13
17500 -2.00224e-13
17510 -2.13188e-13
17520 -2.09334e-13
17530 -2.10823e-13
17540 -2.10368e-13
17550 -2.04263e-13
17560 -2.09113e-13
17570 -2.12206e-13
17580 -2.11695e-13
17590 -2.19965e-13
17600 -2.11796e-13
17610 -2.04203e-13
17620 -2.02378e-13
17630 -2.14788e-13
17640 -2.22084e-13
17650 -2.23318e-13
17660 -2.29913e-13
17670 -2.35606e-13
17680 -2.19863e-13
17690 -2.28151e-13
17700 -2.24319e-13
17710 -2.31773e-13
17720 -2.37152e-13
17730 -2.16872e-13
17740 -2.24625e-13
17750 -2.30377e-13
17760 -2.36473e-13
17770 -2.22465e-13
17780 -2.12401e-13
17790 -2.26224e-13
17800 -2.21181e-13
17810 -2.19336e-13
17820 -2.22012e-13
17830 -2.20844e-13
17840 -2.11448e-13
17850 -2.13597e-13
17860 -2.32682e-13
17870 -2.2809e-13
17880 -2.26027e-13
17890 -2.15083e-13
17900 -2.08396e-13
17910 -2.08941e-13
17920 -2.10688e-13
17930 -2.1035e-13
17940 -2.12916e-13
17950 -2.21918e-13
17960 -2.2396e-13
17970 -2.20098e-13
17980 -2.12398e-13
17990 -2.20853e-13
18000 -2.24469e-13
18010 -2.259e-13
18020 -2.2186e-13
18030 -2.15716e-13
18040 -2.16489e-13
18050 -2.24759e-13
18060 -2.25415e-13
18070 -2.34032e-13
18080 -2.2596e-13
18090 -2.18835e-13
18100 -2.27784e-13
18110 -2.24699e-13
18120 -2.24325e-13
18130 -2.26463e-13
18140 -2.13824e-13
18150 -2.34924e-13
18160 -2.36466e-13
18170 -2.26813e-13
18180 -2.45381e-13
18190 -2.3765e-13
18200 -2.35318e-13
18210 -2.24554e-13
18220 -2.29958e-13
18230 -2.24887e-13
18240 -2.2477e-13
18250 -2.13797e-13
18260 -2.1108e-13
18270 -2.12919e-13
18280 -2.1959e-13
18290 -2.11338e-13
18300 -2.07449e-13
18310 -2.06223e-13
18320 -2.06929e-13
18330 -1.95017e-13
18340 -1.97401e-13
18350 -1.92253e-13
18360 -2.06172e-13
18370 -2.04259e-13
18380 -2.06009e-13
18390 -2.09608e-13
18400 -2.01643e-13
18410 -2.04152e-13
18420 -1.86813e-13
18430 -1.96175e-13
18440 -2.08579e-13
18450 -1.98683e-13
18460 -2.07733e-13
18470 -2.0334e-13
18480 -2.0823e-13
18490 -2.04588e-13
18500 -2.03271e-13
18510 -2.11549e-13
18520 -2.12913e-13
18530 -2.26923e-13
18540 -2.25855e-13
18550 -2.23875e-13
18560 -2.15687e-13
18570 -2.20441e-13
18580 -2.24598e-13
18590 -2.21835e-13
18600 -2.37858e-13
18610 -2.23397e-13
18620 -2.263e-13
18630 -2.07719e-13
18640 -2.03674e-13
18650 -2.08149e-13
18660 -2.08829e-13
18670 -1.92368e-13
18680 -2.0308e-13
18690 -1.96622e-13
18700 -1.96492e-13
18710 -2.02205e-13
18720 -2.01072e-13
18730 -2.15145e-13
18740 -2.1273e-13
18750 -2.12709e-13
18760 -2.14892e-13
18770 -2.21026e-13
18780 -2.36224e-13
18790 -2.28041e-13
18800 -2.23152e-13
18810 -2.21447e-13
18820 -2.29965e-13
18830 -2.29905e-13
18840 -2.35802e-13
18850 -2.37235e-13
18860 -2.32221e-13
18870 -2.21756e-13
18880 -2.27559e-13
18890 -2.13047e-13
18900 -2.03192e-13
18910 -2.07864e-13
18920 -2.17258e-13
18930 -2.18159e-13
18940 -1.97751e-13
18950 -2.11857e-13
18960 -2.24596e-13
18970 -2.12559e-13
18980 -2.15704e-13
18990 -2.1278e-13
19000 -2.21064e-13
19010 -2.10551e-13
19020 -2.15591e-13
19030 -2.21095e-13
19040 -2.23578e-13
19050 -2.23019e-13
19060 -2.25777e-13
19070 -2.36581e-13
19080 -2.39592e-13
19090 -2.27934e-13
19100 -2.44482e-13
19110 -2.48128e-13
19120 -2.58039e-13
19130 -2.50378e-13
19140 -2.57715e-13
19150 -2.62509e-13
19160 -2.66585e-13
19170 -2.58362e-13
19180 -2.56105e-13
19190 -2.75684e-13
19200 -2.7394e-13
19210 -2.59239e-13
19220 -2.60445e-13
19230 -2.62898e-13
19240 -2.70475e-13
19250 -2.5494e-13
19260 -2.5222e-13
19270 -2.5489e-13
19280 -2.47105e-13
19290 -2.39935e-13
19300 -2.41155e-13
19310 -2.43478e-13
19320 -2.44735e-13
19330 -2.23455e-13
19340 -2.15753e-13
19350 -2.25672e-13
19360 -2.32393e-13
19370 -2.31479e-13
19380 -2.3463e-13
19390 -2.14385e-13
19400 -2.26124e-13
19410 -2.21304e-13
19420 -2.18344e-13
19430 -2.26778e-13
19440 -2.17122e-13
19450 -2.13908e-13
19460 -2.21106e-13
19470 -2.24553e-13
19480 -2.18444e-13
19490 -2.25288e-13
19500 -2.23022e-13
19510 -2.34029e-13
19520 -2.24719e-13
19530 -2.28237e-13
19540 -2.24649e-13
19550 -2.17819e-13
19560 -2.19624e-13
19570 -2.12649e-13
19580 -2.22473e-13
19590 -2.20139e-13
19600 -2.16867e-13
19610 -2.2864e-13
19620 -2.14834e-13
19630 -2.20085e-13
19640 -2.03456e-13
19650 -2.10551e-13
19660 -2.09494e-13
19670 -2.12661e-13
19680 -2.23971e-13
19690 -2.16106e-13
19700 -2.21978e-13
19710 -2.23201e-13
19720 -2.21598e-13
19730 -2.28555e-13
19740 -2.29452e-13
19750 -2.30074e-13
19760 -2.31273e-13
19770 -2.38244e-13
19780 -2.43004e-13
19790 -2.34936e-13
19800 -2.45475e-13
19810 -2.32637e-13
19820 -2.52518e-13
19830 -2.44623e-13
19840 -2.47974e-13
19850 -2.39103e-13
19860 -2.41869e-13
19870 -2.22824e-13
19880 -2.38944e-13
19890 -2.37981e-13
19900 -2.38867e-13
19910 -2.41007e-13
19920 -2.46525e-13
19930 -2.4431e-13
19940 -2.19325e-13
19950 -2.11407e-13
19960 -2.18632e-13
19970 -2.19513e-13
19980 -2.0406e-13
19990 -1.9572e-13
20000 -1.91043e-13
20010 -1.81426e-13
20020 -1.79762e-13
20030 -1.58288e-13
20040 -1.64759e-13
20050 -1.77989e-13
20060 -1.78207e-13
20070 -1.81014e-13
20080 -1.62914e-13
20090 -1.61558e-13
20100 -1.85893e-13
20110 -1.78922e-13
20120 -1.77554e-13
20130 -1.81016e-13
20140 -1.74584e-13
20150 -1.82656e-13
20160 -1.89709e-13
20170 -1.84998e-13
20180 -1.71778e-13
20190 -1.76454e-13
20200 -1.83673e-13
20210 -1.74107e-13
20220 -1.68116e-13
20230 -1.57029e-13
20240 -1.51192e-13
20250 -1.60317e-13
20260 -1.5258e-13
20270 -1.52343e-13
20280 -1.4699e-13
20290 -1.73012e-13
20300 -1.79517e-13
20310 -1.7748e-13
20320 -1.79845e-13
20330 -1.71314e-13
20340 -1.77248e-13
20350 -1.80981e-13
20360 -1.94332e-13
20370 -1.87467e-13
20380 -1.95133e-13
20390 -1.87077e-13
20400 -1.9847e-13
20410 -1.82874e-13
20420 -1.8986e-13
20430 -1.91329e-13
20440 -1.88402e-13
20450 -1.84059e-13
20460 -1.81564e-13
20470 -1.82094e-13
20480 -1.67165e-13
20490 -1.79793e-13
20500 -1.60948e-13
20510 -1.64618e-13
20520 -1.73432e-13
20530 -1.71333e-13
20540 -1.68229e-13
20550 -1.63452e-13
20560 -1.65648e-13
20570 -1.7358e-13
20580 -1.73921e-13
20590 -1.92551e-13
20600 -1.91921e-13
20610 -2.01949e-13
20620 -2.01821e-13
20630 -2.00614e-13
20640 -2.00458e-13
20650 -2.08319e-13
20660 -2.03436e-13
20670 -2.12612e-13
20680 -2.07209e-13
20690 -2.03558e-13
20700 -2.13347e-13
20710 -2.0152e-13
20720 -2.08117e-13
20730 -2.08414e-13
20740 -2.18679e-13
20750 -2.2224e-13
20760 -2.01327e-13
20770 -2.18992e-13
20780 -1.9204e-13
20790 -2.04295e-13
20800 -2.07282e-13
20810 -2.09256e-13
20820 -1.98309e-13
20830 -1.98761e-13
20840 -2.14085e-13
20850 -1.99692e-13
20860 -1.97346e-13
20870 -1.93134e-13
20880 -2.01224e-13
20890 -2.00812e-13
20900 -1.8911e-13
20910 -1.89756e-13
20920 -2.02252e-13
20930 -1.87534e-13
20940 -1.93948e-13
20950 -2.04408e-13
20960 -2.07868e-13
20970 -2.04111e-13
20980 -2.07052e-13
20990 -2.08969e-13
21000 -1.89151e-13
21010 -1.88283e-13
21020 -1.89663e-13
21030 -1.91613e-13
21040 -1.99331e-13
21050 -2.08386e-13
21060 -1.9804e-13
21070 -1.97973e-13
21080 -1.9319e-13
21090 -2.07035e-13
21100 -1.86801e-13
21110 -1.88989e-13
21120 -1.92027e-13
21130 -1.92251e-13
21140 -1.98495e-13
21150 -1.95694e-13
21160 -1.87688e-13
21170 -1.62601e-13
21180 -1.69291e-13
21190 -1.81923e-13
21200 -1.71088e-13
21210 -1.60709e-13
21220 -1.66905e-13
21230 -1.63088e-13
21240 -1.6038e-13
21250 -1.64783e-13
21260 -1.58967e-13
21270 -1.61848e-13
21280 -1.59517e-13
21290 -1.57171e-13
21300 -1.48837e-13
21310 -1.4138e-13
21320 -1.34291e-13
21330 -1.23653e-13
21340 -1.19377e-13
21350 -1.19652e-13
21360 -1.26765e-13
21370 -1.33536e-13
21380 -1.35429e-13
21390 -1.23738e-13
21400 -1.17619e-13
21410 -1.19444e-13
21420 -1.07458e-13
21430 -1.12984e-13
21440 -1.08535e-13
21450 -9.49452e-14
21460 -1.07939e-13
21470 -9.63421e-14
21480 -1.13154e-13
21490 -1.02979e-13
21500 -9.7439e-14
21510 -9.85538e-14
21520 -1.06525e-13
21530 -9.32378e-14
21540 -8.76589e-14
21550 -9.50655e-14
21560 -9.26375e-14
21570 -9.17797e-14
21580 -9.06271e-14
21590 -6.28769e-14
21600 -5.65632e-14
21610 -7.29481e-14
21620 -6.40331e-14
21630 -6.78242e-14
21640 -7.07388e-14
21650 -6.92495e-14
21660 -7.85128e-14
21670 -9.02131e-14
21680 -8.66719e-14
21690 -8.01895e-14
21700 -7.79687e-14
21710 -7.48877e-14
21720 -8.57935e-14
21730 -7.54666e-14
21740 -8.73739e-14
21750 -9.11702e-14
21760 -1.01106e-13
21770 -9.77858e-14
21780 -9.13329e-14
21790 -8.68107e-14
21800 -7.5479e-14
21810 -7.69965e-14
21820 -9.90216e-14
21830 -8.63343e-14
21840 -8.02581e-14
21850 -7.5743e-14
21860 -7.76994e-14
21870 -8.50478e-14
21880 -8.67208e-14
21890 -7.55788e-14
21900 -8.92212e-14
21910 -9.44213e-14
21920 -8.91549e-14
21930 -9.0252e-14
21940 -9.32419e-14
21950 -9.888e-14
21960 -9.35221e-14
21970 -9.55044e-14
21980 -9.52794e-14
21990 -1.00376e-13
22000 -9.8042e-14
22010 -8.56168e-14
22020 -8.59203e-14
22030 -7.51902e-14
22040 -6.99053e-14
22050 -7.53179e-14
22060 -7.97656e-14
22070 -7.38448e-14
22080 -6.9245e-14
22090 -6.13982e-14
22100 -6.29617e-14
22110 -6.35159e-14
22120 -7.53733e-14
22130 -6.73762e-14
22140 -6.96603e-14
22150 -7.22535e-14
22160 -8.11306e-14
22170 -8.1527e-14
22180 -7.44824e-14
22190 -6.64979e-14
22200 -7.75699e-14
22210 -7.73341e-14
22220 -8.39833e-14
22230 -9.56699e-14
22240 -8.48811e-14
22250 -8.42462e-14
22260 -8.49179e-14
22270 -8.44687e-14
22280 -7.10578e-14
22290 -7.68134e-14
22300 -6.80465e-14
22310 -5.80456e-14
22320 -5.99184e-14
22330 -6.17126e-14
22340 -6.05537e-14
22350 -8.2043e-14
22360 -8.83326e-14
22370 -9.05052e-14
22380 -8.48192e-14
22390 -7.81234e-14
22400 -9.41539e-14
22410 -1.01464e-13
22420 -1.00879e-13
22430 -1.01525e-13
22440 -8.94373e-14
22450 -8.32837e-14
22460 -8.09026e-14
22470 -8.28764e-14
22480 -8.09689e-14
22490 -7.66806e-14
22500 -7.49551e-14
22510 -7.51687e-14
22520 -8.68432e-14
22530 -9.22927e-14
22540 -8.054e-14
22550 -7.6281e-14
22560 -6.94972e-14
22570 -8.68134e-14
22580 -7.82669e-14
22590 -7.51741e-14
22600 -8.18816e-14
22610 -7.47171e-14
22620 -6.80529e-14
22630 -9.32108e-14
22640 -8.49136e-14
22650 -7.94163e-14
22660 -7.75894e-14
22670 -7.96593e-14
22680 -6.66507e-14
22690 -6.59979e-14
22700 -6.44042e-14
22710 -6.75777e-14
22720 -6.39399e-14
22730 -7.67412e-14
22740 -6.46992e-14
22750 -4.20572e-14
22760 -4.26106e-14
22770 -6.36787e-14
22780 -6.65814e-14
22790 -6.54649e-14
22800 -7.04021e-14
22810 -6.85087e-14
22820 -7.18078e-14
22830 -6.73646e-14
22840 -5.56944e-14
22850 -5.83527e-14
22860 -5.8723e-14
22870 -7.38474e-14
22880 -8.28762e-14
22890 -6.66814e-14
22900 -6.19295e-14
22910 -5.82354e-14
22920 -8.27624e-14
22930 -8.95789e-14
22940 -8.81427e-14
22950 -8.65937e-14
22960 -6.42581e-14
22970 -6.49829e-14
22980 -6.91851e-14
22990 -6.88026e-14
23000 -5.93118e-14
23010 -6.35169e-14
23020 -6.59424e-14
23030 -6.96667e-14
23040 -6.81837e-14
23050 -6.31403e-14
23060 -5.59684e-14
23070 -5.31833e-14
23080 -6.87293e-14
23090 -5.54316e-14
23100 -5.35427e-14
23110 -6.00078e-14
23120 -7.91867e-14
23130 -6.16593e-14
23140 -4.40374e-14
23150 -4.9937e-14
23160 -5.27812e-14
23170 -5.11796e-14
23180 -5.36153e-14
23190 -6.25025e-14
23200 -6.63345e-14
23210 -6.20518e-14
23220 -6.94273e-14
23230 -8.01284e-14
23240 -8.17657e-14
23250 -5.80695e-14
23260 -5.51552e-14
23270 -7.18138e-14
23280 -6.99445e-14
23290 -6.35385e-14
23300 -6.39596e-14
23310 -6.92854e-14
23320 -6.13942e-14
23330 -6.45239e-14
23340 -6.33389e-14
23350 -6.57968e-14
23360 -6.11851e-14
23370 -6.61314e-14
23380 -6.92779e-14
23390 -9.11822e-14
23400 -9.26268e-14
23410 -9.55738e-14
23420 -9.88481e-14
23430 -9.49563e-14
23440 -8.65903e-14
23450 -1.01172e-13
23460 -8.69115e-14
23470 -8.05113e-14
23480 -8.23979e-14
23490 -8.9715e-14
23500 -8.90589e-14
23510 -8.76211e-14
23520 -8.37256e-14
23530 -8.82436e-14
23540 -9.43901e-14
23550 -1.00912e-13
23560 -9.88243e-14
23570 -1.02272e-13
23580 -1.06398e-13
23590 -1.24924e-13
23600 -1.0255e-13
23610 -1.10067e-13
23620 -1.08521e-13
23630 -1.07948e-13
23640 -1.00065e-13
23650 -1.02308e-13
23660 -8.68858e-14
23670 -8.07796e-14
23680 -9.63432e-14
23690 -1.03965e-13
23700 -1.08126e-13
23710 -1.03463e-13
23720 -1.13894e-13
23730 -1.0506e-13
23740 -9.71956e-14
23750 -1.10229e-13
23760 -1.15228e-13
23770 -1.09694e-13
23780 -9.12563e-14
23790 -1.04041e-13
23800 -1.15816e-13
23810 -1.09674e-13
23820 -1.03957e-13
23830 -8.90504e-14
23840 -1.0582e-13
23850 -1.03561e-13
23860 -1.0907e-13
23870 -1.10241e-13
23880 -1.06541e-13
23890 -8.56508e-14
23900 -7.78411e-14
23910 -8.32829e-14
23920 -7.73586e-14
23930 -7.8319e-14
23940 -8.55537e-14
23950 -7.52816e-14
23960 -8.19252e-14
23970 -8.44035e-14
23980 -7.51339e-14
23990 -7.48178e-14
24000 -7.96662e-14
24010 -5.69624e-14
24020 -5.4247e-14
24030 -5.32718e-14
24040 -5.30161e-14
24050 -5.76637e-14
24060 -5.73876e-14
24070 -4.51176e-14
24080 -5.63338e-14
24090 -4.21132e-14
24100 -3.86194e-14
24110 -5.84473e-14
24120 -5.87522e-14
24130 -4.83406e-14
24140 -4.71613e-14
24150 -4.56409e-14
24160 -2.80742e-14
24170 -2.08171e-14
24180 -4.75358e-14
24190 -4.20296e-14
24200 -2.80695e-14
24210 -3.15409e-14
24220 -5.34148e-14
24230 -4.79291e-14
24240 -3.99053e-14
24250 -3.35874e-14
24260 -4.22456e-14
24270 -5.55569e-14
24280 -5.18609e-14
24290 -5.04178e-14
24300 -4.6292e-14
24310 -3.9996e-14
24320 -5.02793e-14
24330 -6.46699e-14
24340 -5.92744e-14
24350 -4.50507e-14
24360 -5.40129e-14
24370 -4.50346e-14
24380 -5.57513e-14
24390 -4.62376e-14
24400 -4.12994e-14
24410 -4.02176e-14
24420 -2.90286e-14
24430 -3.12168e-14
24440 -1.54078e-14
24450 -3.2427e-14
24460 -4.34151e-14
24470 -3.2296e-14
24480 -2.13426e-14
24490 -1.19865e-14
24500 -1.02735e-14
24510 -1.6459e-14
24520 -2.22424e-14
24530 -1.05609e-14
24540 -2.2789e-14
24550 -1.66352e-14
24560 -3.91523e-14
24570 -3.0562e-14
24580 -2.04875e-14
24590 -2.12667e-14
24600 -4.06967e-14
24610 -4.45188e-14
24620 -4.46034e-14
24630 -6.16649e-14
24640 -8.24901e-14
24650 -7.53109e-14
24660 -7.3663e-14
24670 -8.92412e-14
24680 -8.33987e-14
24690 -7.59936e-14
24700 -8.69643e-14
24710 -9.5831e-14
24720 -9.31131e-14
24730 -9.17788e-14
24740 -8.8195e-14
24750 -6.62125e-14
24760 -1.09424e-13
24770 -1.00869e-13
24780 -9.28327e-14
24790 -7.51402e-14
24800 -5.3603e-14
24810 -7.41692e-14
24820 -7.66357e-14
24830 -1.09178e-13
24840 -9.25486e-14
24850 -7.81045e-14
24860 -7.55517e-14
24870 -8.47719e-14
24880 -9.05264e-14
24890 -1.08509e-13
24900 -1.01988e-13
24910 -9.77605e-14
24920 -7.72847e-14
24930 -8.51905e-14
24940 -9.92477e-14
24950 -9.89608e-14
24960 -8.60943e-14
24970 -8.32172e-14
24980 -9.37871e-14
24990 -9.05249e-14
25000 -9.24724e-14
25010 -1.11267e-13
25020 -1.10664e-13
25030 -9.90961e-14
25040 -7.60772e-14
25050 -8.09169e-14
25060 -9.527e-14
25070 -8.32918e-14
25080 -8.84896e-14
25090 -9.35733e-14
25100 -7.96028e-14
25110 -7.10634e-14
25120 -9.51356e-14
25130 -1.06639e-13
25140 -9.84349e-14
25150 -8.28461e-14
25160 -8.80097e-14
25170 -9.15576e-14
25180 -9.19548e-14
25190 -9.38879e-14
25200 -9.19966e-14
25210 -7.27757e-14
25220 -7.88502e-14
25230 -6.94852e-14
25240 -5.71893e-14
25250 -6.27217e-14
25260 -6.17825e-14
25270 -6.48218e-14
25280 -6.15176e-14
25290 -6.24301e-14
25300 -7.79574e-14
25310 -7.72565e-14
25320 -6.66954e-14
25330 -6.49552e-14
25340 -4.95475e-14
25350 -5.67598e-14
25360 -7.22955e-14
25370 -5.69768e-14
25380 -5.37886e-14
25390 -5.0532e-14
25400 -3.95286e-14
25410 -3.45538e-14
25420 -5.2042e-14
25430 -6.22154e-14
25440 -6.96043e-14
25450 -5.45556e-14
25460 -4.2972e-14
25470 -5.13224e-14
25480 -4.78284e-14
25490 -7.03536e-14
25500 -6.85738e-14
25510 -4.39419e-14
25520 -6.02607e-14
25530 -6.87124e-14
25540 -7.10476e-14
25550 -5.44263e-14
25560 -5.6963e-14
25570 -7.50168e-14
25580 -9.55355e-14
25590 -7.48024e-14
25600 -6.76696e-14
25610 -6.68591e-14
25620 -8.93874e-14
25630 -6.73107e-14
25640 -7.76359e-14
25650 -7.40272e-14
25660 -8.15064e-14
25670 -9.13018e-14
25680 -6.85135e-14
25690 -4.85036e-14
25700 -3.56004e-14
25710 -6.08128e-14
25720 -6.20266e-14
25730 -6.99857e-14
25740 -4.33516e-14
25750 -2.00482e-14
25760 -1.30238e-14
25770 -2.44622e-14
25780 -4.16047e-14
25790 -2.01985e-14
25800 -2.21362e-14
25810 -2.64258e-14
25820 -1.18013e-14
25830 -2.1351e-14
25840 -6.05422e-15
25850 -1.48046e-14
25860 -1.92103e-14
25870 -3.94387e-15
25880 2.1729e-15
25890 -3.61913e-15
25900 -2.85975e-15
25910 1.0206e-14
25920 1.67937e-15
25930 -9.41825e-15
25940 -1.88901e-15
25950 -1.19151e-15
25960 9.77286e-16
25970 1.32577e-14
25980 5.32786e-15
25990 3.70866e-15
26000 -3.26582e-15
26010 -1.93287e-14
26020 -6.95902e-15
26030 -9.52489e-16
26040 -5.8868e-15
26050 1.33607e-14
26060 -1.66386e-14
26070 -1.7847e-14
26080 -2.82931e-14
26090 -4.53473e-14
26100 -4.18945e-14
26110 -2.68172e-14
26120 -2.34939e-14
26130 -2.48221e-14
26140 -4.13644e-14
26150 -5.02815e-14
26160 -5.37833e-14
26170 -3.43252e-14
26180 -4.09953e-14
26190 -4.13764e-14
26200 -2.21958e-14
26210 -7.22529e-15
26220 -4.77152e-15
26230 6.03424e-15
26240 -1.35126e-14
26250 -3.64448e-14
26260 -3.085e-14
26270 -1.68471e-14
26280 -1.80519e-14
26290 -2.54565e-15
26300 -3.23999e-14
26310 -4.65706e-14
26320 -6.33296e-14
26330 -5.23885e-14
26340 -3.87844e-14
26350 -4.96626e-14
26360 -4.20886e-14
26370 -4.12524e-14
26380 -4.91654e-14
26390 -6.34736e-14
26400 -4.96755e-14
26410 -2.10588e-14
26420 -1.44639e-14
26430 -2.36268e-14
26440 -2.85474e-14
26450 -1.69784e-14
26460 6.48199e-15
26470 3.94043e-14
26480 8.45619e-14
26490 1.42588e-13
26500 2.72755e-13
26510 4.75563e-13
26520 7.97528e-13
26530 1.29616e-12
26540 2.06131e-12
26550 3.31265e-12
26560 5.25169e-12
26570 8.27809e-12
26580 1.29791e-11
26590 2.02436e-11
26600 3.14158e-11
26610 4.85032e-11
26620 7.45668e-11
26630 1.14052e-10
26640 1.73674e-10
26650 2.63259e-10
26660 3.97254e-10
26670 5.9675e-10
26680 8.92464e-10
26690 1.32887e-09
26700 1.97008e-09
26710 2.90811e-09
26720 4.2744e-09
26730 6.25596e-09
26740 9.11761e-09
26750 1.32328e-08
26760 1.91256e-08
26770 2.75289e-08
26780 3.94626e-08
26790 5.63401e-08
26800 8.01119e-08
26810 1.13458e-07
26820 1.60048e-07
26830 2.24878e-07
26840 3.14732e-07
26850 4.38777e-07
26860 6.09349e-07
26870 8.42986e-07
26880 1.16176e-06
26890 1.59503e-06
26900 2.18164e-06
26910 2.97285e-06
26920 4.03598e-06
26930 5.45911e-06
26940 7.357e-06
26950 9.87863e-06
26960 1.32166e-05
26970 1.76189e-05
26980 2.34037e-05
26990 3.09774e-05
27000 4.08574e-05
27010 5.36997e-05
27020 7.03325e-05
27030 9.1798e-05
27040 0.000119402
27050 0.000154775
27060 0.000199944
27070 0.000257422
27080 0.000330306
27090 0.000422409
27100 0.000538396
27110 0.000683961
27120 0.000866023
27130 0.00109296
27140 0.00137488
27150 0.00172391
27160 0.0021546
27170 0.00268426
27180 0.00333348
27190 0.00412661
27200 0.00509234
27210 0.00626437
27220 0.00768212
27230 0.0093915
27240 0.0114458
27250 0.0139066
27260 0.0168448
27270 0.0203418
27280 0.0244905
27290 0.0293964
27300 0.0351793
27310 0.0419744
27320 0.0499333
27330 0.0592258
27340 0.0700412
27350 0.0825893
27360 0.0971018
27370 0.113833
27380 0.133063
27390 0.155095
27400 0.180257
27410 0.208905
27420 0.24142
27430 0.27821
27440 0.319705
27450 0.366362
27460 0.418659
27470 0.477095
27480 0.542187
27490 0.614467
27500 0.694477
27510 0.782767
27520 0.879887
27530 0.986384
27540 1.1028
27550 1.22964
27560 1.36742
27570 1.51659
27580 1.67759
27590 1.85078
27600 2.03649
27610 2.23497
27620 2.4464
27630 2.67089
27640 2.90844
27650 3.15896
27660 3.42226
27670 3.69803
27680 3.98584
27690 4.28516
27700 4.59532
27710 4.91552
27720 5.24485
27730 5.58226
27740 5.92658
27750 6.27652
27760 6.63071
27770 6.98762
27780 7.34568
27790 7.7032
27800 8.05844
27810 8.40959
27820 8.75481
27830 9.09222
27840 9.41995
27850 9.73611
27860 10.0389
27870 10.3264
27880 10.597
27890 10.8491
27900 11.0809
27910 11.2911
27920 11.4785
27930 11.6417
27940 11.7798
27950 11.8919
27960 11.9774
27970 12.0357
27980 12.0666
27990 12.0698
28000 12.0456
28010 11.9941
28020 11.9157
28030 11.8111
28040 11.6811
28050 11.5266
28060 11.3486
28070 11.1485
28080 10.9276
28090 10.6872
28100 10.4291
28110 10.1547
28120 9.86584
28130 9.56418
28140 9.25148
28150 8.9295
28160 8.60001
28170 8.26473
28180 7.92537
28190 7.58357
28200 7.24092
28210 6.89895
28220 6.55909
28230 6.22268
28240 5.891
28250 5.56518
28260 5.24627
28270 4.93522
28280 4.63286
28290 4.33991
28300 4.05699
28310 3.78461
28320 3.52318
28330 3.27301
28340 3.03431
28350 2.80723
28360 2.59179
28370 2.38798
28380 2.1957
28390 2.01478
28400 1.845
28410 1.6861
28420 1.53776
28430 1.39964
28440 1.27136
28450 1.15252
28460 1.04269
28470 0.941435
28480 0.84832
28490 0.762894
28500 0.684708
28510 0.613317
28520 0.548285
28530 0.489182
28540 0.435592
28550 0.387112
28560 0.343354
28570 0.303948
28580 0.26854
28590 0.236796
28600 0.208399
28610 0.183053
28620 0.16048
28630 0.140419
28640 0.12263
28650 0.106889
28660 0.0929906
28670 0.080745
28680 0.0699784
28690 0.0605323
28700 0.052262
28710 0.0450364
28720 0.0387365
28730 0.0332551
28740 0.0284957
28750 0.0243717
28760 0.0208056
28770 0.0177281
28780 0.0150776
28790 0.0127996
28800 0.0108457
28810 0.00917296
28820 0.00774391
28830 0.00652544
28840 0.00548858
28850 0.004608
28860 0.00386161
28870 0.0032302
28880 0.00269711
28890 0.00224789
28900 0.00187009
28910 0.00155297
28920 0.00128729
28930 0.00106514
28940 0.000879731
28950 0.000725292
28960 0.000596892
28970 0.000490344
28980 0.000402094
28990 0.000329139
29000 0.000268941
29010 0.000219362
29020 0.000178606
29030 0.000145164
29040 0.000117776
29050 9.53861e-05
29060 7.71168e-05
29070 6.22371e-05
29080 5.01404e-05
29090 4.03241e-05
29100 3.23729e-05
29110 2.59443e-05
29120 2.0756e-05
29130 1.65765e-05
29140 1.32156e-05
29150 1.05179e-05
29160 8.35637e-06
29170 6.62762e-06
29180 5.24747e-06
29190 4.14758e-06
29200 3.27261e-06
29210 2.5778e-06
29220 2.02703e-06
29230 1.59122e-06
29240 1.24698e-06
29250 9.75554e-07
29260 7.61911e-07
29270 5.94047e-07
29280 4.62383e-07
29290 3.59293e-07
29300 2.78717e-07
29310 2.15847e-07
29320 1.66878e-07
29330 1.28802e-07
29340 9.92473e-08
29350 7.63463e-08
29360 5.86317e-08
29370 4.49524e-08
29380 3.44073e-08
29390 2.62922e-08
29400 2.00577e-08
29410 1.52763e-08
29420 1.16155e-08
29430 8.81734e-09
29440 6.68226e-09
29450 5.05585e-09
29460 3.81902e-09
29470 2.88004e-09
29480 2.16836e-09
29490 1.62988e-09
29500 1.22313e-09
29510 9.16391e-10
29520 6.8546e-10
29530 5.11892e-10
29540 3.81655e-10
29550 2.84092e-10
29560 2.11128e-10
29570 1.5665e-10
29580 1.16042e-10
29590 8.58229e-11
29600 6.33713e-11
29610 4.6718e-11
29620 3.4386e-11
29630 2.52687e-11
29640 1.85392e-11
29650 1.35803e-11
29660 9.9319e-12
29670 7.25215e-12
29680 5.28703e-12
29690 3.84829e-12
29700 2.79664e-12
29710 2.02918e-12
29720 1.47e-12
29730 1.06324e-12
29740 7.67823e-13
29750 5.53616e-13
29760 3.98543e-13
29770 2.86458e-13
29780 2.05574e-13
29790 1.47298e-13
29800 1.05377e-13
29810 7.52697e-14
29820 5.36806e-14
29830 3.82242e-14
29840 2.71757e-14
29850 1.92904e-14
29860 1.36714e-14
29870 9.67325e-15
29880 6.83254e-15
29890 4.81676e-15
29900 3.38777e-15
29910 2.37511e-15
29920 1.65687e-15
29930 1.14571e-15
29940 7.78873e-16
29950 5.10846e-16
29960 3.08023e-16
29970 1.44705e-16
29980 0
