-20 0
0 2.00997e-14
20 -6.81223e-13
40 -1.25372e-12
60 -1.55507e-13
80 2.2373e-12
100 2.83829e-12
120 -6.32563e-13
140 -5.51264e-12
160 -5.26353e-12
180 2.99588e-12
200 1.20144e-11
220 9.12972e-12
240 -8.80886e-12
260 -2.5357e-11
280 -1.60941e-11
300 2.18148e-11
320 5.28995e-11
340 2.966e-11
360 -4.95e-11
380 -1.10794e-10
400 -5.9806e-11
420 1.04914e-10
440 2.34315e-10
460 1.3437e-10
480 -2.08249e-10
500 -5.00257e-10
520 -3.31491e-10
540 3.75955e-10
560 1.06805e-09
580 8.62935e-10
600 -5.63371e-10
620 -2.2399e-09
640 -2.277e-09
660 4.42866e-10
680 4.46664e-09
700 5.87563e-09
720 1.28338e-09
740 -7.96115e-09
760 -1.43369e-08
780 -8.67906e-09
800 1.07456e-08
820 3.16699e-08
840 3.21785e-08
860 -2.13762e-09
880 -5.8339e-08
900 -9.21383e-08
920 -5.30572e-08
940 6.88707e-08
960 2.07441e-07
980 2.36164e-07
1000 5.10173e-08
1020 -3.17138e-07
1040 -6.45181e-07
1060 -5.98704e-07
1080 3.90792e-08
1100 1.10162e-06
1120 1.93985e-06
1140 1.66783e-06
1160 -2.48169e-07
1180 -3.33117e-06
1200 -5.84165e-06
1220 -5.35747e-06
1240 -2.20216e-07
1260 8.7319e-06
1280 1.72404e-05
1300 1.8627e-05
1320 7.10496e-06
1340 -1.75666e-05
1360 -4.64664e-05
1380 -6.19362e-05
1400 -4.41284e-05
1420 1.6909e-05
1440 0.000107901
1460 0.000185281
1480 0.000182684
1500 3.81049e-05
1520 -0.000261606
1540 -0.000631515
1560 -0.000857129
1580 -0.000608696
1600 0.000473151
1620 0.00260709
1640 0.00562375
1660 0.00867443
1680 0.00995252
1700 0.00649931
1720 -0.00583465
1740 -0.032218
1760 -0.0784357
1780 -0.150275
1800 -0.252768
1820 -0.389387
1840 -0.561319
1860 -0.766936
1880 -1.00155
1900 -1.25752
1920 -1.52471
1940 -1.79123
1960 -2.04444
1980 -2.27195
2000 -2.46271
2020 -2.60784
2040 -2.7013
2060 -2.74019
2080 -2.72482
2100 -2.65844
2120 -2.54675
2140 -2.39732
2160 -2.2188
2180 -2.02029
2200 -1.81069
2220 -1.59815
2240 -1.38972
2260 -1.19111
2280 -1.0066
2300 -0.839065
2320 -0.690099
2340 -0.560195
2360 -0.448957
2380 -0.355326
2400 -0.27779
2420 -0.214575
2440 -0.1638
2460 -0.123599
2480 -0.0922092
2500 -0.0680258
2520 -0.0496359
2540 -0.0358276
2560 -0.0255866
2580 -0.0180822
2600 -0.0126474
2620 -0.00875637
2640 -0.00600187
2660 -0.00407329
2680 -0.00273752
2700 -0.00182212
2720 -0.00120132
2740 -0.000784612
2760 -0.000507704
2780 -0.000325518
2800 -0.000206821
2820 -0.00013023
2840 -8.12774e-05
2860 -5.02818e-05
2880 -3.08372e-05
2900 -1.87499e-05
2920 -1.13037e-05
2940 -6.75742e-06
2960 -4.00599e-06
2980 -2.35529e-06
3000 -1.37346e-06
3020 -7.94437e-07
3040 -4.55831e-07
3060 -2.59467e-07
3080 -1.46528e-07
3100 -8.2102e-08
3120 -4.56462e-08
3140 -2.51828e-08
3160 -1.37872e-08
3180 -7.49116e-09
3200 -4.03969e-09
3220 -2.16221e-09
3240 -1.14875e-09
3260 -6.05841e-10
3280 -3.17186e-10
3300 -1.64865e-10
3320 -8.50918e-11
3340 -4.35924e-11
3360 -2.21929e-11
3380 -1.12265e-11
3400 -5.62933e-12
3420 -2.80779e-12
3440 -1.38269e-12
3460 -6.87694e-13
3480 -3.36379e-13
3500 -1.64273e-13
3520 -9.03619e-14
3540 -3.83708e-14
3560 -1.68851e-14
3580 -1.01269e-14
3600 -4.12155e-15
3620 -3.61661e-15
3640 5.00218e-15
3660 -1.3063e-14
3680 6.73539e-15
3700 4.03843e-15
3720 1.93465e-14
3740 1.88015e-14
3760 1.97653e-14
3780 1.8702e-14
3800 2.72487e-14
3820 1.79075e-14
3840 2.5529e-14
3860 2.18071e-14
3880 3.2616e-14
3900 2.07555e-14
3920 -6.76295e-15
3940 1.12088e-14
3960 -7.63452e-15
3980 5.48883e-15
4000 -4.6377e-15
4020 1.91244e-14
4040 -1.91973e-15
4060 1.21697e-14
4080 -8.2283e-15
4100 3.71825e-15
4120 8.86796e-15
4140 -6.33093e-15
4160 2.46589e-14
4180 2.81675e-14
4200 4.3399e-14
4220 4.05252e-14
4240 5.2334e-14
4260 3.09488e-14
4280 3.10301e-14
4300 1.28484e-14
4320 1.66071e-14
4340 1.40545e-15
4360 1.02396e-14
4380 6.06167e-15
4400 -7.3565e-15
4420 -2.23363e-14
4440 -1.03933e-14
4460 -1.04816e-14
4480 2.98655e-15
4500 9.78621e-15
4520 -1.79527e-14
4540 -1.864e-14
4560 -4.16668e-14
4580 -4.62004e-14
4600 -2.36763e-14
4620 -4.44529e-14
4640 -3.54695e-14
4660 -3.78042e-14
4680 -2.77735e-14
4700 -3.03168e-14
4720 -3.21083e-14
4740 -4.77673e-14
4760 -6.72483e-14
4780 -5.82974e-14
4800 -5.31825e-14
4820 -5.5356e-14
4840 -4.00752e-14
4860 -4.54623e-14
4880 -3.93125e-14
4900 -4.96792e-14
4920 -6.11027e-14
4940 -4.06959e-14
4960 -7.62226e-14
4980 -6.52452e-14
5000 -6.69509e-14
5020 -5.82925e-14
5040 -7.36114e-14
5060 -6.47554e-14
5080 -9.17185e-14
5100 -9.51034e-14
5120 -7.92024e-14
5140 -8.5035e-14
5160 -6.92385e-14
5180 -6.5524e-14
5200 -8.04061e-14
5220 -6.03308e-14
5240 -4.05549e-14
5260 -3.14812e-14
5280 -5.67501e-14
5300 -5.41439e-14
5320 -5.64291e-14
5340 -7.336e-14
5360 -8.81221e-14
5380 -1.08271e-13
5400 -1.02581e-13
5420 -1.15335e-13
5440 -9.78335e-14
5460 -1.08529e-13
5480 -9.94733e-14
5500 -9.52151e-14
5520 -1.04103e-13
5540 -1.12856e-13
5560 -1.23745e-13
5580 -1.04785e-13
5600 -1.13308e-13
5620 -1.2152e-13
5640 -1.38728e-13
5660 -1.41632e-13
5680 -1.55785e-13
5700 -1.58983e-13
5720 -1.69833e-13
5740 -1.49694e-13
5760 -1.38813e-13
5780 -1.30985e-13
5800 -1.36466e-13
5820 -1.64585e-13
5840 -1.35753e-13
5860 -1.56881e-13
5880 -1.3382e-13
5900 -1.56355e-13
5920 -1.61288e-13
5940 -1.56704e-13
5960 -1.71623e-13
5980 -1.83933e-13
6000 -1.72752e-13
6020 -1.84885e-13
6040 -1.67982e-13
6060 -1.75541e-13
6080 -1.80947e-13
6100 -1.90503e-13
6120 -1.80974e-13
6140 -1.71063e-13
6160 -1.90089e-13
6180 -1.87399e-13
6200 -1.73133e-13
6220 -1.67749e-13
6240 -1.7375e-13
6260 -1.78944e-13
6280 -1.71486e-13
6300 -1.72753e-13
6320 -1.52953e-13
6340 -1.76911e-13
6360 -1.60634e-13
6380 -1.68617e-13
6400 -1.90535e-13
6420 -2.09086e-13
6440 -2.63501e-13
6460 -4.04574e-13
6480 -6.30993e-13
6500 -1.10757e-12
6520 -2.03126e-12
6540 -3.91873e-12
6560 -7.64763e-12
6580 -1.49671e-11
6600 -2.92606e-11
6620 -5.69777e-11
6640 -1.103e-10
6660 -2.12127e-10
6680 -4.05177e-10
6700 -7.68541e-10
6720 -1.4473e-09
6740 -2.7058e-09
6760 -5.02158e-09
6780 -9.25054e-09
6800 -1.69139e-08
6820 -3.06936e-08
6840 -5.52777e-08
6860 -9.87926e-08
6880 -1.75204e-07
6900 -3.08305e-07
6920 -5.38276e-07
6940 -9.32372e-07
6960 -1.60215e-06
6980 -2.73096e-06
7000 -4.61736e-06
7020 -7.74294e-06
7040 -1.28771e-05
7060 -2.12373e-05
7080 -3.47304e-05
7100 -5.63136e-05
7120 -9.05261e-05
7140 -0.000144262
7160 -0.00022788
7180 -0.000356775
7200 -0.000553575
7220 -0.00085115
7240 -0.00129669
7260 -0.00195715
7280 -0.00292626
7300 -0.00433368
7320 -0.00635625
7340 -0.00923186
7360 -0.0132759
7380 -0.0189002
7400 -0.0266339
7420 -0.0371451
7440 -0.0512623
7460 -0.0699931
7480 -0.0945361
7500 -0.126283
7520 -0.166809
7540 -0.217836
7560 -0.281181
7580 -0.358667
7600 -0.452008
7620 -0.562652
7640 -0.691607
7660 -0.839232
7680 -1.00503
7700 -1.18743
7720 -1.38364
7740 -1.5895
7760 -1.79949
7780 -2.00678
7800 -2.20348
7820 -2.38096
7840 -2.53037
7860 -2.64321
7880 -2.71204
7900 -2.73111
7920 -2.697
7940 -2.60908
7960 -2.46981
7980 -2.28469
8000 -2.06206
8020 -1.81245
8040 -1.54783
8060 -1.28064
8080 -1.02274
8100 -0.784491
8120 -0.57397
8140 -0.39644
8160 -0.254177
8180 -0.146619
8200 -0.0707989
8220 -0.0220086
8240 0.00543852
8260 0.017445
8280 0.0194761
8300 0.0160885
8320 0.0106776
8340 0.0054385
8360 0.00150189
8380 -0.000816735
8400 -0.00172411
8420 -0.00167346
8440 -0.00114982
8460 -0.000536583
8480 -6.16752e-05
8500 0.000194689
8520 0.000256429
8540 0.000197606
8560 9.69151e-05
8580 1.03125e-05
8600 -3.73683e-05
8620 -4.69366e-05
8640 -3.29873e-05
8660 -1.23138e-05
8680 3.45252e-06
8700 1.00606e-05
8720 9.02787e-06
8740 4.42261e-06
8760 -3.72087e-09
8780 -2.30453e-06
8800 -2.39768e-06
8820 -1.27059e-06
8840 -4.30835e-08
8860 6.25703e-07
8880 6.54157e-07
8900 3.23077e-07
8920 -2.71304e-08
8940 -1.99172e-07
8960 -1.80191e-07
8980 -6.77833e-08
9000 3.1875e-08
9020 6.70686e-08
9040 4.62284e-08
9060 6.9451e-09
9080 -1.87544e-08
9100 -2.11415e-08
9120 -9.09263e-09
9140 3.37198e-09
9160 8.06747e-09
9180 5.35487e-09
9200 2.71719e-10
9220 -2.74655e-09
9240 -2.55306e-09
9260 -6.73502e-10
9280 8.56767e-10
9300 1.11106e-09
9320 4.5572e-10
9340 -2.47845e-10
9360 -4.65991e-10
9380 -2.43918e-10
9400 6.64345e-11
9420 1.9381e-10
9440 1.18046e-10
9460 -1.74071e-11
9480 -8.22376e-11
9500 -5.4892e-11
9520 4.6826e-12
9540 3.54258e-11
9560 2.43601e-11
9580 -2.29141e-12
9600 -1.61603e-11
9620 -1.09683e-11
9640 1.15954e-12
9660 7.13975e-12
9680 4.39714e-12
9700 -1.19617e-12
9720 -3.6135e-12
9740 -2.07586e-12
9760 4.76076e-13
9780 1.37101e-12
9800 5.45026e-13
9820 -5.43115e-13
9840 -8.54074e-13
9860 -5.0317e-13
9880 -1.34413e-13
9900 5.37965e-14
9920 1.54096e-13
9940 1.06697e-13
9960 -3.99816e-13
9980 -1.06278e-12
10000 -1.33701e-12
10020 -8.09299e-13
10040 4.5306e-13
10060 1.69347e-12
10080 1.84485e-12
10100 2.9147e-13
10120 -2.36949e-12
10140 -4.45956e-12
10160 -3.97248e-12
10180 -2.34979e-13
10200 5.2166e-12
10220 8.6469e-12
10240 6.41358e-12
10260 -2.22335e-12
10280 -1.31614e-11
10300 -1.87087e-11
10320 -1.19962e-11
10340 7.17444e-12
10360 2.92961e-11
10380 3.82673e-11
10400 2.10879e-11
10420 -2.08149e-11
10440 -6.62887e-11
10460 -8.17515e-11
10480 -4.14837e-11
10500 4.96407e-11
10520 1.45911e-10
10540 1.76663e-10
10560 8.77045e-11
10580 -1.10771e-10
10600 -3.22533e-10
10620 -3.96299e-10
10640 -2.11075e-10
10660 2.22006e-10
10680 7.05987e-10
10700 9.12904e-10
10720 5.56664e-10
10740 -3.84148e-10
10760 -1.5253e-09
10780 -2.1532e-09
10800 -1.56485e-09
10820 4.39759e-10
10840 3.17613e-09
10860 5.11292e-09
10880 4.49862e-09
10900 4.35711e-10
10920 -6.09468e-09
10940 -1.19518e-08
10960 -1.28314e-08
10980 -5.50599e-09
11000 9.52883e-09
11020 2.64816e-08
11040 3.52732e-08
11060 2.57465e-08
11080 -5.96185e-09
11100 -5.17329e-08
11120 -9.02427e-08
11140 -9.3146e-08
11160 -3.86547e-08
11180 7.18083e-08
11200 2.02061e-07
11220 2.83953e-07
11240 2.4014e-07
11260 2.40812e-08
11280 -3.36335e-07
11300 -7.13821e-07
11320 -8.98591e-07
11340 -6.69594e-07
11360 8.98461e-08
11380 1.26984e-06
11400 2.46541e-06
11420 3.02486e-06
11440 2.25199e-06
11460 -2.5774e-07
11480 -4.24192e-06
11500 -8.51803e-06
11520 -1.10385e-05
11540 -9.39302e-06
11560 -1.76402e-06
11580 1.18545e-05
11600 2.85808e-05
11620 4.22601e-05
11640 4.43123e-05
11660 2.61191e-05
11680 -1.72025e-05
11700 -8.24247e-05
11720 -0.000154644
11740 -0.000206362
11760 -0.000200993
11780 -0.000101917
11800 0.000113191
11820 0.000434949
11840 0.000806077
11860 0.00111249
11880 0.00118849
11900 0.000842031
11920 -9.685e-05
11940 -0.00170628
11960 -0.00388977
11980 -0.00629593
12000 -0.00826273
12020 -0.00881266
12040 -0.00672565
12060 -0.000712443
12080 0.0102986
12100 0.0267626
12120 0.0480267
12140 0.0717849
12160 0.0935359
12180 0.106115
12200 0.0993728
12220 0.0600842
12240 -0.0278668
12260 -0.182973
12280 -0.425265
12300 -0.775161
12320 -1.25209
12340 -1.87293
12360 -2.65051
12380 -3.59206
12400 -4.69809
12420 -5.96144
12440 -7.36691
12460 -8.89137
12480 -10.5043
12500 -12.169
12520 -13.8442
12540 -15.4856
12560 -17.0484
12580 -18.4891
12600 -19.7676
12620 -20.8493
12640 -21.7062
12660 -22.3181
12680 -22.6735
12700 -22.7695
12720 -22.6115
12740 -22.2125
12760 -21.5923
12780 -20.776
12800 -19.7928
12820 -18.6743
12840 -17.4532
12860 -16.162
12880 -14.8318
12900 -13.4913
12920 -12.1662
12940 -10.8786
12960 -9.64665
12980 -8.48457
13000 -7.40281
13020 -6.40819
13040 -5.50431
13060 -4.69193
13080 -3.96948
13100 -3.33347
13120 -2.77899
13140 -2.3001
13160 -1.89025
13180 -1.54256
13200 -1.25011
13220 -1.00616
13240 -0.804305
13260 -0.638584
13280 -0.50355
13300 -0.394311
13320 -0.306535
13340 -0.236434
13360 -0.180731
13380 -0.136621
13400 -0.101721
13420 -0.0740156
13440 -0.0518052
13460 -0.0336555
13480 -0.0183486
13500 -0.00483833
13520 0.00778833
13540 0.0203458
13560 0.033578
13580 0.0481812
13600 0.0648201
13620 0.0841381
13640 0.106761
13660 0.133294
13680 0.164311
13700 0.200341
13720 0.241843
13740 0.289179
13760 0.342586
13780 0.402137
13800 0.467709
13820 0.538948
13840 0.615247
13860 0.69572
13880 0.779195
13900 0.864222
13920 0.949092
13940 1.03188
13960 1.11048
13980 1.18272
14000 1.24643
14020 1.2995
14040 1.34006
14060 1.36652
14080 1.37769
14100 1.37287
14120 1.35188
14140 1.3151
14160 1.26346
14180 1.19844
14200 1.12195
14220 1.03628
14240 0.943974
14260 0.847695
14280 0.750097
14300 0.653696
14320 0.560762
14340 0.473221
14360 0.392593
14380 0.319957
14400 0.255946
14420 0.200773
14440 0.154275
14460 0.115979
14480 0.0851784
14500 0.0610106
14520 0.042532
14540 0.0287851
14560 0.0188534
14580 0.0119017
14600 0.00720187
14620 0.00414514
14640 0.00224302
14660 0.00111931
14680 0.000496483
14700 0.000178941
14720 3.55786e-05
14740 -1.6575e-05
14760 -2.65459e-05
14780 -2.08635e-05
14800 -1.21874e-05
14820 -5.36652e-06
14840 -1.37277e-06
14860 3.72928e-07
14880 7.90058e-07
14900 6.26525e-07
14920 3.31762e-07
14940 1.03822e-07
14960 -1.4062e-08
14980 -4.80866e-08
15000 -3.95105e-08
15020 -1.96049e-08
15040 -4.07099e-09
15060 3.23376e-09
15080 4.36935e-09
15100 2.74959e-09
15120 8.56223e-10
15140 -2.55419e-10
15160 -5.43782e-10
15180 -3.79169e-10
15200 -1.22134e-10
15220 4.07733e-11
15240 8.26286e-11
15260 5.42724e-11
15280 1.28967e-11
15300 -1.11299e-11
15320 -1.44984e-11
15340 -7.24689e-12
15360 3.2721e-13
15380 3.54519e-12
15400 2.86074e-12
15420 8.16209e-13
15440 -5.90465e-13
15460 -7.99528e-13
15480 -2.86206e-13
15500 2.79473e-13
15520 4.81568e-13
15540 3.78097e-13
15560 1.71025e-13
15580 4.42658e-14
15600 4.02434e-14
15620 1.22828e-13
15640 1.95866e-13
15660 2.22097e-13
15680 2.0425e-13
15700 1.73045e-13
15720 1.60669e-13
15740 1.55493e-13
15760 1.89951e-13
15780 1.92627e-13
15800 1.84703e-13
15820 1.79646e-13
15840 1.77387e-13
15860 1.66392e-13
15880 1.62508e-13
15900 1.60494e-13
15920 1.54309e-13
15940 1.42446e-13
15960 1.44395e-13
15980 1.28265e-13
16000 1.22961e-13
16020 1.14509e-13
16040 1.28342e-13
16060 1.23645e-13
16080 1.26729e-13
16100 1.17681e-13
16120 1.19767e-13
16140 1.11076e-13
16160 1.22316e-13
16180 1.11095e-13
16200 1.26149e-13
16220 1.2197e-13
16240 1.28152e-13
16260 1.27609e-13
16280 1.48949e-13
16300 1.56396e-13
16320 1.60808e-13
16340 1.61697e-13
16360 1.62683e-13
16380 1.52708e-13
16400 1.48511e-13
16420 1.45784e-13
16440 1.5594e-13
16460 1.6813e-13
16480 1.70264e-13
16500 1.70643e-13
16520 1.63218e-13
16540 1.61594e-13
16560 1.65427e-13
16580 1.56375e-13
16600 1.748e-13
16620 1.66444e-13
16640 1.60491e-13
16660 1.73232e-13
16680 1.76849e-13
16700 1.76607e-13
16720 1.76223e-13
16740 1.69649e-13
16760 1.64622e-13
16780 1.93951e-13
16800 1.903e-13
16820 2.02999e-13
16840 1.91102e-13
16860 1.98044e-13
16880 1.94095e-13
16900 1.70707e-13
16920 1.66417e-13
16940 1.61593e-13
16960 1.57433e-13
16980 1.58985e-13
17000 1.57633e-13
17020 1.46173e-13
17040 1.34836e-13
17060 1.33015e-13
17080 1.27063e-13
17100 1.27452e-13
17120 1.22079e-13
17140 1.02959e-13
17160 1.07905e-13
17180 1.08256e-13
17200 1.17274e-13
17220 1.05365e-13
17240 1.07699e-13
17260 1.08357e-13
17280 1.09816e-13
17300 1.19467e-13
17320 1.17423e-13
17340 1.18514e-13
17360 1.24437e-13
17380 1.34542e-13
17400 1.33286e-13
17420 1.31209e-13
17440 1.15823e-13
17460 1.25611e-13
17480 1.22862e-13
17500 1.19969e-13
17520 1.15219e-13
17540 1.23454e-13
17560 1.22113e-13
17580 1.28665e-13
17600 1.22753e-13
17620 1.3228e-13
17640 1.28881e-13
17660 1.1959e-13
17680 1.30223e-13
17700 1.30821e-13
17720 1.34662e-13
17740 1.24655e-13
17760 1.19609e-13
17780 1.19728e-13
17800 1.11382e-13
17820 1.24323e-13
17840 1.03512e-13
17860 1.09993e-13
17880 9.4951e-14
17900 1.02223e-13
17920 1.09307e-13
17940 1.18439e-13
17960 1.06855e-13
17980 1.20809e-13
18000 1.22165e-13
18020 1.0316e-13
18040 1.0036e-13
18060 8.72708e-14
18080 9.12334e-14
18100 9.24637e-14
18120 7.618e-14
18140 8.25971e-14
18160 8.94416e-14
18180 8.9899e-14
18200 8.23155e-14
18220 8.91144e-14
18240 9.67706e-14
18260 7.57351e-14
18280 7.63384e-14
18300 7.77086e-14
18320 8.43099e-14
18340 9.06797e-14
18360 6.1947e-14
18380 8.4454e-14
18400 7.40708e-14
18420 7.3751e-14
18440 7.87244e-14
18460 8.62609e-14
18480 9.00071e-14
18500 7.17466e-14
18520 7.01108e-14
18540 8.24832e-14
18560 8.35482e-14
18580 8.54543e-14
18600 9.73335e-14
18620 1.09945e-13
18640 9.8967e-14
18660 1.0779e-13
18680 1.02612e-13
18700 1.0614e-13
18720 1.05117e-13
18740 9.96395e-14
18760 9.79238e-14
18780 9.45992e-14
18800 1.01902e-13
18820 8.25378e-14
18840 9.76475e-14
18860 8.50828e-14
18880 9.00201e-14
18900 8.51705e-14
18920 8.23556e-14
18940 8.78141e-14
18960 6.3819e-14
18980 5.42941e-14
19000 3.62838e-14
19020 2.85503e-14
19040 3.1597e-14
19060 1.71859e-14
19080 1.82022e-14
19100 2.15872e-14
19120 3.2494e-14
19140 3.2431e-15
19160 3.06889e-14
19180 2.07832e-14
19200 1.7973e-14
19220 -9.34067e-15
19240 -2.04553e-14
19260 -8.53553e-15
19280 -1.53006e-14
19300 -7.73034e-15
19320 -1.50171e-14
19340 -6.17827e-15
19360 -1.39828e-14
19380 -3.96769e-14
19400 -2.37983e-14
19420 -2.23752e-14
19440 -2.46367e-14
19460 -2.0893e-14
19480 -1.76552e-14
19500 -1.49805e-14
19520 -2.34814e-14
19540 -3.08977e-14
19560 -3.37053e-14
19580 -3.10795e-14
19600 -1.44557e-14
19620 -1.30753e-14
19640 -3.3364e-15
19660 -1.25968e-14
19680 8.75941e-16
19700 1.80102e-14
19720 8.31812e-15
19740 5.22202e-15
19760 2.90595e-15
19780 1.46183e-14
19800 -1.57506e-14
19820 -7.6631e-15
19840 -1.5289e-14
19860 -1.16409e-14
19880 -9.72871e-15
19900 -2.26862e-14
19920 -3.12133e-14
19940 -2.75334e-14
19960 -3.74166e-14
19980 -5.26872e-14
20000 -4.76119e-14
20020 -5.64737e-14
20040 -6.86548e-14
20060 -6.28689e-14
20080 -6.49413e-14
20100 -5.69076e-14
20120 -6.7248e-14
20140 -5.68378e-14
20160 -6.99354e-14
20180 -6.03726e-14
20200 -5.33624e-14
20220 -6.0955e-14
20240 -6.22849e-14
20260 -5.10256e-14
20280 -5.28109e-14
20300 -5.47418e-14
20320 -5.31399e-14
20340 -4.63661e-14
20360 -5.59188e-14
20380 -6.19339e-14
20400 -7.31088e-14
20420 -6.66522e-14
20440 -8.46215e-14
20460 -8.73199e-14
20480 -7.35102e-14
20500 -7.91934e-14
20520 -6.79262e-14
20540 -6.97206e-14
20560 -6.08858e-14
20580 -7.48775e-14
20600 -6.03428e-14
20620 -7.28195e-14
20640 -9.26701e-14
20660 -8.70888e-14
20680 -7.93642e-14
20700 -8.8048e-14
20720 -9.89549e-14
20740 -8.68161e-14
20760 -1.01828e-13
20780 -1.00894e-13
20800 -7.85613e-14
20820 -8.0101e-14
20840 -8.68892e-14
20860 -8.64392e-14
20880 -8.14791e-14
20900 -9.13183e-14
20920 -9.31995e-14
20940 -8.53989e-14
20960 -1.02253e-13
20980 -8.36293e-14
21000 -7.9223e-14
21020 -6.87672e-14
21040 -7.1918e-14
21060 -7.18574e-14
21080 -7.3748e-14
21100 -5.22166e-14
21120 -4.03039e-14
21140 -6.33784e-14
21160 -6.28052e-14
21180 -6.34986e-14
21200 -6.99066e-14
21220 -7.1369e-14
21240 -7.13254e-14
21260 -7.00571e-14
21280 -5.57205e-14
21300 -6.32044e-14
21320 -6.61466e-14
21340 -6.17683e-14
21360 -7.29276e-14
21380 -6.87497e-14
21400 -6.51928e-14
21420 -6.87702e-14
21440 -6.68721e-14
21460 -6.94519e-14
21480 -4.1903e-14
21500 -5.06018e-14
21520 -4.62105e-14
21540 -4.62177e-14
21560 -6.79003e-14
21580 -5.89461e-14
21600 -4.86866e-14
21620 -5.43291e-14
21640 -5.77103e-14
21660 -4.4302e-14
21680 -5.39283e-14
21700 -3.55494e-14
21720 -6.5484e-14
21740 -6.34024e-14
21760 -7.90559e-14
21780 -6.20875e-14
21800 -6.79577e-14
21820 -7.31201e-14
21840 -8.40407e-14
21860 -7.78865e-14
21880 -8.33421e-14
21900 -6.97193e-14
21920 -7.62697e-14
21940 -1.02e-13
21960 -1.00657e-13
21980 -9.6666e-14
22000 -9.16867e-14
22020 -9.56154e-14
22040 -1.12486e-13
22060 -1.13931e-13
22080 -1.01505e-13
22100 -9.51337e-14
22120 -1.10785e-13
22140 -1.14424e-13
22160 -1.28159e-13
22180 -1.09988e-13
22200 -1.18434e-13
22220 -1.21709e-13
22240 -1.52521e-13
22260 -1.34718e-13
22280 -1.39288e-13
22300 -1.25324e-13
22320 -1.38606e-13
22340 -1.35663e-13
22360 -1.50573e-13
22380 -1.41352e-13
22400 -1.29744e-13
22420 -1.2073e-13
22440 -1.26261e-13
22460 -1.33461e-13
22480 -1.17944e-13
22500 -1.22275e-13
22520 -1.29713e-13
22540 -1.46628e-13
22560 -1.39422e-13
22580 -1.49566e-13
22600 -1.362e-13
22620 -1.32449e-13
22640 -1.42166e-13
22660 -1.39778e-13
22680 -1.4119e-13
22700 -1.28867e-13
22720 -1.30059e-13
22740 -1.23953e-13
22760 -1.38094e-13
22780 -1.48002e-13
22800 -1.62659e-13
22820 -1.55597e-13
22840 -1.50458e-13
22860 -1.51264e-13
22880 -1.61109e-13
22900 -1.4814e-13
22920 -1.54119e-13
22940 -1.42967e-13
22960 -1.653e-13
22980 -1.60482e-13
23000 -1.67445e-13
23020 -1.48822e-13
23040 -1.57757e-13
23060 -1.61966e-13
23080 -1.89994e-13
23100 -1.55209e-13
23120 -1.61058e-13
23140 -1.62607e-13
23160 -1.35679e-13
23180 -1.41156e-13
23200 -1.13857e-13
23220 -1.55403e-13
23240 -1.43545e-13
23260 -1.44594e-13
23280 -1.35976e-13
23300 -1.45391e-13
23320 -1.56733e-13
23340 -1.64749e-13
23360 -1.85781e-13
23380 -1.53402e-13
23400 -1.52496e-13
23420 -1.50605e-13
23440 -1.69581e-13
23460 -1.74173e-13
23480 -1.72077e-13
23500 -1.40005e-13
23520 -1.56511e-13
23540 -1.68723e-13
23560 -1.84132e-13
23580 -1.72517e-13
23600 -1.51479e-13
23620 -1.30047e-13
23640 -1.497e-13
23660 -1.78302e-13
23680 -1.78791e-13
23700 -1.78086e-13
23720 -1.82834e-13
23740 -1.75635e-13
23760 -1.90982e-13
23780 -1.9672e-13
23800 -1.92407e-13
23820 -1.84649e-13
23840 -1.84752e-13
23860 -1.71373e-13
23880 -1.85384e-13
23900 -1.77422e-13
23920 -1.81274e-13
23940 -1.92252e-13
23960 -1.62213e-13
23980 -1.65209e-13
24000 -1.64504e-13
24020 -1.6917e-13
24040 -1.65662e-13
24060 -1.94874e-13
24080 -1.93826e-13
24100 -1.85438e-13
24120 -1.84729e-13
24140 -1.96056e-13
24160 -1.99453e-13
24180 -2.03178e-13
24200 -1.9316e-13
24220 -1.95107e-13
24240 -2.02755e-13
24260 -1.97559e-13
24280 -1.98735e-13
24300 -2.18727e-13
24320 -2.069e-13
24340 -1.99884e-13
24360 -1.95788e-13
24380 -2.05885e-13
24400 -2.09229e-13
24420 -2.0956e-13
24440 -2.15688e-13
24460 -2.19208e-13
24480 -2.10409e-13
24500 -1.97466e-13
24520 -1.80479e-13
24540 -1.79566e-13
24560 -1.93566e-13
24580 -2.1831e-13
24600 -1.97456e-13
24620 -1.91084e-13
24640 -1.78058e-13
24660 -1.55409e-13
24680 -1.5473e-13
24700 -1.43735e-13
24720 -1.54209e-13
24740 -2.04644e-13
24760 -2.73349e-13
24780 -3.0039e-13
24800 -2.50825e-13
24820 -1.19955e-13
24840 1.75256e-14
24860 7.69317e-14
24880 -5.17512e-14
24900 -3.61383e-13
24920 -6.84317e-13
24940 -7.71618e-13
24960 -4.13966e-13
24980 3.20328e-13
25000 1.01787e-12
25020 1.04349e-12
25040 -1.18796e-14
25060 -1.77524e-12
25080 -3.01092e-12
25100 -2.13059e-12
25120 1.29401e-12
25140 5.35966e-12
25160 5.86901e-12
25180 -1.12707e-12
25200 -1.43374e-11
25220 -2.35476e-11
25240 -1.11563e-11
25260 3.52079e-11
25280 1.01244e-10
25300 1.27999e-10
25320 2.15475e-11
25340 -2.85165e-10
25360 -7.14828e-10
25380 -9.24339e-10
25400 -3.01286e-10
25420 1.75021e-09
25440 5.11372e-09
25460 7.96541e-09
25480 6.0422e-09
25500 -6.68658e-09
25520 -3.44218e-08
25540 -7.18964e-08
25560 -9.3575e-08
25580 -4.48491e-08
25600 1.53023e-07
25620 5.65173e-07
25640 1.14979e-06
25660 1.59464e-06
25680 1.10177e-06
25700 -1.78527e-06
25720 -9.07853e-06
25740 -2.25098e-05
25760 -4.11811e-05
25780 -5.64944e-05
25800 -4.26409e-05
25820 5.9619e-05
25840 0.000368669
25860 0.00110039
25880 0.00262236
25900 0.00552676
25920 0.0107239
25940 0.0195565
25960 0.033933
25980 0.056474
26000 0.0906642
26020 0.140997
26040 0.213094
26060 0.313786
26080 0.451131
26100 0.634347
26120 0.873652
26140 1.17999
26160 1.56462
26180 2.03867
26200 2.61243
26220 3.29479
26240 4.09241
26260 5.0091
26280 6.04508
26300 7.19646
26320 8.45484
26340 9.80709
26360 11.2354
26380 12.7175
26400 14.2273
26420 15.7355
26440 17.2107
26460 18.6206
26480 19.933
26500 21.1171
26520 22.145
26540 22.9926
26560 23.6403
26580 24.0742
26600 24.2863
26620 24.2746
26640 24.0433
26660 23.6022
26680 22.9662
26700 22.1546
26720 21.1901
26740 20.0978
26760 18.9046
26780 17.6374
26800 16.323
26820 14.9868
26840 13.6523
26860 12.3404
26880 11.0695
26900 9.85445
26920 8.70734
26940 7.63698
26960 6.64931
26980 5.74757
27000 4.93261
27020 4.20326
27040 3.55667
27060 2.98867
27080 2.49412
27100 2.06724
27120 1.70186
27140 1.39169
27160 1.13051
27180 0.91231
27200 0.731426
27220 0.582614
27240 0.461103
27260 0.362612
27280 0.283357
27300 0.220038
27320 0.169804
27340 0.13023
27360 0.0992657
27380 0.075203
27400 0.0566286
27420 0.0423857
27440 0.0315357
27460 0.0233239
27480 0.0171488
27500 0.0125347
27520 0.00910876
27540 0.00658088
27560 0.00472718
27580 0.00337621
27600 0.00239762
27620 0.00169304
27640 0.00118879
27660 0.000830052
27680 0.000576345
27700 0.000397968
27720 0.000273285
27740 0.000186636
27760 0.000126766
27780 8.56338e-05
27800 5.75355e-05
27820 3.84491e-05
27840 2.55568e-05
27860 1.68969e-05
27880 1.11121e-05
27900 7.26926e-06
27920 4.73036e-06
27940 3.0621e-06
27960 1.97185e-06
27980 1.26319e-06
28000 8.05035e-07
28020 5.10408e-07
28040 3.21949e-07
28060 2.02038e-07
28080 1.26143e-07
28100 7.83584e-08
28120 4.84294e-08
28140 2.97811e-08
28160 1.82217e-08
28180 1.10934e-08
28200 6.71998e-09
28220 4.05054e-09
28240 2.42943e-09
28260 1.44994e-09
28280 8.61106e-10
28300 5.08898e-10
28320 2.99282e-10
28340 1.7515e-10
28360 1.02007e-10
28380 5.91211e-11
28400 3.41002e-11
28420 1.95739e-11
28440 1.11818e-11
28460 6.35717e-12
28480 3.59701e-12
28500 2.02558e-12
28520 1.13526e-12
28540 6.3326e-13
28560 3.51574e-13
28580 1.94269e-13
28600 1.06844e-13
28620 5.84868e-14
28640 3.18665e-14
28660 1.72817e-14
28680 9.32857e-15
28700 5.01219e-15
28720 2.68058e-15
28740 1.42699e-15
28760 7.56159e-16
28780 3.98847e-16
28800 2.09414e-16
28820 1.0945e-16
28840 5.69431e-17
28860 2.94908e-17
28880 1.52039e-17
28900 7.80281e-18
28920 3.98638e-18
28940 2.02742e-18
28960 1.02647e-18
28980 5.1736e-19
29000 2.59589e-19
29020 1.29668e-19
29040 6.4481e-20
29060 3.1922e-20
29080 1.57329e-20
29100 7.71959e-21
29120 3.77092e-21
29140 1.83389e-21
29160 8.87919e-22
29180 4.28009e-22
29200 2.05406e-22
29220 9.81431e-23
29240 4.66867e-23
29260 2.21115e-23
29280 1.04265e-23
29300 4.895e-24
29320 2.28807e-24
29340 1.06485e-24
29360 4.93413e-25
29380 2.27637e-25
29400 1.04565e-25
29420 4.78235e-26
29440 2.17778e-26
29460 9.87427e-27
29480 4.45777e-27
29500 2.0038e-27
29520 8.96842e-28
29540 3.99675e-28
29560 1.77349e-28
29580 7.8358e-29
29600 3.44726e-29
29620 1.51009e-29
29640 6.58673e-30
29660 2.86075e-30
29680 1.23719e-30
29700 5.32765e-31
29720 2.28446e-31
29740 9.75402e-32
29760 4.14701e-32
29780 1.75566e-32
29800 7.40121e-33
29820 3.10686e-33
29840 1.29866e-33
29860 5.40494e-34
29880 2.23885e-34
29900 9.20555e-35
29920 3.69666e-35
29940 1.2982e-35
29960 0
