-20 0
0 -1.45162e-08
20 -3.1078e-08
40 -5.17544e-08
60 -7.87244e-08
80 -1.14374e-07
100 -1.61278e-07
120 -2.2223e-07
140 -3.0033e-07
160 -3.99013e-07
180 -5.22001e-07
200 -6.73303e-07
220 -8.57245e-07
240 -1.07841e-06
260 -1.34149e-06
280 -1.65126e-06
300 -2.01244e-06
320 -2.42952e-06
340 -2.90651e-06
360 -3.44678e-06
380 -4.05275e-06
400 -4.7256e-06
420 -5.46492e-06
440 -6.26835e-06
460 -7.13128e-06
480 -8.04637e-06
500 -9.00323e-06
520 -9.98802e-06
540 -1.09832e-05
560 -1.19671e-05
580 -1.29138e-05
600 -1.37929e-05
620 -1.45693e-05
640 -1.52033e-05
660 -1.56508e-05
680 -1.58629e-05
700 -1.57868e-05
720 -1.53657e-05
740 -1.45391e-05
760 -1.32438e-05
780 -1.14135e-05
800 -8.98006e-06
820 -5.87368e-06
840 -2.02334e-06
860 2.64264e-06
880 8.19623e-06
900 1.47094e-05
920 2.22537e-05
940 3.09001e-05
960 4.07192e-05
980 5.17803e-05
1000 6.41522e-05
1020 7.79026e-05
1040 9.30981e-05
1060 0.000109805
1080 0.000128087
1100 0.000148007
1120 0.000169629
1140 0.000193012
1160 0.000218217
1180 0.000245301
1200 0.000274325
1220 0.000305347
1240 0.000338432
1260 0.000373648
1280 0.000411075
1300 0.000450808
1320 0.000492967
1340 0.000537702
1360 0.000585212
1380 0.000635752
1400 0.000689656
1420 0.000747357
1440 0.00080941
1460 0.00087652
1480 0.000949575
1500 0.00102968
1520 0.00111818
1540 0.00121674
1560 0.00132735
1580 0.00145235
1600 0.00159456
1620 0.0017572
1640 0.00194404
1660 0.00215938
1680 0.00240808
1700 0.00269559
1720 0.00302798
1740 0.0034119
1760 0.00385461
1780 0.00436391
1800 0.00494812
1820 0.00561597
1840 0.00637655
1860 0.00723916
1880 0.00821321
1900 0.00930798
1920 0.0105325
1940 0.0118953
1960 0.0134042
1980 0.0150661
2000 0.0168866
2020 0.0188699
2040 0.0210183
2060 0.0233322
2080 0.0258098
2100 0.0284467
2120 0.0312361
2140 0.0341682
2160 0.0372303
2180 0.040407
2200 0.0436799
2220 0.0470279
2240 0.0504274
2260 0.0538522
2280 0.0572744
2300 0.0606644
2320 0.0639914
2340 0.0672239
2360 0.0703306
2380 0.0732804
2400 0.0760436
2420 0.0785921
2440 0.0809002
2460 0.082945
2480 0.0847071
2500 0.0861709
2520 0.087325
2540 0.0881625
2560 0.088681
2580 0.088883
2600 0.0887754
2620 0.0883696
2640 0.0876812
2660 0.0867295
2680 0.0855369
2700 0.0841288
2720 0.0825326
2740 0.080777
2760 0.0788916
2780 0.076906
2800 0.0748492
2820 0.072749
2840 0.0706315
2860 0.0685203
2880 0.0664365
2900 0.064398
2920 0.0624195
2940 0.0605124
2960 0.0586844
2980 0.0569402
3000 0.0552811
3020 0.0537055
3040 0.0522092
3060 0.0507858
3080 0.0494269
3100 0.048123
3120 0.0468633
3140 0.0456366
3160 0.0444317
3180 0.0432377
3200 0.0420443
3220 0.0408423
3240 0.0396236
3260 0.0383816
3280 0.0371115
3300 0.0358097
3320 0.0344747
3340 0.0331063
3360 0.031706
3380 0.0302768
3400 0.0288226
3420 0.0273486
3440 0.0258606
3460 0.024365
3480 0.0228685
3500 0.0213778
3520 0.0198994
3540 0.0184393
3560 0.017003
3580 0.0155949
3600 0.0142183
3620 0.0128755
3640 0.0115672
3660 0.0102928
3680 0.00904993
3700 0.00783464
3720 0.00664123
3740 0.00546225
3760 0.00428847
3780 0.00310887
3800 0.00191069
3820 0.000679452
3840 -0.000600955
3860 -0.0019482
3880 -0.00338138
3900 -0.00492086
3920 -0.00658809
3940 -0.00840536
3960 -0.0103955
3980 -0.0125816
4000 -0.0149867
4020 -0.0176328
4040 -0.0205413
4060 -0.0237315
4080 -0.0272205
4100 -0.0310223
4120 -0.035147
4140 -0.0396001
4160 -0.0443816
4180 -0.0494851
4200 -0.0548969
4220 -0.0605952
4240 -0.066549
4260 -0.0727177
4280 -0.07905
4300 -0.0854834
4320 -0.0919435
4340 -0.0983441
4360 -0.104586
4380 -0.11056
4400 -0.116141
4420 -0.121195
4440 -0.125577
4460 -0.129131
4480 -0.131695
4500 -0.133098
4520 -0.133163
4540 -0.131714
4560 -0.128572
4580 -0.123562
4600 -0.116512
4620 -0.107263
4640 -0.0956651
4660 -0.0815846
4680 -0.0649073
4700 -0.0455419
4720 -0.0234229
4740 0.00148548
4760 0.0291867
4780 0.0596489
4800 0.0928028
4820 0.12854
4840 0.16671
4860 0.207125
4880 0.249552
4900 0.293721
4920 0.339323
4940 0.386014
4960 0.433419
4980 0.481132
5000 0.514433
5020 0.54742
5040 0.579861
5060 0.611516
5080 0.642148
5100 0.671519
5120 0.699399
5140 0.725563
5160 0.749798
5180 0.771908
5200 0.79171
5220 0.809042
5240 0.823764
5260 0.835759
5280 0.844935
5300 0.851229
5320 0.854603
5340 0.855047
5360 0.85258
5380 0.847249
5400 0.839125
5420 0.828307
5440 0.814917
5460 0.799098
5480 0.781012
5500 0.760841
5520 0.738778
5540 0.715028
5560 0.689805
5580 0.663329
5600 0.635822
5620 0.607505
5640 0.578596
5660 0.549309
5680 0.519849
5700 0.490412
5720 0.461179
5740 0.432322
5760 0.403996
5780 0.376341
5800 0.349481
5820 0.323523
5840 0.29856
5860 0.274664
5880 0.251896
5900 0.230299
5920 0.209901
5940 0.190719
5960 0.172756
5980 0.156003
6000 0.140442
6020 0.126046
6040 0.112781
6060 0.100604
6080 0.0894691
6100 0.0793264
6120 0.0701218
6140 0.0617998
6160 0.0543036
6180 0.0475761
6200 0.0415606
6220 0.0362012
6240 0.0314439
6260 0.0272363
6280 0.0235285
6300 0.020273
6320 0.0174251
6340 0.0149431
6360 0.0127881
6380 0.010924
6400 0.00931799
6420 0.00793977
6440 0.00676192
6460 0.00575962
6480 0.00491052
6500 0.00419461
6520 0.00359403
6540 0.00309294
6560 0.00267734
6580 0.00233489
6600 0.00205479
6620 0.00182761
6640 0.00164517
6660 0.00150038
6680 0.00138715
6700 0.00130026
6720 0.00123527
6740 0.00118843
6760 0.00115659
6780 0.00113714
6800 0.00112795
6820 0.00112728
6840 0.00113378
6860 0.00114641
6880 0.00116444
6900 0.00118735
6920 0.00121487
6940 0.00124692
6960 0.00128357
6980 0.00132505
7000 0.0013717
7020 0.00142398
7040 0.00148242
7060 0.00154759
7080 0.00162013
7100 0.00170069
7120 0.0017899
7140 0.00188839
7160 0.00199675
7180 0.00211549
7200 0.00224506
7220 0.0023858
7240 0.00253795
7260 0.0027016
7280 0.00287671
7300 0.00306307
7320 0.00326032
7340 0.00346793
7360 0.00368515
7380 0.00391111
7400 0.00414472
7420 0.00438473
7440 0.00462972
7460 0.00487814
7480 0.00512827
7500 0.0053783
7520 0.0056263
7540 0.00587027
7560 0.00610817
7580 0.00633792
7600 0.00655746
7620 0.00676477
7640 0.00695787
7660 0.00713489
7680 0.00729408
7700 0.00743384
7720 0.00755273
7740 0.00764952
7760 0.00772317
7780 0.0077729
7800 0.00779813
7820 0.00779856
7840 0.00777412
7860 0.00772501
7880 0.00765165
7900 0.00755473
7920 0.00743514
7940 0.007294
7960 0.00713259
7980 0.0069524
8000 0.00675504
8020 0.00654225
8040 0.00631587
8060 0.00607781
8080 0.00583
8100 0.00557442
8120 0.00531301
8140 0.00504768
8160 0.00478031
8180 0.00451266
8200 0.00424642
8220 0.00398318
8240 0.00372437
8260 0.00347131
8280 0.00322517
8300 0.00298698
8320 0.00275762
8340 0.0025378
8360 0.00232813
8380 0.00212903
8400 0.00194082
8420 0.00176367
8440 0.00159765
8460 0.00144271
8480 0.0012987
8500 0.00116541
8520 0.00104253
8540 0.000929695
8560 0.000826488
8580 0.000732452
8600 0.000647101
8620 0.000569924
8640 0.000500398
8660 0.000437995
8680 0.00038219
8700 0.000332463
8720 0.00028831
8740 0.000249241
8760 0.000214791
8780 0.000184514
8800 0.000157992
8820 0.000134834
8840 0.000114675
8860 9.71784e-05
8880 8.20366e-05
8900 6.89678e-05
8920 5.7717e-05
8940 4.80541e-05
8960 3.97732e-05
8980 3.2691e-05
9000 2.6645e-05
9020 2.14922e-05
9040 1.71077e-05
9060 1.33824e-05
9080 1.02224e-05
9100 7.54669e-06
9120 5.28619e-06
9140 3.3822e-06
9160 1.78511e-06
9180 4.53262e-07
9200 -6.48179e-07
9220 -1.54826e-06
9240 -2.27113e-06
9260 -2.83693e-06
9280 -3.26247e-06
9300 -3.56192e-06
9320 -3.74741e-06
9340 -3.8295e-06
9360 -3.81761e-06
9380 -3.7204e-06
9400 -3.54604e-06
9420 -3.30242e-06
9440 -2.99738e-06
9460 -2.63879e-06
9480 -2.23465e-06
9500 -1.79311e-06
9520 -1.32253e-06
9540 -8.31363e-07
9560 -3.28211e-07
9580 1.78295e-07
9600 6.79539e-07
9620 1.167e-06
9640 1.6323e-06
9660 2.06731e-06
9680 2.46414e-06
9700 2.81519e-06
9720 3.11314e-06
9740 3.35092e-06
9760 3.52162e-06
9780 3.61839e-06
9800 3.63427e-06
9820 3.562e-06
9840 3.39371e-06
9860 3.12064e-06
9880 2.73271e-06
9900 2.2181e-06
9920 1.56272e-06
9940 7.49603e-07
9960 -2.41754e-07
9980 -1.43613e-06
10000 -2.55883e-06
10020 -3.90305e-06
10040 -5.49761e-06
10060 -7.37677e-06
10080 -9.58089e-06
10100 -1.21571e-05
10120 -1.51601e-05
10140 -1.86526e-05
10160 -2.27067e-05
10180 -2.7404e-05
10200 -3.28369e-05
10220 -3.9109e-05
10240 -4.63364e-05
10260 -5.4648e-05
10280 -6.41861e-05
10300 -7.51076e-05
10320 -8.75839e-05
10340 -0.000101802
10360 -0.000117963
10380 -0.000136284
10400 -0.000156998
10420 -0.000180352
10440 -0.000206606
10460 -0.000236034
10480 -0.00026892
10500 -0.00030556
10520 -0.000346253
10540 -0.000391305
10560 -0.000441021
10580 -0.000495705
10600 -0.000555652
10620 -0.000621143
10640 -0.000692444
10660 -0.000769793
10680 -0.0008534
10700 -0.000943436
10720 -0.00104002
10740 -0.00114323
10760 -0.00125307
10780 -0.00136947
10800 -0.00149228
10820 -0.00162126
10840 -0.00175608
10860 -0.00189628
10880 -0.00204129
10900 -0.0021904
10920 -0.00234278
10940 -0.00249743
10960 -0.00265319
10980 -0.00280876
11000 -0.00296264
11020 -0.00311316
11040 -0.00325847
11060 -0.00339651
11080 -0.00352504
11100 -0.00364163
11120 -0.00374362
11140 -0.00382819
11160 -0.00389229
11180 -0.00393269
11200 -0.00394597
11220 -0.00392852
11240 -0.00387656
11260 -0.00378615
11280 -0.00365318
11300 -0.00347343
11320 -0.00324255
11340 -0.00295609
11360 -0.00260954
11380 -0.00219834
11400 -0.00171792
11420 -0.00116374
11440 -0.000531302
11460 0.000183775
11480 0.000985726
11500 0.00187859
11520 0.00286615
11540 0.00395187
11560 0.00513888
11580 0.00642985
11600 0.00782697
11620 0.00933185
11640 0.0109455
11660 0.0126682
11680 0.0144996
11700 0.0164383
11720 0.0184822
11740 0.0206283
11760 0.0228725
11780 0.0252099
11800 0.0276342
11820 0.0301384
11840 0.0327143
11860 0.0353526
11880 0.0380431
11900 0.0407746
11920 0.0435348
11940 0.0463107
11960 0.0490885
11980 0.0518536
12000 0.0545911
12020 0.0572853
12040 0.0599205
12060 0.0624809
12080 0.0649504
12100 0.0673135
12120 0.0695548
12140 0.0716595
12160 0.0736137
12180 0.0754042
12200 0.0770189
12220 0.0784469
12240 0.0796788
12260 0.0807066
12280 0.0815238
12300 0.0821256
12320 0.082509
12340 0.0826728
12360 0.0826176
12380 0.0823455
12400 0.0818608
12420 0.0811692
12440 0.0802782
12460 0.0791965
12480 0.0779344
12500 0.0765037
12520 0.0749167
12540 0.0731872
12560 0.0713293
12580 0.0693581
12600 0.0672886
12620 0.0651363
12640 0.0629167
12660 0.060645
12680 0.0583361
12700 0.0560046
12720 0.0536642
12740 0.0513279
12760 0.0490081
12780 0.046716
12800 0.0444617
12820 0.0422546
12840 0.0401026
12860 0.0380128
12880 0.0359911
12900 0.0340422
12920 0.0321698
12940 0.0303767
12960 0.0286648
12980 0.0270349
13000 0.0254872
13020 0.0240211
13040 0.0226356
13060 0.0213288
13080 0.0200987
13100 0.0189427
13120 0.017858
13140 0.0168418
13160 0.0158909
13180 0.0150022
13200 0.0141725
13220 0.0133988
13240 0.0126781
13260 0.0120075
13280 0.0113843
13300 0.0108061
13320 0.0102705
13340 0.0097755
13360 0.00931909
13380 0.0088996
13400 0.00851552
13420 0.00816551
13440 0.00784839
13460 0.00756313
13480 0.00730883
13500 0.00708468
13520 0.00688997
13540 0.00672406
13560 0.00658635
13580 0.00647626
13600 0.00639326
13620 0.00633681
13640 0.00630635
13660 0.00630134
13680 0.0063212
13700 0.00636534
13720 0.00643314
13740 0.00652398
13760 0.00663721
13780 0.00677218
13800 0.00692821
13820 0.00710466
13840 0.00730088
13860 0.00751622
13880 0.00775007
13900 0.00800183
13920 0.00827093
13940 0.00855683
13960 0.00885899
13980 0.0091769
14000 0.00951005
14020 0.00985792
14040 0.01022
14060 0.0105956
14080 0.0109841
14100 0.0113848
14120 0.0117968
14140 0.0122189
14160 0.0126501
14180 0.0130888
14200 0.0135333
14220 0.0139816
14240 0.0144315
14260 0.0148803
14280 0.0153251
14300 0.0157624
14320 0.0161886
14340 0.0165997
14360 0.0169912
14380 0.0173584
14400 0.0176962
14420 0.0179995
14440 0.0182627
14460 0.0184802
14480 0.0186464
14500 0.0187557
14520 0.0188025
14540 0.0187816
14560 0.0186879
14580 0.0185169
14600 0.0182644
14620 0.017927
14640 0.0175018
14660 0.0169869
14680 0.0163811
14700 0.0156841
14720 0.0148967
14740 0.0140206
14760 0.0130585
14780 0.0120143
14800 0.0108927
14820 0.00969949
14840 0.00844139
14860 0.00712593
14880 0.00576144
14900 0.00435688
14920 0.00292178
14940 0.00146607
14960 0
