-20 0
0 -0.00261664
20 -0.00524914
40 -0.00791289
60 -0.0106223
80 -0.0133906
100 -0.0162289
120 -0.0191464
140 -0.0221495
160 -0.025242
180 -0.0284244
200 -0.0316937
220 -0.0350438
240 -0.0384647
260 -0.0419431
280 -0.045462
300 -0.0490014
320 -0.0525379
340 -0.0560456
360 -0.0594962
380 -0.0628597
400 -0.0661045
420 -0.0691986
440 -0.0721097
460 -0.074806
480 -0.0772571
500 -0.0794343
520 -0.0813115
540 -0.0828654
560 -0.0840767
580 -0.0849297
600 -0.0854135
620 -0.0855217
640 -0.0852527
660 -0.0846098
680 -0.0836014
700 -0.0822403
720 -0.080544
740 -0.0785337
760 -0.0762348
780 -0.0736752
800 -0.0708859
820 -0.0678994
840 -0.0647499
860 -0.061472
880 -0.0581004
900 -0.0546694
920 -0.051212
940 -0.0477597
960 -0.0443421
980 -0.0409861
1000 -0.0377161
1020 -0.0345536
1040 -0.0315171
1060 -0.0286219
1080 -0.0258803
1100 -0.0233016
1120 -0.0208923
1140 -0.0186561
1160 -0.0165946
1180 -0.0147068
1200 -0.0129901
1220 -0.0114401
1240 -0.0100512
1260 -0.00881661
1280 -0.00772881
1300 -0.00677973
1320 -0.00596097
1340 -0.00526401
1360 -0.00468033
1380 -0.00420162
1400 -0.00381984
1420 -0.00352731
1440 -0.00331679
1460 -0.00318146
1480 -0.00311497
1500 -0.00311139
1520 -0.00316523
1540 -0.00327133
1560 -0.00342488
1580 -0.00362131
1600 -0.00385627
1620 -0.00412553
1640 -0.00442496
1660 -0.00475046
1680 -0.00509793
1700 -0.0054632
1720 -0.00584205
1740 -0.00623017
1760 -0.00662317
1780 -0.00701659
1800 -0.0074059
1820 -0.00778657
1840 -0.00815407
1860 -0.00850397
1880 -0.00883195
1900 -0.00913389
1920 -0.0094059
1940 -0.00964445
1960 -0.00984636
1980 -0.0100089
2000 -0.0101298
2020 -0.0102074
2040 -0.0102406
2060 -0.0102287
2080 -0.0101719
2100 -0.0100708
2120 -0.0099266
2140 -0.00974117
2160 -0.00951678
2180 -0.00925624
2200 -0.00896275
2220 -0.00863985
2240 -0.00829137
2260 -0.00792132
2280 -0.00753384
2300 -0.00713313
2320 -0.00672334
2340 -0.00630852
2360 -0.00589256
2380 -0.00547911
2400 -0.00507159
2420 -0.00467306
2440 -0.00428625
2460 -0.00391355
2480 -0.00355694
2500 -0.00321804
2520 -0.00289808
2540 -0.00259796
2560 -0.0023182
2580 -0.00205904
2600 -0.00182041
2620 -0.001602
2640 -0.00140325
2660 -0.00122346
2680 -0.00106175
2700 -0.000917117
2720 -0.000788492
2740 -0.00067474
2760 -0.000574696
2780 -0.000487193
2800 -0.000411077
2820 -0.000345226
2840 -0.000288564
2860 -0.000240072
2880 -0.000198797
2900 -0.000163853
2920 -0.000134428
2940 -0.000109786
2960 -8.92594e-05
2980 -7.22557e-05
3000 -5.82479e-05
3020 -4.67729e-05
3040 -3.74266e-05
3060 -2.98588e-05
3080 -2.37683e-05
3100 -1.88977e-05
3120 -1.50286e-05
3140 -1.19766e-05
3160 -9.58715e-06
3180 -7.73136e-06
3200 -6.3023e-06
3220 -5.21166e-06
3240 -4.3868e-06
3260 -3.76823e-06
3280 -3.30729e-06
3300 -2.96432e-06
3320 -2.70704e-06
3340 -2.5092e-06
3360 -2.34951e-06
3380 -2.21074e-06
3400 -2.07901e-06
3420 -1.94325e-06
3440 -1.79474e-06
3460 -1.62683e-06
3480 -1.43462e-06
3500 -1.21487e-06
3520 -9.6575e-07
3540 -6.86809e-07
3560 -3.78826e-07
3580 -4.37384e-08
3600 3.15458e-07
3620 6.94829e-07
3640 1.08961e-06
3660 1.49433e-06
3680 1.90299e-06
3700 2.30921e-06
3720 2.70637e-06
3740 3.08786e-06
3760 3.44719e-06
3780 3.77821e-06
3800 4.07524e-06
3820 4.33327e-06
3840 4.54802e-06
3860 4.71608e-06
3880 4.83499e-06
3900 4.90324e-06
3920 4.92029e-06
3940 4.88658e-06
3960 4.8034e-06
3980 4.67288e-06
4000 4.4978e-06
4020 4.28157e-06
4040 4.028e-06
4060 3.7412e-06
4080 3.42546e-06
4100 3.0851e-06
4120 2.72435e-06
4140 2.34728e-06
4160 1.95771e-06
4180 1.55916e-06
4200 1.15486e-06
4220 7.4768e-07
4240 3.40238e-07
4260 -6.51172e-08
4280 -4.66217e-07
4300 -8.61025e-07
4320 -1.24756e-06
4340 -1.62384e-06
4360 -1.98777e-06
4380 -2.33719e-06
4400 -2.66973e-06
4420 -2.98289e-06
4440 -3.274e-06
4460 -3.54025e-06
4480 -3.77878e-06
4500 -3.98671e-06
4520 -4.16123e-06
4540 -4.29974e-06
4560 -4.39989e-06
4580 -4.45975e-06
4600 -4.47786e-06
4620 -4.45338e-06
4640 -4.38608e-06
4660 -4.2765e-06
4680 -4.12588e-06
4700 -3.93625e-06
4720 -3.7104e-06
4740 -3.45176e-06
4760 -3.16444e-06
4780 -2.85306e-06
4800 -2.52267e-06
4820 -2.17862e-06
4840 -1.82642e-06
4860 -1.47162e-06
4880 -1.11963e-06
4900 -7.75636e-07
4920 -4.4445e-07
4940 -1.30416e-07
4960 1.62698e-07
4980 4.31739e-07
5000 6.00486e-07
5020 7.48837e-07
5040 8.76275e-07
5060 9.82649e-07
5080 1.06816e-06
5100 1.13334e-06
5120 1.17902e-06
5140 1.20629e-06
5160 1.21646e-06
5180 1.21105e-06
5200 1.19168e-06
5220 1.16012e-06
5240 1.11816e-06
5260 1.06762e-06
5280 1.0103e-06
5300 9.47936e-07
5320 8.82188e-07
5340 8.14601e-07
5360 7.46589e-07
5380 6.79416e-07
5400 6.1419e-07
5420 5.51843e-07
5440 4.93142e-07
5460 4.3869e-07
5480 3.8892e-07
5500 3.44112e-07
5520 3.04408e-07
5540 2.69818e-07
5560 2.40237e-07
5580 2.15462e-07
5600 1.9521e-07
5620 1.79129e-07
5640 1.66822e-07
5660 1.57856e-07
5680 1.51779e-07
5700 1.48134e-07
5720 1.46472e-07
5740 1.46356e-07
5760 1.47378e-07
5780 1.49163e-07
5800 1.51369e-07
5820 1.53693e-07
5840 1.55883e-07
5860 1.57723e-07
5880 1.5904e-07
5900 1.59706e-07
5920 1.59631e-07
5940 1.58758e-07
5960 1.57064e-07
5980 1.54556e-07
6000 1.51262e-07
6020 1.47234e-07
6040 1.42538e-07
6060 1.37249e-07
6080 1.31455e-07
6100 1.2525e-07
6120 1.18723e-07
6140 1.11968e-07
6160 1.05078e-07
6180 9.81367e-08
6200 9.12227e-08
6220 8.44121e-08
6240 7.77738e-08
6260 7.13671e-08
6280 6.52492e-08
6300 5.94737e-08
6320 5.40908e-08
6340 4.91542e-08
6360 4.47233e-08
6380 4.08666e-08
6400 3.76737e-08
6420 3.52627e-08
6440 3.3789e-08
6460 3.34677e-08
6480 3.45949e-08
6500 3.75686e-08
6520 4.29307e-08
6540 5.142e-08
6560 6.40245e-08
6580 8.20633e-08
6600 1.07298e-07
6620 1.42057e-07
6640 1.89405e-07
6660 2.53362e-07
6680 3.39174e-07
6700 4.53653e-07
6720 6.05604e-07
6740 8.06369e-07
6760 1.07048e-06
6780 1.41647e-06
6800 1.86791e-06
6820 2.4546e-06
6840 3.21407e-06
6860 4.1934e-06
6880 5.45136e-06
6900 7.06103e-06
6920 9.11281e-06
6940 1.17182e-05
6960 1.50137e-05
6980 1.91665e-05
7000 2.43794e-05
7020 3.0898e-05
7040 3.90184e-05
7060 4.90953e-05
7080 6.15524e-05
7100 7.68928e-05
7120 9.57117e-05
7140 0.000118709
7160 0.000146705
7180 0.000180655
7200 0.000221665
7220 0.000271014
7240 0.000330167
7260 0.000400796
7280 0.000484799
7300 0.000584317
7320 0.000701753
7340 0.000839788
7360 0.00100139
7380 0.00118983
7400 0.00140869
7420 0.00166184
7440 0.00195346
7460 0.00228803
7480 0.00267027
7500 0.00310515
7520 0.00359781
7540 0.00415353
7560 0.00477762
7580 0.00547539
7600 0.00625198
7620 0.0071123
7640 0.00806083
7660 0.00910151
7680 0.0102375
7700 0.0114712
7720 0.0128035
7740 0.0142343
7760 0.0157616
7780 0.0173817
7800 0.0190887
7820 0.0208742
7840 0.0227271
7860 0.0246335
7880 0.0265759
7900 0.0285335
7920 0.0304819
7940 0.0323923
7960 0.0342319
7980 0.0359637
8000 0.0375461
8020 0.0389327
8040 0.0400731
8060 0.0409118
8080 0.0413893
8100 0.0414418
8120 0.0410013
8140 0.0399966
8160 0.0383531
8180 0.0359937
8200 0.0328391
8220 0.0288091
8240 0.0238228
8260 0.0177998
8280 0.0106613
8300 0.00233099
8320 -0.00726365
8340 -0.0181903
8360 -0.0305101
8380 -0.0442771
8400 -0.0595361
8420 -0.0763217
8440 -0.094657
8460 -0.114552
8480 -0.136004
8500 -0.158993
8520 -0.183484
8540 -0.209425
8560 -0.236747
8580 -0.265362
8600 -0.295164
8620 -0.326029
8640 -0.357815
8660 -0.390362
8680 -0.423495
8700 -0.457022
8720 -0.490739
8740 -0.524429
8760 -0.557866
8780 -0.590815
8800 -0.623037
8820 -0.654292
8840 -0.684337
8860 -0.712937
8880 -0.739861
8900 -0.764889
8920 -0.787814
8940 -0.808443
8960 -0.826603
8980 -0.842142
9000 -0.854931
9020 -0.864866
9040 -0.87187
9060 -0.875892
9080 -0.876912
9100 -0.874938
9120 -0.870006
9140 -0.86218
9160 -0.851552
9180 -0.838238
9200 -0.822378
9220 -0.804135
9240 -0.783688
9260 -0.761236
9280 -0.736987
9300 -0.711163
9320 -0.683991
9340 -0.655703
9360 -0.626532
9380 -0.596707
9400 -0.566456
9420 -0.535995
9440 -0.505536
9460 -0.475273
9480 -0.44539
9500 -0.416055
9520 -0.387421
9540 -0.359622
9560 -0.332774
9580 -0.306978
9600 -0.282315
9620 -0.258849
9640 -0.236627
9660 -0.215682
9680 -0.19603
9700 -0.177673
9720 -0.160602
9740 -0.144795
9760 -0.130222
9780 -0.116843
9800 -0.104611
9820 -0.0934731
9840 -0.0833728
9860 -0.0742496
9880 -0.0660407
9900 -0.0586826
9920 -0.0521111
9940 -0.0462631
9960 -0.0410765
9980 -0.0364913
10000 -0.033401
10020 -0.0307361
10040 -0.028463
10060 -0.0265504
10080 -0.0249693
10100 -0.0236932
10120 -0.0226978
10140 -0.0219613
10160 -0.0214639
10180 -0.0211878
10200 -0.0211173
10220 -0.0212384
10240 -0.0215386
10260 -0.0220066
10280 -0.0226326
10300 -0.0234074
10320 -0.0243228
10340 -0.0253711
10360 -0.0265448
10380 -0.0278368
10400 -0.0292398
10420 -0.0307466
10440 -0.0323494
10460 -0.0340402
10480 -0.0358104
10500 -0.0376511
10520 -0.0395523
10540 -0.0415037
10560 -0.0434942
10580 -0.045512
10600 -0.0475448
10620 -0.0495795
10640 -0.0516028
10660 -0.0536008
10680 -0.0555593
10700 -0.0574641
10720 -0.0593008
10740 -0.0610554
10760 -0.0627138
10780 -0.0642627
10800 -0.0656892
10820 -0.0669812
10840 -0.0681275
10860 -0.0691179
10880 -0.0699436
10900 -0.0705967
10920 -0.0710711
10940 -0.0713619
10960 -0.0714659
10980 -0.0713814
11000 -0.0711083
11020 -0.0706481
11040 -0.0700039
11060 -0.0691803
11080 -0.0681834
11100 -0.0670206
11120 -0.0657007
11140 -0.0642336
11160 -0.06263
11180 -0.0609018
11200 -0.0590615
11220 -0.0571222
11240 -0.0550972
11260 -0.0530003
11280 -0.0508454
11300 -0.0486461
11320 -0.0464161
11340 -0.0441684
11360 -0.0419158
11380 -0.0396704
11400 -0.0374437
11420 -0.0352463
11440 -0.0330881
11460 -0.030978
11480 -0.028924
11500 -0.0269331
11520 -0.0250114
11540 -0.0231641
11560 -0.0213951
11580 -0.0197079
11600 -0.0181046
11620 -0.0165869
11640 -0.0151553
11660 -0.0138099
11680 -0.01255
11700 -0.0113742
11720 -0.0102808
11740 -0.00926736
11760 -0.00833134
11780 -0.00746965
11800 -0.00667904
11820 -0.00595602
11840 -0.00529695
11860 -0.00469812
11880 -0.00415578
11900 -0.00366614
11920 -0.00322549
11940 -0.00283016
11960 -0.00247661
11980 -0.0021614
12000 -0.00188123
12020 -0.00163298
12040 -0.00141367
12060 -0.00122053
12080 -0.00105095
12100 -0.0009025
12120 -0.000772936
12140 -0.000660196
12160 -0.000562385
12180 -0.00047778
12200 -0.000404813
12220 -0.000342069
12240 -0.000288274
12260 -0.000242287
12280 -0.000203088
12300 -0.000169774
12320 -0.000141542
12340 -0.000117686
12360 -9.75861e-05
12380 -8.06987e-05
12400 -6.65507e-05
12420 -5.4731e-05
12440 -4.48836e-05
12460 -3.67018e-05
12480 -2.99218e-05
12500 -2.43178e-05
12520 -1.9697e-05
12540 -1.58954e-05
12560 -1.27739e-05
12580 -1.02149e-05
12600 -8.11927e-06
12620 -6.40359e-06
12640 -4.998e-06
12660 -3.84405e-06
12680 -2.89292e-06
12700 -2.10396e-06
12720 -1.44331e-06
12740 -8.82826e-07
12760 -3.99119e-07
12780 2.72339e-08
12800 4.12382e-07
12820 7.69766e-07
12840 1.11058e-06
12860 1.44416e-06
12880 1.77827e-06
12900 2.11937e-06
12920 2.47279e-06
12940 2.84289e-06
12960 3.23319e-06
12980 3.6464e-06
13000 4.08452e-06
13020 4.54879e-06
13040 5.03978e-06
13060 5.55734e-06
13080 6.1006e-06
13100 6.66792e-06
13120 7.2569e-06
13140 7.86431e-06
13160 8.4861e-06
13180 9.11735e-06
13200 9.75229e-06
13220 1.03843e-05
13240 1.10059e-05
13260 1.16086e-05
13280 1.21836e-05
13300 1.27208e-05
13320 1.321e-05
13340 1.36402e-05
13360 1.4e-05
13380 1.42779e-05
13400 1.44622e-05
13420 1.45416e-05
13440 1.45049e-05
13460 1.43416e-05
13480 1.40418e-05
13500 1.3597e-05
13520 1.29996e-05
13540 1.22439e-05
13560 1.13256e-05
13580 1.02426e-05
13600 8.99484e-06
13620 7.58463e-06
13640 6.01668e-06
13660 4.29822e-06
13680 2.43907e-06
13700 4.51629e-07
13720 -1.64919e-06
13740 -3.84605e-06
13760 -6.1194e-06
13780 -8.44759e-06
13800 -1.08072e-05
13820 -1.31734e-05
13840 -1.552e-05
13860 -1.78204e-05
13880 -2.00475e-05
13900 -2.21743e-05
13920 -2.41745e-05
13940 -2.60226e-05
13960 -2.76947e-05
13980 -2.91689e-05
14000 -3.04255e-05
14020 -3.14475e-05
14040 -3.2221e-05
14060 -3.27351e-05
14080 -3.29828e-05
14100 -3.29604e-05
14120 -3.2668e-05
14140 -3.21096e-05
14160 -3.12927e-05
14180 -3.02284e-05
14200 -2.89311e-05
14220 -2.74184e-05
14240 -2.57105e-05
14260 -2.38302e-05
14280 -2.18022e-05
14300 -1.96529e-05
14320 -1.74098e-05
14340 -1.5101e-05
14360 -1.27549e-05
14380 -1.03998e-05
14400 -8.06316e-06
14420 -5.77152e-06
14440 -3.54996e-06
14460 -1.42185e-06
14480 5.91467e-07
14500 2.47088e-06
14520 4.1997e-06
14540 5.76377e-06
14560 7.15157e-06
14580 8.35419e-06
14600 9.36538e-06
14620 1.01814e-05
14640 1.08011e-05
14660 1.12254e-05
14680 1.14576e-05
14700 1.15031e-05
14720 1.13688e-05
14740 1.10635e-05
14760 1.05973e-05
14780 9.98164e-06
14800 9.22894e-06
14820 8.35255e-06
14840 7.36657e-06
14860 6.28569e-06
14880 5.1251e-06
14900 3.90031e-06
14920 2.62717e-06
14940 1.32168e-06
14960 0
