-20 0
0 -4.23155e-15
20 8.34696e-15
40 -1.23259e-14
60 1.73253e-14
80 -2.01852e-14
100 2.56152e-14
120 -2.7895e-14
140 3.32283e-14
160 -3.64232e-14
180 3.98841e-14
200 -4.48821e-14
220 4.68939e-14
240 -5.19077e-14
260 5.39318e-14
280 -5.74176e-14
300 6.00061e-14
320 -6.29177e-14
340 6.38292e-14
360 -6.77599e-14
380 6.67359e-14
400 -7.02158e-14
420 6.77609e-14
440 -7.10012e-14
460 6.69009e-14
480 -6.90624e-14
500 6.40082e-14
520 -6.34379e-14
540 5.74327e-14
560 -5.54676e-14
580 4.82383e-14
600 -4.28248e-14
620 3.50429e-14
640 -2.70229e-14
660 1.71269e-14
680 -7.3541e-15
700 -4.58308e-15
720 1.67424e-14
740 -3.02884e-14
760 4.44576e-14
780 -5.88282e-14
800 7.39708e-14
820 -8.98951e-14
840 1.06202e-13
860 -1.22942e-13
880 1.38991e-13
900 -1.54262e-13
920 1.69195e-13
940 -1.83665e-13
960 1.96489e-13
980 -2.06972e-13
1000 2.1687e-13
1020 -2.2358e-13
1040 2.29065e-13
1060 -2.3011e-13
1080 2.28779e-13
1100 -2.23458e-13
1120 2.14753e-13
1140 -2.01859e-13
1160 1.8607e-13
1180 -1.64342e-13
1200 1.41617e-13
1220 -1.11195e-13
1240 8.27117e-14
1260 -4.4475e-14
1280 1.07134e-14
1300 3.25254e-14
1320 -6.92044e-14
1340 1.12929e-13
1360 -1.5078e-13
1380 1.91499e-13
1400 -2.26128e-13
1420 2.59953e-13
1440 -2.86026e-13
1460 3.09268e-13
1480 -3.22395e-13
1500 3.30413e-13
1520 -3.27464e-13
1540 3.17283e-13
1560 -2.97085e-13
1580 2.68468e-13
1600 -2.29156e-13
1620 1.83832e-13
1640 -1.27836e-13
1660 6.83559e-14
1680 -3.38606e-15
1700 -6.40549e-14
1720 1.31702e-13
1740 -1.96624e-13
1760 2.58143e-13
1780 -3.1096e-13
1800 3.55384e-13
1820 -3.87331e-13
1840 4.04509e-13
1860 -4.07953e-13
1880 3.9282e-13
1900 -3.63723e-13
1920 3.15685e-13
1940 -2.54256e-13
1960 1.78579e-13
1980 -9.36708e-14
2000 2.7729e-16
2020 9.37565e-14
2040 -1.88065e-13
2060 2.75278e-13
2080 -3.5209e-13
2100 4.13788e-13
2120 -4.54685e-13
2140 4.74197e-13
2160 -4.68986e-13
2180 4.37429e-13
2200 -3.81886e-13
2220 3.01025e-13
2240 -2.03597e-13
2260 8.91371e-14
2280 3.14179e-14
2300 -1.56096e-13
2320 2.7121e-13
2340 -3.77186e-13
2360 4.55832e-13
2380 -5.13523e-13
2400 5.3259e-13
2420 -5.23297e-13
2440 4.71633e-13
2460 -3.9169e-13
2480 2.76595e-13
2500 -1.44059e-13
2520 -6.38568e-15
2540 1.56658e-13
2560 -3.0244e-13
2580 4.25032e-13
2600 -5.21431e-13
2620 5.76171e-13
2640 -5.88681e-13
2660 5.50845e-13
2680 -4.70231e-13
2700 3.44279e-13
2720 -1.91003e-13
2740 1.34164e-14
2760 1.65513e-13
2780 -3.40603e-13
2800 4.76003e-13
2820 -5.92718e-13
2840 6.21485e-13
2860 -6.52663e-13
2880 5.22672e-13
2900 -5.03238e-13
2920 1.64697e-13
2940 -2.42029e-13
2960 -4.18189e-13
2980 -1.09236e-13
3000 -1.23588e-12
3020 -5.31894e-13
3040 -2.54249e-12
3060 -2.28612e-12
3080 -5.25957e-12
3100 -6.97305e-12
3120 -1.18416e-11
3140 -1.8241e-11
3160 -2.81713e-11
3180 -4.46741e-11
3200 -6.78118e-11
3220 -1.063e-10
3240 -1.61494e-10
3260 -2.48912e-10
3280 -3.78029e-10
3300 -5.75011e-10
3320 -8.69439e-10
3340 -1.30965e-09
3360 -1.96649e-09
3380 -2.93824e-09
3400 -4.37697e-09
3420 -6.48998e-09
3440 -9.58973e-09
3460 -1.41103e-08
3480 -2.06828e-08
3500 -3.01959e-08
3520 -4.39098e-08
3540 -6.36021e-08
3560 -9.17575e-08
3580 -1.31857e-07
3600 -1.88724e-07
3620 -2.69049e-07
3640 -3.82035e-07
3660 -5.40312e-07
3680 -7.61122e-07
3700 -1.06789e-06
3720 -1.49234e-06
3740 -2.07715e-06
3760 -2.87957e-06
3780 -3.976e-06
3800 -5.4679e-06
3820 -7.48946e-06
3840 -1.02172e-05
3860 -1.38824e-05
3880 -1.87866e-05
3900 -2.53208e-05
3920 -3.399e-05
3940 -4.54432e-05
3960 -6.05102e-05
3980 -8.02467e-05
4000 -0.00010599
4020 -0.000139423
4040 -0.000182659
4060 -0.00023833
4080 -0.000309703
4100 -0.000400812
4120 -0.000516608
4140 -0.000663141
4160 -0.00084776
4180 -0.00107934
4200 -0.00136856
4220 -0.00172816
4240 -0.00217329
4260 -0.00272185
4280 -0.00339484
4300 -0.0042168
4320 -0.00521618
4340 -0.00642577
4360 -0.00788314
4380 -0.00963102
4400 -0.0117177
4420 -0.0141974
4440 -0.0171304
4460 -0.0205834
4480 -0.0246296
4500 -0.0293483
4520 -0.0348251
4540 -0.0411514
4560 -0.0484236
4580 -0.0567423
4600 -0.0662115
4620 -0.0769366
4640 -0.0890234
4660 -0.102576
4680 -0.117693
4700 -0.134469
4720 -0.152988
4740 -0.173321
4760 -0.195526
4780 -0.219641
4800 -0.245682
4820 -0.273644
4840 -0.303492
4860 -0.335162
4880 -0.368559
4900 -0.403553
4920 -0.43998
4940 -0.477642
4960 -0.516306
4980 -0.555705
5000 -0.59554
5020 -0.635485
5040 -0.675187
5060 -0.714277
5080 -0.752365
5100 -0.789058
5120 -0.823957
5140 -0.856669
5160 -0.886813
5180 -0.914027
5200 -0.937975
5220 -0.958356
5240 -0.974906
5260 -0.987408
5280 -0.995694
5300 -0.999651
5320 -0.99922
5340 -0.994401
5360 -0.985252
5380 -0.971886
5400 -0.954474
5420 -0.933233
5440 -0.908428
5460 -0.880367
5480 -0.849388
5500 -0.815861
5520 -0.780171
5540 -0.742721
5560 -0.703915
5580 -0.664157
5600 -0.623843
5620 -0.583352
5640 -0.543043
5660 -0.503249
5680 -0.464275
5700 -0.42639
5720 -0.38983
5740 -0.354796
5760 -0.32145
5780 -0.28992
5800 -0.260296
5820 -0.232638
5840 -0.206974
5860 -0.183302
5880 -0.161597
5900 -0.141811
5920 -0.123879
5940 -0.107719
5960 -0.0932369
5980 -0.0803313
6000 -0.0688937
6020 -0.0588124
6040 -0.0499746
6060 -0.0422687
6080 -0.0355856
6100 -0.0298203
6120 -0.0248731
6140 -0.0206502
6160 -0.0170645
6180 -0.0140357
6200 -0.0114906
6220 -0.00936296
6240 -0.00759359
6260 -0.00612971
6280 -0.0049248
6300 -0.00393813
6320 -0.0031343
6340 -0.00248278
6360 -0.00195739
6380 -0.00153589
6400 -0.00119944
6420 -0.000932243
6440 -0.000721128
6460 -0.000555166
6480 -0.000425361
6500 -0.00032435
6520 -0.000246144
6540 -0.0001859
6560 -0.000139727
6580 -0.000104518
6600 -7.78049e-05
6620 -5.76401e-05
6640 -4.24954e-05
6660 -3.11784e-05
6680 -2.27645e-05
6700 -1.65407e-05
6720 -1.196e-05
6740 -8.60587e-06
6760 -6.16221e-06
6780 -4.39091e-06
6800 -3.11347e-06
6820 -2.19687e-06
6840 -1.54252e-06
6860 -1.07775e-06
6880 -7.49317e-07
6900 -5.18403e-07
6920 -3.56879e-07
6940 -2.44473e-07
6960 -1.66638e-07
6980 -1.13024e-07
7000 -7.62801e-08
7020 -5.12215e-08
7040 -3.4228e-08
7060 -2.27566e-08
7080 -1.5052e-08
7100 -9.91058e-09
7120 -6.48879e-09
7140 -4.22743e-09
7160 -2.7433e-09
7180 -1.76621e-09
7200 -1.13362e-09
7220 -7.23926e-10
7240 -4.5436e-10
7260 -2.85786e-10
7280 -1.74254e-10
7300 -9.87436e-11
7320 -5.39386e-11
7340 -1.81688e-11
7360 7.24797e-12
7380 2.16449e-11
7400 3.83831e-11
7420 4.68569e-11
7440 4.88519e-11
7460 5.30248e-11
7480 4.70997e-11
7500 3.97436e-11
7520 3.82083e-11
7540 3.46133e-11
7560 4.48944e-11
7580 7.33927e-11
7600 1.14242e-10
7620 1.82687e-10
7640 2.7484e-10
7660 3.86225e-10
7680 5.35182e-10
7700 7.24265e-10
7720 9.7081e-10
7740 1.31565e-09
7760 1.7838e-09
7780 2.4192e-09
7800 3.28068e-09
7820 4.41341e-09
7840 5.89647e-09
7860 7.8376e-09
7880 1.03574e-08
7900 1.36366e-08
7920 1.78958e-08
7940 2.33816e-08
7960 3.04159e-08
7980 3.93813e-08
8000 5.07321e-08
8020 6.50546e-08
8040 8.30479e-08
8060 1.05533e-07
8080 1.33499e-07
8100 1.68087e-07
8120 2.10618e-07
8140 2.62657e-07
8160 3.25998e-07
8180 4.02677e-07
8200 4.95009e-07
8220 6.05554e-07
8240 7.37132e-07
8260 8.92856e-07
8280 1.07609e-06
8300 1.29039e-06
8320 1.53952e-06
8340 1.8273e-06
8360 2.15757e-06
8380 2.53414e-06
8400 2.96058e-06
8420 3.44009e-06
8440 3.97536e-06
8460 4.56833e-06
8480 5.21999e-06
8500 5.93018e-06
8520 6.69737e-06
8540 7.51832e-06
8560 8.38792e-06
8580 9.29898e-06
8600 1.0242e-05
8620 1.12051e-05
8640 1.21737e-05
8660 1.31309e-05
8680 1.40569e-05
8700 1.49298e-05
8720 1.57254e-05
8740 1.64177e-05
8760 1.69792e-05
8780 1.73818e-05
8800 1.7597e-05
8820 1.75969e-05
8840 1.73552e-05
8860 1.68478e-05
8880 1.60538e-05
8900 1.49567e-05
8920 1.35451e-05
8940 1.18133e-05
8960 9.76271e-06
8980 7.40179e-06
9000 4.74694e-06
9020 1.82247e-06
9040 -1.33934e-06
9060 -4.69843e-06
9080 -8.20754e-06
9100 -1.1813e-05
9120 -1.54559e-05
9140 -1.9073e-05
9160 -2.25986e-05
9180 -2.5966e-05
9200 -2.91093e-05
9220 -3.19651e-05
9240 -3.44745e-05
9260 -3.65845e-05
9280 -3.82502e-05
9300 -3.94354e-05
9320 -4.01144e-05
9340 -4.02725e-05
9360 -3.99067e-05
9380 -3.90259e-05
9400 -3.76506e-05
9420 -3.58125e-05
9440 -3.35536e-05
9460 -3.09251e-05
9480 -2.79859e-05
9500 -2.48008e-05
9520 -2.14394e-05
9540 -1.79735e-05
9560 -1.44754e-05
9580 -1.10166e-05
9600 -7.66511e-06
9620 -4.48481e-06
9640 -1.53335e-06
9660 1.13875e-06
9680 3.4891e-06
9700 5.4841e-06
9720 7.09949e-06
9740 8.32045e-06
9760 9.14162e-06
9780 9.5668e-06
9800 9.60861e-06
9820 9.28789e-06
9840 8.63292e-06
9860 7.67871e-06
9880 6.46611e-06
9900 5.04087e-06
9920 3.45266e-06
9940 1.75414e-06
9960 0
