-10 0
0 -0.0022194
10 -0.00443376
20 -0.00663807
30 -0.00882734
40 -0.0109966
50 -0.0131411
60 -0.0152561
70 -0.0173368
80 -0.0193788
90 -0.0213776
100 -0.0233292
110 -0.0252294
120 -0.0270744
130 -0.0288605
140 -0.0305843
150 -0.0322425
160 -0.0338323
170 -0.0353508
180 -0.0367956
190 -0.0381644
200 -0.0394552
210 -0.0406663
220 -0.0417963
230 -0.042844
240 -0.0438085
250 -0.0446891
260 -0.0454854
270 -0.0461974
280 -0.046825
290 -0.0473689
300 -0.0478294
310 -0.0482075
320 -0.0485044
330 -0.0487212
340 -0.0488595
350 -0.048921
360 -0.0489075
370 -0.0488213
380 -0.0486644
390 -0.0484392
400 -0.0481483
410 -0.0477943
420 -0.0473799
430 -0.046908
440 -0.0463814
450 -0.0458032
460 -0.0451764
470 -0.044504
480 -0.0437893
490 -0.0430352
500 -0.0422449
510 -0.0414216
520 -0.0405684
530 -0.0396882
540 -0.0387842
550 -0.0378593
560 -0.0369165
570 -0.0359586
580 -0.0349883
590 -0.0340084
600 -0.0330215
610 -0.0320301
620 -0.0310367
630 -0.0300434
640 -0.0290525
650 -0.0280662
660 -0.0270864
670 -0.0261149
680 -0.0251535
690 -0.0242038
700 -0.0232674
710 -0.0223456
720 -0.0214397
730 -0.0205508
740 -0.0196801
750 -0.0188285
760 -0.0179967
770 -0.0171856
780 -0.0163957
790 -0.0156276
800 -0.0148816
810 -0.0141582
820 -0.0134576
830 -0.0127799
840 -0.0121253
850 -0.0114938
860 -0.0108853
870 -0.0102997
880 -0.00973677
890 -0.00919638
900 -0.0086782
910 -0.00818191
920 -0.00770712
930 -0.00725344
940 -0.00682041
950 -0.00640757
960 -0.0060144
970 -0.0056404
980 -0.005285
990 -0.00494766
1000 -0.0046278
1010 -0.00432484
1020 -0.00403819
1030 -0.00376726
1040 -0.00351147
1050 -0.0032702
1060 -0.00304288
1070 -0.00282891
1080 -0.00262773
1090 -0.00243874
1100 -0.00226141
1110 -0.00209517
1120 -0.00193949
1130 -0.00179384
1140 -0.00165771
1150 -0.00153061
1160 -0.00141204
1170 -0.00130155
1180 -0.00119869
1190 -0.00110301
1200 -0.00101412
1210 -0.000931598
1220 -0.000855068
1230 -0.00078416
1240 -0.000718528
1250 -0.00065783
1260 -0.000601751
1270 -0.00054999
1280 -0.000502257
1290 -0.000458286
1300 -0.00041781
1310 -0.000380592
1320 -0.000346398
1330 -0.000315012
1340 -0.000286231
1350 -0.000259857
1360 -0.000235719
1370 -0.000213643
1380 -0.000193475
1390 -0.000175065
1400 -0.000158275
1410 -0.000142977
1420 -0.000129052
1430 -0.000116384
1440 -0.000104871
1450 -9.44189e-05
1460 -8.49357e-05
1470 -7.6345e-05
1480 -6.85618e-05
1490 -6.15249e-05
1500 -5.51651e-05
1510 -4.94217e-05
1520 -4.42429e-05
1530 -3.95691e-05
1540 -3.53639e-05
1550 -3.15767e-05
1560 -2.81711e-05
1570 -2.51112e-05
1580 -2.23638e-05
1590 -1.99024e-05
1600 -1.76976e-05
1610 -1.57237e-05
1620 -1.39599e-05
1630 -1.2386e-05
1640 -1.09793e-05
1650 -9.72707e-06
1660 -8.60611e-06
1670 -7.61097e-06
1680 -6.72382e-06
1690 -5.93212e-06
1700 -5.23123e-06
1710 -4.60511e-06
1720 -4.0549e-06
1730 -3.56512e-06
1740 -3.13248e-06
1750 -2.75214e-06
1760 -2.41698e-06
1770 -2.12214e-06
1780 -1.86236e-06
1790 -1.63271e-06
1800 -1.43169e-06
1810 -1.25497e-06
1820 -1.09496e-06
1830 -9.57474e-07
1840 -8.31967e-07
1850 -7.24149e-07
1860 -6.26884e-07
1870 -5.39385e-07
1880 -4.6655e-07
1890 -3.99725e-07
1900 -3.43634e-07
1910 -2.93904e-07
1920 -2.525e-07
1930 -2.18208e-07
1940 -1.89817e-07
1950 -1.64161e-07
1960 -1.46957e-07
1970 -1.31629e-07
1980 -1.19865e-07
1990 -1.12055e-07
2000 -1.03423e-07
2010 -1.02365e-07
2020 -9.75519e-08
2030 -9.60338e-08
2040 -9.55836e-08
2050 -9.54384e-08
2060 -9.63119e-08
2070 -9.64479e-08
2080 -9.6657e-08
2090 -9.89343e-08
2100 -1.00044e-07
2110 -9.90897e-08
2120 -1.02326e-07
2130 -1.01191e-07
2140 -1.04151e-07
2150 -1.03253e-07
2160 -1.0349e-07
2170 -1.05976e-07
2180 -1.05119e-07
2190 -1.05634e-07
2200 -1.0599e-07
2210 -1.0665e-07
2220 -1.06821e-07
2230 -1.07377e-07
2240 -1.05617e-07
2250 -1.08922e-07
2260 -1.06895e-07
2270 -1.0723e-07
2280 -1.07994e-07
2290 -1.07161e-07
2300 -1.0882e-07
2310 -1.07047e-07
2320 -1.07632e-07
2330 -1.08475e-07
2340 -1.08286e-07
2350 -1.06822e-07
2360 -1.09012e-07
2370 -1.07261e-07
2380 -1.08861e-07
2390 -1.07596e-07
2400 -1.07288e-07
2410 -1.09523e-07
2420 -1.07231e-07
2430 -1.07972e-07
2440 -1.08176e-07
2450 -1.08396e-07
2460 -1.07754e-07
2470 -1.08439e-07
2480 -1.07021e-07
2490 -1.09675e-07
2500 -1.07241e-07
2510 -1.07562e-07
2520 -1.09108e-07
2530 -1.07493e-07
2540 -1.08442e-07
2550 -1.07627e-07
2560 -1.08263e-07
2570 -1.08422e-07
2580 -1.08125e-07
2590 -1.0687e-07
2600 -1.09859e-07
2610 -1.0707e-07
2620 -1.08134e-07
2630 -1.08323e-07
2640 -1.07811e-07
2650 -1.08727e-07
2660 -1.07414e-07
2670 -1.07999e-07
2680 -1.0882e-07
2690 -1.07963e-07
2700 -1.06964e-07
2710 -1.09687e-07
2720 -1.06997e-07
2730 -1.08708e-07
2740 -1.0762e-07
2750 -1.08139e-07
2760 -1.08699e-07
2770 -1.07574e-07
2780 -1.07618e-07
2790 -1.09172e-07
2800 -1.07703e-07
2810 -1.07303e-07
2820 -1.09317e-07
2830 -1.07091e-07
2840 -1.08984e-07
2850 -1.07258e-07
2860 -1.08351e-07
2870 -1.08531e-07
2880 -1.07888e-07
2890 -1.07185e-07
2900 -1.09601e-07
2910 -1.07266e-07
2920 -1.07813e-07
2930 -1.08809e-07
2940 -1.07458e-07
2950 -1.08768e-07
2960 -1.07414e-07
2970 -1.08234e-07
2980 -1.08537e-07
2990 -1.08028e-07
3000 -1.06931e-07
3010 -1.09938e-07
3020 -1.06864e-07
3030 -1.08242e-07
3040 -1.0836e-07
3050 -1.07995e-07
3060 -1.08104e-07
3070 -1.08094e-07
3080 -1.07708e-07
3090 -1.08882e-07
3100 -1.07767e-07
3110 -1.07147e-07
3120 -1.09816e-07
3130 -1.06915e-07
3140 -1.0817e-07
3150 -1.08384e-07
3160 -1.08278e-07
3170 -1.07411e-07
3180 -1.08912e-07
3190 -1.07127e-07
3200 -1.09232e-07
3210 -1.07347e-07
3220 -1.07783e-07
3230 -1.09102e-07
3240 -1.07605e-07
3250 -1.07433e-07
3260 -1.09107e-07
3270 -1.07903e-07
3280 -1.07258e-07
3290 -1.09231e-07
3300 -1.07181e-07
3310 -1.0881e-07
3320 -1.07557e-07
3330 -1.08196e-07
3340 -1.08276e-07
3350 -1.08421e-07
3360 -1.06716e-07
3370 -1.09839e-07
3380 -1.07261e-07
3390 -1.07629e-07
3400 -1.0889e-07
3410 -1.08033e-07
3420 -1.07398e-07
3430 -1.08794e-07
3440 -1.07844e-07
3450 -1.07949e-07
3460 -1.0858e-07
3470 -1.07147e-07
3480 -1.09212e-07
3490 -1.07549e-07
3500 -1.07732e-07
3510 -1.08567e-07
3520 -1.08656e-07
3530 -1.06377e-07
3540 -1.09808e-07
3550 -1.07459e-07
3560 -1.07789e-07
3570 -1.08341e-07
3580 -1.085e-07
3590 -1.07247e-07
3600 -1.08936e-07
3610 -1.07409e-07
3620 -1.08497e-07
3630 -1.0826e-07
3640 -1.07318e-07
3650 -1.08806e-07
3660 -1.08256e-07
3670 -1.07158e-07
3680 -1.08645e-07
3690 -1.08859e-07
3700 -1.06411e-07
3710 -1.09366e-07
3720 -1.0796e-07
3730 -1.0764e-07
3740 -1.0808e-07
3750 -1.08939e-07
3760 -1.06847e-07
3770 -1.09199e-07
3780 -1.07297e-07
3790 -1.08549e-07
3800 -1.08018e-07
3810 -1.07991e-07
3820 -1.07779e-07
3830 -1.09206e-07
3840 -1.06677e-07
3850 -1.08722e-07
3860 -1.08707e-07
3870 -1.07066e-07
3880 -1.08236e-07
3890 -1.09115e-07
3900 -1.06951e-07
3910 -1.08161e-07
3920 -1.09141e-07
3930 -1.06925e-07
3940 -1.08507e-07
3950 -1.08353e-07
3960 -1.07832e-07
3970 -1.07868e-07
3980 -1.08801e-07
3990 -1.07105e-07
4000 -1.09128e-07
4010 -1.07314e-07
4020 -1.08325e-07
4030 -1.0825e-07
4040 -1.08246e-07
4050 -1.0701e-07
4060 -1.09803e-07
4070 -1.06852e-07
4080 -1.08108e-07
4090 -1.08765e-07
4100 -1.08059e-07
4110 -1.06822e-07
4120 -1.09883e-07
4130 -1.07152e-07
4140 -1.07719e-07
4150 -1.08878e-07
4160 -1.08098e-07
4170 -1.0706e-07
4180 -1.09292e-07
4190 -1.07651e-07
4200 -1.07678e-07
4210 -1.08715e-07
4220 -1.0788e-07
4230 -1.07795e-07
4240 -1.08572e-07
4250 -1.07815e-07
4260 -1.07922e-07
4270 -1.08725e-07
4280 -1.07279e-07
4290 -1.0858e-07
4300 -1.08235e-07
4310 -1.07638e-07
4320 -1.08055e-07
4330 -1.0909e-07
4340 -1.0662e-07
4350 -1.08961e-07
4360 -1.08331e-07
4370 -1.07462e-07
4380 -1.07858e-07
4390 -1.09592e-07
4400 -1.06291e-07
4410 -1.08865e-07
4420 -1.08562e-07
4430 -1.07538e-07
4440 -1.07457e-07
4450 -1.09896e-07
4460 -1.064e-07
4470 -1.0854e-07
4480 -1.08647e-07
4490 -1.07832e-07
4500 -1.07131e-07
4510 -1.09854e-07
4520 -1.06767e-07
4530 -1.08272e-07
4540 -1.08533e-07
4550 -1.08138e-07
4560 -1.07052e-07
4570 -1.09567e-07
4580 -1.07133e-07
4590 -1.08179e-07
4600 -1.0835e-07
4610 -1.0828e-07
4620 -1.07194e-07
4630 -1.09243e-07
4640 -1.07348e-07
4650 -1.08197e-07
4660 -1.08256e-07
4670 -1.08232e-07
4680 -1.07402e-07
4690 -1.09039e-07
4700 -1.07425e-07
4710 -1.08191e-07
4720 -1.08316e-07
4730 -1.08096e-07
4740 -1.07524e-07
4750 -1.08987e-07
4760 -1.07471e-07
4770 -1.08069e-07
4780 -1.08481e-07
4790 -1.0801e-07
4800 -1.07492e-07
4810 -1.09013e-07
4820 -1.07596e-07
4830 -1.0783e-07
4840 -1.08632e-07
4850 -1.08076e-07
4860 -1.07338e-07
4870 -1.08999e-07
4880 -1.07851e-07
4890 -1.07555e-07
4900 -1.0865e-07
4910 -1.08307e-07
4920 -1.07166e-07
4930 -1.08854e-07
4940 -1.08205e-07
4950 -1.07366e-07
4960 -1.08469e-07
4970 -1.08636e-07
4980 -1.07096e-07
4990 -1.08549e-07
5000 -1.08554e-07
5010 -1.07378e-07
5020 -1.081e-07
5030 -1.08938e-07
5040 -1.07218e-07
5050 -1.08142e-07
5060 -1.08757e-07
5070 -1.07644e-07
5080 -1.07645e-07
5090 -1.09071e-07
5100 -1.07544e-07
5110 -1.07772e-07
5120 -1.08688e-07
5130 -1.08126e-07
5140 -1.07271e-07
5150 -1.08938e-07
5160 -1.07977e-07
5170 -1.07619e-07
5180 -1.083e-07
5190 -1.08667e-07
5200 -1.07158e-07
5210 -1.08551e-07
5220 -1.08319e-07
5230 -1.07831e-07
5240 -1.07687e-07
5250 -1.0903e-07
5260 -1.07405e-07
5270 -1.08081e-07
5280 -1.0833e-07
5290 -1.08419e-07
5300 -1.07101e-07
5310 -1.08993e-07
5320 -1.07932e-07
5330 -1.07819e-07
5340 -1.0787e-07
5350 -1.09171e-07
5360 -1.06872e-07
5370 -1.08503e-07
5380 -1.08441e-07
5390 -1.08045e-07
5400 -1.07049e-07
5410 -1.09689e-07
5420 -1.07216e-07
5430 -1.07799e-07
5440 -1.08534e-07
5450 -1.08795e-07
5460 -1.06284e-07
5470 -1.09586e-07
5480 -1.0801e-07
5490 -1.07361e-07
5500 -1.07998e-07
5510 -1.09697e-07
5520 -1.06115e-07
5530 -1.08818e-07
5540 -1.08745e-07
5550 -1.07596e-07
5560 -1.07095e-07
5570 -1.1009e-07
5580 -1.06791e-07
5590 -1.07867e-07
5600 -1.08822e-07
5610 -1.08409e-07
5620 -1.06553e-07
5630 -1.09511e-07
5640 -1.07909e-07
5650 -1.07497e-07
5660 -1.0813e-07
5670 -1.09062e-07
5680 -1.0704e-07
5690 -1.08243e-07
5700 -1.08568e-07
5710 -1.08053e-07
5720 -1.07365e-07
5730 -1.08705e-07
5740 -1.08412e-07
5750 -1.07298e-07
5760 -1.08188e-07
5770 -1.08907e-07
5780 -1.07538e-07
5790 -1.07341e-07
5800 -1.09555e-07
5810 -1.07498e-07
5820 -1.07311e-07
5830 -1.08897e-07
5840 -1.08795e-07
5850 -1.06175e-07
5860 -1.09409e-07
5870 -1.08395e-07
5880 -1.07241e-07
5890 -1.07725e-07
5900 -1.09859e-07
5910 -1.06477e-07
5920 -1.08348e-07
5930 -1.08541e-07
5940 -1.08414e-07
5950 -1.06732e-07
5960 -1.09303e-07
5970 -1.0788e-07
5980 -1.07981e-07
5990 -1.07402e-07
6000 -1.09402e-07
6010 -1.07446e-07
6020 -1.07596e-07
6030 -1.08546e-07
6040 -1.08922e-07
6050 -1.06537e-07
6060 -1.08598e-07
6070 -1.09209e-07
6080 -1.06863e-07
6090 -1.07795e-07
6100 -1.09464e-07
6110 -1.07582e-07
6120 -1.06917e-07
6130 -1.09624e-07
6140 -1.0777e-07
6150 -1.07497e-07
6160 -1.08048e-07
6170 -1.09275e-07
6180 -1.0694e-07
6190 -1.08251e-07
6200 -1.08182e-07
6210 -1.09023e-07
6220 -1.06413e-07
6230 -1.08931e-07
6240 -1.08637e-07
6250 -1.07643e-07
6260 -1.06948e-07
6270 -1.10123e-07
6280 -1.07222e-07
6290 -1.07227e-07
6300 -1.09006e-07
6310 -1.08677e-07
6320 -1.06707e-07
6330 -1.08483e-07
6340 -1.0896e-07
6350 -1.07425e-07
6360 -1.07735e-07
6370 -1.08405e-07
6380 -1.0899e-07
6390 -1.06703e-07
6400 -1.0836e-07
6410 -1.08878e-07
6420 -1.08114e-07
6430 -1.06315e-07
6440 -1.10111e-07
6450 -1.07729e-07
6460 -1.07217e-07
6470 -1.0813e-07
6480 -1.0958e-07
6490 -1.06642e-07
6500 -1.08167e-07
6510 -1.08551e-07
6520 -1.0857e-07
6530 -1.07043e-07
6540 -1.08083e-07
6550 -1.09301e-07
6560 -1.07471e-07
6570 -1.0714e-07
6580 -1.09088e-07
6590 -1.08929e-07
6600 -1.06025e-07
6610 -1.09154e-07
6620 -1.08606e-07
6630 -1.07775e-07
6640 -1.06956e-07
6650 -1.09552e-07
6660 -1.07809e-07
6670 -1.07826e-07
6680 -1.07253e-07
6690 -1.09788e-07
6700 -1.07534e-07
6710 -1.06936e-07
6720 -1.09005e-07
6730 -1.08992e-07
6740 -1.06628e-07
6750 -1.07962e-07
6760 -1.09606e-07
6770 -1.07233e-07
6780 -1.07756e-07
6790 -1.07967e-07
6800 -1.09533e-07
6810 -1.06859e-07
6820 -1.07761e-07
6830 -1.08715e-07
6840 -1.09179e-07
6850 -1.05875e-07
6860 -1.09008e-07
6870 -1.09018e-07
6880 -1.07396e-07
6890 -1.0728e-07
6900 -1.08967e-07
6910 -1.08674e-07
6920 -1.07085e-07
6930 -1.07803e-07
6940 -1.08923e-07
6950 -1.08865e-07
6960 -1.05847e-07
6970 -1.09348e-07
6980 -1.08748e-07
6990 -1.07553e-07
7000 -1.06912e-07
7010 -1.09634e-07
7020 -1.07997e-07
7030 -1.07586e-07
7040 -1.07343e-07
7050 -1.09455e-07
7060 -1.08362e-07
7070 -1.06236e-07
7080 -1.09011e-07
7090 -1.09022e-07
7100 -1.07463e-07
7110 -1.0685e-07
7120 -1.09672e-07
7130 -1.07942e-07
7140 -1.07906e-07
7150 -1.06782e-07
7160 -1.09899e-07
7170 -1.08124e-07
7180 -1.06634e-07
7190 -1.08328e-07
7200 -1.09535e-07
7210 -1.07388e-07
7220 -1.06963e-07
7230 -1.09107e-07
7240 -1.08466e-07
7250 -1.08078e-07
7260 -1.06265e-07
7270 -1.09964e-07
7280 -1.08343e-07
7290 -1.06976e-07
7300 -1.07516e-07
7310 -1.09836e-07
7320 -1.0769e-07
7330 -1.07174e-07
7340 -1.08047e-07
7350 -1.09194e-07
7360 -1.08411e-07
7370 -1.05904e-07
7380 -1.09464e-07
7390 -1.08812e-07
7400 -1.07595e-07
7410 -1.06735e-07
7420 -1.09485e-07
7430 -1.08443e-07
7440 -1.07713e-07
7450 -1.06733e-07
7460 -1.09529e-07
7470 -1.09068e-07
7480 -1.06143e-07
7490 -1.08421e-07
7500 -1.08922e-07
7510 -1.08859e-07
7520 -1.06482e-07
7530 -1.08368e-07
7540 -1.09157e-07
7550 -1.0896e-07
7560 -1.06037e-07
7570 -1.09052e-07
7580 -1.09697e-07
7590 -1.07777e-07
7600 -1.07738e-07
7610 -1.08301e-07
7620 -1.10688e-07
7630 -1.07907e-07
7640 -1.07878e-07
7650 -1.09516e-07
7660 -1.11255e-07
7670 -1.0821e-07
7680 -1.09463e-07
7690 -1.10748e-07
7700 -1.12176e-07
7710 -1.10978e-07
7720 -1.10198e-07
7730 -1.14745e-07
7740 -1.14459e-07
7750 -1.14549e-07
7760 -1.15162e-07
7770 -1.19554e-07
7780 -1.20974e-07
7790 -1.22171e-07
7800 -1.23904e-07
7810 -1.30502e-07
7820 -1.34298e-07
7830 -1.36444e-07
7840 -1.4377e-07
7850 -1.51182e-07
7860 -1.61326e-07
7870 -1.67847e-07
7880 -1.80621e-07
7890 -1.96903e-07
7900 -2.14296e-07
7910 -2.32262e-07
7920 -2.57288e-07
7930 -2.88467e-07
7940 -3.23654e-07
7950 -3.64091e-07
7960 -4.12386e-07
7970 -4.76229e-07
7980 -5.4552e-07
7990 -6.29087e-07
8000 -7.28085e-07
8010 -8.4871e-07
8020 -9.89793e-07
8030 -1.15202e-06
8040 -1.34592e-06
8050 -1.57544e-06
8060 -1.84317e-06
8070 -2.15148e-06
8080 -2.51416e-06
8090 -2.93586e-06
8100 -3.4275e-06
8110 -3.99049e-06
8120 -4.64415e-06
8130 -5.4026e-06
8140 -6.27515e-06
8150 -7.28076e-06
8160 -8.43576e-06
8170 -9.77172e-06
8180 -1.13072e-05
8190 -1.30706e-05
8200 -1.5096e-05
8210 -1.74266e-05
8220 -2.01019e-05
8230 -2.31685e-05
8240 -2.66811e-05
8250 -3.07054e-05
8260 -3.53138e-05
8270 -4.05745e-05
8280 -4.65835e-05
8290 -5.34375e-05
8300 -6.12545e-05
8310 -7.01548e-05
8320 -8.02778e-05
8330 -9.17911e-05
8340 -0.000104871
8350 -0.000119721
8360 -0.000136559
8370 -0.000155643
8380 -0.000177255
8390 -0.000201709
8400 -0.000229348
8410 -0.000260564
8420 -0.000295793
8430 -0.000335515
8440 -0.000380264
8450 -0.000430626
8460 -0.000487273
8470 -0.000550927
8480 -0.000622397
8490 -0.00070257
8500 -0.000792432
8510 -0.000893076
8520 -0.00100569
8530 -0.00113159
8540 -0.00127222
8550 -0.00142919
8560 -0.00160422
8570 -0.00179925
8580 -0.00201635
8590 -0.00225783
8600 -0.0025262
8610 -0.00282419
8620 -0.00315478
8630 -0.00352124
8640 -0.0039271
8650 -0.00437621
8660 -0.00487275
8670 -0.00542125
8680 -0.00602664
8690 -0.00669424
8700 -0.00742979
8710 -0.00823953
8720 -0.00913014
8730 -0.0101089
8740 -0.0111835
8750 -0.0123624
8760 -0.0136546
8770 -0.0150696
8780 -0.0166179
8790 -0.0183105
8800 -0.0201592
8810 -0.0221767
8820 -0.0243765
8830 -0.0267728
8840 -0.0293811
8850 -0.0322174
8860 -0.035299
8870 -0.0386443
8880 -0.0422724
8890 -0.0462039
8900 -0.0504603
8910 -0.0550645
8920 -0.0600403
8930 -0.0654129
8940 -0.0712088
8950 -0.0774558
8960 -0.084183
8970 -0.0914206
8980 -0.0992005
8990 -0.107556
9000 -0.116521
9010 -0.126131
9020 -0.136424
9030 -0.147438
9040 -0.159213
9050 -0.171789
9060 -0.18521
9070 -0.199518
9080 -0.214758
9090 -0.230976
9100 -0.248219
9110 -0.266534
9120 -0.28597
9130 -0.306576
9140 -0.328402
9150 -0.351498
9160 -0.375915
9170 -0.401705
9180 -0.428918
9190 -0.457606
9200 -0.48782
9210 -0.519609
9220 -0.553024
9230 -0.588114
9240 -0.624927
9250 -0.66351
9260 -0.703907
9270 -0.746163
9280 -0.790318
9290 -0.836413
9300 -0.884483
9310 -0.934563
9320 -0.986684
9330 -1.04087
9340 -1.09715
9350 -1.15555
9360 -1.21607
9370 -1.27873
9380 -1.34354
9390 -1.4105
9400 -1.4796
9410 -1.55085
9420 -1.62421
9430 -1.69968
9440 -1.77722
9450 -1.8568
9460 -1.93839
9470 -2.02194
9480 -2.10739
9490 -2.19469
9500 -2.28377
9510 -2.37455
9520 -2.46695
9530 -2.5609
9540 -2.65628
9550 -2.753
9560 -2.85095
9570 -2.95002
9580 -3.05007
9590 -3.15099
9600 -3.25263
9610 -3.35485
9620 -3.45751
9630 -3.56044
9640 -3.6635
9650 -3.76651
9660 -3.86931
9670 -3.97173
9680 -4.07359
9690 -4.1747
9700 -4.27489
9710 -4.37398
9720 -4.47176
9730 -4.56807
9740 -4.66271
9750 -4.7555
9760 -4.84624
9770 -4.93475
9780 -5.02085
9790 -5.10435
9800 -5.18509
9810 -5.26288
9820 -5.33756
9830 -5.40896
9840 -5.47692
9850 -5.54129
9860 -5.60193
9870 -5.65869
9880 -5.71145
9890 -5.76009
9900 -5.80449
9910 -5.84455
9920 -5.88018
9930 -5.91128
9940 -5.9378
9950 -5.95966
9960 -5.97681
9970 -5.98922
9980 -5.99685
9990 -5.99969
10000 -6.0004
10010 -5.99897
10020 -5.99541
10030 -5.98973
10040 -5.98192
10050 -5.972
10060 -5.95998
10070 -5.94586
10080 -5.92968
10090 -5.91144
10100 -5.89116
10110 -5.86886
10120 -5.84458
10130 -5.81832
10140 -5.79013
10150 -5.76004
10160 -5.72806
10170 -5.69424
10180 -5.65861
10190 -5.62121
10200 -5.58208
10210 -5.54125
10220 -5.49877
10230 -5.45468
10240 -5.40902
10250 -5.36185
10260 -5.3132
10270 -5.26313
10280 -5.21168
10290 -5.15891
10300 -5.10486
10310 -5.04959
10320 -4.99315
10330 -4.93559
10340 -4.87697
10350 -4.81733
10360 -4.75674
10370 -4.69525
10380 -4.63292
10390 -4.56979
10400 -4.50593
10410 -4.44139
10420 -4.37622
10430 -4.31049
10440 -4.24424
10450 -4.17753
10460 -4.11042
10470 -4.04295
10480 -3.97519
10490 -3.90718
10500 -3.83897
10510 -3.77063
10520 -3.70219
10530 -3.63371
10540 -3.56523
10550 -3.49682
10560 -3.4285
10570 -3.36033
10580 -3.29235
10590 -3.22461
10600 -3.15715
10610 -3.09001
10620 -3.02322
10630 -2.95684
10640 -2.8909
10650 -2.82543
10660 -2.76046
10670 -2.69604
10680 -2.6322
10690 -2.56896
10700 -2.50635
10710 -2.44441
10720 -2.38316
10730 -2.32263
10740 -2.26283
10750 -2.2038
10760 -2.14555
10770 -2.08811
10780 -2.03149
10790 -1.9757
10800 -1.92077
10810 -1.86672
10820 -1.81354
10830 -1.76126
10840 -1.70988
10850 -1.65942
10860 -1.60988
10870 -1.56127
10880 -1.5136
10890 -1.46686
10900 -1.42107
10910 -1.37622
10920 -1.33232
10930 -1.28937
10940 -1.24736
10950 -1.2063
10960 -1.16618
10970 -1.127
10980 -1.08875
10990 -1.05143
11000 -1.01503
11010 -0.979546
11020 -0.944972
11030 -0.911298
11040 -0.878516
11050 -0.846616
11060 -0.815588
11070 -0.785421
11080 -0.756104
11090 -0.727626
11100 -0.699976
11110 -0.673139
11120 -0.647105
11130 -0.621859
11140 -0.597389
11150 -0.57368
11160 -0.550719
11170 -0.528492
11180 -0.506984
11190 -0.48618
11200 -0.466067
11210 -0.44663
11220 -0.427853
11230 -0.409722
11240 -0.392222
11250 -0.375338
11260 -0.359055
11270 -0.343358
11280 -0.328233
11290 -0.313664
11300 -0.299636
11310 -0.286136
11320 -0.273148
11330 -0.260659
11340 -0.248654
11350 -0.237119
11360 -0.226039
11370 -0.215402
11380 -0.205194
11390 -0.195401
11400 -0.186011
11410 -0.17701
11420 -0.168385
11430 -0.160125
11440 -0.152217
11450 -0.144649
11460 -0.137409
11470 -0.130486
11480 -0.123869
11490 -0.117546
11500 -0.111506
11510 -0.10574
11520 -0.100238
11530 -0.0949882
11540 -0.0899822
11550 -0.0852103
11560 -0.0806633
11570 -0.0763323
11580 -0.0722086
11590 -0.0682839
11600 -0.06455
11610 -0.060999
11620 -0.0576232
11630 -0.0544153
11640 -0.051368
11650 -0.0484745
11660 -0.0457281
11670 -0.0431222
11680 -0.0406507
11690 -0.0383074
11700 -0.0360867
11710 -0.0339829
11720 -0.0319905
11730 -0.0301045
11740 -0.0283199
11750 -0.0266317
11760 -0.0250355
11770 -0.0235267
11780 -0.0221012
11790 -0.0207548
11800 -0.0194837
11810 -0.018284
11820 -0.0171523
11830 -0.016085
11840 -0.0150789
11850 -0.0141308
11860 -0.0132377
11870 -0.0123968
11880 -0.0116052
11890 -0.0108604
11900 -0.0101598
11910 -0.00950119
11920 -0.00888216
11930 -0.00830057
11940 -0.00775437
11950 -0.0072416
11960 -0.00676039
11970 -0.00630897
11980 -0.00588565
11990 -0.00548883
12000 -0.00511699
12010 -0.00476867
12020 -0.00444253
12030 -0.00413725
12040 -0.00385162
12050 -0.00358445
12060 -0.00333467
12070 -0.00310121
12080 -0.0028831
12090 -0.0026794
12100 -0.00248924
12110 -0.00231177
12120 -0.00214621
12130 -0.00199182
12140 -0.0018479
12150 -0.00171377
12160 -0.00158884
12170 -0.00147249
12180 -0.0013642
12190 -0.00126342
12200 -0.00116969
12210 -0.00108253
12220 -0.00100152
12230 -0.000926256
12240 -0.000856352
12250 -0.000791453
12260 -0.000731222
12270 -0.000675342
12280 -0.000623519
12290 -0.000575474
12300 -0.000530949
12310 -0.000489698
12320 -0.000451493
12330 -0.000416122
12340 -0.000383389
12350 -0.000353105
12360 -0.000325099
12370 -0.000299208
12380 -0.000275284
12390 -0.000253187
12400 -0.000232784
12410 -0.000213952
12420 -0.000196578
12430 -0.000180557
12440 -0.000165787
12450 -0.000152174
12460 -0.000139632
12470 -0.000128081
12480 -0.000117446
12490 -0.000107656
12500 -9.86454e-05
12510 -9.03555e-05
12520 -8.27317e-05
12530 -7.57223e-05
12540 -6.92795e-05
12550 -6.336e-05
12560 -5.79247e-05
12570 -5.29369e-05
12580 -4.83613e-05
12590 -4.41659e-05
12600 -4.03217e-05
12610 -3.68022e-05
12620 -3.35813e-05
12630 -3.06343e-05
12640 -2.7939e-05
12650 -2.54755e-05
12660 -2.32248e-05
12670 -2.1168e-05
12680 -1.92877e-05
12690 -1.75692e-05
12700 -1.59991e-05
12710 -1.45641e-05
12720 -1.32514e-05
12730 -1.205e-05
12740 -1.09512e-05
12750 -9.94653e-06
12760 -9.02739e-06
12770 -8.18595e-06
12780 -7.41633e-06
12790 -6.71374e-06
12800 -6.07287e-06
12810 -5.48813e-06
12820 -4.95511e-06
12830 -4.47084e-06
12840 -4.03234e-06
12850 -3.63565e-06
12860 -3.2769e-06
12870 -2.95363e-06
12880 -2.66406e-06
12890 -2.40559e-06
12900 -2.17484e-06
12910 -1.96913e-06
12920 -1.7871e-06
12930 -1.62729e-06
12940 -1.48713e-06
12950 -1.36386e-06
12960 -1.25597e-06
12970 -1.16279e-06
12980 -1.08289e-06
12990 -1.0139e-06
13000 -9.54056e-07
13010 -9.0291e-07
13020 -8.60122e-07
13030 -8.24235e-07
13040 -7.93432e-07
13050 -7.67036e-07
13060 -7.4532e-07
13070 -7.2792e-07
13080 -7.13413e-07
13090 -7.00732e-07
13100 -6.90119e-07
13110 -6.82061e-07
13120 -6.75924e-07
13130 -6.70475e-07
13140 -6.65457e-07
13150 -6.61641e-07
13160 -6.59277e-07
13170 -6.5743e-07
13180 -6.5528e-07
13190 -6.53267e-07
13200 -6.52237e-07
13210 -6.51949e-07
13220 -6.51367e-07
13230 -6.50252e-07
13240 -6.49483e-07
13250 -6.49585e-07
13260 -6.49836e-07
13270 -6.49399e-07
13280 -6.48646e-07
13290 -6.48538e-07
13300 -6.49054e-07
13310 -6.49213e-07
13320 -6.48643e-07
13330 -6.48178e-07
13340 -6.48505e-07
13350 -6.49047e-07
13360 -6.48893e-07
13370 -6.48263e-07
13380 -6.48153e-07
13390 -6.48727e-07
13400 -6.49048e-07
13410 -6.4859e-07
13420 -6.48085e-07
13430 -6.48343e-07
13440 -6.48946e-07
13450 -6.48919e-07
13460 -6.48303e-07
13470 -6.48089e-07
13480 -6.48622e-07
13490 -6.49043e-07
13500 -6.48672e-07
13510 -6.48106e-07
13520 -6.48257e-07
13530 -6.48882e-07
13540 -6.48975e-07
13550 -6.48385e-07
13560 -6.48062e-07
13570 -6.48527e-07
13580 -6.49031e-07
13590 -6.48763e-07
13600 -6.48153e-07
13610 -6.48183e-07
13620 -6.48806e-07
13630 -6.49019e-07
13640 -6.48479e-07
13650 -6.48054e-07
13660 -6.48428e-07
13670 -6.49001e-07
13680 -6.48851e-07
13690 -6.48218e-07
13700 -6.4812e-07
13710 -6.48715e-07
13720 -6.49047e-07
13730 -6.48582e-07
13740 -6.48066e-07
13750 -6.48329e-07
13760 -6.48949e-07
13770 -6.4893e-07
13780 -6.48302e-07
13790 -6.48073e-07
13800 -6.48612e-07
13810 -6.49054e-07
13820 -6.48689e-07
13830 -6.48102e-07
13840 -6.48235e-07
13850 -6.48876e-07
13860 -6.48996e-07
13870 -6.48402e-07
13880 -6.48046e-07
13890 -6.48501e-07
13900 -6.49037e-07
13910 -6.48794e-07
13920 -6.48161e-07
13930 -6.48153e-07
13940 -6.48783e-07
13950 -6.49042e-07
13960 -6.48514e-07
13970 -6.48044e-07
13980 -6.48386e-07
13990 -6.48993e-07
14000 -6.48892e-07
14010 -6.48244e-07
14020 -6.48087e-07
14030 -6.48673e-07
14040 -6.49065e-07
14050 -6.48634e-07
14060 -6.4807e-07
14070 -6.48275e-07
14080 -6.48923e-07
14090 -6.48976e-07
14100 -6.48349e-07
14110 -6.48044e-07
14120 -6.4855e-07
14130 -6.49058e-07
14140 -6.48755e-07
14150 -6.48125e-07
14160 -6.48175e-07
14170 -6.48827e-07
14180 -6.49038e-07
14190 -6.48471e-07
14200 -6.48031e-07
14210 -6.48422e-07
14220 -6.4902e-07
14230 -6.48869e-07
14240 -6.4821e-07
14250 -6.48094e-07
14260 -6.48708e-07
14270 -6.49072e-07
14280 -6.48604e-07
14290 -6.4805e-07
14300 -6.48296e-07
14310 -6.48949e-07
14320 -6.48968e-07
14330 -6.48321e-07
14340 -6.4804e-07
14350 -6.48574e-07
14360 -6.49072e-07
14370 -6.4874e-07
14380 -6.48106e-07
14390 -6.48181e-07
14400 -6.48846e-07
14410 -6.49042e-07
14420 -6.48455e-07
14430 -6.4802e-07
14440 -6.48431e-07
14450 -6.49034e-07
14460 -6.48868e-07
14470 -6.48197e-07
14480 -6.48089e-07
14490 -6.48717e-07
14500 -6.49082e-07
14510 -6.48602e-07
14520 -6.4804e-07
14530 -6.48291e-07
14540 -6.48956e-07
14550 -6.48977e-07
14560 -6.4832e-07
14570 -6.48029e-07
14580 -6.48568e-07
14590 -6.49081e-07
14600 -6.48751e-07
14610 -6.48103e-07
14620 -6.48166e-07
14630 -6.48841e-07
14640 -6.49056e-07
14650 -6.48468e-07
14660 -6.48011e-07
14670 -6.48411e-07
14680 -6.49034e-07
14690 -6.48891e-07
14700 -6.48207e-07
14710 -6.48068e-07
14720 -6.48696e-07
14730 -6.49094e-07
14740 -6.48631e-07
14750 -6.4804e-07
14760 -6.48259e-07
14770 -6.48942e-07
14780 -6.49005e-07
14790 -6.48348e-07
14800 -6.48011e-07
14810 -6.4853e-07
14820 -6.49083e-07
14830 -6.48793e-07
14840 -6.48119e-07
14850 -6.48129e-07
14860 -6.48808e-07
14870 -6.49081e-07
14880 -6.48515e-07
14890 -6.48005e-07
14900 -6.48359e-07
14910 -6.49018e-07
14920 -6.48938e-07
14930 -6.48245e-07
14940 -6.48035e-07
14950 -6.48641e-07
14960 -6.49106e-07
14970 -6.48693e-07
14980 -6.48055e-07
14990 -6.482e-07
15000 -6.48901e-07
15010 -6.49049e-07
15020 -6.4841e-07
15030 -6.47993e-07
15040 -6.48457e-07
15050 -6.49071e-07
15060 -6.48864e-07
15070 -6.48162e-07
15080 -6.48074e-07
15090 -6.48739e-07
15100 -6.49108e-07
15110 -6.48598e-07
15120 -6.48012e-07
15130 -6.48276e-07
15140 -6.48974e-07
15150 -6.49005e-07
15160 -6.48319e-07
15170 -6.47998e-07
15180 -6.48548e-07
15190 -6.49104e-07
15200 -6.48788e-07
15210 -6.48098e-07
15220 -6.4812e-07
15230 -6.48822e-07
15240 -6.49097e-07
15250 -6.48512e-07
15260 -6.47987e-07
15270 -6.48349e-07
15280 -6.4903e-07
15290 -6.48957e-07
15300 -6.48245e-07
15310 -6.48013e-07
15320 -6.48628e-07
15330 -6.49123e-07
15340 -6.48719e-07
15350 -6.4805e-07
15360 -6.48168e-07
15370 -6.48889e-07
15380 -6.49079e-07
15390 -6.48439e-07
15400 -6.47974e-07
15410 -6.48415e-07
15420 -6.4907e-07
15430 -6.48911e-07
15440 -6.48185e-07
15450 -6.48033e-07
15460 -6.48694e-07
15470 -6.49131e-07
15480 -6.48658e-07
15490 -6.48016e-07
15500 -6.48213e-07
15510 -6.48941e-07
15520 -6.49059e-07
15530 -6.4838e-07
15540 -6.47968e-07
15550 -6.4847e-07
15560 -6.49099e-07
15570 -6.4887e-07
15580 -6.4814e-07
15590 -6.48053e-07
15600 -6.48746e-07
15610 -6.49135e-07
15620 -6.48609e-07
15630 -6.47991e-07
15640 -6.48249e-07
15650 -6.4898e-07
15660 -6.49041e-07
15670 -6.48335e-07
15680 -6.47966e-07
15690 -6.48512e-07
15700 -6.4912e-07
15710 -6.48839e-07
15720 -6.48107e-07
15730 -6.48068e-07
15740 -6.48784e-07
15750 -6.49137e-07
15760 -6.48574e-07
15770 -6.47974e-07
15780 -6.48275e-07
15790 -6.49007e-07
15800 -6.49028e-07
15810 -6.48304e-07
15820 -6.47964e-07
15830 -6.4854e-07
15840 -6.49134e-07
15850 -6.48819e-07
15860 -6.48085e-07
15870 -6.48076e-07
15880 -6.48808e-07
15890 -6.4914e-07
15900 -6.48554e-07
15910 -6.47962e-07
15920 -6.48287e-07
15930 -6.49024e-07
15940 -6.49025e-07
15950 -6.48287e-07
15960 -6.47959e-07
15970 -6.48552e-07
15980 -6.49144e-07
15990 -6.48814e-07
16000 -6.48073e-07
16010 -6.48075e-07
16020 -6.48817e-07
16030 -6.49147e-07
16040 -6.4855e-07
16050 -6.47954e-07
16060 -6.48285e-07
16070 -6.4903e-07
16080 -6.49032e-07
16090 -6.48286e-07
16100 -6.47951e-07
16110 -6.48548e-07
16120 -6.49151e-07
16130 -6.48823e-07
16140 -6.48072e-07
16150 -6.48063e-07
16160 -6.48811e-07
16170 -6.49157e-07
16180 -6.48563e-07
16190 -6.47949e-07
16200 -6.48268e-07
16210 -6.49026e-07
16220 -6.49049e-07
16230 -6.483e-07
16240 -6.47938e-07
16250 -6.48525e-07
16260 -6.49153e-07
16270 -6.48849e-07
16280 -6.48083e-07
16290 -6.4804e-07
16300 -6.48788e-07
16310 -6.4917e-07
16320 -6.48594e-07
16330 -6.4795e-07
16340 -6.48234e-07
16350 -6.49009e-07
16360 -6.49077e-07
16370 -6.48332e-07
16380 -6.47924e-07
16390 -6.48485e-07
16400 -6.49149e-07
16410 -6.4889e-07
16420 -6.48107e-07
16430 -6.48008e-07
16440 -6.48747e-07
16450 -6.49185e-07
16460 -6.48645e-07
16470 -6.47959e-07
16480 -6.48185e-07
16490 -6.48976e-07
16500 -6.49113e-07
16510 -6.48383e-07
16520 -6.47911e-07
16530 -6.48424e-07
16540 -6.49134e-07
16550 -6.48947e-07
16560 -6.48149e-07
16570 -6.47969e-07
16580 -6.48684e-07
16590 -6.49195e-07
16600 -6.48715e-07
16610 -6.47981e-07
16620 -6.48122e-07
16630 -6.48923e-07
16640 -6.49153e-07
16650 -6.48457e-07
16660 -6.47904e-07
16670 -6.48344e-07
16680 -6.49102e-07
16690 -6.49015e-07
16700 -6.48214e-07
16710 -6.47929e-07
16720 -6.48599e-07
16730 -6.49196e-07
16740 -6.48804e-07
16750 -6.48023e-07
16760 -6.4805e-07
16770 -6.48846e-07
16780 -6.4919e-07
16790 -6.48555e-07
16800 -6.47912e-07
16810 -6.48247e-07
16820 -6.49048e-07
16830 -6.49089e-07
16840 -6.48305e-07
16850 -6.47896e-07
16860 -6.48489e-07
16870 -6.49177e-07
16880 -6.48908e-07
16890 -6.48092e-07
16900 -6.47976e-07
16910 -6.48739e-07
16920 -6.49216e-07
16930 -6.48677e-07
16940 -6.47944e-07
16950 -6.48137e-07
16960 -6.48963e-07
16970 -6.4916e-07
16980 -6.48427e-07
16990 -6.47881e-07
17000 -6.48357e-07
17010 -6.49129e-07
17020 -6.49021e-07
17030 -6.48195e-07
17040 -6.4791e-07
17050 -6.48602e-07
17060 -6.49217e-07
17070 -6.48818e-07
17080 -6.48011e-07
17090 -6.48025e-07
17100 -6.4884e-07
17110 -6.49216e-07
17120 -6.4858e-07
17130 -6.47898e-07
17140 -6.48209e-07
17150 -6.4904e-07
17160 -6.49129e-07
17170 -6.48338e-07
17180 -6.47869e-07
17190 -6.48436e-07
17200 -6.49178e-07
17210 -6.48969e-07
17220 -6.48124e-07
17230 -6.47926e-07
17240 -6.48676e-07
17250 -6.49238e-07
17260 -6.48758e-07
17270 -6.47963e-07
17280 -6.48059e-07
17290 -6.48902e-07
17300 -6.49214e-07
17310 -6.48522e-07
17320 -6.47872e-07
17330 -6.4825e-07
17340 -6.49085e-07
17350 -6.49113e-07
17360 -6.4829e-07
17370 -6.47861e-07
17380 -6.48475e-07
17390 -6.49206e-07
17400 -6.48947e-07
17410 -6.48089e-07
17420 -6.47928e-07
17430 -6.48709e-07
17440 -6.49253e-07
17450 -6.48737e-07
17460 -6.47939e-07
17470 -6.48064e-07
17480 -6.48924e-07
17490 -6.49223e-07
17500 -6.48508e-07
17510 -6.47856e-07
17520 -6.48252e-07
17530 -6.49099e-07
17540 -6.49122e-07
17550 -6.48284e-07
17560 -6.47847e-07
17570 -6.4847e-07
17580 -6.49216e-07
17590 -6.48962e-07
17600 -6.48088e-07
17610 -6.47909e-07
17620 -6.48696e-07
17630 -6.49266e-07
17640 -6.48761e-07
17650 -6.47939e-07
17660 -6.48035e-07
17670 -6.48907e-07
17680 -6.49245e-07
17690 -6.48541e-07
17700 -6.4785e-07
17710 -6.4821e-07
17720 -6.49082e-07
17730 -6.49159e-07
17740 -6.48323e-07
17750 -6.47827e-07
17760 -6.48416e-07
17770 -6.49208e-07
17780 -6.49017e-07
17790 -6.48127e-07
17800 -6.4787e-07
17810 -6.48633e-07
17820 -6.49274e-07
17830 -6.48834e-07
17840 -6.47969e-07
17850 -6.47973e-07
17860 -6.48841e-07
17870 -6.49277e-07
17880 -6.48628e-07
17890 -6.47863e-07
17900 -6.48124e-07
17910 -6.49024e-07
17920 -6.49219e-07
17930 -6.48417e-07
17940 -6.47813e-07
17950 -6.48309e-07
17960 -6.49167e-07
17970 -6.49108e-07
17980 -6.48218e-07
17990 -6.47823e-07
18000 -6.48512e-07
18010 -6.49261e-07
18020 -6.48953e-07
18030 -6.48046e-07
18040 -6.47888e-07
18050 -6.48717e-07
18060 -6.493e-07
18070 -6.4877e-07
18080 -6.47913e-07
18090 -6.48003e-07
18100 -6.48907e-07
18110 -6.49284e-07
18120 -6.48572e-07
18130 -6.47827e-07
18140 -6.48155e-07
18150 -6.49071e-07
18160 -6.49217e-07
18170 -6.48375e-07
18180 -6.47792e-07
18190 -6.48333e-07
18200 -6.49198e-07
18210 -6.49106e-07
18220 -6.48191e-07
18230 -6.47807e-07
18240 -6.48524e-07
18250 -6.49282e-07
18260 -6.4896e-07
18270 -6.48032e-07
18280 -6.47869e-07
18290 -6.48714e-07
18300 -6.4932e-07
18310 -6.4879e-07
18320 -6.47906e-07
18330 -6.47973e-07
18340 -6.48893e-07
18350 -6.49311e-07
18360 -6.48608e-07
18370 -6.4782e-07
18380 -6.48108e-07
18390 -6.4905e-07
18400 -6.49258e-07
18410 -6.48425e-07
18420 -6.47775e-07
18430 -6.48267e-07
18440 -6.49178e-07
18450 -6.49168e-07
18460 -6.48251e-07
18470 -6.47773e-07
18480 -6.48438e-07
18490 -6.49271e-07
18500 -6.49047e-07
18510 -6.48094e-07
18520 -6.4781e-07
18530 -6.48613e-07
18540 -6.49327e-07
18550 -6.48904e-07
18560 -6.47962e-07
18570 -6.47882e-07
18580 -6.48782e-07
18590 -6.49346e-07
18600 -6.48746e-07
18610 -6.47859e-07
18620 -6.47983e-07
18630 -6.48939e-07
18640 -6.49329e-07
18650 -6.48582e-07
18660 -6.47788e-07
18670 -6.48108e-07
18680 -6.49076e-07
18690 -6.49279e-07
18700 -6.48419e-07
18710 -6.4775e-07
18720 -6.48249e-07
18730 -6.4919e-07
18740 -6.49201e-07
18750 -6.48264e-07
18760 -6.47743e-07
18770 -6.48398e-07
18780 -6.49277e-07
18790 -6.491e-07
18800 -6.48123e-07
18810 -6.47766e-07
18820 -6.4855e-07
18830 -6.49337e-07
18840 -6.48982e-07
18850 -6.48e-07
18860 -6.47816e-07
18870 -6.48699e-07
18880 -6.49369e-07
18890 -6.48853e-07
18900 -6.47897e-07
18910 -6.47888e-07
18920 -6.4884e-07
18930 -6.49375e-07
18940 -6.48716e-07
18950 -6.47816e-07
18960 -6.47978e-07
18970 -6.4897e-07
18980 -6.49357e-07
18990 -6.48579e-07
19000 -6.47758e-07
19010 -6.48082e-07
19020 -6.49084e-07
19030 -6.49318e-07
19040 -6.48444e-07
19050 -6.47722e-07
19060 -6.48194e-07
19070 -6.49182e-07
19080 -6.49261e-07
19090 -6.48316e-07
19100 -6.47707e-07
19110 -6.48313e-07
19120 -6.49263e-07
19130 -6.4919e-07
19140 -6.48197e-07
19150 -6.47711e-07
19160 -6.48432e-07
19170 -6.49326e-07
19180 -6.49108e-07
19190 -6.48089e-07
19200 -6.47731e-07
19210 -6.4855e-07
19220 -6.49372e-07
19230 -6.49017e-07
19240 -6.47993e-07
19250 -6.47766e-07
19260 -6.48664e-07
19270 -6.49402e-07
19280 -6.48923e-07
19290 -6.4791e-07
19300 -6.47812e-07
19310 -6.48771e-07
19320 -6.49417e-07
19330 -6.48826e-07
19340 -6.4784e-07
19350 -6.47868e-07
19360 -6.48871e-07
19370 -6.4942e-07
19380 -6.4873e-07
19390 -6.47783e-07
19400 -6.47929e-07
19410 -6.48962e-07
19420 -6.49411e-07
19430 -6.48636e-07
19440 -6.47737e-07
19450 -6.47995e-07
19460 -6.49044e-07
19470 -6.49394e-07
19480 -6.48546e-07
19490 -6.47703e-07
19500 -6.48062e-07
19510 -6.49117e-07
19520 -6.4937e-07
19530 -6.48461e-07
19540 -6.47677e-07
19550 -6.4813e-07
19560 -6.49181e-07
19570 -6.49341e-07
19580 -6.48383e-07
19590 -6.4766e-07
19600 -6.48197e-07
19610 -6.49236e-07
19620 -6.49309e-07
19630 -6.4831e-07
19640 -6.4765e-07
19650 -6.4826e-07
19660 -6.49283e-07
19670 -6.49275e-07
19680 -6.48245e-07
19690 -6.47644e-07
19700 -6.4832e-07
19710 -6.49323e-07
19720 -6.4924e-07
19730 -6.48187e-07
19740 -6.47643e-07
19750 -6.48375e-07
19760 -6.49356e-07
19770 -6.49207e-07
19780 -6.48136e-07
19790 -6.47644e-07
19800 -6.48425e-07
19810 -6.49384e-07
19820 -6.49177e-07
19830 -6.48091e-07
19840 -6.47647e-07
19850 -6.48469e-07
19860 -6.49407e-07
19870 -6.49149e-07
19880 -6.48053e-07
19890 -6.47651e-07
19900 -6.48506e-07
19910 -6.49426e-07
19920 -6.49125e-07
19930 -6.48022e-07
19940 -6.47654e-07
19950 -6.48537e-07
19960 -6.49442e-07
19970 -6.49107e-07
19980 -6.47996e-07
19990 -6.47656e-07
20000 -6.48561e-07
20010 -6.49454e-07
20020 -6.49093e-07
20030 -6.47977e-07
20040 -6.47656e-07
20050 -6.48577e-07
20060 -6.49465e-07
20070 -6.49086e-07
20080 -6.47964e-07
20090 -6.47653e-07
20100 -6.48586e-07
20110 -6.49473e-07
20120 -6.49084e-07
20130 -6.47956e-07
20140 -6.47648e-07
20150 -6.48588e-07
20160 -6.49479e-07
20170 -6.49089e-07
20180 -6.47955e-07
20190 -6.4764e-07
20200 -6.48582e-07
20210 -6.49483e-07
20220 -6.49101e-07
20230 -6.4796e-07
20240 -6.4763e-07
20250 -6.48567e-07
20260 -6.49484e-07
20270 -6.4912e-07
20280 -6.47972e-07
20290 -6.47617e-07
20300 -6.48544e-07
20310 -6.49483e-07
20320 -6.49145e-07
20330 -6.47991e-07
20340 -6.47602e-07
20350 -6.48513e-07
20360 -6.49478e-07
20370 -6.49176e-07
20380 -6.48017e-07
20390 -6.47585e-07
20400 -6.48472e-07
20410 -6.49469e-07
20420 -6.49214e-07
20430 -6.48053e-07
20440 -6.47568e-07
20450 -6.48423e-07
20460 -6.49454e-07
20470 -6.49257e-07
20480 -6.48097e-07
20490 -6.47552e-07
20500 -6.48364e-07
20510 -6.49432e-07
20520 -6.49305e-07
20530 -6.48152e-07
20540 -6.47538e-07
20550 -6.48297e-07
20560 -6.49402e-07
20570 -6.49356e-07
20580 -6.48218e-07
20590 -6.47528e-07
20600 -6.48221e-07
20610 -6.49362e-07
20620 -6.49409e-07
20630 -6.48296e-07
20640 -6.47524e-07
20650 -6.48137e-07
20660 -6.4931e-07
20670 -6.49462e-07
20680 -6.48385e-07
20690 -6.47529e-07
20700 -6.48047e-07
20710 -6.49245e-07
20720 -6.49512e-07
20730 -6.48487e-07
20740 -6.47545e-07
20750 -6.47952e-07
20760 -6.49164e-07
20770 -6.49557e-07
20780 -6.486e-07
20790 -6.47575e-07
20800 -6.47855e-07
20810 -6.49067e-07
20820 -6.49592e-07
20830 -6.48725e-07
20840 -6.47623e-07
20850 -6.47758e-07
20860 -6.48952e-07
20870 -6.49614e-07
20880 -6.48858e-07
20890 -6.4769e-07
20900 -6.47665e-07
20910 -6.4882e-07
20920 -6.49618e-07
20930 -6.48998e-07
20940 -6.4778e-07
20950 -6.47582e-07
20960 -6.48669e-07
20970 -6.49601e-07
20980 -6.49139e-07
20990 -6.47894e-07
21000 -6.47513e-07
21010 -6.48503e-07
21020 -6.49556e-07
21030 -6.49278e-07
21040 -6.48033e-07
21050 -6.47464e-07
21060 -6.48323e-07
21070 -6.49478e-07
21080 -6.49405e-07
21090 -6.48196e-07
21100 -6.47441e-07
21110 -6.48134e-07
21120 -6.49364e-07
21130 -6.49512e-07
21140 -6.48378e-07
21150 -6.47447e-07
21160 -6.47939e-07
21170 -6.49208e-07
21180 -6.49587e-07
21190 -6.48572e-07
21200 -6.47485e-07
21210 -6.47743e-07
21220 -6.49004e-07
21230 -6.49614e-07
21240 -6.48764e-07
21250 -6.47552e-07
21260 -6.47547e-07
21270 -6.48746e-07
21280 -6.49572e-07
21290 -6.48931e-07
21300 -6.47634e-07
21310 -6.47346e-07
21320 -6.48417e-07
21330 -6.4943e-07
21340 -6.49034e-07
21350 -6.47703e-07
21360 -6.47119e-07
21370 -6.47992e-07
21380 -6.49139e-07
21390 -6.49011e-07
21400 -6.47701e-07
21410 -6.46819e-07
21420 -6.47414e-07
21430 -6.48618e-07
21440 -6.48759e-07
21450 -6.47519e-07
21460 -6.46343e-07
21470 -6.46575e-07
21480 -6.47726e-07
21490 -6.48097e-07
21500 -6.46962e-07
21510 -6.45495e-07
21520 -6.45265e-07
21530 -6.46211e-07
21540 -6.4672e-07
21550 -6.45682e-07
21560 -6.43911e-07
21570 -6.43092e-07
21580 -6.43623e-07
21590 -6.44092e-07
21600 -6.43071e-07
21610 -6.40927e-07
21620 -6.39342e-07
21630 -6.39158e-07
21640 -6.39282e-07
21650 -6.38063e-07
21660 -6.35368e-07
21670 -6.32735e-07
21680 -6.31389e-07
21690 -6.30664e-07
21700 -6.2881e-07
21710 -6.2518e-07
21720 -6.2101e-07
21730 -6.17814e-07
21740 -6.15419e-07
21750 -6.12128e-07
21760 -6.06804e-07
21770 -6.00242e-07
21780 -5.9409e-07
21790 -5.88693e-07
21800 -5.82563e-07
21810 -5.74153e-07
21820 -5.63688e-07
21830 -5.52762e-07
21840 -5.42197e-07
21850 -5.30856e-07
21860 -5.16899e-07
21870 -4.99901e-07
21880 -4.81179e-07
21890 -4.61912e-07
21900 -4.41411e-07
21910 -4.17698e-07
21920 -3.89661e-07
21930 -3.58102e-07
21940 -3.24355e-07
21950 -2.88202e-07
21960 -2.47682e-07
21970 -2.01015e-07
21980 -1.48252e-07
21990 -9.05924e-08
22000 -2.82056e-08
22010 4.07347e-08
22020 1.18621e-07
22030 2.06364e-07
22040 3.03271e-07
22050 4.09015e-07
22060 5.25252e-07
22070 6.54926e-07
22080 8.00099e-07
22090 9.61031e-07
22100 1.13763e-06
22110 1.3315e-06
22120 1.54613e-06
22130 1.78492e-06
22140 2.04957e-06
22150 2.34083e-06
22160 2.66061e-06
22170 3.01304e-06
22180 3.40309e-06
22190 3.8345e-06
22200 4.30963e-06
22210 4.83136e-06
22220 5.40486e-06
22230 6.03699e-06
22240 6.73422e-06
22250 7.50157e-06
22260 8.34395e-06
22270 9.26831e-06
22280 1.0284e-05
22290 1.14012e-05
22300 1.26288e-05
22310 1.39752e-05
22320 1.54507e-05
22330 1.70681e-05
22340 1.88423e-05
22350 2.0788e-05
22360 2.29194e-05
22370 2.52518e-05
22380 2.78033e-05
22390 3.05957e-05
22400 3.36516e-05
22410 3.69935e-05
22420 4.0645e-05
22430 4.46326e-05
22440 4.89872e-05
22450 5.37425e-05
22460 5.89334e-05
22470 6.45957e-05
22480 7.07686e-05
22490 7.74963e-05
22500 8.48279e-05
22510 9.28155e-05
22520 0.000101513
22530 0.000110979
22540 0.000121276
22550 0.000132474
22560 0.000144651
22570 0.000157886
22580 0.000172263
22590 0.000187874
22600 0.00020482
22610 0.000223209
22620 0.000243159
22630 0.00026479
22640 0.000288236
22650 0.000313637
22660 0.000341149
22670 0.000370937
22680 0.000403177
22690 0.000438056
22700 0.000475774
22710 0.000516547
22720 0.000560609
22730 0.000608207
22740 0.000659604
22750 0.000715081
22760 0.000774938
22770 0.000839499
22780 0.000909107
22790 0.00098413
22800 0.00106496
22810 0.001152
22820 0.0012457
22830 0.00134654
22840 0.00145501
22850 0.00157165
22860 0.00169702
22870 0.00183173
22880 0.00197642
22890 0.00213177
22900 0.0022985
22910 0.00247737
22920 0.0026692
22930 0.00287483
22940 0.0030952
22950 0.00333125
22960 0.00358402
22970 0.00385457
22980 0.00414405
22990 0.00445367
23000 0.00478469
23010 0.00513847
23020 0.00551641
23030 0.00592002
23040 0.00635087
23050 0.00681063
23060 0.00730104
23070 0.00782395
23080 0.0083813
23090 0.00897511
23100 0.00960754
23110 0.0102808
23120 0.0109974
23130 0.0117596
23140 0.0125701
23150 0.0134317
23160 0.0143472
23170 0.0153195
23180 0.0163519
23190 0.0174476
23200 0.01861
23210 0.0198427
23220 0.0211494
23230 0.0225342
23240 0.0240009
23250 0.025554
23260 0.0271977
23270 0.0289368
23280 0.0307761
23290 0.0327205
23300 0.0347753
23310 0.0369458
23320 0.0392377
23330 0.0416568
23340 0.0442092
23350 0.0469011
23360 0.0497391
23370 0.0527299
23380 0.0558805
23390 0.059198
23400 0.06269
23410 0.0663642
23420 0.0702285
23430 0.0742911
23440 0.0785606
23450 0.0830456
23460 0.0877552
23470 0.0926986
23480 0.0978853
23490 0.103325
23500 0.109028
23510 0.115005
23520 0.121266
23530 0.127821
23540 0.134683
23550 0.141863
23560 0.149371
23570 0.15722
23580 0.165423
23590 0.173991
23600 0.182937
23610 0.192275
23620 0.202016
23630 0.212175
23640 0.222765
23650 0.2338
23660 0.245294
23670 0.25726
23680 0.269714
23690 0.282669
23700 0.29614
23710 0.310142
23720 0.324689
23730 0.339797
23740 0.355481
23750 0.371756
23760 0.388636
23770 0.406138
23780 0.424275
23790 0.443064
23800 0.462519
23810 0.482656
23820 0.503489
23830 0.525033
23840 0.547304
23850 0.570314
23860 0.594079
23870 0.618613
23880 0.64393
23890 0.670043
23900 0.696966
23910 0.72471
23920 0.75329
23930 0.782716
23940 0.813001
23950 0.844156
23960 0.876191
23970 0.909117
23980 0.942942
23990 0.977676
24000 1.01333
24010 1.0499
24020 1.08741
24030 1.12585
24040 1.16524
24050 1.20557
24060 1.24685
24070 1.28909
24080 1.33228
24090 1.37642
24100 1.42152
24110 1.46757
24120 1.51457
24130 1.56252
24140 1.61141
24150 1.66124
24160 1.71199
24170 1.76367
24180 1.81625
24190 1.86974
24200 1.92411
24210 1.97936
24220 2.03546
24230 2.09241
24240 2.15018
24250 2.20876
24260 2.26813
24270 2.32826
24280 2.38913
24290 2.45071
24300 2.51299
24310 2.57592
24320 2.6395
24330 2.70367
24340 2.76842
24350 2.8337
24360 2.89949
24370 2.96575
24380 3.03244
24390 3.09952
24400 3.16696
24410 3.2347
24420 3.30272
24430 3.37097
24440 3.4394
24450 3.50796
24460 3.57662
24470 3.64532
24480 3.71401
24490 3.78265
24500 3.85119
24510 3.91956
24520 3.98773
24530 4.05564
24540 4.12323
24550 4.19046
24560 4.25726
24570 4.32358
24580 4.38938
24590 4.45458
24600 4.51915
24610 4.58301
24620 4.64612
24630 4.70843
24640 4.76986
24650 4.83038
24660 4.88992
24670 4.94844
24680 5.00586
24690 5.06216
24700 5.11726
24710 5.17111
24720 5.22368
24730 5.2749
24740 5.32472
24750 5.3731
24760 5.41999
24770 5.46534
24780 5.50911
24790 5.55125
24800 5.59172
24810 5.63048
24820 5.6675
24830 5.70272
24840 5.73613
24850 5.76767
24860 5.79733
24870 5.82506
24880 5.85084
24890 5.87465
24900 5.89646
24910 5.91624
24920 5.93397
24930 5.94964
24940 5.96323
24950 5.97473
24960 5.98412
24970 5.99139
24980 5.99653
24990 5.99955
25000 6.00044
25010 5.99919
25020 5.99581
25030 5.9903
25040 5.98266
25050 5.97292
25060 5.96107
25070 5.94713
25080 5.93111
25090 5.91303
25100 5.89292
25110 5.87078
25120 5.84665
25130 5.82055
25140 5.79251
25150 5.76256
25160 5.73072
25170 5.69704
25180 5.66154
25190 5.62427
25200 5.58525
25210 5.54454
25220 5.50217
25230 5.45818
25240 5.41263
25250 5.36555
25260 5.31699
25270 5.267
25280 5.21562
25290 5.16292
25300 5.10893
25310 5.05371
25320 4.99732
25330 4.9398
25340 4.88121
25350 4.82161
25360 4.76104
25370 4.69957
25380 4.63724
25390 4.57412
25400 4.51026
25410 4.44571
25420 4.38053
25430 4.31477
25440 4.2485
25450 4.18176
25460 4.11461
25470 4.0471
25480 3.97929
25490 3.91122
25500 3.84296
25510 3.77455
25520 3.70605
25530 3.6375
25540 3.56895
25550 3.50045
25560 3.43206
25570 3.3638
25580 3.29573
25590 3.2279
25600 3.16035
25610 3.09311
25620 3.02623
25630 2.95975
25640 2.8937
25650 2.82812
25660 2.76305
25670 2.69853
25680 2.63457
25690 2.57123
25700 2.50851
25710 2.44646
25720 2.3851
25730 2.32446
25740 2.26456
25750 2.20541
25760 2.14706
25770 2.08951
25780 2.03278
25790 1.97689
25800 1.92186
25810 1.8677
25820 1.81442
25830 1.76204
25840 1.71056
25850 1.66001
25860 1.61037
25870 1.56167
25880 1.51391
25890 1.46709
25900 1.42121
25910 1.37628
25920 1.3323
25930 1.28927
25940 1.24719
25950 1.20606
25960 1.16587
25970 1.12662
25980 1.08831
25990 1.05092
26000 1.01447
26010 0.978932
26020 0.944306
26030 0.910584
26040 0.877755
26050 0.845811
26060 0.814741
26070 0.784536
26080 0.755184
26090 0.726673
26100 0.698992
26110 0.672127
26120 0.646067
26130 0.620799
26140 0.596308
26150 0.57258
26160 0.549603
26170 0.527362
26180 0.505842
26190 0.48503
26200 0.464909
26210 0.445466
26220 0.426685
26230 0.408552
26240 0.391052
26250 0.374169
26260 0.357889
26270 0.342196
26280 0.327076
26290 0.312514
26300 0.298495
26310 0.285004
26320 0.272027
26330 0.25955
26340 0.247557
26350 0.236035
26360 0.22497
26370 0.214349
26380 0.204156
26390 0.19438
26400 0.185007
26410 0.176024
26420 0.167418
26430 0.159176
26440 0.151287
26450 0.143739
26460 0.136519
26470 0.129615
26480 0.123018
26490 0.116715
26500 0.110696
26510 0.104951
26520 0.0994687
26530 0.0942396
26540 0.089254
26550 0.0845024
26560 0.0799755
26570 0.0756646
26580 0.0715608
26590 0.0676557
26600 0.0639413
26610 0.0604095
26620 0.0570527
26630 0.0538634
26640 0.0508346
26650 0.0479592
26660 0.0452305
26670 0.042642
26680 0.0401876
26690 0.0378611
26700 0.0356567
26710 0.0335689
26720 0.0315922
26730 0.0297214
26740 0.0279516
26750 0.0262779
26760 0.0246958
26770 0.0232008
26780 0.0217886
26790 0.0204551
26800 0.0191965
26810 0.0180091
26820 0.0168891
26830 0.0158332
26840 0.0148381
26850 0.0139007
26860 0.0130179
26870 0.0121869
26880 0.0114049
26890 0.0106694
26900 0.00997775
26910 0.00932768
26920 0.00871689
26930 0.00814324
26940 0.00760467
26950 0.00709923
26960 0.00662505
26970 0.00618037
26980 0.00576351
26990 0.00537287
27000 0.00500695
27010 0.00466431
27020 0.00434358
27030 0.00404349
27040 0.00376281
27050 0.00350038
27060 0.00325511
27070 0.00302597
27080 0.00281196
27090 0.00261217
27100 0.00242571
27110 0.00225177
27120 0.00208956
27130 0.00193836
27140 0.00179746
27150 0.00166622
27160 0.00154402
27170 0.00143027
27180 0.00132445
27190 0.00122601
27200 0.00113449
27210 0.00104943
27220 0.000970396
27230 0.000896995
27240 0.00082885
27250 0.000765611
27260 0.000706947
27270 0.000652548
27280 0.000602123
27290 0.000555398
27300 0.000512117
27310 0.000472039
27320 0.000434939
27330 0.000400607
27340 0.000368849
27350 0.000339482
27360 0.000312338
27370 0.00028726
27380 0.000264099
27390 0.000242719
27400 0.000222991
27410 0.000204793
27420 0.000188012
27430 0.000172542
27440 0.000158285
27450 0.000145148
27460 0.000133048
27470 0.000121906
27480 0.00011165
27490 0.000102214
27500 9.35362e-05
27510 8.5561e-05
27520 7.82352e-05
27530 7.15095e-05
27540 6.53375e-05
27550 5.96757e-05
27560 5.44833e-05
27570 4.9722e-05
27580 4.53564e-05
27590 4.13536e-05
27600 3.76835e-05
27610 3.43188e-05
27620 3.12347e-05
27630 2.84088e-05
27640 2.58211e-05
27650 2.34533e-05
27660 2.12888e-05
27670 1.93121e-05
27680 1.75089e-05
27690 1.58656e-05
27700 1.43694e-05
27710 1.30079e-05
27720 1.17694e-05
27730 1.06426e-05
27740 9.61692e-06
27750 8.68257e-06
27760 7.83046e-06
27770 7.05236e-06
27780 6.34093e-06
27790 5.68974e-06
27800 5.0932e-06
27810 4.54655e-06
27820 4.04574e-06
27830 3.58737e-06
27840 3.16854e-06
27850 2.78675e-06
27860 2.43983e-06
27870 2.12577e-06
27880 1.84273e-06
27890 1.5889e-06
27900 1.36251e-06
27910 1.16177e-06
27920 9.84865e-07
27930 8.29967e-07
27940 6.95241e-07
27950 5.78854e-07
27960 4.79005e-07
27970 3.93943e-07
27980 3.21988e-07
27990 2.61551e-07
28000 2.11145e-07
28010 1.69403e-07
28020 1.35077e-07
28030 1.07047e-07
28040 8.43169e-08
28050 6.60106e-08
28060 5.13675e-08
28070 3.97336e-08
28080 3.0552e-08
28090 2.33536e-08
28100 1.77468e-08
28110 1.34079e-08
28120 1.00715e-08
28130 7.52213e-09
28140 5.58632e-09
28150 4.12542e-09
28160 3.02962e-09
28170 2.21263e-09
28180 1.60713e-09
28190 1.16101e-09
28200 8.34218e-10
28210 5.96221e-10
28220 4.23875e-10
28230 2.99771e-10
28240 2.10903e-10
28250 1.47617e-10
28260 1.02794e-10
28270 7.12196e-11
28280 4.90958e-11
28290 3.36762e-11
28300 2.29854e-11
28310 1.56116e-11
28320 1.05518e-11
28330 7.09752e-12
28340 4.75119e-12
28350 3.16541e-12
28360 2.09897e-12
28370 1.38529e-12
28380 9.10029e-13
28390 5.95059e-13
28400 3.8732e-13
28410 2.50956e-13
28420 1.61867e-13
28430 1.03936e-13
28440 6.64403e-14
28450 4.22832e-14
28460 2.6791e-14
28470 1.69007e-14
28480 1.06152e-14
28490 6.63855e-15
28500 4.13378e-15
28510 2.5631e-15
28520 1.58247e-15
28530 9.72902e-16
28540 5.95632e-16
28550 3.63138e-16
28560 2.20475e-16
28570 1.33307e-16
28580 8.02717e-17
28590 4.81388e-17
28600 2.87516e-17
28610 1.7103e-17
28620 1.01329e-17
28630 5.9794e-18
28640 3.5144e-18
28650 2.05741e-18
28660 1.19972e-18
28670 6.96839e-19
28680 4.03171e-19
28690 2.32357e-19
28700 1.33396e-19
28710 7.62877e-20
28720 4.34612e-20
28730 2.46655e-20
28740 1.39453e-20
28750 7.85453e-21
28760 4.40734e-21
28770 2.46379e-21
28780 1.37217e-21
28790 7.61366e-22
28800 4.20891e-22
28810 2.31816e-22
28820 1.2721e-22
28830 6.95514e-23
28840 3.78885e-23
28850 2.0565e-23
28860 1.11219e-23
28870 5.99326e-24
28880 3.218e-24
28890 1.72168e-24
28900 9.17848e-25
28910 4.87578e-25
28920 2.58095e-25
28930 1.36139e-25
28940 7.15575e-26
28950 3.74805e-26
28960 1.95632e-26
28970 1.01756e-26
28980 5.27439e-27
28990 2.72447e-27
29000 1.40247e-27
29010 7.19471e-28
29020 3.67827e-28
29030 1.87409e-28
29040 9.51605e-29
29050 4.81558e-29
29060 2.42868e-29
29070 1.22074e-29
29080 6.1153e-30
29090 3.05319e-30
29100 1.51927e-30
29110 7.53474e-31
29120 3.72439e-31
29130 1.83485e-31
29140 9.00969e-32
29150 4.40946e-32
29160 2.15095e-32
29170 1.0458e-32
29180 5.06812e-33
29190 2.44808e-33
29200 1.17866e-33
29210 5.65644e-34
29220 2.70575e-34
29230 1.29012e-34
29240 6.13154e-35
29250 2.90477e-35
29260 1.37171e-35
29270 6.45683e-36
29280 3.02964e-36
29290 1.41702e-36
29300 6.60668e-37
29310 3.07051e-37
29320 1.42254e-37
29330 6.5697e-38
29340 3.02454e-38
29350 1.38805e-38
29360 6.35025e-39
29370 2.89612e-39
29380 1.31669e-39
29390 5.96758e-40
29400 2.69626e-40
29410 1.21444e-40
29420 5.45312e-41
29430 2.44102e-41
29440 1.08932e-41
29450 4.84624e-42
29460 2.1494e-42
29470 9.50383e-43
29480 4.18938e-43
29490 1.84108e-43
29500 8.06625e-44
29510 3.52329e-44
29520 1.53428e-44
29530 6.66105e-45
29540 2.88314e-45
29550 1.24416e-45
29560 5.35275e-46
29570 2.29598e-46
29580 9.81871e-47
29590 4.18636e-47
29600 1.77958e-47
29610 7.54221e-48
29620 3.18701e-48
29630 1.34268e-48
29640 5.63986e-49
29650 2.36197e-49
29660 9.86257e-50
29670 4.10601e-50
29680 1.70438e-50
29690 7.05387e-51
29700 2.91078e-51
29710 1.1976e-51
29720 4.9129e-52
29730 2.00951e-52
29740 8.19535e-53
29750 3.33253e-53
29760 1.35117e-53
29770 5.46237e-54
29780 2.20184e-54
29790 8.84963e-55
29800 3.54652e-55
29810 1.41716e-55
29820 5.64649e-56
29830 2.24326e-56
29840 8.8864e-57
29850 3.51009e-57
29860 1.38248e-57
29870 5.42935e-58
29880 2.12613e-58
29890 8.302e-59
29900 3.23244e-59
29910 1.25497e-59
29920 4.85838e-60
29930 1.87537e-60
29940 7.21617e-61
29950 2.76266e-61
29960 1.03846e-61
29970 3.46316e-62
29980 0
