-10 0
0 1.66695e-45
10 4.89842e-45
20 1.26817e-44
30 3.21079e-44
40 8.0656e-44
50 2.01512e-43
60 5.01034e-43
70 1.24011e-42
80 3.05613e-42
90 7.50015e-42
100 1.8332e-41
110 4.46307e-41
120 1.08235e-40
130 2.61479e-40
140 6.29287e-40
150 1.50874e-39
160 3.60364e-39
170 8.57485e-39
180 2.0327e-38
190 4.80041e-38
200 1.12939e-37
210 2.64705e-37
220 6.18067e-37
230 1.43767e-36
240 3.33146e-36
250 7.6905e-36
260 1.76856e-35
270 4.05159e-35
280 9.24634e-35
290 2.10209e-34
300 4.76064e-34
310 1.07402e-33
320 2.41372e-33
330 5.40366e-33
340 1.20507e-32
350 2.67706e-32
360 5.92409e-32
370 1.30587e-31
380 2.86744e-31
390 6.27188e-31
400 1.3665e-30
410 2.96569e-30
420 6.41129e-30
430 1.38059e-29
440 2.9613e-29
450 6.32694e-29
460 1.34647e-28
470 2.85424e-28
480 6.02658e-28
490 1.26746e-27
500 2.6551e-27
510 5.53993e-27
520 1.15134e-26
530 2.3833e-26
540 4.91386e-26
550 1.0091e-25
560 2.06401e-25
570 4.20486e-25
580 8.53199e-25
590 1.72428e-24
600 3.4707e-24
610 6.95791e-24
620 1.38928e-23
630 2.76278e-23
640 5.47199e-23
650 1.07941e-22
660 2.12062e-22
670 4.1493e-22
680 8.08573e-22
690 1.56925e-21
700 3.03314e-21
710 5.83869e-21
720 1.11933e-20
730 2.13708e-20
740 4.06349e-20
750 7.69463e-20
760 1.45106e-19
770 2.72516e-19
780 5.09683e-19
790 9.49314e-19
800 1.76083e-18
810 3.25252e-18
820 5.98295e-18
830 1.09597e-17
840 1.99926e-17
850 3.63182e-17
860 6.56991e-17
870 1.18351e-16
880 2.12305e-16
890 3.79244e-16
900 6.74602e-16
910 1.19493e-15
920 2.10766e-15
930 3.70185e-15
940 6.47433e-15
950 1.12752e-14
960 1.95527e-14
970 3.37627e-14
980 5.80514e-14
990 9.93874e-14
1000 1.6943e-13
1010 2.87597e-13
1020 4.86087e-13
1030 8.18038e-13
1040 1.37076e-12
1050 2.28704e-12
1060 3.79935e-12
1070 6.28438e-12
1080 1.03498e-11
1090 1.69713e-11
1100 2.77082e-11
1110 4.50411e-11
1120 7.28976e-11
1130 1.17468e-10
1140 1.88462e-10
1150 3.01038e-10
1160 4.78755e-10
1170 7.58043e-10
1180 1.19498e-09
1190 1.87547e-09
1200 2.9305e-09
1210 4.55878e-09
1220 7.06043e-09
1230 1.08864e-08
1240 1.67111e-08
1250 2.55384e-08
1260 3.88546e-08
1270 5.88507e-08
1280 8.87395e-08
1290 1.3321e-07
1300 1.9907e-07
1310 2.96157e-07
1320 4.38614e-07
1330 6.46674e-07
1340 9.49132e-07
1350 1.38677e-06
1360 2.01703e-06
1370 2.92046e-06
1380 4.20936e-06
1390 6.03956e-06
1400 8.62611e-06
1410 1.22643e-05
1420 1.73574e-05
1430 2.44534e-05
1440 3.42927e-05
1450 4.78707e-05
1460 6.65184e-05
1470 9.20055e-05
1480 0.000126673
1490 0.000173598
1500 0.00023681
1510 0.000321545
1520 0.00043458
1530 0.000584629
1540 0.000782835
1550 0.00104337
1560 0.00138413
1570 0.00182763
1580 0.00240197
1590 0.00314204
1600 0.0040909
1610 0.00530133
1620 0.00683766
1630 0.00877777
1640 0.0112153
1650 0.0142622
1660 0.0180513
1670 0.022739
1680 0.0285085
1690 0.0355724
1700 0.0441761
1710 0.0546
1720 0.0671624
1730 0.0822216
1740 0.100177
1750 0.121471
1760 0.146586
1770 0.176047
1780 0.210414
1790 0.250284
1800 0.296276
1810 0.349032
1820 0.4092
1830 0.477425
1840 0.554333
1850 0.640516
1860 0.736513
1870 0.842791
1880 0.959721
1890 1.08756
1900 1.22643
1910 1.3763
1920 1.53694
1930 1.70794
1940 1.8887
1950 2.07836
1960 2.27585
1970 2.47988
1980 2.68893
1990 2.90127
2000 3.11496
2010 3.3279
2020 3.53787
2030 3.7425
2040 3.9394
2050 4.12613
2060 4.3003
2070 4.45959
2080 4.60183
2090 4.725
2100 4.82733
2110 4.90733
2120 4.96378
2130 4.99583
2140 5.00298
2150 4.9851
2160 4.94243
2170 4.87558
2180 4.78553
2190 4.67358
2200 4.54133
2210 4.39065
2220 4.22361
2230 4.04248
2240 3.84962
2250 3.64747
2260 3.4385
2270 3.22513
2280 3.00971
2290 2.79447
2300 2.58149
2310 2.37266
2320 2.16967
2330 1.97398
2340 1.78682
2350 1.60919
2360 1.44185
2370 1.28534
2380 1.13999
2390 1.00592
2400 0.883094
2410 0.771312
2420 0.670242
2430 0.579442
2440 0.498383
2450 0.426472
2460 0.363071
2470 0.307513
2480 0.259124
2490 0.21723
2500 0.181176
2510 0.150331
2520 0.124098
2530 0.101916
2540 0.0832699
2550 0.0676855
2560 0.0547351
2570 0.044035
2580 0.0352445
2590 0.0280636
2600 0.0222308
2610 0.0175197
2620 0.0137358
2630 0.0107137
2640 0.00831349
2650 0.00641773
2660 0.00492873
2670 0.00376568
2680 0.00286224
2690 0.00216433
2700 0.00162814
2710 0.00121847
2720 0.000907175
2730 0.000671922
2740 0.000495107
2750 0.000362937
2760 0.000264676
2770 0.000192021
2780 0.000138591
2790 9.95109e-05
2800 7.10818e-05
2810 5.05123e-05
2820 3.57097e-05
2830 2.51146e-05
2840 1.75718e-05
2850 1.22309e-05
2860 8.4694e-06
2870 5.83441e-06
2880 3.99846e-06
2890 2.72609e-06
2900 1.84901e-06
2910 1.24764e-06
2920 8.37519e-07
2930 5.59309e-07
2940 3.71588e-07
2950 2.45598e-07
2960 1.61489e-07
2970 1.05637e-07
2980 6.87452e-08
2990 4.45067e-08
3000 2.86658e-08
3010 1.83679e-08
3020 1.17088e-08
3030 7.4255e-09
3040 4.68486e-09
3050 2.94054e-09
3060 1.8362e-09
3070 1.1407e-09
3080 7.04994e-10
3090 4.33472e-10
3100 2.65164e-10
3110 1.61367e-10
3120 9.7705e-11
3130 5.88555e-11
3140 3.52697e-11
3150 2.10324e-11
3160 1.24772e-11
3170 7.3643e-12
3180 4.32847e-12
3190 2.52875e-12
3200 1.47294e-12
3210 8.54599e-13
3220 4.98157e-13
3230 2.8685e-13
3240 1.69487e-13
3250 9.07142e-14
3260 5.75199e-14
3270 3.49167e-14
3280 1.75864e-14
3290 1.21236e-14
3300 7.95194e-15
3310 3.94683e-15
3320 6.02383e-15
3330 -1.50278e-15
3340 -1.19895e-15
3350 -2.38382e-15
3360 -6.53447e-15
3370 1.20541e-15
3380 9.18053e-16
3390 -1.6315e-15
3400 2.18304e-15
3410 6.63952e-15
3420 4.82446e-15
3430 2.76232e-15
3440 4.46504e-15
3450 5.20195e-15
3460 6.29787e-15
3470 7.26984e-15
3480 4.43416e-15
3490 5.57282e-15
3500 5.61599e-15
3510 6.91397e-15
3520 6.60791e-15
3530 7.65759e-15
3540 6.52608e-15
3550 4.39248e-15
3560 8.39349e-15
3570 4.89623e-15
3580 6.22858e-15
3590 4.38479e-15
3600 7.15945e-15
3610 9.80603e-15
3620 5.79862e-15
3630 6.65027e-15
3640 9.20555e-15
3650 5.20994e-15
3660 5.72524e-15
3670 7.22394e-15
3680 1.10424e-14
3690 6.18518e-15
3700 1.09619e-14
3710 8.94512e-15
3720 9.16223e-15
3730 1.33554e-14
3740 1.45715e-14
3750 1.19307e-14
3760 1.28586e-14
3770 1.35439e-14
3780 1.17225e-14
3790 7.45912e-15
3800 4.96439e-15
3810 6.09846e-15
3820 3.40485e-15
3830 1.29305e-15
3840 1.97627e-15
3850 1.11973e-15
3860 2.30976e-15
3870 -1.7816e-15
3880 3.41405e-15
3890 2.1506e-15
3900 6.03244e-15
3910 2.37872e-15
3920 3.13521e-15
3930 2.43392e-15
3940 -6.87655e-15
3950 -3.6714e-15
3960 -2.67311e-15
3970 -3.82087e-17
3980 2.59092e-16
3990 -2.34146e-15
4000 2.29987e-15
4010 9.92775e-16
4020 3.12485e-15
4030 4.21256e-15
4040 5.51354e-15
4050 4.01644e-15
4060 4.12025e-15
4070 3.76004e-15
4080 4.71462e-15
4090 1.05316e-14
4100 4.12645e-15
4110 8.44197e-15
4120 7.51847e-15
4130 8.13408e-15
4140 1.09963e-14
4150 6.49792e-15
4160 8.44233e-15
4170 1.10785e-14
4180 1.26694e-14
4190 5.77443e-15
4200 7.24775e-15
4210 6.80642e-15
4220 9.02438e-15
4230 5.25439e-15
4240 7.63602e-15
4250 1.1084e-14
4260 6.90505e-15
4270 6.60247e-15
4280 6.67826e-15
4290 1.01161e-14
4300 9.89806e-15
4310 9.66751e-15
4320 7.90064e-15
4330 7.3422e-15
4340 4.52259e-15
4350 7.96527e-15
4360 5.06393e-15
4370 1.47517e-15
4380 2.46352e-15
4390 -1.29987e-15
4400 -5.0376e-15
4410 -1.11456e-15
4420 6.13744e-16
4430 1.48912e-15
4440 9.58181e-16
4450 -2.83257e-15
4460 9.18962e-16
4470 -2.6118e-15
4480 1.80711e-15
4490 -2.12897e-15
4500 -8.94342e-16
4510 -8.16728e-16
4520 -2.18987e-15
4530 6.39262e-16
4540 -1.17079e-15
4550 -3.12985e-16
4560 8.12795e-16
4570 -2.08691e-15
4580 -4.18904e-15
4590 -8.53527e-15
4600 -8.40807e-15
4610 -5.23799e-15
4620 -1.94803e-16
4630 -5.22821e-15
4640 -8.4249e-15
4650 -1.12108e-14
4660 -1.19446e-14
4670 -1.15456e-14
4680 -1.12136e-14
4690 -9.73712e-15
4700 -1.02854e-14
4710 -1.34913e-14
4720 -1.1264e-14
4730 -1.43419e-14
4740 -1.42285e-14
4750 -1.18407e-14
4760 -1.18782e-14
4770 -1.12801e-14
4780 -9.58605e-15
4790 -1.06074e-14
4800 -1.1149e-14
4810 -1.16943e-14
4820 -1.20297e-14
4830 -1.18274e-14
4840 -8.9368e-15
4850 -1.01527e-14
4860 -8.01696e-15
4870 -1.53618e-14
4880 -1.34822e-14
4890 -1.60058e-14
4900 -1.69237e-14
4910 -1.92868e-14
4920 -1.79627e-14
4930 -1.93861e-14
4940 -1.93483e-14
4950 -1.9419e-14
4960 -1.59154e-14
4970 -1.68476e-14
4980 -1.6343e-14
4990 -1.33071e-14
5000 -1.6343e-14
5010 -1.68476e-14
5020 -1.59154e-14
5030 -1.9419e-14
5040 -1.93483e-14
5050 -1.93861e-14
5060 -1.79627e-14
5070 -1.92868e-14
5080 -1.69237e-14
5090 -1.60058e-14
5100 -1.34822e-14
5110 -1.53618e-14
5120 -8.01696e-15
5130 -1.01527e-14
5140 -8.9368e-15
5150 -1.18274e-14
5160 -1.20297e-14
5170 -1.16943e-14
5180 -1.1149e-14
5190 -1.06074e-14
5200 -9.58605e-15
5210 -1.12801e-14
5220 -1.18782e-14
5230 -1.18407e-14
5240 -1.42285e-14
5250 -1.43419e-14
5260 -1.1264e-14
5270 -1.34913e-14
5280 -1.02854e-14
5290 -9.73712e-15
5300 -1.12136e-14
5310 -1.15456e-14
5320 -1.19446e-14
5330 -1.12108e-14
5340 -8.4249e-15
5350 -5.22821e-15
5360 -1.94803e-16
5370 -5.23799e-15
5380 -8.40807e-15
5390 -8.53527e-15
5400 -4.18904e-15
5410 -2.08691e-15
5420 8.12795e-16
5430 -3.12985e-16
5440 -1.17079e-15
5450 6.39262e-16
5460 -2.18987e-15
5470 -8.16728e-16
5480 -8.94342e-16
5490 -2.12897e-15
5500 1.80711e-15
5510 -2.6118e-15
5520 9.18962e-16
5530 -2.83257e-15
5540 9.58181e-16
5550 1.48912e-15
5560 6.13744e-16
5570 -1.11456e-15
5580 -5.0376e-15
5590 -1.29987e-15
5600 2.46352e-15
5610 1.47517e-15
5620 5.06393e-15
5630 7.96527e-15
5640 4.52259e-15
5650 7.3422e-15
5660 7.90064e-15
5670 9.66751e-15
5680 9.89806e-15
5690 1.01161e-14
5700 6.67826e-15
5710 6.60247e-15
5720 6.90505e-15
5730 1.1084e-14
5740 7.63602e-15
5750 5.25439e-15
5760 9.02438e-15
5770 6.80642e-15
5780 7.24775e-15
5790 5.77443e-15
5800 1.26694e-14
5810 1.10785e-14
5820 8.44233e-15
5830 6.49792e-15
5840 1.09963e-14
5850 8.13408e-15
5860 7.51847e-15
5870 8.44197e-15
5880 4.12645e-15
5890 1.05316e-14
5900 4.71462e-15
5910 3.76004e-15
5920 4.12025e-15
5930 4.01644e-15
5940 5.51354e-15
5950 4.21256e-15
5960 3.12485e-15
5970 9.92775e-16
5980 2.29987e-15
5990 -2.34146e-15
6000 2.59092e-16
6010 -3.82087e-17
6020 -2.67311e-15
6030 -3.6714e-15
6040 -6.87655e-15
6050 2.43392e-15
6060 3.13521e-15
6070 2.37872e-15
6080 6.03244e-15
6090 2.1506e-15
6100 3.41405e-15
6110 -1.7816e-15
6120 2.30976e-15
6130 1.11973e-15
6140 1.97627e-15
6150 1.29305e-15
6160 3.40485e-15
6170 6.09846e-15
6180 4.96439e-15
6190 7.45912e-15
6200 1.17225e-14
6210 1.35439e-14
6220 1.28586e-14
6230 1.19307e-14
6240 1.45715e-14
6250 1.33554e-14
6260 9.16223e-15
6270 8.94512e-15
6280 1.09619e-14
6290 6.18518e-15
6300 1.10424e-14
6310 7.22394e-15
6320 5.72524e-15
6330 5.20994e-15
6340 9.20555e-15
6350 6.65027e-15
6360 5.79862e-15
6370 9.80603e-15
6380 7.15945e-15
6390 4.38479e-15
6400 6.22858e-15
6410 4.89623e-15
6420 8.39349e-15
6430 4.39248e-15
6440 6.52608e-15
6450 7.65759e-15
6460 6.60791e-15
6470 6.91397e-15
6480 5.61599e-15
6490 5.57282e-15
6500 4.43416e-15
6510 7.26984e-15
6520 6.29787e-15
6530 5.20195e-15
6540 4.46504e-15
6550 2.76232e-15
6560 4.82446e-15
6570 6.63952e-15
6580 2.18304e-15
6590 -1.6315e-15
6600 9.18053e-16
6610 1.20541e-15
6620 -6.53447e-15
6630 -2.38382e-15
6640 -1.19895e-15
6650 -1.50278e-15
6660 6.02383e-15
6670 3.94683e-15
6680 7.95194e-15
6690 1.21236e-14
6700 1.75864e-14
6710 3.49167e-14
6720 5.75199e-14
6730 9.07142e-14
6740 1.69487e-13
6750 2.8685e-13
6760 4.98157e-13
6770 8.54599e-13
6780 1.47294e-12
6790 2.52875e-12
6800 4.32847e-12
6810 7.3643e-12
6820 1.24772e-11
6830 2.10324e-11
6840 3.52697e-11
6850 5.88555e-11
6860 9.7705e-11
6870 1.61367e-10
6880 2.65164e-10
6890 4.33472e-10
6900 7.04994e-10
6910 1.1407e-09
6920 1.8362e-09
6930 2.94054e-09
6940 4.68486e-09
6950 7.4255e-09
6960 1.17088e-08
6970 1.83679e-08
6980 2.86658e-08
6990 4.45067e-08
7000 6.87452e-08
7010 1.05637e-07
7020 1.61489e-07
7030 2.45598e-07
7040 3.71588e-07
7050 5.59309e-07
7060 8.37519e-07
7070 1.24764e-06
7080 1.84901e-06
7090 2.72609e-06
7100 3.99846e-06
7110 5.83441e-06
7120 8.4694e-06
7130 1.22309e-05
7140 1.75718e-05
7150 2.51146e-05
7160 3.57097e-05
7170 5.05123e-05
7180 7.10818e-05
7190 9.95109e-05
7200 0.000138591
7210 0.000192021
7220 0.000264676
7230 0.000362937
7240 0.000495107
7250 0.000671922
7260 0.000907175
7270 0.00121847
7280 0.00162814
7290 0.00216433
7300 0.00286224
7310 0.00376568
7320 0.00492873
7330 0.00641773
7340 0.00831349
7350 0.0107137
7360 0.0137358
7370 0.0175197
7380 0.0222308
7390 0.0280636
7400 0.0352445
7410 0.044035
7420 0.0547351
7430 0.0676855
7440 0.0832699
7450 0.101916
7460 0.124098
7470 0.150331
7480 0.181176
7490 0.21723
7500 0.259124
7510 0.307513
7520 0.363071
7530 0.426472
7540 0.498383
7550 0.579442
7560 0.670242
7570 0.771312
7580 0.883094
7590 1.00592
7600 1.13999
7610 1.28534
7620 1.44185
7630 1.60919
7640 1.78682
7650 1.97398
7660 2.16967
7670 2.37266
7680 2.58149
7690 2.79447
7700 3.00971
7710 3.22513
7720 3.4385
7730 3.64747
7740 3.84962
7750 4.04248
7760 4.22361
7770 4.39065
7780 4.54133
7790 4.67358
7800 4.78553
7810 4.87558
7820 4.94243
7830 4.9851
7840 5.00298
7850 4.99583
7860 4.96378
7870 4.90733
7880 4.82733
7890 4.725
7900 4.60183
7910 4.45959
7920 4.3003
7930 4.12613
7940 3.9394
7950 3.7425
7960 3.53787
7970 3.3279
7980 3.11496
7990 2.90127
8000 2.68893
8010 2.47988
8020 2.27585
8030 2.07836
8040 1.8887
8050 1.70794
8060 1.53694
8070 1.3763
8080 1.22643
8090 1.08756
8100 0.959721
8110 0.842791
8120 0.736513
8130 0.640516
8140 0.554333
8150 0.477425
8160 0.4092
8170 0.349032
8180 0.296276
8190 0.250284
8200 0.210414
8210 0.176047
8220 0.146586
8230 0.121471
8240 0.100177
8250 0.0822216
8260 0.0671624
8270 0.0546
8280 0.0441761
8290 0.0355724
8300 0.0285085
8310 0.022739
8320 0.0180513
8330 0.0142622
8340 0.0112153
8350 0.00877777
8360 0.00683766
8370 0.00530133
8380 0.0040909
8390 0.00314204
8400 0.00240197
8410 0.00182763
8420 0.00138413
8430 0.00104337
8440 0.000782835
8450 0.000584629
8460 0.00043458
8470 0.000321545
8480 0.00023681
8490 0.000173598
8500 0.000126673
8510 9.20055e-05
8520 6.65184e-05
8530 4.78707e-05
8540 3.42927e-05
8550 2.44534e-05
8560 1.73574e-05
8570 1.22643e-05
8580 8.62611e-06
8590 6.03956e-06
8600 4.20936e-06
8610 2.92046e-06
8620 2.01703e-06
8630 1.38677e-06
8640 9.49132e-07
8650 6.46674e-07
8660 4.38614e-07
8670 2.96157e-07
8680 1.9907e-07
8690 1.3321e-07
8700 8.87395e-08
8710 5.88507e-08
8720 3.88546e-08
8730 2.55384e-08
8740 1.67111e-08
8750 1.08864e-08
8760 7.06043e-09
8770 4.55878e-09
8780 2.9305e-09
8790 1.87547e-09
8800 1.19498e-09
8810 7.58043e-10
8820 4.78755e-10
8830 3.01038e-10
8840 1.88462e-10
8850 1.17468e-10
8860 7.28976e-11
8870 4.50411e-11
8880 2.77082e-11
8890 1.69713e-11
8900 1.03498e-11
8910 6.28438e-12
8920 3.79935e-12
8930 2.28704e-12
8940 1.37076e-12
8950 8.18038e-13
8960 4.86087e-13
8970 2.87597e-13
8980 1.6943e-13
8990 9.93874e-14
9000 5.80514e-14
9010 3.37627e-14
9020 1.95527e-14
9030 1.12752e-14
9040 6.47433e-15
9050 3.70185e-15
9060 2.10766e-15
9070 1.19493e-15
9080 6.74602e-16
9090 3.79244e-16
9100 2.12305e-16
9110 1.18351e-16
9120 6.56991e-17
9130 3.63182e-17
9140 1.99926e-17
9150 1.09597e-17
9160 5.98295e-18
9170 3.25252e-18
9180 1.76083e-18
9190 9.49314e-19
9200 5.09683e-19
9210 2.72516e-19
9220 1.45106e-19
9230 7.69463e-20
9240 4.06349e-20
9250 2.13708e-20
9260 1.11933e-20
9270 5.83869e-21
9280 3.03314e-21
9290 1.56925e-21
9300 8.08573e-22
9310 4.1493e-22
9320 2.12062e-22
9330 1.07941e-22
9340 5.47199e-23
9350 2.76278e-23
9360 1.38928e-23
9370 6.95791e-24
9380 3.4707e-24
9390 1.72428e-24
9400 8.53199e-25
9410 4.20486e-25
9420 2.06401e-25
9430 1.0091e-25
9440 4.91386e-26
9450 2.3833e-26
9460 1.15134e-26
9470 5.53993e-27
9480 2.6551e-27
9490 1.26746e-27
9500 6.02658e-28
9510 2.85424e-28
9520 1.34647e-28
9530 6.32694e-29
9540 2.9613e-29
9550 1.38059e-29
9560 6.41129e-30
9570 2.96569e-30
9580 1.3665e-30
9590 6.27188e-31
9600 2.86744e-31
9610 1.30587e-31
9620 5.92409e-32
9630 2.67706e-32
9640 1.20507e-32
9650 5.40366e-33
9660 2.41372e-33
9670 1.07402e-33
9680 4.76064e-34
9690 2.10209e-34
9700 9.24634e-35
9710 4.05159e-35
9720 1.76856e-35
9730 7.6905e-36
9740 3.33146e-36
9750 1.43767e-36
9760 6.18067e-37
9770 2.64705e-37
9780 1.12939e-37
9790 4.80041e-38
9800 2.0327e-38
9810 8.57485e-39
9820 3.60364e-39
9830 1.50874e-39
9840 6.29287e-40
9850 2.61479e-40
9860 1.08235e-40
9870 4.46307e-41
9880 1.8332e-41
9890 7.50015e-42
9900 3.05613e-42
9910 1.24011e-42
9920 5.01035e-43
9930 2.01515e-43
9940 8.06629e-44
9950 3.21262e-44
9960 1.27304e-44
9970 5.02666e-45
9980 2.0016e-45
9990 8.66674e-46
10000 3.34651e-46
10010 1.2824e-46
10020 4.87446e-47
10030 1.8369e-47
10040 6.85938e-48
10050 2.53696e-48
10060 9.289e-49
10070 3.36559e-49
10080 1.20618e-49
10090 4.27421e-50
10100 1.49707e-50
10110 5.18116e-51
10120 1.77129e-51
10130 5.98024e-52
10140 1.99348e-52
10150 6.55964e-53
10160 2.13033e-53
10170 6.82724e-54
10180 2.15881e-54
10190 6.73449e-55
10200 2.07239e-55
10210 6.29043e-56
10220 1.88321e-56
10230 5.56031e-57
10240 1.61906e-57
10250 4.64912e-58
10260 1.31647e-58
10270 3.67596e-59
10280 1.01215e-59
10290 2.74805e-60
10300 7.35715e-61
10310 1.94221e-61
10320 5.05574e-62
10330 1.2977e-62
10340 3.28451e-63
10350 8.19734e-64
10360 2.01737e-64
10370 4.89567e-65
10380 1.17154e-65
10390 2.76457e-66
10400 6.43316e-67
10410 1.47623e-67
10420 3.34059e-68
10430 7.45479e-69
10440 1.64057e-69
10450 3.56047e-70
10460 7.6204e-71
10470 1.60845e-71
10480 3.34815e-72
10490 6.8734e-73
10500 1.39159e-73
10510 2.77858e-74
10520 5.47161e-75
10530 1.06264e-75
10540 2.03536e-76
10550 3.84484e-77
10560 7.16306e-78
10570 1.31614e-78
10580 2.38502e-79
10590 4.26249e-80
10600 7.51306e-81
10610 1.30602e-81
10620 2.23904e-82
10630 3.78572e-83
10640 6.31256e-84
10650 1.03808e-84
10660 1.68352e-85
10670 2.69254e-86
10680 4.24677e-87
10690 6.60542e-88
10700 1.01316e-88
10710 1.53247e-89
10720 2.28572e-90
10730 3.36178e-91
10740 4.87551e-92
10750 6.9721e-93
10760 9.83084e-94
10770 1.36675e-94
10780 1.87347e-95
10790 2.53192e-96
10800 3.37355e-97
10810 4.43142e-98
10820 5.73854e-99
10830 7.32569e-100
10840 9.21866e-101
10850 1.14351e-101
10860 1.39814e-102
10870 1.68492e-103
10880 2.00127e-104
10890 2.34267e-105
10900 2.70254e-106
10910 3.07235e-107
10920 3.44176e-108
10930 3.7991e-109
10940 4.13186e-110
10950 4.42741e-111
10960 4.67378e-112
10970 4.8604e-113
10980 4.97892e-114
10990 5.02375e-115
11000 4.99252e-116
11010 4.8863e-117
11020 4.70952e-118
11030 4.46968e-119
11040 4.17683e-120
11050 3.84282e-121
11060 3.48058e-122
11070 3.10323e-123
11080 2.72331e-124
11090 2.35214e-125
11100 1.99925e-126
11110 1.67213e-127
11120 1.37603e-128
11130 1.11403e-129
11140 8.87204e-131
11150 6.9497e-132
11160 5.35394e-133
11170 4.05597e-134
11180 3.02117e-135
11190 2.2124e-136
11200 1.59258e-137
11210 1.12676e-138
11220 7.8342e-140
11230 5.35215e-141
11240 3.59227e-142
11250 2.36838e-143
11260 1.53359e-144
11270 9.75146e-146
11280 6.08782e-147
11290 3.73089e-148
11300 2.2441e-149
11310 1.32456e-150
11320 7.67045e-152
11330 4.35715e-153
11340 2.42733e-154
11350 1.3259e-155
11360 7.09988e-157
11370 3.72609e-158
11380 1.9161e-159
11390 9.65246e-161
11400 4.76219e-162
11410 2.30044e-163
11420 1.08776e-164
11430 5.03331e-166
11440 2.27848e-167
11450 1.00874e-168
11460 4.36635e-170
11470 1.84724e-171
11480 7.6356e-173
11490 3.08268e-174
11500 1.21512e-175
11510 4.67462e-177
11520 1.75444e-178
11530 6.42119e-180
11540 2.2908e-181
11550 7.96257e-183
11560 2.69531e-184
11570 8.88048e-186
11580 2.84647e-187
11590 8.87118e-189
11600 2.68663e-190
11610 7.90175e-192
11620 2.25552e-193
11630 6.24433e-195
11640 1.67544e-196
11650 4.35358e-198
11660 1.09469e-199
11670 2.66131e-201
11680 6.24977e-203
11690 1.41638e-204
11700 3.09455e-206
11710 6.5109e-208
11720 1.31764e-209
11730 2.56166e-211
11740 4.77773e-213
11750 8.53612e-215
11760 1.45865e-216
11770 2.3798e-218
11780 3.70013e-220
11790 5.47125e-222
11800 7.67661e-224
11810 1.01949e-225
11820 1.278e-227
11830 1.50756e-229
11840 1.66768e-231
11850 1.72328e-233
11860 1.65604e-235
11870 1.47246e-237
11880 1.20421e-239
11890 8.99544e-242
11900 6.08709e-244
11910 3.69405e-246
11920 1.9857e-248
11930 9.30691e-251
11940 3.72589e-253
11950 1.23868e-255
11960 3.28297e-258
11970 6.50325e-261
11980 8.55861e-264
11990 5.61244e-267
12000 0
12010 0
12020 0
12030 0
12040 0
12050 0
12060 0
12070 0
12080 0
12090 0
12100 0
12110 0
12120 0
12130 0
12140 0
12150 0
12160 0
12170 0
12180 0
12190 0
12200 0
12210 0
12220 0
12230 0
12240 0
12250 0
12260 0
12270 0
12280 0
12290 0
12300 0
12310 0
12320 0
12330 0
12340 0
12350 0
12360 0
12370 0
12380 0
12390 0
12400 0
12410 0
12420 0
12430 0
12440 0
12450 0
12460 0
12470 0
12480 0
12490 0
12500 0
12510 0
12520 0
12530 0
12540 0
12550 0
12560 0
12570 0
12580 0
12590 0
12600 0
12610 0
12620 0
12630 0
12640 0
12650 0
12660 0
12670 0
12680 0
12690 0
12700 0
12710 0
12720 0
12730 0
12740 0
12750 0
12760 0
12770 0
12780 0
12790 0
12800 0
12810 0
12820 0
12830 0
12840 0
12850 0
12860 0
12870 0
12880 0
12890 0
12900 0
12910 0
12920 0
12930 0
12940 0
12950 0
12960 0
12970 0
12980 0
12990 0
13000 0
13010 0
13020 0
13030 0
13040 0
13050 0
13060 0
13070 0
13080 0
13090 0
13100 0
13110 0
13120 0
13130 0
13140 0
13150 0
13160 0
13170 0
13180 0
13190 0
13200 0
13210 0
13220 0
13230 0
13240 0
13250 0
13260 0
13270 0
13280 0
13290 0
13300 0
13310 0
13320 0
13330 0
13340 0
13350 0
13360 0
13370 0
13380 0
13390 0
13400 0
13410 0
13420 0
13430 0
13440 0
13450 0
13460 0
13470 0
13480 0
13490 0
13500 0
13510 0
13520 0
13530 0
13540 0
13550 0
13560 0
13570 0
13580 0
13590 0
13600 0
13610 0
13620 0
13630 0
13640 0
13650 0
13660 0
13670 0
13680 0
13690 0
13700 0
13710 0
13720 0
13730 0
13740 0
13750 0
13760 0
13770 0
13780 0
13790 0
13800 0
13810 0
13820 0
13830 0
13840 0
13850 0
13860 0
13870 0
13880 0
13890 0
13900 0
13910 0
13920 0
13930 0
13940 0
13950 0
13960 0
13970 0
13980 0
13990 0
14000 0
14010 0
14020 0
14030 0
14040 0
14050 0
14060 0
14070 0
14080 0
14090 0
14100 0
14110 0
14120 0
14130 0
14140 0
14150 0
14160 0
14170 0
14180 0
14190 0
14200 0
14210 0
14220 0
14230 0
14240 0
14250 0
14260 0
14270 0
14280 0
14290 0
14300 0
14310 0
14320 0
14330 0
14340 0
14350 0
14360 0
14370 0
14380 0
14390 0
14400 0
14410 0
14420 0
14430 0
14440 0
14450 0
14460 0
14470 0
14480 0
14490 0
14500 0
14510 0
14520 0
14530 0
14540 0
14550 0
14560 0
14570 0
14580 0
14590 0
14600 0
14610 0
14620 0
14630 0
14640 0
14650 0
14660 0
14670 0
14680 0
14690 0
14700 0
14710 0
14720 0
14730 0
14740 0
14750 0
14760 0
14770 0
14780 0
14790 0
14800 0
14810 0
14820 0
14830 0
14840 0
14850 0
14860 0
14870 0
14880 0
14890 0
14900 0
14910 0
14920 0
14930 0
14940 0
14950 0
14960 0
14970 0
14980 0
14990 0
15000 0
15010 0
15020 0
15030 0
15040 0
15050 0
15060 0
15070 0
15080 0
15090 0
15100 0
15110 0
15120 0
15130 0
15140 0
15150 0
15160 0
15170 0
15180 0
15190 0
15200 0
15210 0
15220 0
15230 0
15240 0
15250 0
15260 0
15270 0
15280 0
15290 0
15300 0
15310 0
15320 0
15330 0
15340 0
15350 0
15360 0
15370 0
15380 0
15390 0
15400 0
15410 0
15420 0
15430 0
15440 0
15450 0
15460 0
15470 0
15480 0
15490 0
15500 0
15510 0
15520 0
15530 0
15540 0
15550 0
15560 0
15570 0
15580 0
15590 0
15600 0
15610 0
15620 0
15630 0
15640 0
15650 0
15660 0
15670 0
15680 0
15690 0
15700 0
15710 0
15720 0
15730 0
15740 0
15750 0
15760 0
15770 0
15780 0
15790 0
15800 0
15810 0
15820 0
15830 0
15840 0
15850 0
15860 0
15870 0
15880 0
15890 0
15900 0
15910 0
15920 0
15930 0
15940 0
15950 0
15960 0
15970 0
15980 0
15990 0
16000 0
16010 0
16020 0
16030 0
16040 0
16050 0
16060 0
16070 0
16080 0
16090 0
16100 0
16110 0
16120 0
16130 0
16140 0
16150 0
16160 0
16170 0
16180 0
16190 0
16200 0
16210 0
16220 0
16230 0
16240 0
16250 0
16260 0
16270 0
16280 0
16290 0
16300 0
16310 0
16320 0
16330 0
16340 0
16350 0
16360 0
16370 0
16380 0
16390 0
16400 0
16410 0
16420 0
16430 0
16440 0
16450 0
16460 0
16470 0
16480 0
16490 0
16500 0
16510 0
16520 0
16530 0
16540 0
16550 0
16560 0
16570 0
16580 0
16590 0
16600 0
16610 0
16620 0
16630 0
16640 0
16650 0
16660 0
16670 0
16680 0
16690 0
16700 0
16710 0
16720 0
16730 0
16740 0
16750 0
16760 0
16770 0
16780 0
16790 0
16800 0
16810 0
16820 0
16830 0
16840 0
16850 0
16860 0
16870 0
16880 0
16890 0
16900 0
16910 0
16920 0
16930 0
16940 0
16950 0
16960 0
16970 0
16980 0
16990 0
17000 0
17010 0
17020 0
17030 0
17040 0
17050 0
17060 0
17070 0
17080 0
17090 0
17100 0
17110 0
17120 0
17130 0
17140 0
17150 0
17160 0
17170 0
17180 0
17190 0
17200 0
17210 0
17220 0
17230 0
17240 0
17250 0
17260 0
17270 0
17280 0
17290 0
17300 0
17310 0
17320 0
17330 0
17340 0
17350 0
17360 0
17370 0
17380 0
17390 0
17400 0
17410 0
17420 0
17430 0
17440 0
17450 0
17460 0
17470 0
17480 0
17490 0
17500 0
17510 0
17520 0
17530 0
17540 0
17550 0
17560 0
17570 0
17580 0
17590 0
17600 0
17610 0
17620 0
17630 0
17640 0
17650 0
17660 0
17670 0
17680 0
17690 0
17700 0
17710 0
17720 0
17730 0
17740 0
17750 0
17760 0
17770 0
17780 0
17790 0
17800 0
17810 0
17820 0
17830 0
17840 0
17850 0
17860 0
17870 0
17880 0
17890 0
17900 0
17910 0
17920 0
17930 0
17940 0
17950 0
17960 0
17970 0
17980 0
17990 0
18000 0
18010 0
18020 0
18030 0
18040 0
18050 0
18060 0
18070 0
18080 0
18090 0
18100 0
18110 0
18120 0
18130 0
18140 0
18150 0
18160 0
18170 0
18180 0
18190 0
18200 0
18210 0
18220 0
18230 0
18240 0
18250 0
18260 0
18270 0
18280 0
18290 0
18300 0
18310 0
18320 0
18330 0
18340 0
18350 0
18360 0
18370 0
18380 0
18390 0
18400 0
18410 0
18420 0
18430 0
18440 0
18450 0
18460 0
18470 0
18480 0
18490 0
18500 0
18510 0
18520 0
18530 0
18540 0
18550 0
18560 0
18570 0
18580 0
18590 0
18600 0
18610 0
18620 0
18630 0
18640 0
18650 0
18660 0
18670 0
18680 0
18690 0
18700 0
18710 0
18720 0
18730 0
18740 0
18750 0
18760 0
18770 0
18780 0
18790 0
18800 0
18810 0
18820 0
18830 0
18840 0
18850 0
18860 0
18870 0
18880 0
18890 0
18900 0
18910 0
18920 0
18930 0
18940 0
18950 0
18960 0
18970 0
18980 0
18990 0
19000 0
19010 0
19020 0
19030 0
19040 0
19050 0
19060 0
19070 0
19080 0
19090 0
19100 0
19110 0
19120 0
19130 0
19140 0
19150 0
19160 0
19170 0
19180 0
19190 0
19200 0
19210 0
19220 0
19230 0
19240 0
19250 0
19260 0
19270 0
19280 0
19290 0
19300 0
19310 0
19320 0
19330 0
19340 0
19350 0
19360 0
19370 0
19380 0
19390 0
19400 0
19410 0
19420 0
19430 0
19440 0
19450 0
19460 0
19470 0
19480 0
19490 0
19500 0
19510 0
19520 0
19530 0
19540 0
19550 0
19560 0
19570 0
19580 0
19590 0
19600 0
19610 0
19620 0
19630 0
19640 0
19650 0
19660 0
19670 0
19680 0
19690 0
19700 0
19710 0
19720 0
19730 0
19740 0
19750 0
19760 0
19770 0
19780 0
19790 0
19800 0
19810 0
19820 0
19830 0
19840 0
19850 0
19860 0
19870 0
19880 0
19890 0
19900 0
19910 0
19920 0
19930 0
19940 0
19950 0
19960 0
19970 0
19980 0
19990 0
20000 0
20010 0
20020 0
20030 0
20040 0
20050 0
20060 0
20070 0
20080 0
20090 0
20100 0
20110 0
20120 0
20130 0
20140 0
20150 0
20160 0
20170 0
20180 0
20190 0
20200 0
20210 0
20220 0
20230 0
20240 0
20250 0
20260 0
20270 0
20280 0
20290 0
20300 0
20310 0
20320 0
20330 0
20340 0
20350 0
20360 0
20370 0
20380 0
20390 0
20400 0
20410 0
20420 0
20430 0
20440 0
20450 0
20460 0
20470 0
20480 0
20490 0
20500 0
20510 0
20520 0
20530 0
20540 0
20550 0
20560 0
20570 0
20580 0
20590 0
20600 0
20610 0
20620 0
20630 0
20640 0
20650 0
20660 0
20670 0
20680 0
20690 0
20700 0
20710 0
20720 0
20730 0
20740 0
20750 0
20760 0
20770 0
20780 0
20790 0
20800 0
20810 0
20820 0
20830 0
20840 0
20850 0
20860 0
20870 0
20880 0
20890 0
20900 0
20910 0
20920 0
20930 0
20940 0
20950 0
20960 0
20970 0
20980 0
20990 0
21000 0
21010 0
21020 0
21030 0
21040 0
21050 0
21060 0
21070 0
21080 0
21090 0
21100 0
21110 0
21120 0
21130 0
21140 0
21150 0
21160 0
21170 0
21180 0
21190 0
21200 0
21210 0
21220 0
21230 0
21240 0
21250 0
21260 0
21270 0
21280 0
21290 0
21300 0
21310 0
21320 0
21330 0
21340 0
21350 0
21360 0
21370 0
21380 0
21390 0
21400 0
21410 0
21420 0
21430 0
21440 0
21450 0
21460 0
21470 0
21480 0
21490 0
21500 0
21510 0
21520 0
21530 0
21540 0
21550 0
21560 0
21570 0
21580 0
21590 0
21600 0
21610 0
21620 0
21630 0
21640 0
21650 0
21660 0
21670 0
21680 0
21690 0
21700 0
21710 0
21720 0
21730 0
21740 0
21750 0
21760 0
21770 0
21780 0
21790 0
21800 0
21810 0
21820 0
21830 0
21840 0
21850 0
21860 0
21870 0
21880 0
21890 0
21900 0
21910 0
21920 0
21930 0
21940 0
21950 0
21960 0
21970 0
21980 0
21990 0
22000 0
22010 0
22020 0
22030 0
22040 0
22050 0
22060 0
22070 0
22080 0
22090 0
22100 0
22110 0
22120 0
22130 0
22140 0
22150 0
22160 0
22170 0
22180 0
22190 0
22200 0
22210 0
22220 0
22230 0
22240 0
22250 0
22260 0
22270 0
22280 0
22290 0
22300 0
22310 0
22320 0
22330 0
22340 0
22350 0
22360 0
22370 0
22380 0
22390 0
22400 0
22410 0
22420 0
22430 0
22440 0
22450 0
22460 0
22470 0
22480 0
22490 0
22500 0
22510 0
22520 0
22530 0
22540 0
22550 0
22560 0
22570 0
22580 0
22590 0
22600 0
22610 0
22620 0
22630 0
22640 0
22650 0
22660 0
22670 0
22680 0
22690 0
22700 0
22710 0
22720 0
22730 0
22740 0
22750 0
22760 0
22770 0
22780 0
22790 0
22800 0
22810 0
22820 0
22830 0
22840 0
22850 0
22860 0
22870 0
22880 0
22890 0
22900 0
22910 0
22920 0
22930 0
22940 0
22950 0
22960 0
22970 0
22980 0
22990 0
23000 0
23010 0
23020 0
23030 0
23040 0
23050 0
23060 0
23070 0
23080 0
23090 0
23100 0
23110 0
23120 0
23130 0
23140 0
23150 0
23160 0
23170 0
23180 0
23190 0
23200 0
23210 0
23220 0
23230 0
23240 0
23250 0
23260 0
23270 0
23280 0
23290 0
23300 0
23310 0
23320 0
23330 0
23340 0
23350 0
23360 0
23370 0
23380 0
23390 0
23400 0
23410 0
23420 0
23430 0
23440 0
23450 0
23460 0
23470 0
23480 0
23490 0
23500 0
23510 0
23520 0
23530 0
23540 0
23550 0
23560 0
23570 0
23580 0
23590 0
23600 0
23610 0
23620 0
23630 0
23640 0
23650 0
23660 0
23670 0
23680 0
23690 0
23700 0
23710 0
23720 0
23730 0
23740 0
23750 0
23760 0
23770 0
23780 0
23790 0
23800 0
23810 0
23820 0
23830 0
23840 0
23850 0
23860 0
23870 0
23880 0
23890 0
23900 0
23910 0
23920 0
23930 0
23940 0
23950 0
23960 0
23970 0
23980 0
23990 0
24000 0
24010 0
24020 0
24030 0
24040 0
24050 0
24060 0
24070 0
24080 0
24090 0
24100 0
24110 0
24120 0
24130 0
24140 0
24150 0
24160 0
24170 0
24180 0
24190 0
24200 0
24210 0
24220 0
24230 0
24240 0
24250 0
24260 0
24270 0
24280 0
24290 0
24300 0
24310 0
24320 0
24330 0
24340 0
24350 0
24360 0
24370 0
24380 0
24390 0
24400 0
24410 0
24420 0
24430 0
24440 0
24450 0
24460 0
24470 0
24480 0
24490 0
24500 0
24510 0
24520 0
24530 0
24540 0
24550 0
24560 0
24570 0
24580 0
24590 0
24600 0
24610 0
24620 0
24630 0
24640 0
24650 0
24660 0
24670 0
24680 0
24690 0
24700 0
24710 0
24720 0
24730 0
24740 0
24750 0
24760 0
24770 0
24780 0
24790 0
24800 0
24810 0
24820 0
24830 0
24840 0
24850 0
24860 0
24870 0
24880 0
24890 0
24900 0
24910 0
24920 0
24930 0
24940 0
24950 0
24960 0
24970 0
24980 0
24990 0
25000 0
25010 0
25020 0
25030 0
25040 0
25050 0
25060 0
25070 0
25080 0
25090 0
25100 0
25110 0
25120 0
25130 0
25140 0
25150 0
25160 0
25170 0
25180 0
25190 0
25200 0
25210 0
25220 0
25230 0
25240 0
25250 0
25260 0
25270 0
25280 0
25290 0
25300 0
25310 0
25320 0
25330 0
25340 0
25350 0
25360 0
25370 0
25380 0
25390 0
25400 0
25410 0
25420 0
25430 0
25440 0
25450 0
25460 0
25470 0
25480 0
25490 0
25500 0
25510 0
25520 0
25530 0
25540 0
25550 0
25560 0
25570 0
25580 0
25590 0
25600 0
25610 0
25620 0
25630 0
25640 0
25650 0
25660 0
25670 0
25680 0
25690 0
25700 0
25710 0
25720 0
25730 0
25740 0
25750 0
25760 0
25770 0
25780 0
25790 0
25800 0
25810 0
25820 0
25830 0
25840 0
25850 0
25860 0
25870 0
25880 0
25890 0
25900 0
25910 0
25920 0
25930 0
25940 0
25950 0
25960 0
25970 0
25980 0
25990 0
26000 0
26010 0
26020 0
26030 0
26040 0
26050 0
26060 0
26070 0
26080 0
26090 0
26100 0
26110 0
26120 0
26130 0
26140 0
26150 0
26160 0
26170 0
26180 0
26190 0
26200 0
26210 0
26220 0
26230 0
26240 0
26250 0
26260 0
26270 0
26280 0
26290 0
26300 0
26310 0
26320 0
26330 0
26340 0
26350 0
26360 0
26370 0
26380 0
26390 0
26400 0
26410 0
26420 0
26430 0
26440 0
26450 0
26460 0
26470 0
26480 0
26490 0
26500 0
26510 0
26520 0
26530 0
26540 0
26550 0
26560 0
26570 0
26580 0
26590 0
26600 0
26610 0
26620 0
26630 0
26640 0
26650 0
26660 0
26670 0
26680 0
26690 0
26700 0
26710 0
26720 0
26730 0
26740 0
26750 0
26760 0
26770 0
26780 0
26790 0
26800 0
26810 0
26820 0
26830 0
26840 0
26850 0
26860 0
26870 0
26880 0
26890 0
26900 0
26910 0
26920 0
26930 0
26940 0
26950 0
26960 0
26970 0
26980 0
26990 0
27000 0
27010 0
27020 0
27030 0
27040 0
27050 0
27060 0
27070 0
27080 0
27090 0
27100 0
27110 0
27120 0
27130 0
27140 0
27150 0
27160 0
27170 0
27180 0
27190 0
27200 0
27210 0
27220 0
27230 0
27240 0
27250 0
27260 0
27270 0
27280 0
27290 0
27300 0
27310 0
27320 0
27330 0
27340 0
27350 0
27360 0
27370 0
27380 0
27390 0
27400 0
27410 0
27420 0
27430 0
27440 0
27450 0
27460 0
27470 0
27480 0
27490 0
27500 0
27510 0
27520 0
27530 0
27540 0
27550 0
27560 0
27570 0
27580 0
27590 0
27600 0
27610 0
27620 0
27630 0
27640 0
27650 0
27660 0
27670 0
27680 0
27690 0
27700 0
27710 0
27720 0
27730 0
27740 0
27750 0
27760 0
27770 0
27780 0
27790 0
27800 0
27810 0
27820 0
27830 0
27840 0
27850 0
27860 0
27870 0
27880 0
27890 0
27900 0
27910 0
27920 0
27930 0
27940 0
27950 0
27960 0
27970 0
27980 0
27990 0
28000 0
28010 0
28020 0
28030 0
28040 0
28050 0
28060 0
28070 0
28080 0
28090 0
28100 0
28110 0
28120 0
28130 0
28140 0
28150 0
28160 0
28170 0
28180 0
28190 0
28200 0
28210 0
28220 0
28230 0
28240 0
28250 0
28260 0
28270 0
28280 0
28290 0
28300 0
28310 0
28320 0
28330 0
28340 0
28350 0
28360 0
28370 0
28380 0
28390 0
28400 0
28410 0
28420 0
28430 0
28440 0
28450 0
28460 0
28470 0
28480 0
28490 0
28500 0
28510 0
28520 0
28530 0
28540 0
28550 0
28560 0
28570 0
28580 0
28590 0
28600 0
28610 0
28620 0
28630 0
28640 0
28650 0
28660 0
28670 0
28680 0
28690 0
28700 0
28710 0
28720 0
28730 0
28740 0
28750 0
28760 0
28770 0
28780 0
28790 0
28800 0
28810 0
28820 0
28830 0
28840 0
28850 0
28860 0
28870 0
28880 0
28890 0
28900 0
28910 0
28920 0
28930 0
28940 0
28950 0
28960 0
28970 0
28980 0
28990 0
29000 0
29010 0
29020 0
29030 0
29040 0
29050 0
29060 0
29070 0
29080 0
29090 0
29100 0
29110 0
29120 0
29130 0
29140 0
29150 0
29160 0
29170 0
29180 0
29190 0
29200 0
29210 0
29220 0
29230 0
29240 0
29250 0
29260 0
29270 0
29280 0
29290 0
29300 0
29310 0
29320 0
29330 0
29340 0
29350 0
29360 0
29370 0
29380 0
29390 0
29400 0
29410 0
29420 0
29430 0
29440 0
29450 0
29460 0
29470 0
29480 0
29490 0
29500 0
29510 0
29520 0
29530 0
29540 0
29550 0
29560 0
29570 0
29580 0
29590 0
29600 0
29610 0
29620 0
29630 0
29640 0
29650 0
29660 0
29670 0
29680 0
29690 0
29700 0
29710 0
29720 0
29730 0
29740 0
29750 0
29760 0
29770 0
29780 0
29790 0
29800 0
29810 0
29820 0
29830 0
29840 0
29850 0
29860 0
29870 0
29880 0
29890 0
29900 0
29910 0
29920 0
29930 0
29940 0
29950 0
29960 0
29970 0
29980 0
