-20 0
0 1.73554e-06
20 3.45819e-06
40 5.15462e-06
60 6.81067e-06
80 8.41099e-06
100 9.93875e-06
120 1.13754e-05
140 1.27009e-05
160 1.38931e-05
180 1.49287e-05
200 1.57832e-05
220 1.64314e-05
240 1.68478e-05
260 1.7008e-05
280 1.68888e-05
300 1.64693e-05
320 1.57323e-05
340 1.46646e-05
360 1.32583e-05
380 1.15117e-05
400 9.4298e-06
420 7.02515e-06
440 4.31804e-06
460 1.3368e-06
480 -1.88232e-06
500 -5.29544e-06
520 -8.85176e-06
540 -1.24943e-05
560 -1.61612e-05
580 -1.9787e-05
600 -2.3304e-05
620 -2.66444e-05
640 -2.97417e-05
660 -3.25326e-05
680 -3.49589e-05
700 -3.69691e-05
720 -3.85199e-05
740 -3.95776e-05
760 -4.01187e-05
780 -4.01314e-05
800 -3.96151e-05
820 -3.85811e-05
840 -3.70518e-05
860 -3.50602e-05
880 -3.2649e-05
900 -2.98691e-05
920 -2.67783e-05
940 -2.34395e-05
960 -1.99188e-05
980 -1.6284e-05
1000 -1.26026e-05
1020 -8.93997e-06
1040 -5.35789e-06
1060 -1.91319e-06
1080 1.34348e-06
1100 4.36863e-06
1120 7.12657e-06
1140 9.58978e-06
1160 1.1739e-05
1180 1.35629e-05
1200 1.50584e-05
1220 1.6229e-05
1240 1.70852e-05
1260 1.76429e-05
1280 1.79227e-05
1300 1.7949e-05
1320 1.77488e-05
1340 1.73511e-05
1360 1.67855e-05
1380 1.6082e-05
1400 1.52698e-05
1420 1.43771e-05
1440 1.34303e-05
1460 1.24542e-05
1480 1.14715e-05
1500 1.0503e-05
1520 9.56805e-06
1540 8.68459e-06
1560 7.87017e-06
1580 7.14281e-06
1600 6.52223e-06
1620 6.0316e-06
1640 5.69967e-06
1660 5.56363e-06
1680 5.6727e-06
1700 6.09281e-06
1720 6.91264e-06
1740 8.25124e-06
1760 1.02679e-05
1780 1.31746e-05
1800 1.72518e-05
1820 2.28686e-05
1840 3.05073e-05
1860 4.07951e-05
1880 5.45423e-05
1900 7.279e-05
1920 9.68684e-05
1940 0.000128467
1960 0.000169721
1980 0.00022331
2000 0.000292585
2020 0.000381704
2040 0.000495805
2060 0.000641195
2080 0.000825576
2100 0.00105829
2120 0.00135063
2140 0.0017161
2160 0.00217084
2180 0.00273394
2200 0.0034279
2220 0.00427901
2240 0.00531783
2260 0.00657966
2280 0.00810494
2300 0.00993969
2320 0.012136
2340 0.0147521
2360 0.0178529
2380 0.0215102
2400 0.0258023
2420 0.0308142
2440 0.0366373
2460 0.0433685
2480 0.0511099
2500 0.0599674
2520 0.0700497
2540 0.0814661
2560 0.0943253
2580 0.108733
2600 0.124788
2620 0.142583
2640 0.162198
2660 0.183697
2680 0.20713
2700 0.232522
2720 0.259878
2740 0.289173
2760 0.320353
2780 0.353331
2800 0.387989
2820 0.424171
2840 0.461686
2860 0.500307
2880 0.539772
2900 0.579789
2920 0.620032
2940 0.660151
2960 0.699775
2980 0.738515
3000 0.775972
3020 0.811744
3040 0.845432
3060 0.876647
3080 0.90502
3100 0.930206
3120 0.951891
3140 0.969803
3160 0.983711
3180 0.993436
3200 0.998851
3220 0.999886
3240 0.996527
3260 0.988819
3280 0.976864
3300 0.960819
3320 0.94089
3340 0.917331
3360 0.890439
3380 0.860544
3400 0.828004
3420 0.793202
3440 0.75653
3460 0.71839
3480 0.679183
3500 0.6393
3520 0.599123
3540 0.55901
3560 0.519297
3580 0.480293
3600 0.442272
3620 0.405477
3640 0.370115
3660 0.336359
3680 0.304342
3700 0.274168
3720 0.245904
3740 0.219589
3760 0.195231
3780 0.172816
3800 0.152306
3820 0.133642
3840 0.116753
3860 0.101552
3880 0.0879439
3900 0.0758264
3920 0.0650927
3940 0.0556342
3960 0.0473423
3980 0.0401102
4000 0.0338344
4020 0.0284158
4040 0.0237608
4060 0.0197816
4080 0.0163969
4100 0.0135319
4120 0.0111188
4140 0.00909615
4160 0.00740895
4180 0.00600836
4200 0.00485128
4220 0.00389994
4240 0.00312147
4260 0.0024875
4280 0.00197364
4300 0.00155911
4320 0.00122627
4340 0.000960279
4360 0.000748707
4380 0.000581205
4400 0.00044921
4420 0.000345679
4440 0.00026485
4460 0.000202037
4480 0.00015345
4500 0.000116039
4520 8.73674e-05
4540 6.54934e-05
4560 4.88822e-05
4580 3.63253e-05
4600 2.68765e-05
4620 1.9799e-05
4640 1.45217e-05
4660 1.06047e-05
4680 7.71058e-06
4700 5.58189e-06
4720 4.02329e-06
4740 2.88727e-06
4760 2.06299e-06
4780 1.46761e-06
4800 1.03948e-06
4820 7.33004e-07
4840 5.14571e-07
4860 3.59557e-07
4880 2.49992e-07
4900 1.72824e-07
4920 1.18605e-07
4940 8.05182e-08
4960 5.36434e-08
4980 3.44177e-08
5000 2.46659e-08
5020 1.76202e-08
5040 1.25465e-08
5060 8.90498e-09
5080 6.29999e-09
5100 4.44267e-09
5120 3.1228e-09
5140 2.18797e-09
5160 1.52804e-09
5180 1.06372e-09
5200 7.38092e-10
5220 5.10495e-10
5240 3.51939e-10
5260 2.41845e-10
5280 1.65654e-10
5300 1.131e-10
5320 7.69688e-11
5340 5.22109e-11
5360 3.53021e-11
5380 2.37921e-11
5400 1.5983e-11
5420 1.07022e-11
5440 7.14305e-12
5460 4.75208e-12
5480 3.15119e-12
5500 2.08284e-12
5520 1.37224e-12
5540 9.01138e-13
5560 5.89852e-13
5580 3.84843e-13
5600 2.50273e-13
5620 1.6223e-13
5640 1.04818e-13
5660 6.75042e-14
5680 4.33323e-14
5700 2.77255e-14
5720 1.76821e-14
5740 1.12402e-14
5760 7.12193e-15
5780 4.49788e-15
5800 2.83141e-15
5820 1.77657e-15
5840 1.11108e-15
5860 6.92613e-16
5880 4.30348e-16
5900 2.66521e-16
5920 1.64522e-16
5940 1.01228e-16
5960 6.20804e-17
5980 3.79481e-17
6000 2.3121e-17
6020 1.40412e-17
6040 8.49921e-18
6060 5.12783e-18
6080 3.08367e-18
6100 1.84833e-18
6120 1.10427e-18
6140 6.57585e-19
6160 3.90309e-19
6180 2.30928e-19
6200 1.36188e-19
6220 8.00526e-20
6240 4.69176e-20
6260 2.74246e-20
6280 1.59786e-20
6300 9.27986e-21
6320 5.3891e-21
6340 3.14221e-21
6360 1.83588e-21
6380 1.06342e-21
6400 6.02739e-22
6420 3.31834e-22
6440 1.77619e-22
6460 9.30271e-23
6480 4.80288e-23
6500 2.45777e-23
6520 1.25026e-23
6540 6.3297e-24
6560 3.19035e-24
6580 1.60103e-24
6600 7.99963e-25
6620 3.97971e-25
6640 1.97125e-25
6660 9.72177e-26
6680 4.77374e-26
6700 2.3339e-26
6720 1.1361e-26
6740 5.50636e-27
6760 2.65719e-27
6780 1.27671e-27
6800 6.10762e-28
6820 2.90914e-28
6840 1.37965e-28
6860 6.51453e-29
6880 3.06274e-29
6900 1.43367e-29
6920 6.6819e-30
6940 3.10072e-30
6960 1.43264e-30
6980 6.59062e-31
7000 3.01874e-31
7020 1.3767e-31
7040 6.2512e-32
7060 2.82619e-32
7080 1.27219e-32
7100 5.70183e-33
7120 2.54443e-33
7140 1.13052e-33
7160 5.00128e-34
7180 2.20291e-34
7200 9.66106e-35
7220 4.21858e-35
7240 1.83409e-35
7260 7.93945e-36
7280 3.42194e-36
7300 1.46848e-36
7320 6.27448e-37
7340 2.66932e-37
7360 1.13068e-37
7380 4.76859e-38
7400 2.00242e-38
7420 8.37211e-39
7440 3.48521e-39
7460 1.44456e-39
7480 5.96155e-40
7500 2.4496e-40
7520 1.00218e-40
7540 4.08238e-41
7560 1.65575e-41
7580 6.68635e-42
7600 2.68844e-42
7620 1.07628e-42
7640 4.29007e-43
7660 1.70263e-43
7680 6.72806e-44
7700 2.64713e-44
7720 1.03699e-44
7740 4.04475e-45
7760 1.57081e-45
7780 6.07394e-46
7800 2.33847e-46
7820 8.96418e-47
7840 3.4214e-47
7860 1.30021e-47
7880 4.9197e-48
7900 1.85344e-48
7920 6.95242e-49
7940 2.59662e-49
7960 9.65602e-50
7980 3.57522e-50
8000 1.31803e-50
8020 4.83795e-51
8040 1.76813e-51
8060 6.43406e-52
8080 2.33116e-52
8100 8.40958e-53
8120 3.0206e-53
8140 1.08026e-53
8160 3.84664e-54
8180 1.3638e-54
8200 4.81434e-55
8220 1.69215e-55
8240 5.92188e-56
8260 2.06346e-56
8280 7.15896e-57
8300 2.47298e-57
8320 8.50565e-58
8340 2.91281e-58
8360 9.93194e-59
8380 3.37189e-59
8400 1.1398e-59
8420 3.83622e-60
8440 1.28557e-60
8460 4.28946e-61
8480 1.42505e-61
8500 4.71381e-62
8520 1.5525e-62
8540 5.0911e-63
8560 1.66229e-63
8580 5.40408e-64
8600 1.74925e-64
8620 5.63771e-65
8640 1.80913e-65
8660 5.78036e-66
8680 1.8389e-66
8700 5.82476e-67
8720 1.83703e-67
8740 5.76865e-68
8760 1.80364e-68
8780 5.6149e-69
8800 1.74042e-69
8820 5.37134e-70
8840 1.65055e-70
8860 5.05005e-71
8880 1.53844e-71
8900 4.6664e-72
8920 1.4093e-72
8940 4.23781e-73
8960 1.26882e-73
8980 3.78246e-74
9000 1.12271e-74
9020 3.31804e-75
9040 9.76368e-76
9060 2.86064e-76
9080 8.34511e-77
9100 2.42393e-77
9120 7.01012e-78
9140 2.0186e-78
9160 5.78753e-79
9180 1.65217e-79
9200 4.69608e-80
9220 1.32903e-80
9240 3.74502e-81
9260 1.05073e-81
9280 2.93526e-82
9300 8.16436e-83
9320 2.26108e-83
9340 6.23489e-84
9360 1.71183e-84
9380 4.67963e-85
9400 1.27374e-85
9420 3.45199e-86
9440 9.31489e-87
9460 2.50268e-87
9480 6.695e-88
9500 1.78326e-88
9520 4.72933e-89
9540 1.24883e-89
9560 3.28341e-90
9580 8.59542e-91
9600 2.24041e-91
9620 5.81444e-92
9640 1.50248e-92
9660 3.86568e-93
9680 9.90292e-94
9700 2.52592e-94
9720 6.415e-95
9740 1.62215e-95
9760 4.0842e-96
9780 1.02386e-96
9800 2.55561e-97
9820 6.35136e-98
9840 1.57166e-98
9860 3.87231e-99
9880 9.4995e-100
9900 2.32033e-100
9920 5.64303e-101
9940 1.36606e-101
9960 3.2765e-102
9980 7.14769e-103
10000 1.88554e-103
10020 4.95463e-104
10040 1.29687e-104
10060 3.38131e-105
10080 8.78172e-106
10100 2.27185e-106
10120 5.85442e-107
10140 1.50277e-107
10160 3.84239e-108
10180 9.78622e-109
10200 2.48273e-109
10220 6.27401e-110
10240 1.57929e-110
10260 3.95983e-111
10280 9.8899e-112
10300 2.4604e-112
10320 6.097e-113
10340 1.50496e-113
10360 3.70023e-114
10380 9.06211e-115
10400 2.21067e-115
10420 5.37174e-116
10440 1.30017e-116
10460 3.13456e-117
10480 7.52742e-118
10500 1.80056e-118
10520 4.29004e-119
10540 1.01813e-119
10560 2.40679e-120
10580 5.66711e-121
10600 1.32915e-121
10620 3.10509e-122
10640 7.22538e-123
10660 1.67469e-123
10680 3.86629e-124
10700 8.89078e-125
10720 2.03643e-125
10740 4.64606e-126
10760 1.0558e-126
10780 2.38981e-127
10800 5.38797e-128
10820 1.20996e-128
10840 2.70642e-129
10860 6.02976e-130
10880 1.33809e-130
10900 2.95766e-131
10920 6.51165e-132
10940 1.42794e-132
10960 3.11894e-133
10980 6.78547e-134
11000 1.47038e-134
11020 3.1736e-135
11040 6.82259e-136
11060 1.4609e-136
11080 3.11577e-137
11100 6.61885e-138
11120 1.40046e-138
11140 2.95142e-139
11160 6.19528e-140
11180 1.29527e-140
11200 2.6973e-141
11220 5.59457e-142
11240 1.15577e-142
11260 2.37818e-143
11280 4.87398e-144
11300 9.94921e-145
11320 2.02283e-145
11340 4.09631e-146
11360 8.26213e-147
11380 1.65979e-147
11400 3.32108e-148
11420 6.61863e-149
11440 1.31379e-149
11460 2.59776e-150
11480 5.12093e-151
11500 1.00894e-151
11520 1.99087e-152
11540 3.90595e-153
11560 7.45635e-154
11580 1.35702e-154
11600 2.36394e-155
11620 4.03858e-156
11640 6.86946e-157
11660 1.16337e-157
11680 1.96161e-158
11700 3.29314e-159
11720 5.50438e-160
11740 9.16025e-161
11760 1.51777e-161
11780 2.50385e-162
11800 4.11254e-163
11820 6.72531e-164
11840 1.095e-164
11860 1.77509e-165
11880 2.86501e-166
11900 4.60396e-167
11920 7.36611e-168
11940 1.1734e-168
11960 1.86103e-169
11980 2.93876e-170
12000 4.62033e-171
12020 7.23243e-172
12040 1.12719e-172
12060 1.74907e-173
12080 2.70222e-174
12100 4.15655e-175
12120 6.36572e-176
12140 9.70648e-177
12160 1.47359e-177
12180 2.22737e-178
12200 3.35204e-179
12220 5.02257e-180
12240 7.49278e-181
12260 1.11291e-181
12280 1.64581e-182
12300 2.42325e-183
12320 3.55236e-184
12340 5.18485e-185
12360 7.53454e-186
12380 1.09013e-186
12400 1.57035e-187
12420 2.25226e-188
12440 3.21618e-189
12460 4.57259e-190
12480 6.47268e-191
12500 9.12234e-192
12520 1.28005e-192
12540 1.78834e-193
12560 2.48756e-194
12580 3.44506e-195
12600 4.75029e-196
12620 6.52145e-197
12640 8.91389e-198
12660 1.21308e-198
12680 1.64367e-199
12700 2.21737e-200
12720 2.97826e-201
12740 3.98277e-202
12760 5.30285e-203
12780 7.02964e-204
12800 9.27805e-205
12820 1.21922e-205
12840 1.59516e-206
12860 2.07791e-207
12880 2.69495e-208
12900 3.47996e-209
12920 4.47401e-210
12940 5.7269e-211
12960 7.29864e-212
12980 9.26113e-213
13000 1.17e-213
13020 1.47166e-214
13040 1.84302e-215
13060 2.298e-216
13080 2.8528e-217
13100 3.52607e-218
13120 4.33921e-219
13140 5.31656e-220
13160 6.48559e-221
13180 7.87713e-222
13200 9.52546e-223
13220 1.14684e-223
13240 1.37474e-224
13260 1.64073e-225
13280 1.94963e-226
13300 2.30658e-227
13320 2.71696e-228
13340 3.18638e-229
13360 3.72058e-230
13380 4.32537e-231
13400 5.00651e-232
13420 5.76961e-233
13440 6.61998e-234
13460 7.56252e-235
13480 8.60152e-236
13500 9.74054e-237
13520 1.09822e-237
13540 1.23281e-238
13560 1.37785e-239
13580 1.53323e-240
13600 1.69867e-241
13620 1.87376e-242
13640 2.05785e-243
13660 2.25017e-244
13680 2.44971e-245
13700 2.6553e-246
13720 2.86557e-247
13740 3.07898e-248
13760 3.29384e-249
13780 3.50829e-250
13800 3.72039e-251
13820 3.92808e-252
13840 4.12925e-253
13860 4.32175e-254
13880 4.50348e-255
13900 4.67234e-256
13920 4.82636e-257
13940 4.96368e-258
13960 5.08261e-259
13980 5.18165e-260
14000 5.25954e-261
14020 5.31528e-262
14040 5.34814e-263
14060 5.3577e-264
14080 5.34383e-265
14100 5.3067e-266
14120 5.24681e-267
14140 5.16493e-268
14160 5.06212e-269
14180 4.93968e-270
14200 4.79913e-271
14220 4.64222e-272
14240 4.47082e-273
14260 4.28693e-274
14280 4.09264e-275
14300 3.89009e-276
14320 3.6814e-277
14340 3.46869e-278
14360 3.25399e-279
14380 3.03924e-280
14400 2.82626e-281
14420 2.61671e-282
14440 2.41212e-283
14460 2.21381e-284
14480 2.02292e-285
14500 1.84041e-286
14520 1.66706e-287
14540 1.50343e-288
14560 1.34994e-289
14580 1.20682e-290
14600 1.07416e-291
14620 9.51905e-293
14640 8.39877e-294
14660 7.37795e-295
14680 6.45288e-296
14700 5.61913e-297
14720 4.87172e-298
14740 4.20527e-299
14760 3.61412e-300
14780 3.09249e-301
14800 2.63459e-302
14820 2.23467e-303
14840 1.88718e-304
14860 1.58676e-305
14880 1.32833e-306
14900 1.10712e-307
14920 9.18684e-309
14940 7.53941e-310
14960 0
