-10 0
0 3.71509e-10
10 8.14554e-10
20 1.41319e-09
30 2.27847e-09
40 3.56712e-09
50 5.50714e-09
60 8.43419e-09
70 1.28437e-08
80 1.94659e-08
90 2.93737e-08
100 4.41375e-08
110 6.60458e-08
120 9.84188e-08
130 1.46052e-07
140 2.15839e-07
150 3.17645e-07
160 4.65522e-07
170 6.79394e-07
180 9.87372e-07
190 1.42894e-06
200 2.05929e-06
210 2.95519e-06
220 4.22295e-06
230 6.00901e-06
240 8.51419e-06
250 1.20125e-05
260 1.68759e-05
270 2.36069e-05
280 3.28813e-05
290 4.56027e-05
300 6.29738e-05
310 8.65869e-05
320 0.00011854
330 0.00016158
340 0.000219293
350 0.000296324
360 0.000398667
370 0.000534012
380 0.000712172
390 0.0009456
400 0.00125001
410 0.00164513
420 0.00215558
430 0.00281188
440 0.00365172
450 0.00472128
460 0.00607688
470 0.00778673
480 0.00993297
490 0.0126139
500 0.0159462
510 0.0200679
520 0.0251408
530 0.0313533
540 0.0389234
550 0.0481013
560 0.059172
570 0.0724579
580 0.0883202
590 0.107161
600 0.129422
610 0.155586
620 0.186175
630 0.221746
640 0.262887
650 0.31021
660 0.364345
670 0.425927
680 0.495585
690 0.573928
700 0.66153
710 0.758908
720 0.866507
730 0.984677
740 1.11365
750 1.25353
760 1.40426
770 1.5656
780 1.73713
790 1.91821
800 2.10798
810 2.30537
820 2.50909
830 2.7176
840 2.92918
850 3.1419
860 3.35368
870 3.56229
880 3.76538
890 3.96058
900 4.14547
910 4.31767
920 4.47488
930 4.61493
940 4.73585
950 4.83586
960 4.91349
970 4.96754
980 4.99716
990 5.00188
1000 4.98157
1010 4.93648
1020 4.86725
1030 4.77487
1040 4.66063
1050 4.52618
1060 4.37338
1070 4.20433
1080 4.02131
1090 3.8267
1100 3.62297
1110 3.41259
1120 3.198
1130 2.98156
1140 2.76552
1150 2.55195
1160 2.34277
1170 2.13964
1180 1.94404
1190 1.75719
1200 1.58007
1210 1.41344
1220 1.25781
1230 1.11349
1240 0.980595
1250 0.859052
1260 0.748641
1270 0.649004
1280 0.559678
1290 0.480113
1300 0.409693
1310 0.347761
1320 0.293634
1330 0.246623
1340 0.206042
1350 0.171228
1360 0.141542
1370 0.116381
1380 0.0951842
1390 0.0774337
1400 0.0626577
1410 0.0504308
1420 0.0403729
1430 0.0321481
1440 0.0254618
1450 0.020058
1460 0.0157163
1470 0.0122482
1480 0.00949408
1490 0.00731961
1500 0.00561276
1510 0.0042807
1520 0.00324714
1530 0.00244982
1540 0.00183827
1550 0.00137191
1560 0.00101832
1570 0.000751756
1580 0.000551957
1590 0.000403058
1600 0.000292726
1610 0.000211438
1620 0.000151892
1630 0.00010852
1640 7.71102e-05
1650 5.44923e-05
1660 3.82984e-05
1670 2.67697e-05
1680 1.86092e-05
1690 1.28655e-05
1700 8.84587e-06
1710 6.0488e-06
1720 4.1135e-06
1730 2.78205e-06
1740 1.87124e-06
1750 1.25171e-06
1760 8.32698e-07
1770 5.50908e-07
1780 3.62474e-07
1790 2.37182e-07
1800 1.54345e-07
1810 9.98869e-08
1820 6.42878e-08
1830 4.11484e-08
1840 2.61928e-08
1850 1.65811e-08
1860 1.04387e-08
1870 6.53558e-09
1880 4.06934e-09
1890 2.51981e-09
1900 1.55171e-09
1910 9.50305e-10
1920 5.78789e-10
1930 3.5057e-10
1940 2.11173e-10
1950 1.26504e-10
1960 7.53654e-11
1970 4.46504e-11
1980 2.63092e-11
1990 1.54137e-11
2000 8.98422e-12
2010 5.20495e-12
2020 3.00806e-12
2030 1.71728e-12
2040 9.9154e-13
2050 5.6766e-13
2060 3.1895e-13
2070 1.89963e-13
2080 1.10706e-13
2090 6.23942e-14
2100 4.41096e-14
2110 2.42038e-14
2120 1.22776e-14
2130 1.29248e-14
2140 1.20218e-14
2150 6.13162e-15
2160 1.19112e-14
2170 1.93993e-14
2180 1.31391e-14
2190 1.7228e-14
2200 1.62121e-14
2210 1.40505e-14
2220 2.1942e-14
2230 1.98747e-14
2240 2.0846e-14
2250 2.54062e-14
2260 1.99487e-14
2270 1.97509e-14
2280 2.03162e-14
2290 2.39775e-14
2300 1.6951e-14
2310 2.75778e-14
2320 3.03591e-14
2330 2.53938e-14
2340 3.00649e-14
2350 2.58647e-14
2360 2.65433e-14
2370 1.89932e-14
2380 2.11795e-14
2390 2.07502e-14
2400 1.76051e-14
2410 1.41102e-14
2420 1.48028e-14
2430 1.67838e-14
2440 1.04672e-14
2450 9.38845e-15
2460 1.52679e-14
2470 1.40571e-14
2480 1.42421e-14
2490 1.50255e-14
2500 2.39142e-14
2510 2.40806e-14
2520 3.10053e-14
2530 2.55076e-14
2540 2.62048e-14
2550 3.45746e-14
2560 2.86574e-14
2570 2.38067e-14
2580 2.79399e-14
2590 2.85057e-14
2600 3.35754e-14
2610 3.40839e-14
2620 2.98508e-14
2630 2.388e-14
2640 3.40983e-14
2650 2.80866e-14
2660 2.98025e-14
2670 3.42896e-14
2680 3.66648e-14
2690 3.01586e-14
2700 3.60606e-14
2710 2.94968e-14
2720 4.03991e-14
2730 3.32685e-14
2740 3.75386e-14
2750 3.44813e-14
2760 3.4434e-14
2770 3.70073e-14
2780 4.12538e-14
2790 3.6254e-14
2800 4.04204e-14
2810 3.50544e-14
2820 3.90388e-14
2830 4.06585e-14
2840 4.39637e-14
2850 4.33339e-14
2860 4.08164e-14
2870 3.47518e-14
2880 3.50733e-14
2890 3.42148e-14
2900 3.93611e-14
2910 3.38741e-14
2920 3.54705e-14
2930 3.59701e-14
2940 3.30711e-14
2950 2.95407e-14
2960 2.91864e-14
2970 3.29095e-14
2980 2.9712e-14
2990 2.63948e-14
3000 2.40077e-14
3010 3.55114e-14
3020 3.02575e-14
3030 2.71667e-14
3040 2.54763e-14
3050 2.70322e-14
3060 3.25016e-14
3070 3.39559e-14
3080 3.49427e-14
3090 3.08968e-14
3100 3.4522e-14
3110 3.14071e-14
3120 3.09964e-14
3130 3.71746e-14
3140 3.02384e-14
3150 3.06333e-14
3160 2.87189e-14
3170 2.46262e-14
3180 2.24608e-14
3190 2.77145e-14
3200 2.5637e-14
3210 3.15857e-14
3220 3.00138e-14
3230 2.70134e-14
3240 2.64513e-14
3250 2.06752e-14
3260 2.10708e-14
3270 2.76997e-14
3280 2.72686e-14
3290 3.14556e-14
3300 2.39589e-14
3310 2.77915e-14
3320 3.28477e-14
3330 2.72276e-14
3340 3.25534e-14
3350 3.42866e-14
3360 3.98046e-14
3370 4.36587e-14
3380 3.99202e-14
3390 4.34595e-14
3400 4.11293e-14
3410 4.74226e-14
3420 4.32056e-14
3430 4.15273e-14
3440 4.10924e-14
3450 4.16223e-14
3460 4.54408e-14
3470 4.15814e-14
3480 4.75794e-14
3490 4.87536e-14
3500 5.01645e-14
3510 5.15945e-14
3520 5.01765e-14
3530 4.3325e-14
3540 4.44515e-14
3550 3.73098e-14
3560 4.11984e-14
3570 4.54313e-14
3580 4.18162e-14
3590 3.5672e-14
3600 3.48089e-14
3610 3.14343e-14
3620 2.49062e-14
3630 3.16568e-14
3640 2.82045e-14
3650 2.98331e-14
3660 2.65177e-14
3670 3.1489e-14
3680 2.70559e-14
3690 3.29158e-14
3700 3.16015e-14
3710 2.80896e-14
3720 2.87322e-14
3730 3.34547e-14
3740 2.66159e-14
3750 2.84872e-14
3760 3.27243e-14
3770 3.48952e-14
3780 3.61104e-14
3790 4.04021e-14
3800 3.13157e-14
3810 2.74753e-14
3820 2.81868e-14
3830 2.91756e-14
3840 3.29867e-14
3850 2.53788e-14
3860 3.02795e-14
3870 3.06702e-14
3880 2.97543e-14
3890 3.68784e-14
3900 3.64207e-14
3910 4.01062e-14
3920 3.2918e-14
3930 3.21036e-14
3940 2.4796e-14
3950 2.1055e-14
3960 1.70614e-14
3970 1.00318e-14
3980 1.41981e-14
3990 9.93762e-15
4000 1.17791e-14
4010 1.07645e-14
4020 1.25764e-14
4030 8.98071e-15
4040 1.61083e-14
4050 1.50851e-14
4060 1.48292e-14
4070 8.5462e-15
4080 1.27627e-14
4090 2.17557e-15
4100 8.95683e-15
4110 1.01719e-14
4120 1.9573e-14
4130 2.11064e-14
4140 1.55922e-14
4150 1.13354e-14
4160 1.28983e-14
4170 8.51379e-15
4180 6.66464e-15
4190 1.23803e-14
4200 9.46934e-15
4210 8.63942e-15
4220 1.09414e-14
4230 8.5974e-15
4240 1.71214e-14
4250 1.11473e-14
4260 1.38359e-14
4270 1.54354e-14
4280 1.27233e-14
4290 6.92944e-15
4300 4.10687e-15
4310 8.46244e-15
4320 7.01903e-15
4330 5.09173e-15
4340 7.47209e-15
4350 6.33851e-15
4360 1.40056e-14
4370 8.5423e-15
4380 1.21073e-14
4390 1.47713e-14
4400 1.926e-14
4410 1.9117e-14
4420 2.17758e-14
4430 1.5713e-14
4440 2.30593e-14
4450 1.98219e-14
4460 1.14714e-14
4470 1.2675e-14
4480 9.48245e-15
4490 1.26262e-14
4500 8.87235e-15
4510 1.03171e-14
4520 7.94533e-15
4530 3.65311e-15
4540 7.79117e-15
4550 3.48754e-15
4560 5.82316e-15
4570 1.02797e-14
4580 1.78794e-14
4590 1.20841e-14
4600 1.43718e-14
4610 7.03679e-15
4620 8.05361e-15
4630 4.78348e-15
4640 1.19211e-14
4650 1.46311e-14
4660 1.47337e-14
4670 1.11423e-14
4680 1.16058e-14
4690 4.73467e-15
4700 -1.30002e-16
4710 3.56484e-15
4720 5.35268e-15
4730 6.22511e-15
4740 6.16405e-15
4750 7.70415e-15
4760 5.41635e-15
4770 -2.60074e-15
4780 3.29392e-15
4790 3.18825e-15
4800 4.34761e-15
4810 4.28865e-15
4820 9.24252e-15
4830 3.97971e-16
4840 -1.16708e-15
4850 -4.20306e-15
4860 -1.22417e-15
4870 -8.81025e-16
4880 4.44464e-15
4890 3.33491e-15
4900 6.99746e-15
4910 5.33102e-16
4920 1.0454e-14
4930 1.33343e-14
4940 1.30881e-14
4950 1.95956e-14
4960 2.1404e-14
4970 2.04907e-14
4980 1.33941e-14
4990 2.14587e-14
5000 2.6148e-14
5010 2.4788e-14
5020 2.08422e-14
5030 2.58325e-14
5040 2.33548e-14
5050 1.89704e-14
5060 1.85035e-14
5070 1.93606e-14
5080 1.38607e-14
5090 1.20589e-14
5100 1.31429e-14
5110 4.72658e-15
5120 1.47072e-14
5130 1.86277e-15
5140 5.97107e-15
5150 1.01706e-14
5160 5.79e-15
5170 -1.80722e-15
5180 -6.97841e-15
5190 -1.15262e-14
5200 -9.44084e-15
5210 -1.12528e-14
5220 -8.41086e-15
5230 -2.04252e-14
5240 -2.10111e-14
5250 -1.61216e-14
5260 -1.51495e-14
5270 -1.76199e-14
5280 -1.55629e-14
5290 -1.97705e-14
5300 -2.51217e-14
5310 -1.9503e-14
5320 -2.37894e-14
5330 -2.12762e-14
5340 -2.15277e-14
5350 -2.64044e-14
5360 -3.21909e-14
5370 -3.40707e-14
5380 -3.37354e-14
5390 -3.10054e-14
5400 -3.15872e-14
5410 -3.45971e-14
5420 -3.5914e-14
5430 -4.02098e-14
5440 -4.57171e-14
5450 -4.65162e-14
5460 -5.16762e-14
5470 -4.37958e-14
5480 -4.67931e-14
5490 -4.75444e-14
5500 -4.99637e-14
5510 -4.49811e-14
5520 -4.71815e-14
5530 -3.84617e-14
5540 -4.34887e-14
5550 -3.93549e-14
5560 -4.4129e-14
5570 -3.88673e-14
5580 -4.09964e-14
5590 -4.18884e-14
5600 -4.78906e-14
5610 -4.6974e-14
5620 -4.2707e-14
5630 -4.16629e-14
5640 -4.5565e-14
5650 -4.1854e-14
5660 -4.20878e-14
5670 -4.76044e-14
5680 -3.85993e-14
5690 -4.45799e-14
5700 -4.08745e-14
5710 -4.15553e-14
5720 -4.14714e-14
5730 -4.00806e-14
5740 -5.04848e-14
5750 -3.57654e-14
5760 -4.70392e-14
5770 -4.08018e-14
5780 -3.59159e-14
5790 -4.98761e-14
5800 -4.57256e-14
5810 -4.7111e-14
5820 -4.87211e-14
5830 -4.99356e-14
5840 -4.74655e-14
5850 -4.99989e-14
5860 -4.54768e-14
5870 -4.71701e-14
5880 -5.06883e-14
5890 -4.68156e-14
5900 -4.68256e-14
5910 -4.59627e-14
5920 -4.56212e-14
5930 -4.92458e-14
5940 -4.39954e-14
5950 -4.97934e-14
5960 -5.64064e-14
5970 -5.69344e-14
5980 -6.02242e-14
5990 -5.08041e-14
6000 -4.37924e-14
6010 -3.34819e-14
6020 -3.84167e-14
6030 -3.68707e-14
6040 -3.77141e-14
6050 -4.11983e-14
6060 -4.03092e-14
6070 -3.85268e-14
6080 -3.69853e-14
6090 -3.82685e-14
6100 -4.04929e-14
6110 -3.87327e-14
6120 -4.08388e-14
6130 -3.69864e-14
6140 -4.41448e-14
6150 -4.77078e-14
6160 -5.05864e-14
6170 -4.7982e-14
6180 -5.14535e-14
6190 -4.59392e-14
6200 -4.62151e-14
6210 -4.36017e-14
6220 -4.83338e-14
6230 -4.89148e-14
6240 -5.10641e-14
6250 -5.13614e-14
6260 -4.84187e-14
6270 -4.68139e-14
6280 -5.35007e-14
6290 -5.33559e-14
6300 -4.85546e-14
6310 -4.5889e-14
6320 -4.49234e-14
6330 -4.85696e-14
6340 -4.96779e-14
6350 -4.77202e-14
6360 -3.9029e-14
6370 -4.32041e-14
6380 -4.11444e-14
6390 -4.17159e-14
6400 -4.53378e-14
6410 -4.05909e-14
6420 -3.8721e-14
6430 -2.90203e-14
6440 -3.33368e-14
6450 -2.50649e-14
6460 -1.99322e-14
6470 -1.92551e-14
6480 -2.17662e-14
6490 -2.59392e-14
6500 -2.79959e-14
6510 -3.54561e-14
6520 -2.98713e-14
6530 -3.07787e-14
6540 -4.18219e-14
6550 -4.62621e-14
6560 -4.44115e-14
6570 -4.35505e-14
6580 -3.98934e-14
6590 -3.87027e-14
6600 -3.80016e-14
6610 -3.8929e-14
6620 -3.73409e-14
6630 -3.5504e-14
6640 -3.76456e-14
6650 -4.01811e-14
6660 -3.76153e-14
6670 -3.97962e-14
6680 -4.91621e-14
6690 -4.31154e-14
6700 -3.92635e-14
6710 -3.99465e-14
6720 -4.70092e-14
6730 -5.02942e-14
6740 -5.12695e-14
6750 -4.57326e-14
6760 -5.44586e-14
6770 -5.15591e-14
6780 -6.05097e-14
6790 -6.20579e-14
6800 -6.74448e-14
6810 -7.09278e-14
6820 -6.44912e-14
6830 -7.33789e-14
6840 -7.1577e-14
6850 -7.21554e-14
6860 -7.61346e-14
6870 -8.384e-14
6880 -7.84809e-14
6890 -7.61009e-14
6900 -7.66513e-14
6910 -7.74391e-14
6920 -8.19815e-14
6930 -7.99279e-14
6940 -8.17121e-14
6950 -8.56212e-14
6960 -8.14615e-14
6970 -8.3894e-14
6980 -8.90164e-14
6990 -9.26405e-14
7000 -8.36094e-14
7010 -7.94501e-14
7020 -7.22524e-14
7030 -7.2642e-14
7040 -7.67264e-14
7050 -7.1693e-14
7060 -7.77296e-14
7070 -7.79307e-14
7080 -8.29161e-14
7090 -8.85826e-14
7100 -8.69986e-14
7110 -8.71764e-14
7120 -8.4704e-14
7130 -8.18741e-14
7140 -8.09304e-14
7150 -8.4867e-14
7160 -7.76351e-14
7170 -8.71577e-14
7180 -7.93627e-14
7190 -7.96305e-14
7200 -7.96643e-14
7210 -7.83824e-14
7220 -7.69745e-14
7230 -7.68324e-14
7240 -6.20014e-14
7250 -7.81074e-14
7260 -7.59115e-14
7270 -7.92784e-14
7280 -7.83351e-14
7290 -7.96487e-14
7300 -8.1224e-14
7310 -7.95348e-14
7320 -8.06319e-14
7330 -7.70654e-14
7340 -7.59854e-14
7350 -6.86239e-14
7360 -6.87237e-14
7370 -6.8067e-14
7380 -7.05316e-14
7390 -7.26081e-14
7400 -7.12447e-14
7410 -8.30564e-14
7420 -8.21248e-14
7430 -7.66796e-14
7440 -7.2913e-14
7450 -7.56624e-14
7460 -7.57684e-14
7470 -7.31394e-14
7480 -6.58001e-14
7490 -6.77288e-14
7500 -6.1778e-14
7510 -6.62849e-14
7520 -6.46976e-14
7530 -6.04233e-14
7540 -5.61578e-14
7550 -5.56244e-14
7560 -5.15761e-14
7570 -5.00136e-14
7580 -5.98123e-14
7590 -5.65437e-14
7600 -5.32207e-14
7610 -6.37307e-14
7620 -6.21221e-14
7630 -5.75684e-14
7640 -6.48845e-14
7650 -6.2899e-14
7660 -6.31011e-14
7670 -6.45048e-14
7680 -6.25903e-14
7690 -6.25329e-14
7700 -6.20104e-14
7710 -5.96823e-14
7720 -5.5053e-14
7730 -7.0356e-14
7740 -7.0918e-14
7750 -6.04406e-14
7760 -6.09964e-14
7770 -6.87488e-14
7780 -6.90396e-14
7790 -6.7917e-14
7800 -6.31157e-14
7810 -5.49641e-14
7820 -5.91387e-14
7830 -6.37914e-14
7840 -5.6161e-14
7850 -5.55396e-14
7860 -4.47351e-14
7870 -4.12122e-14
7880 -1.9998e-14
7890 1.34789e-16
7900 4.2909e-14
7910 1.19077e-13
7920 2.52081e-13
7930 4.97248e-13
7940 9.25571e-13
7950 1.65985e-12
7960 2.94641e-12
7970 5.15221e-12
7980 8.93325e-12
7990 1.53635e-11
8000 2.62435e-11
8010 4.45904e-11
8020 7.52983e-11
8030 1.26423e-10
8040 2.11094e-10
8050 3.50491e-10
8060 5.787e-10
8070 9.50215e-10
8080 1.55164e-09
8090 2.51973e-09
8100 4.06925e-09
8110 6.53549e-09
8120 1.04386e-08
8130 1.6581e-08
8140 2.61927e-08
8150 4.11483e-08
8160 6.42877e-08
8170 9.98868e-08
8180 1.54345e-07
8190 2.37182e-07
8200 3.62474e-07
8210 5.50907e-07
8220 8.32698e-07
8230 1.25171e-06
8240 1.87124e-06
8250 2.78205e-06
8260 4.1135e-06
8270 6.0488e-06
8280 8.84587e-06
8290 1.28655e-05
8300 1.86092e-05
8310 2.67697e-05
8320 3.82984e-05
8330 5.44923e-05
8340 7.71102e-05
8350 0.00010852
8360 0.000151892
8370 0.000211438
8380 0.000292726
8390 0.000403058
8400 0.000551957
8410 0.000751756
8420 0.00101832
8430 0.00137191
8440 0.00183827
8450 0.00244982
8460 0.00324714
8470 0.0042807
8480 0.00561276
8490 0.00731961
8500 0.00949408
8510 0.0122482
8520 0.0157163
8530 0.020058
8540 0.0254618
8550 0.0321481
8560 0.0403729
8570 0.0504308
8580 0.0626577
8590 0.0774337
8600 0.0951842
8610 0.116381
8620 0.141542
8630 0.171228
8640 0.206042
8650 0.246623
8660 0.293634
8670 0.347761
8680 0.409693
8690 0.480113
8700 0.559678
8710 0.649004
8720 0.748641
8730 0.859052
8740 0.980595
8750 1.11349
8760 1.25781
8770 1.41344
8780 1.58007
8790 1.75719
8800 1.94404
8810 2.13964
8820 2.34277
8830 2.55195
8840 2.76552
8850 2.98156
8860 3.198
8870 3.41259
8880 3.62297
8890 3.8267
8900 4.02131
8910 4.20433
8920 4.37338
8930 4.52618
8940 4.66063
8950 4.77487
8960 4.86725
8970 4.93648
8980 4.98157
8990 5.00188
9000 4.99716
9010 4.96754
9020 4.91349
9030 4.83586
9040 4.73585
9050 4.61493
9060 4.47488
9070 4.31767
9080 4.14547
9090 3.96058
9100 3.76538
9110 3.56229
9120 3.35368
9130 3.1419
9140 2.92918
9150 2.7176
9160 2.50909
9170 2.30537
9180 2.10798
9190 1.91821
9200 1.73713
9210 1.5656
9220 1.40426
9230 1.25353
9240 1.11365
9250 0.984677
9260 0.866507
9270 0.758908
9280 0.66153
9290 0.573928
9300 0.495585
9310 0.425927
9320 0.364345
9330 0.31021
9340 0.262887
9350 0.221746
9360 0.186175
9370 0.155586
9380 0.129422
9390 0.107161
9400 0.0883202
9410 0.0724579
9420 0.059172
9430 0.0481013
9440 0.0389234
9450 0.0313533
9460 0.0251408
9470 0.0200679
9480 0.0159462
9490 0.0126139
9500 0.00993297
9510 0.00778673
9520 0.00607688
9530 0.00472128
9540 0.00365172
9550 0.00281188
9560 0.00215558
9570 0.00164513
9580 0.00125001
9590 0.0009456
9600 0.000712172
9610 0.000534012
9620 0.000398667
9630 0.000296324
9640 0.000219293
9650 0.00016158
9660 0.00011854
9670 8.65869e-05
9680 6.29738e-05
9690 4.56027e-05
9700 3.28813e-05
9710 2.36069e-05
9720 1.68759e-05
9730 1.20125e-05
9740 8.51419e-06
9750 6.00901e-06
9760 4.22295e-06
9770 2.95519e-06
9780 2.05929e-06
9790 1.42894e-06
9800 9.87372e-07
9810 6.79394e-07
9820 4.65522e-07
9830 3.17645e-07
9840 2.15839e-07
9850 1.46052e-07
9860 9.84198e-08
9870 6.60474e-08
9880 4.414e-08
9890 2.93778e-08
9900 1.94726e-08
9910 1.28547e-08
9920 8.45191e-09
9930 5.53565e-09
9940 3.61281e-09
9950 2.3514e-09
9960 1.52913e-09
9970 9.98124e-10
9980 6.61007e-10
9990 4.54721e-10
10000 3.11926e-10
10010 2.13368e-10
10020 1.45538e-10
10030 9.89912e-11
10040 6.71418e-11
10050 4.54115e-11
10060 3.0628e-11
10070 2.05993e-11
10080 1.38155e-11
10090 9.23993e-12
10100 6.16249e-12
10110 4.09857e-12
10120 2.71831e-12
10130 1.79786e-12
10140 1.18579e-12
10150 7.79934e-13
10160 5.11569e-13
10170 3.34619e-13
10180 2.18272e-13
10190 1.41987e-13
10200 9.21095e-14
10210 5.95891e-14
10220 3.84449e-14
10230 2.47355e-14
10240 1.58714e-14
10250 1.0156e-14
10260 6.48109e-15
10270 4.12468e-15
10280 2.61789e-15
10290 1.65705e-15
10300 1.04602e-15
10310 6.58523e-16
10320 4.13454e-16
10330 2.58889e-16
10340 1.61669e-16
10350 1.00687e-16
10360 6.25396e-17
10370 3.8741e-17
10380 2.39344e-17
10390 1.47474e-17
10400 9.06244e-18
10410 5.55416e-18
10420 3.39497e-18
10430 2.06965e-18
10440 1.25837e-18
10450 7.6307e-19
10460 4.61501e-19
10470 2.78377e-19
10480 1.67474e-19
10490 1.00489e-19
10500 6.01372e-20
10510 3.58945e-20
10520 2.13685e-20
10530 1.26876e-20
10540 7.51365e-21
10550 4.438e-21
10560 2.61451e-21
10570 1.53624e-21
10580 9.00329e-22
10590 5.26276e-22
10600 3.06831e-22
10610 1.78427e-22
10620 1.0349e-22
10630 5.98703e-23
10640 3.45466e-23
10650 1.98829e-23
10660 1.1414e-23
10670 6.53551e-24
10680 3.73256e-24
10690 2.12629e-24
10700 1.20816e-24
10710 6.8473e-25
10720 3.87084e-25
10730 2.18265e-25
10740 1.2276e-25
10750 6.88698e-26
10760 3.85387e-26
10770 2.15112e-26
10780 1.19766e-26
10790 6.65127e-27
10800 3.68451e-27
10810 2.03592e-27
10820 1.12214e-27
10830 6.1694e-28
10840 3.38336e-28
10850 1.85082e-28
10860 1.00994e-28
10870 5.49716e-29
10880 2.98468e-29
10890 1.61649e-29
10900 8.73311e-30
10910 4.70635e-30
10920 2.53e-30
10930 1.35669e-30
10940 7.25709e-31
10950 3.87233e-31
10960 2.06114e-31
10970 1.09439e-31
10980 5.79652e-32
10990 3.06262e-32
11000 1.61418e-32
11010 8.48681e-33
11020 4.45115e-33
11030 2.32883e-33
11040 1.21546e-33
11050 6.32825e-34
11060 3.28675e-34
11070 1.70292e-34
11080 8.80163e-35
11090 4.53814e-35
11100 2.33421e-35
11110 1.1977e-35
11120 6.13064e-36
11130 3.13051e-36
11140 1.59468e-36
11150 8.10379e-37
11160 4.10824e-37
11170 2.07768e-37
11180 1.04824e-37
11190 5.27592e-38
11200 2.64909e-38
11210 1.32695e-38
11220 6.63095e-39
11230 3.30567e-39
11240 1.64402e-39
11250 8.15681e-40
11260 4.03737e-40
11270 1.99363e-40
11280 9.821e-41
11290 4.82652e-41
11300 2.36635e-41
11310 1.15742e-41
11320 5.64762e-42
11330 2.74918e-42
11340 1.33506e-42
11350 6.46775e-43
11360 3.12577e-43
11370 1.50697e-43
11380 7.24749e-44
11390 3.47695e-44
11400 1.66388e-44
11410 7.94234e-45
11420 3.78146e-45
11430 1.79571e-45
11440 8.50468e-46
11450 4.01699e-46
11460 1.89208e-46
11470 8.88671e-47
11480 4.16175e-47
11490 1.94316e-47
11500 9.04484e-48
11510 4.19675e-48
11520 1.94089e-48
11530 8.94588e-49
11540 4.10896e-49
11550 1.88052e-49
11560 8.57464e-50
11570 3.89487e-50
11580 1.76222e-50
11590 7.94089e-51
11600 3.56342e-51
11610 1.59223e-51
11620 7.08326e-52
11630 3.13693e-52
11640 1.38284e-52
11650 6.06724e-53
11660 2.6492e-53
11670 1.15108e-53
11680 4.9764e-54
11690 2.14048e-54
11700 9.15916e-55
11710 3.89864e-55
11720 1.65063e-55
11730 6.95081e-56
11740 2.91099e-56
11750 1.21238e-56
11760 5.02116e-57
11770 2.06782e-57
11780 8.46726e-58
11790 3.44727e-58
11800 1.39537e-58
11810 5.61529e-59
11820 2.24649e-59
11830 8.93455e-60
11840 3.53236e-60
11850 1.38825e-60
11860 5.42342e-61
11870 2.10605e-61
11880 8.12924e-62
11890 3.11893e-62
11900 1.18941e-62
11910 4.5084e-63
11920 1.69852e-63
11930 6.36025e-64
11940 2.36717e-64
11950 8.75653e-65
11960 3.21944e-65
11970 1.17645e-65
11980 4.27278e-66
11990 1.54237e-66
12000 5.53361e-67
12010 1.9732e-67
12020 6.99318e-68
12030 2.46332e-68
12040 8.62407e-69
12050 3.00087e-69
12060 1.03784e-69
12070 3.56747e-70
12080 1.21882e-70
12090 4.1388e-71
12100 1.39689e-71
12110 4.68606e-72
12120 1.56248e-72
12130 5.17824e-73
12140 1.70575e-73
12150 5.58494e-74
12160 1.81758e-74
12170 5.87953e-75
12180 1.89047e-75
12190 6.04198e-76
12200 1.91944e-76
12210 6.06117e-77
12220 1.90253e-77
12230 5.93609e-78
12240 1.84107e-78
12250 5.67598e-79
12260 1.73947e-79
12270 5.29913e-80
12280 1.60474e-80
12290 4.83083e-81
12300 1.44564e-81
12310 4.30052e-82
12320 1.27178e-82
12330 3.73879e-83
12340 1.09266e-83
12350 3.17453e-84
12360 9.16887e-85
12370 2.63267e-85
12380 7.51496e-86
12390 2.1326e-86
12400 6.01655e-87
12410 1.6875e-87
12420 4.70549e-88
12430 1.30446e-88
12440 3.59523e-89
12450 9.85134e-90
12460 2.68373e-90
12470 7.2688e-91
12480 1.95735e-91
12490 5.24034e-92
12500 1.39489e-92
12510 3.69156e-93
12520 9.71352e-94
12530 2.54121e-94
12540 6.61005e-95
12550 1.70951e-95
12560 4.3959e-96
12570 1.12391e-96
12580 2.85711e-97
12590 7.22168e-98
12600 1.81496e-98
12610 4.5354e-99
12620 1.1269e-99
12630 2.7841e-100
12640 6.83926e-101
12650 1.67057e-101
12660 4.05745e-102
12670 9.79891e-103
12680 2.3531e-103
12690 5.61878e-104
12700 1.33409e-104
12710 3.14975e-105
12720 7.39455e-106
12730 1.72622e-106
12740 4.00713e-107
12750 9.24961e-108
12760 2.12309e-108
12770 4.84586e-109
12780 1.09985e-109
12790 2.48231e-110
12800 5.57111e-111
12810 1.24335e-111
12820 2.75937e-112
12830 6.08971e-113
12840 1.33645e-113
12850 2.91663e-114
12860 6.3297e-115
12870 1.36603e-115
12880 2.93166e-116
12890 6.25669e-117
12900 1.32787e-117
12910 2.80251e-118
12920 5.88196e-119
12930 1.22767e-119
12940 2.54814e-120
12950 5.2596e-121
12960 1.07962e-121
12970 2.20382e-122
12980 4.47375e-123
12990 9.03148e-124
13000 1.81317e-124
13010 3.62001e-125
13020 7.18746e-126
13030 1.41918e-126
13040 2.78672e-127
13050 5.44187e-128
13060 1.05682e-128
13070 2.04103e-129
13080 3.92012e-130
13090 7.4877e-131
13100 1.42232e-131
13110 2.68689e-132
13120 5.04781e-133
13130 9.43103e-134
13140 1.75234e-134
13150 3.23803e-135
13160 5.95041e-136
13170 1.08747e-136
13180 1.97649e-137
13190 3.57252e-138
13200 6.42186e-139
13210 1.14803e-139
13220 2.04104e-140
13230 3.60875e-141
13240 6.34552e-142
13250 1.10965e-142
13260 1.92979e-143
13270 3.33765e-144
13280 5.74087e-145
13290 9.82025e-146
13300 1.6706e-146
13310 2.82638e-147
13320 4.75549e-148
13330 7.95731e-149
13340 1.32417e-149
13350 2.19142e-150
13360 3.60673e-151
13370 5.90348e-152
13380 9.60963e-153
13390 1.55564e-153
13400 2.50448e-154
13410 4.00986e-155
13420 6.38475e-156
13430 1.01103e-156
13440 1.59214e-157
13450 2.49347e-158
13460 3.88353e-159
13470 6.0152e-160
13480 9.26559e-161
13490 1.41937e-161
13500 2.1623e-162
13510 3.27592e-163
13520 4.93569e-164
13530 7.39534e-165
13540 1.10195e-165
13550 1.63291e-166
13560 2.40633e-167
13570 3.52646e-168
13580 5.13941e-169
13590 7.44866e-170
13600 1.07357e-170
13610 1.53876e-171
13620 2.19331e-172
13630 3.10894e-173
13640 4.38236e-174
13650 6.14309e-175
13660 8.56341e-176
13670 1.1871e-176
13680 1.63646e-177
13690 2.24336e-178
13700 3.05823e-179
13710 4.14586e-180
13720 5.58897e-181
13730 7.49238e-182
13740 9.98796e-183
13750 1.32404e-183
13760 1.74539e-184
13770 2.28795e-185
13780 2.98238e-186
13790 3.8658e-187
13800 4.98282e-188
13810 6.38656e-189
13820 8.13981e-190
13830 1.03161e-190
13840 1.30006e-191
13850 1.62916e-192
13860 2.03006e-193
13870 2.51535e-194
13880 3.09907e-195
13890 3.79668e-196
13900 4.62503e-197
13910 5.60223e-198
13920 6.74745e-199
13930 8.08071e-200
13940 9.6225e-201
13950 1.13934e-201
13960 1.34134e-202
13970 1.57018e-203
13980 1.82758e-204
13990 2.11504e-205
14000 2.43374e-206
14010 2.78446e-207
14020 3.16749e-208
14030 3.58256e-209
14040 4.02879e-210
14050 4.50459e-211
14060 5.00762e-212
14070 5.53478e-213
14080 6.0822e-214
14090 6.64519e-215
14100 7.21836e-216
14110 7.79562e-217
14120 8.3703e-218
14130 8.93522e-219
14140 9.48291e-220
14150 1.00057e-220
14160 1.04958e-221
14170 1.09457e-222
14180 1.13483e-223
14190 1.1697e-224
14200 1.19858e-225
14210 1.22097e-226
14220 1.23648e-227
14230 1.24483e-228
14240 1.24586e-229
14250 1.23954e-230
14260 1.22597e-231
14270 1.20538e-232
14280 1.17812e-233
14290 1.14465e-234
14300 1.10552e-235
14310 1.06137e-236
14320 1.01292e-237
14330 9.60903e-239
14340 9.06112e-240
14350 8.49328e-241
14360 7.91327e-242
14370 7.32857e-243
14380 6.74623e-244
14390 6.17272e-245
14400 5.61385e-246
14410 5.07469e-247
14420 4.55951e-248
14430 4.07176e-249
14440 3.61406e-250
14450 3.18827e-251
14460 2.79547e-252
14470 2.43607e-253
14480 2.10986e-254
14490 1.81612e-255
14500 1.55366e-256
14510 1.32093e-257
14520 1.11613e-258
14530 9.37247e-260
14540 7.82153e-261
14550 6.48668e-262
14560 5.34614e-263
14570 4.37866e-264
14580 3.56384e-265
14590 2.88247e-266
14600 2.31674e-267
14610 1.85033e-268
14620 1.46849e-269
14630 1.15809e-270
14640 9.07516e-272
14650 7.06643e-273
14660 5.46732e-274
14670 4.20311e-275
14680 3.21057e-276
14690 2.43671e-277
14700 1.8375e-278
14710 1.37672e-279
14720 1.02484e-280
14730 7.57961e-282
14740 5.56947e-283
14750 4.06583e-284
14760 2.94881e-285
14770 2.1247e-286
14780 1.52089e-287
14790 1.08152e-288
14800 7.64025e-290
14810 5.36173e-291
14820 3.73783e-292
14830 2.58848e-293
14840 1.78062e-294
14850 1.21673e-295
14860 8.2585e-297
14870 5.56786e-298
14880 3.7286e-299
14890 2.48008e-300
14900 1.63847e-301
14910 1.07513e-302
14920 7.00675e-304
14930 4.53526e-305
14940 2.91547e-306
14950 1.86134e-307
14960 1.18017e-308
14970 7.43117e-310
14980 4.6468e-311
14990 2.88553e-312
15000 1.77936e-313
15010 1.08958e-314
15020 6.62517e-316
15030 4.00005e-317
15040 2.39796e-318
15050 1.42647e-319
15060 8.18173e-321
15070 3.55727e-322
15080 0
15090 0
15100 0
15110 0
15120 0
15130 0
15140 0
15150 0
15160 0
15170 0
15180 0
15190 0
15200 0
15210 0
15220 0
15230 0
15240 0
15250 0
15260 0
15270 0
15280 0
15290 0
15300 0
15310 0
15320 0
15330 0
15340 0
15350 0
15360 0
15370 0
15380 0
15390 0
15400 0
15410 0
15420 0
15430 0
15440 0
15450 0
15460 0
15470 0
15480 0
15490 0
15500 0
15510 0
15520 0
15530 0
15540 0
15550 0
15560 0
15570 0
15580 0
15590 0
15600 0
15610 0
15620 0
15630 0
15640 0
15650 0
15660 0
15670 0
15680 0
15690 0
15700 0
15710 0
15720 0
15730 0
15740 0
15750 0
15760 0
15770 0
15780 0
15790 0
15800 0
15810 0
15820 0
15830 0
15840 0
15850 0
15860 0
15870 0
15880 0
15890 0
15900 0
15910 0
15920 0
15930 0
15940 0
15950 0
15960 0
15970 0
15980 0
15990 0
16000 0
16010 0
16020 0
16030 0
16040 0
16050 0
16060 0
16070 0
16080 0
16090 0
16100 0
16110 0
16120 0
16130 0
16140 0
16150 0
16160 0
16170 0
16180 0
16190 0
16200 0
16210 0
16220 0
16230 0
16240 0
16250 0
16260 0
16270 0
16280 0
16290 0
16300 0
16310 0
16320 0
16330 0
16340 0
16350 0
16360 0
16370 0
16380 0
16390 0
16400 0
16410 0
16420 0
16430 0
16440 0
16450 0
16460 0
16470 0
16480 0
16490 0
16500 0
16510 0
16520 0
16530 0
16540 0
16550 0
16560 0
16570 0
16580 0
16590 0
16600 0
16610 0
16620 0
16630 0
16640 0
16650 0
16660 0
16670 0
16680 0
16690 0
16700 0
16710 0
16720 0
16730 0
16740 0
16750 0
16760 0
16770 0
16780 0
16790 0
16800 0
16810 0
16820 0
16830 0
16840 0
16850 0
16860 0
16870 0
16880 0
16890 0
16900 0
16910 0
16920 0
16930 0
16940 0
16950 0
16960 0
16970 0
16980 0
16990 0
17000 0
17010 0
17020 0
17030 0
17040 0
17050 0
17060 0
17070 0
17080 0
17090 0
17100 0
17110 0
17120 0
17130 0
17140 0
17150 0
17160 0
17170 0
17180 0
17190 0
17200 0
17210 0
17220 0
17230 0
17240 0
17250 0
17260 0
17270 0
17280 0
17290 0
17300 0
17310 0
17320 0
17330 0
17340 0
17350 0
17360 0
17370 0
17380 0
17390 0
17400 0
17410 0
17420 0
17430 0
17440 0
17450 0
17460 0
17470 0
17480 0
17490 0
17500 0
17510 0
17520 0
17530 0
17540 0
17550 0
17560 0
17570 0
17580 0
17590 0
17600 0
17610 0
17620 0
17630 0
17640 0
17650 0
17660 0
17670 0
17680 0
17690 0
17700 0
17710 0
17720 0
17730 0
17740 0
17750 0
17760 0
17770 0
17780 0
17790 0
17800 0
17810 0
17820 0
17830 0
17840 0
17850 0
17860 0
17870 0
17880 0
17890 0
17900 0
17910 0
17920 0
17930 0
17940 0
17950 0
17960 0
17970 0
17980 0
17990 0
18000 0
18010 0
18020 0
18030 0
18040 0
18050 0
18060 0
18070 0
18080 0
18090 0
18100 0
18110 0
18120 0
18130 0
18140 0
18150 0
18160 0
18170 0
18180 0
18190 0
18200 0
18210 0
18220 0
18230 0
18240 0
18250 0
18260 0
18270 0
18280 0
18290 0
18300 0
18310 0
18320 0
18330 0
18340 0
18350 0
18360 0
18370 0
18380 0
18390 0
18400 0
18410 0
18420 0
18430 0
18440 0
18450 0
18460 0
18470 0
18480 0
18490 0
18500 0
18510 0
18520 0
18530 0
18540 0
18550 0
18560 0
18570 0
18580 0
18590 0
18600 0
18610 0
18620 0
18630 0
18640 0
18650 0
18660 0
18670 0
18680 0
18690 0
18700 0
18710 0
18720 0
18730 0
18740 0
18750 0
18760 0
18770 0
18780 0
18790 0
18800 0
18810 0
18820 0
18830 0
18840 0
18850 0
18860 0
18870 0
18880 0
18890 0
18900 0
18910 0
18920 0
18930 0
18940 0
18950 0
18960 0
18970 0
18980 0
18990 0
19000 0
19010 0
19020 0
19030 0
19040 0
19050 0
19060 0
19070 0
19080 0
19090 0
19100 0
19110 0
19120 0
19130 0
19140 0
19150 0
19160 0
19170 0
19180 0
19190 0
19200 0
19210 0
19220 0
19230 0
19240 0
19250 0
19260 0
19270 0
19280 0
19290 0
19300 0
19310 0
19320 0
19330 0
19340 0
19350 0
19360 0
19370 0
19380 0
19390 0
19400 0
19410 0
19420 0
19430 0
19440 0
19450 0
19460 0
19470 0
19480 0
19490 0
19500 0
19510 0
19520 0
19530 0
19540 0
19550 0
19560 0
19570 0
19580 0
19590 0
19600 0
19610 0
19620 0
19630 0
19640 0
19650 0
19660 0
19670 0
19680 0
19690 0
19700 0
19710 0
19720 0
19730 0
19740 0
19750 0
19760 0
19770 0
19780 0
19790 0
19800 0
19810 0
19820 0
19830 0
19840 0
19850 0
19860 0
19870 0
19880 0
19890 0
19900 0
19910 0
19920 0
19930 0
19940 0
19950 0
19960 0
19970 0
19980 0
19990 0
20000 0
20010 0
20020 0
20030 0
20040 0
20050 0
20060 0
20070 0
20080 0
20090 0
20100 0
20110 0
20120 0
20130 0
20140 0
20150 0
20160 0
20170 0
20180 0
20190 0
20200 0
20210 0
20220 0
20230 0
20240 0
20250 0
20260 0
20270 0
20280 0
20290 0
20300 0
20310 0
20320 0
20330 0
20340 0
20350 0
20360 0
20370 0
20380 0
20390 0
20400 0
20410 0
20420 0
20430 0
20440 0
20450 0
20460 0
20470 0
20480 0
20490 0
20500 0
20510 0
20520 0
20530 0
20540 0
20550 0
20560 0
20570 0
20580 0
20590 0
20600 0
20610 0
20620 0
20630 0
20640 0
20650 0
20660 0
20670 0
20680 0
20690 0
20700 0
20710 0
20720 0
20730 0
20740 0
20750 0
20760 0
20770 0
20780 0
20790 0
20800 0
20810 0
20820 0
20830 0
20840 0
20850 0
20860 0
20870 0
20880 0
20890 0
20900 0
20910 0
20920 0
20930 0
20940 0
20950 0
20960 0
20970 0
20980 0
20990 0
21000 0
21010 0
21020 0
21030 0
21040 0
21050 0
21060 0
21070 0
21080 0
21090 0
21100 0
21110 0
21120 0
21130 0
21140 0
21150 0
21160 0
21170 0
21180 0
21190 0
21200 0
21210 0
21220 0
21230 0
21240 0
21250 0
21260 0
21270 0
21280 0
21290 0
21300 0
21310 0
21320 0
21330 0
21340 0
21350 0
21360 0
21370 0
21380 0
21390 0
21400 0
21410 0
21420 0
21430 0
21440 0
21450 0
21460 0
21470 0
21480 0
21490 0
21500 0
21510 0
21520 0
21530 0
21540 0
21550 0
21560 0
21570 0
21580 0
21590 0
21600 0
21610 0
21620 0
21630 0
21640 0
21650 0
21660 0
21670 0
21680 0
21690 0
21700 0
21710 0
21720 0
21730 0
21740 0
21750 0
21760 0
21770 0
21780 0
21790 0
21800 0
21810 0
21820 0
21830 0
21840 0
21850 0
21860 0
21870 0
21880 0
21890 0
21900 0
21910 0
21920 0
21930 0
21940 0
21950 0
21960 0
21970 0
21980 0
21990 0
22000 0
22010 0
22020 0
22030 0
22040 0
22050 0
22060 0
22070 0
22080 0
22090 0
22100 0
22110 0
22120 0
22130 0
22140 0
22150 0
22160 0
22170 0
22180 0
22190 0
22200 0
22210 0
22220 0
22230 0
22240 0
22250 0
22260 0
22270 0
22280 0
22290 0
22300 0
22310 0
22320 0
22330 0
22340 0
22350 0
22360 0
22370 0
22380 0
22390 0
22400 0
22410 0
22420 0
22430 0
22440 0
22450 0
22460 0
22470 0
22480 0
22490 0
22500 0
22510 0
22520 0
22530 0
22540 0
22550 0
22560 0
22570 0
22580 0
22590 0
22600 0
22610 0
22620 0
22630 0
22640 0
22650 0
22660 0
22670 0
22680 0
22690 0
22700 0
22710 0
22720 0
22730 0
22740 0
22750 0
22760 0
22770 0
22780 0
22790 0
22800 0
22810 0
22820 0
22830 0
22840 0
22850 0
22860 0
22870 0
22880 0
22890 0
22900 0
22910 0
22920 0
22930 0
22940 0
22950 0
22960 0
22970 0
22980 0
22990 0
23000 0
23010 0
23020 0
23030 0
23040 0
23050 0
23060 0
23070 0
23080 0
23090 0
23100 0
23110 0
23120 0
23130 0
23140 0
23150 0
23160 0
23170 0
23180 0
23190 0
23200 0
23210 0
23220 0
23230 0
23240 0
23250 0
23260 0
23270 0
23280 0
23290 0
23300 0
23310 0
23320 0
23330 0
23340 0
23350 0
23360 0
23370 0
23380 0
23390 0
23400 0
23410 0
23420 0
23430 0
23440 0
23450 0
23460 0
23470 0
23480 0
23490 0
23500 0
23510 0
23520 0
23530 0
23540 0
23550 0
23560 0
23570 0
23580 0
23590 0
23600 0
23610 0
23620 0
23630 0
23640 0
23650 0
23660 0
23670 0
23680 0
23690 0
23700 0
23710 0
23720 0
23730 0
23740 0
23750 0
23760 0
23770 0
23780 0
23790 0
23800 0
23810 0
23820 0
23830 0
23840 0
23850 0
23860 0
23870 0
23880 0
23890 0
23900 0
23910 0
23920 0
23930 0
23940 0
23950 0
23960 0
23970 0
23980 0
23990 0
24000 0
24010 0
24020 0
24030 0
24040 0
24050 0
24060 0
24070 0
24080 0
24090 0
24100 0
24110 0
24120 0
24130 0
24140 0
24150 0
24160 0
24170 0
24180 0
24190 0
24200 0
24210 0
24220 0
24230 0
24240 0
24250 0
24260 0
24270 0
24280 0
24290 0
24300 0
24310 0
24320 0
24330 0
24340 0
24350 0
24360 0
24370 0
24380 0
24390 0
24400 0
24410 0
24420 0
24430 0
24440 0
24450 0
24460 0
24470 0
24480 0
24490 0
24500 0
24510 0
24520 0
24530 0
24540 0
24550 0
24560 0
24570 0
24580 0
24590 0
24600 0
24610 0
24620 0
24630 0
24640 0
24650 0
24660 0
24670 0
24680 0
24690 0
24700 0
24710 0
24720 0
24730 0
24740 0
24750 0
24760 0
24770 0
24780 0
24790 0
24800 0
24810 0
24820 0
24830 0
24840 0
24850 0
24860 0
24870 0
24880 0
24890 0
24900 0
24910 0
24920 0
24930 0
24940 0
24950 0
24960 0
24970 0
24980 0
24990 0
25000 0
25010 0
25020 0
25030 0
25040 0
25050 0
25060 0
25070 0
25080 0
25090 0
25100 0
25110 0
25120 0
25130 0
25140 0
25150 0
25160 0
25170 0
25180 0
25190 0
25200 0
25210 0
25220 0
25230 0
25240 0
25250 0
25260 0
25270 0
25280 0
25290 0
25300 0
25310 0
25320 0
25330 0
25340 0
25350 0
25360 0
25370 0
25380 0
25390 0
25400 0
25410 0
25420 0
25430 0
25440 0
25450 0
25460 0
25470 0
25480 0
25490 0
25500 0
25510 0
25520 0
25530 0
25540 0
25550 0
25560 0
25570 0
25580 0
25590 0
25600 0
25610 0
25620 0
25630 0
25640 0
25650 0
25660 0
25670 0
25680 0
25690 0
25700 0
25710 0
25720 0
25730 0
25740 0
25750 0
25760 0
25770 0
25780 0
25790 0
25800 0
25810 0
25820 0
25830 0
25840 0
25850 0
25860 0
25870 0
25880 0
25890 0
25900 0
25910 0
25920 0
25930 0
25940 0
25950 0
25960 0
25970 0
25980 0
25990 0
26000 0
26010 0
26020 0
26030 0
26040 0
26050 0
26060 0
26070 0
26080 0
26090 0
26100 0
26110 0
26120 0
26130 0
26140 0
26150 0
26160 0
26170 0
26180 0
26190 0
26200 0
26210 0
26220 0
26230 0
26240 0
26250 0
26260 0
26270 0
26280 0
26290 0
26300 0
26310 0
26320 0
26330 0
26340 0
26350 0
26360 0
26370 0
26380 0
26390 0
26400 0
26410 0
26420 0
26430 0
26440 0
26450 0
26460 0
26470 0
26480 0
26490 0
26500 0
26510 0
26520 0
26530 0
26540 0
26550 0
26560 0
26570 0
26580 0
26590 0
26600 0
26610 0
26620 0
26630 0
26640 0
26650 0
26660 0
26670 0
26680 0
26690 0
26700 0
26710 0
26720 0
26730 0
26740 0
26750 0
26760 0
26770 0
26780 0
26790 0
26800 0
26810 0
26820 0
26830 0
26840 0
26850 0
26860 0
26870 0
26880 0
26890 0
26900 0
26910 0
26920 0
26930 0
26940 0
26950 0
26960 0
26970 0
26980 0
26990 0
27000 0
27010 0
27020 0
27030 0
27040 0
27050 0
27060 0
27070 0
27080 0
27090 0
27100 0
27110 0
27120 0
27130 0
27140 0
27150 0
27160 0
27170 0
27180 0
27190 0
27200 0
27210 0
27220 0
27230 0
27240 0
27250 0
27260 0
27270 0
27280 0
27290 0
27300 0
27310 0
27320 0
27330 0
27340 0
27350 0
27360 0
27370 0
27380 0
27390 0
27400 0
27410 0
27420 0
27430 0
27440 0
27450 0
27460 0
27470 0
27480 0
27490 0
27500 0
27510 0
27520 0
27530 0
27540 0
27550 0
27560 0
27570 0
27580 0
27590 0
27600 0
27610 0
27620 0
27630 0
27640 0
27650 0
27660 0
27670 0
27680 0
27690 0
27700 0
27710 0
27720 0
27730 0
27740 0
27750 0
27760 0
27770 0
27780 0
27790 0
27800 0
27810 0
27820 0
27830 0
27840 0
27850 0
27860 0
27870 0
27880 0
27890 0
27900 0
27910 0
27920 0
27930 0
27940 0
27950 0
27960 0
27970 0
27980 0
27990 0
28000 0
28010 0
28020 0
28030 0
28040 0
28050 0
28060 0
28070 0
28080 0
28090 0
28100 0
28110 0
28120 0
28130 0
28140 0
28150 0
28160 0
28170 0
28180 0
28190 0
28200 0
28210 0
28220 0
28230 0
28240 0
28250 0
28260 0
28270 0
28280 0
28290 0
28300 0
28310 0
28320 0
28330 0
28340 0
28350 0
28360 0
28370 0
28380 0
28390 0
28400 0
28410 0
28420 0
28430 0
28440 0
28450 0
28460 0
28470 0
28480 0
28490 0
28500 0
28510 0
28520 0
28530 0
28540 0
28550 0
28560 0
28570 0
28580 0
28590 0
28600 0
28610 0
28620 0
28630 0
28640 0
28650 0
28660 0
28670 0
28680 0
28690 0
28700 0
28710 0
28720 0
28730 0
28740 0
28750 0
28760 0
28770 0
28780 0
28790 0
28800 0
28810 0
28820 0
28830 0
28840 0
28850 0
28860 0
28870 0
28880 0
28890 0
28900 0
28910 0
28920 0
28930 0
28940 0
28950 0
28960 0
28970 0
28980 0
28990 0
29000 0
29010 0
29020 0
29030 0
29040 0
29050 0
29060 0
29070 0
29080 0
29090 0
29100 0
29110 0
29120 0
29130 0
29140 0
29150 0
29160 0
29170 0
29180 0
29190 0
29200 0
29210 0
29220 0
29230 0
29240 0
29250 0
29260 0
29270 0
29280 0
29290 0
29300 0
29310 0
29320 0
29330 0
29340 0
29350 0
29360 0
29370 0
29380 0
29390 0
29400 0
29410 0
29420 0
29430 0
29440 0
29450 0
29460 0
29470 0
29480 0
29490 0
29500 0
29510 0
29520 0
29530 0
29540 0
29550 0
29560 0
29570 0
29580 0
29590 0
29600 0
29610 0
29620 0
29630 0
29640 0
29650 0
29660 0
29670 0
29680 0
29690 0
29700 0
29710 0
29720 0
29730 0
29740 0
29750 0
29760 0
29770 0
29780 0
29790 0
29800 0
29810 0
29820 0
29830 0
29840 0
29850 0
29860 0
29870 0
29880 0
29890 0
29900 0
29910 0
29920 0
29930 0
29940 0
29950 0
29960 0
29970 0
29980 0
29990 0
30000 0
30010 0
30020 0
30030 0
30040 0
30050 0
30060 0
30070 0
30080 0
30090 0
30100 0
30110 0
30120 0
30130 0
30140 0
30150 0
30160 0
30170 0
30180 0
30190 0
30200 0
30210 0
30220 0
30230 0
30240 0
30250 0
30260 0
30270 0
30280 0
30290 0
30300 0
30310 0
30320 0
30330 0
30340 0
30350 0
30360 0
30370 0
30380 0
30390 0
30400 0
30410 0
30420 0
30430 0
30440 0
30450 0
30460 0
30470 0
30480 0
30490 0
30500 0
30510 0
30520 0
30530 0
30540 0
30550 0
30560 0
30570 0
30580 0
30590 0
30600 0
30610 0
30620 0
30630 0
30640 0
30650 0
30660 0
30670 0
30680 0
30690 0
30700 0
30710 0
30720 0
30730 0
30740 0
30750 0
30760 0
30770 0
30780 0
30790 0
30800 0
30810 0
30820 0
30830 0
30840 0
30850 0
30860 0
30870 0
30880 0
30890 0
30900 0
30910 0
30920 0
30930 0
30940 0
30950 0
30960 0
30970 0
30980 0
30990 0
31000 0
31010 0
31020 0
31030 0
31040 0
31050 0
31060 0
31070 0
31080 0
31090 0
31100 0
31110 0
31120 0
31130 0
31140 0
31150 0
31160 0
31170 0
31180 0
31190 0
31200 0
31210 0
31220 0
31230 0
31240 0
31250 0
31260 0
31270 0
31280 0
31290 0
31300 0
31310 0
31320 0
31330 0
31340 0
31350 0
31360 0
31370 0
31380 0
31390 0
31400 0
31410 0
31420 0
31430 0
31440 0
31450 0
31460 0
31470 0
31480 0
31490 0
31500 0
31510 0
31520 0
31530 0
31540 0
31550 0
31560 0
31570 0
31580 0
31590 0
31600 0
31610 0
31620 0
31630 0
31640 0
31650 0
31660 0
31670 0
31680 0
31690 0
31700 0
31710 0
31720 0
31730 0
31740 0
31750 0
31760 0
31770 0
31780 0
31790 0
31800 0
31810 0
31820 0
31830 0
31840 0
31850 0
31860 0
31870 0
31880 0
31890 0
31900 0
31910 0
31920 0
31930 0
31940 0
31950 0
31960 0
31970 0
31980 0
31990 0
32000 0
32010 0
32020 0
32030 0
32040 0
32050 0
32060 0
32070 0
32080 0
32090 0
32100 0
32110 0
32120 0
32130 0
32140 0
32150 0
32160 0
32170 0
32180 0
32190 0
32200 0
32210 0
32220 0
32230 0
32240 0
32250 0
32260 0
32270 0
32280 0
32290 0
32300 0
32310 0
32320 0
32330 0
32340 0
32350 0
32360 0
32370 0
32380 0
32390 0
32400 0
32410 0
32420 0
32430 0
32440 0
32450 0
32460 0
32470 0
32480 0
32490 0
32500 0
32510 0
32520 0
32530 0
32540 0
32550 0
32560 0
32570 0
32580 0
32590 0
32600 0
32610 0
32620 0
32630 0
32640 0
32650 0
32660 0
32670 0
32680 0
32690 0
32700 0
32710 0
32720 0
32730 0
32740 0
32750 0
32760 0
32770 0
32780 0
32790 0
32800 0
32810 0
32820 0
32830 0
32840 0
32850 0
32860 0
32870 0
32880 0
32890 0
32900 0
32910 0
32920 0
32930 0
32940 0
32950 0
32960 0
32970 0
32980 0
32990 0
33000 0
33010 0
33020 0
33030 0
33040 0
33050 0
33060 0
33070 0
33080 0
33090 0
33100 0
33110 0
33120 0
33130 0
33140 0
33150 0
33160 0
33170 0
33180 0
33190 0
33200 0
33210 0
33220 0
33230 0
33240 0
33250 0
33260 0
33270 0
33280 0
33290 0
33300 0
33310 0
33320 0
33330 0
33340 0
33350 0
33360 0
33370 0
33380 0
33390 0
33400 0
33410 0
33420 0
33430 0
33440 0
33450 0
33460 0
33470 0
33480 0
33490 0
33500 0
33510 0
33520 0
33530 0
33540 0
33550 0
33560 0
33570 0
33580 0
33590 0
33600 0
33610 0
33620 0
33630 0
33640 0
33650 0
33660 0
33670 0
33680 0
33690 0
33700 0
33710 0
33720 0
33730 0
33740 0
33750 0
33760 0
33770 0
33780 0
33790 0
33800 0
33810 0
33820 0
33830 0
33840 0
33850 0
33860 0
33870 0
33880 0
33890 0
33900 0
33910 0
33920 0
33930 0
33940 0
33950 0
33960 0
33970 0
33980 0
33990 0
34000 0
34010 0
34020 0
34030 0
34040 0
34050 0
34060 0
34070 0
34080 0
34090 0
34100 0
34110 0
34120 0
34130 0
34140 0
34150 0
34160 0
34170 0
34180 0
34190 0
34200 0
34210 0
34220 0
34230 0
34240 0
34250 0
34260 0
34270 0
34280 0
34290 0
34300 0
34310 0
34320 0
34330 0
34340 0
34350 0
34360 0
34370 0
34380 0
34390 0
34400 0
34410 0
34420 0
34430 0
34440 0
34450 0
34460 0
34470 0
34480 0
34490 0
34500 0
34510 0
34520 0
34530 0
34540 0
34550 0
34560 0
34570 0
34580 0
34590 0
34600 0
34610 0
34620 0
34630 0
34640 0
34650 0
34660 0
34670 0
34680 0
34690 0
34700 0
34710 0
34720 0
34730 0
34740 0
34750 0
34760 0
34770 0
34780 0
34790 0
34800 0
34810 0
34820 0
34830 0
34840 0
34850 0
34860 0
34870 0
34880 0
34890 0
34900 0
34910 0
34920 0
34930 0
34940 0
34950 0
34960 0
34970 0
34980 0
34990 0
35000 0
35010 0
35020 0
35030 0
35040 0
35050 0
35060 0
35070 0
35080 0
35090 0
35100 0
35110 0
35120 0
35130 0
35140 0
35150 0
35160 0
35170 0
35180 0
35190 0
35200 0
35210 0
35220 0
35230 0
35240 0
35250 0
35260 0
35270 0
35280 0
35290 0
35300 0
35310 0
35320 0
35330 0
35340 0
35350 0
35360 0
35370 0
35380 0
35390 0
35400 0
35410 0
35420 0
35430 0
35440 0
35450 0
35460 0
35470 0
35480 0
35490 0
35500 0
35510 0
35520 0
35530 0
35540 0
35550 0
35560 0
35570 0
35580 0
35590 0
35600 0
35610 0
35620 0
35630 0
35640 0
35650 0
35660 0
35670 0
35680 0
35690 0
35700 0
35710 0
35720 0
35730 0
35740 0
35750 0
35760 0
35770 0
35780 0
35790 0
35800 0
35810 0
35820 0
35830 0
35840 0
35850 0
35860 0
35870 0
35880 0
35890 0
35900 0
35910 0
35920 0
35930 0
35940 0
35950 0
35960 0
35970 0
35980 0
35990 0
36000 0
36010 0
36020 0
36030 0
36040 0
36050 0
36060 0
36070 0
36080 0
36090 0
36100 0
36110 0
36120 0
36130 0
36140 0
36150 0
36160 0
36170 0
36180 0
36190 0
36200 0
36210 0
36220 0
36230 0
36240 0
36250 0
36260 0
36270 0
36280 0
36290 0
36300 0
36310 0
36320 0
36330 0
36340 0
36350 0
36360 0
36370 0
36380 0
36390 0
36400 0
36410 0
36420 0
36430 0
36440 0
36450 0
36460 0
36470 0
36480 0
36490 0
36500 0
36510 0
36520 0
36530 0
36540 0
36550 0
36560 0
36570 0
36580 0
36590 0
36600 0
36610 0
36620 0
36630 0
36640 0
36650 0
36660 0
36670 0
36680 0
36690 0
36700 0
36710 0
36720 0
36730 0
36740 0
36750 0
36760 0
36770 0
36780 0
36790 0
36800 0
36810 0
36820 0
36830 0
36840 0
36850 0
36860 0
36870 0
36880 0
36890 0
36900 0
36910 0
36920 0
36930 0
36940 0
36950 0
36960 0
36970 0
36980 0
36990 0
37000 0
37010 0
37020 0
37030 0
37040 0
37050 0
37060 0
37070 0
37080 0
37090 0
37100 0
37110 0
37120 0
37130 0
37140 0
37150 0
37160 0
37170 0
37180 0
37190 0
37200 0
37210 0
37220 0
37230 0
37240 0
37250 0
37260 0
37270 0
37280 0
37290 0
37300 0
37310 0
37320 0
37330 0
37340 0
37350 0
37360 0
37370 0
37380 0
37390 0
37400 0
37410 0
37420 0
37430 0
37440 0
37450 0
37460 0
37470 0
37480 0
37490 0
37500 0
37510 0
37520 0
37530 0
37540 0
37550 0
37560 0
37570 0
37580 0
37590 0
37600 0
37610 0
37620 0
37630 0
37640 0
37650 0
37660 0
37670 0
37680 0
37690 0
37700 0
37710 0
37720 0
37730 0
37740 0
37750 0
37760 0
37770 0
37780 0
37790 0
37800 0
37810 0
37820 0
37830 0
37840 0
37850 0
37860 0
37870 0
37880 0
37890 0
37900 0
37910 0
37920 0
37930 0
37940 0
37950 0
37960 0
37970 0
37980 0
37990 0
38000 0
38010 0
38020 0
38030 0
38040 0
38050 0
38060 0
38070 0
38080 0
38090 0
38100 0
38110 0
38120 0
38130 0
38140 0
38150 0
38160 0
38170 0
38180 0
38190 0
38200 0
38210 0
38220 0
38230 0
38240 0
38250 0
38260 0
38270 0
38280 0
38290 0
38300 0
38310 0
38320 0
38330 0
38340 0
38350 0
38360 0
38370 0
38380 0
38390 0
38400 0
38410 0
38420 0
38430 0
38440 0
38450 0
38460 0
38470 0
38480 0
38490 0
38500 0
38510 0
38520 0
38530 0
38540 0
38550 0
38560 0
38570 0
38580 0
38590 0
38600 0
38610 0
38620 0
38630 0
38640 0
38650 0
38660 0
38670 0
38680 0
38690 0
38700 0
38710 0
38720 0
38730 0
38740 0
38750 0
38760 0
38770 0
38780 0
38790 0
38800 0
38810 0
38820 0
38830 0
38840 0
38850 0
38860 0
38870 0
38880 0
38890 0
38900 0
38910 0
38920 0
38930 0
38940 0
38950 0
38960 0
38970 0
38980 0
38990 0
39000 0
39010 0
39020 0
39030 0
39040 0
39050 0
39060 0
39070 0
39080 0
39090 0
39100 0
39110 0
39120 0
39130 0
39140 0
39150 0
39160 0
39170 0
39180 0
39190 0
39200 0
39210 0
39220 0
39230 0
39240 0
39250 0
39260 0
39270 0
39280 0
39290 0
39300 0
39310 0
39320 0
39330 0
39340 0
39350 0
39360 0
39370 0
39380 0
39390 0
39400 0
39410 0
39420 0
39430 0
39440 0
39450 0
39460 0
39470 0
39480 0
39490 0
39500 0
39510 0
39520 0
39530 0
39540 0
39550 0
39560 0
39570 0
39580 0
39590 0
39600 0
39610 0
39620 0
39630 0
39640 0
39650 0
39660 0
39670 0
39680 0
39690 0
39700 0
39710 0
39720 0
39730 0
39740 0
39750 0
39760 0
39770 0
39780 0
39790 0
39800 0
39810 0
39820 0
39830 0
39840 0
39850 0
39860 0
39870 0
39880 0
39890 0
39900 0
39910 0
39920 0
39930 0
39940 0
39950 0
39960 0
39970 0
39980 0
