-10 0
0 2.86024e-15
10 -5.03051e-15
20 -3.46658e-15
30 -6.39811e-15
40 -8.17223e-16
50 8.79945e-15
60 3.2954e-15
70 4.30022e-15
80 4.5667e-15
90 -1.86984e-15
100 6.7569e-16
110 -2.6472e-15
120 1.42907e-14
130 1.8456e-14
140 1.65177e-14
150 1.58077e-14
160 2.33148e-14
170 3.65966e-14
180 2.64075e-14
190 2.2055e-14
200 1.74187e-14
210 2.26402e-14
220 2.07523e-14
230 2.1149e-14
240 3.05943e-14
250 2.1014e-14
260 1.09577e-14
270 1.15591e-14
280 1.20964e-14
290 7.04189e-15
300 -3.68492e-16
310 -1.47914e-15
320 -4.66661e-15
330 -4.28719e-15
340 -2.37991e-16
350 -8.23258e-15
360 -1.22227e-14
370 -1.73884e-14
380 -5.37996e-15
390 -1.19328e-14
400 -7.33527e-15
410 -1.74368e-16
420 -6.18186e-15
430 4.38118e-15
440 -1.15327e-15
450 3.53628e-15
460 9.6783e-15
470 6.11991e-15
480 9.91515e-15
490 8.54498e-15
500 1.04783e-14
510 1.43929e-14
520 1.50621e-14
530 1.4927e-14
540 1.35894e-14
550 1.73983e-14
560 1.87526e-14
570 2.38211e-14
580 1.89645e-14
590 1.62633e-14
600 9.58163e-15
610 1.9919e-14
620 1.68076e-14
630 2.5237e-14
640 2.05585e-14
650 1.67639e-14
660 1.39499e-14
670 3.37783e-15
680 4.59908e-15
690 5.98579e-15
700 3.23683e-16
710 -3.54416e-15
720 5.56586e-15
730 -5.57338e-15
740 -3.73519e-15
750 -1.12924e-15
760 1.36767e-14
770 -1.80357e-17
780 1.83893e-15
790 8.22203e-15
800 3.93632e-15
810 6.85067e-15
820 8.21696e-15
830 1.08365e-14
840 1.031e-14
850 1.52196e-14
860 7.42655e-15
870 -1.36181e-15
880 6.33666e-16
890 -4.10338e-15
900 -1.42157e-15
910 -1.35407e-14
920 -1.78663e-14
930 -1.69168e-14
940 -2.0112e-14
950 -2.29854e-14
960 -2.05441e-14
970 -2.30659e-14
980 -3.15609e-14
990 -2.81533e-14
1000 -3.29284e-14
1010 -3.73288e-14
1020 -4.26924e-14
1030 -4.05219e-14
1040 -4.26834e-14
1050 -3.95104e-14
1060 -3.39194e-14
1070 -4.25724e-14
1080 -4.56871e-14
1090 -4.51724e-14
1100 -4.56064e-14
1110 -4.60223e-14
1120 -5.58928e-14
1130 -5.63294e-14
1140 -4.55303e-14
1150 -5.11032e-14
1160 -5.20717e-14
1170 -6.072e-14
1180 -6.27894e-14
1190 -5.92472e-14
1200 -6.10709e-14
1210 -5.74388e-14
1220 -6.03636e-14
1230 -6.57239e-14
1240 -6.41213e-14
1250 -6.42476e-14
1260 -6.51074e-14
1270 -6.4731e-14
1280 -6.35099e-14
1290 -5.74741e-14
1300 -6.37236e-14
1310 -5.73437e-14
1320 -4.91355e-14
1330 -6.16071e-14
1340 -5.4596e-14
1350 -5.99285e-14
1360 -6.68201e-14
1370 -6.48961e-14
1380 -6.9296e-14
1390 -7.18847e-14
1400 -6.6161e-14
1410 -6.34737e-14
1420 -7.41365e-14
1430 -7.08163e-14
1440 -6.49937e-14
1450 -5.90735e-14
1460 -7.03805e-14
1470 -6.0653e-14
1480 -5.69137e-14
1490 -5.7041e-14
1500 -6.949e-14
1510 -6.39812e-14
1520 -7.13354e-14
1530 -7.26971e-14
1540 -7.1121e-14
1550 -7.00722e-14
1560 -6.93453e-14
1570 -6.98141e-14
1580 -7.49164e-14
1590 -6.83634e-14
1600 -6.82092e-14
1610 -7.78511e-14
1620 -6.71519e-14
1630 -7.45682e-14
1640 -7.31042e-14
1650 -6.62196e-14
1660 -5.76435e-14
1670 -7.08682e-14
1680 -7.73347e-14
1690 -7.30349e-14
1700 -7.85748e-14
1710 -6.77448e-14
1720 -6.93921e-14
1730 -7.11013e-14
1740 -7.72109e-14
1750 -8.13932e-14
1760 -8.14426e-14
1770 -8.54035e-14
1780 -7.78206e-14
1790 -8.0434e-14
1800 -7.58983e-14
1810 -8.79669e-14
1820 -8.78908e-14
1830 -8.85441e-14
1840 -8.68554e-14
1850 -9.27486e-14
1860 -9.16987e-14
1870 -8.63598e-14
1880 -8.68382e-14
1890 -9.62247e-14
1900 -9.44712e-14
1910 -9.15392e-14
1920 -8.54591e-14
1930 -9.22662e-14
1940 -7.79306e-14
1950 -8.79585e-14
1960 -8.75578e-14
1970 -1.05271e-13
1980 -1.02345e-13
1990 -1.03422e-13
2000 -1.06725e-13
2010 -1.1642e-13
2020 -1.13907e-13
2030 -1.12306e-13
2040 -1.04308e-13
2050 -1.14653e-13
2060 -1.08228e-13
2070 -1.09935e-13
2080 -1.15876e-13
2090 -1.21123e-13
2100 -1.20849e-13
2110 -1.30974e-13
2120 -1.21932e-13
2130 -1.29883e-13
2140 -1.31313e-13
2150 -1.31289e-13
2160 -1.25313e-13
2170 -1.31842e-13
2180 -1.33614e-13
2190 -1.29119e-13
2200 -1.16291e-13
2210 -1.11363e-13
2220 -1.08491e-13
2230 -1.11287e-13
2240 -1.15174e-13
2250 -1.08862e-13
2260 -1.17688e-13
2270 -1.17652e-13
2280 -1.17061e-13
2290 -1.19996e-13
2300 -1.15164e-13
2310 -1.21009e-13
2320 -1.17192e-13
2330 -1.14958e-13
2340 -1.17854e-13
2350 -1.14053e-13
2360 -1.14328e-13
2370 -1.12719e-13
2380 -1.04591e-13
2390 -9.77845e-14
2400 -9.51543e-14
2410 -8.99724e-14
2420 -8.32852e-14
2430 -9.09265e-14
2440 -8.33604e-14
2450 -8.30077e-14
2460 -7.79891e-14
2470 -7.62469e-14
2480 -7.1694e-14
2490 -7.01413e-14
2500 -7.05645e-14
2510 -7.34424e-14
2520 -7.16402e-14
2530 -7.13794e-14
2540 -8.18041e-14
2550 -8.30718e-14
2560 -8.86998e-14
2570 -8.35915e-14
2580 -8.17698e-14
2590 -8.7736e-14
2600 -8.08122e-14
2610 -8.4654e-14
2620 -7.73424e-14
2630 -9.20765e-14
2640 -8.39342e-14
2650 -8.96335e-14
2660 -8.36558e-14
2670 -8.1517e-14
2680 -7.66103e-14
2690 -8.25569e-14
2700 -7.00135e-14
2710 -7.46601e-14
2720 -7.59323e-14
2730 -7.78275e-14
2740 -8.18871e-14
2750 -8.29722e-14
2760 -9.55208e-14
2770 -9.72141e-14
2780 -1.02614e-13
2790 -1.04686e-13
2800 -9.50637e-14
2810 -9.82688e-14
2820 -1.0336e-13
2830 -9.41005e-14
2840 -9.58444e-14
2850 -8.92798e-14
2860 -1.02196e-13
2870 -1.24847e-13
2880 -1.89036e-13
2890 -2.96747e-13
2900 -4.42662e-13
2910 -5.21543e-13
2920 -3.07185e-13
2930 8.00657e-13
2940 3.86118e-12
2950 1.07107e-11
2960 2.38928e-11
2970 4.58746e-11
2980 7.64176e-11
2990 1.05565e-10
3000 9.79339e-11
3010 -3.96523e-11
3020 -5.21234e-10
3030 -1.79844e-09
3040 -4.76828e-09
3050 -1.11309e-08
3060 -2.39872e-08
3070 -4.8812e-08
3080 -9.49977e-08
3090 -1.78254e-07
3100 -3.24251e-07
3110 -5.74061e-07
3120 -9.92097e-07
3130 -1.67754e-06
3140 -2.78046e-06
3150 -4.52418e-06
3160 -7.23584e-06
3170 -1.13874e-05
3180 -1.765e-05
3190 -2.69646e-05
3200 -4.06326e-05
3210 -6.04301e-05
3220 -8.875e-05
3230 -0.000128776
3240 -0.000184691
3250 -0.000261924
3260 -0.00036744
3270 -0.000510066
3280 -0.000700858
3290 -0.000953505
3300 -0.00128476
3310 -0.00171489
3320 -0.00226813
3330 -0.00297309
3340 -0.00386322
3350 -0.00497708
3360 -0.0063586
3370 -0.00805724
3380 -0.0101279
3390 -0.0126307
3400 -0.0156305
3410 -0.0191963
3420 -0.0234003
3430 -0.0283162
3440 -0.0340183
3450 -0.0405794
3460 -0.0480686
3470 -0.0565492
3480 -0.0660761
3490 -0.0766935
3500 -0.0884319
3510 -0.101306
3520 -0.115313
3530 -0.130428
3540 -0.146605
3550 -0.163775
3560 -0.181844
3570 -0.200695
3580 -0.220186
3590 -0.240153
3600 -0.260413
3610 -0.280763
3620 -0.300987
3630 -0.320857
3640 -0.340141
3650 -0.358603
3660 -0.37601
3670 -0.39214
3680 -0.406782
3690 -0.419743
3700 -0.430851
3710 -0.439962
3720 -0.446958
3730 -0.451756
3740 -0.454304
3750 -0.454582
3760 -0.452606
3770 -0.448425
3780 -0.442117
3790 -0.433793
3800 -0.423585
3810 -0.411651
3820 -0.398166
3830 -0.383321
3840 -0.367316
3850 -0.350357
3860 -0.332652
3870 -0.314408
3880 -0.295825
3890 -0.277095
3900 -0.258398
3910 -0.2399
3920 -0.22175
3930 -0.204082
3940 -0.18701
3950 -0.17063
3960 -0.155021
3970 -0.140244
3980 -0.126341
3990 -0.113341
4000 -0.101256
4010 -0.0900858
4020 -0.0798192
4030 -0.0704342
4040 -0.0619008
4050 -0.0541821
4060 -0.0472359
4070 -0.0410163
4080 -0.0354746
4090 -0.030561
4100 -0.0262249
4110 -0.0224165
4120 -0.019087
4130 -0.0161895
4140 -0.0136793
4150 -0.0115144
4160 -0.00965537
4170 -0.00806602
4180 -0.00671305
4190 -0.00556621
4200 -0.00459819
4210 -0.00378452
4220 -0.0031034
4230 -0.00253558
4240 -0.00206413
4250 -0.00167427
4260 -0.00135316
4270 -0.00108972
4280 -0.000874444
4290 -0.00069921
4300 -0.000557121
4310 -0.000442348
4320 -0.000349992
4330 -0.000275956
4340 -0.000216828
4350 -0.000169783
4360 -0.000132488
4370 -0.000103033
4380 -7.98543e-05
4390 -6.16803e-05
4400 -4.74821e-05
4410 -3.64295e-05
4420 -2.78563e-05
4430 -2.12299e-05
4440 -1.61261e-05
4450 -1.2209e-05
4460 -9.21295e-06
4470 -6.92941e-06
4480 -5.1949e-06
4490 -3.88193e-06
4500 -2.89143e-06
4510 -2.14674e-06
4520 -1.58873e-06
4530 -1.17202e-06
4540 -8.61861e-07
4550 -6.31774e-07
4560 -4.61652e-07
4570 -3.3628e-07
4580 -2.44189e-07
4590 -1.76765e-07
4600 -1.2756e-07
4610 -9.17673e-08
4620 -6.58144e-08
4630 -4.70563e-08
4640 -3.35417e-08
4650 -2.38356e-08
4660 -1.68868e-08
4670 -1.19276e-08
4680 -8.39938e-09
4690 -5.89708e-09
4700 -4.12786e-09
4710 -2.88084e-09
4720 -2.00457e-09
4730 -1.39072e-09
4740 -9.62013e-10
4750 -6.63517e-10
4760 -4.56318e-10
4770 -3.12915e-10
4780 -2.1396e-10
4790 -1.45879e-10
4800 -9.91979e-11
4810 -6.72681e-11
4820 -4.54954e-11
4830 -3.07055e-11
4840 -2.06768e-11
4850 -1.39102e-11
4860 -9.33821e-12
4870 -6.26971e-12
4880 -4.20556e-12
4890 -2.83578e-12
4900 -1.92528e-12
4910 -1.3126e-12
4920 -9.08984e-13
4930 -6.40218e-13
4940 -4.79804e-13
4950 -3.70841e-13
4960 -3.0234e-13
4970 -2.71554e-13
4980 -2.5427e-13
4990 -2.57834e-13
5000 -2.69374e-13
5010 -2.86798e-13
5020 -3.34651e-13
5030 -4.11557e-13
5040 -5.30297e-13
5050 -6.98568e-13
5060 -9.53356e-13
5070 -1.34934e-12
5080 -1.95565e-12
5090 -2.87324e-12
5100 -4.24441e-12
5110 -6.29399e-12
5120 -9.36691e-12
5130 -1.39391e-11
5140 -2.07106e-11
5150 -3.07417e-11
5160 -4.55371e-11
5170 -6.73126e-11
5180 -9.92499e-11
5190 -1.45929e-10
5200 -2.13997e-10
5210 -3.12938e-10
5220 -4.56333e-10
5230 -6.63562e-10
5240 -9.62054e-10
5250 -1.39076e-09
5260 -2.0046e-09
5270 -2.88088e-09
5280 -4.1279e-09
5290 -5.89712e-09
5300 -8.39942e-09
5310 -1.19276e-08
5320 -1.68868e-08
5330 -2.38357e-08
5340 -3.35417e-08
5350 -4.70564e-08
5360 -6.58144e-08
5370 -9.17673e-08
5380 -1.2756e-07
5390 -1.76765e-07
5400 -2.44189e-07
5410 -3.3628e-07
5420 -4.61652e-07
5430 -6.31774e-07
5440 -8.61861e-07
5450 -1.17202e-06
5460 -1.58873e-06
5470 -2.14674e-06
5480 -2.89143e-06
5490 -3.88193e-06
5500 -5.1949e-06
5510 -6.92941e-06
5520 -9.21295e-06
5530 -1.2209e-05
5540 -1.61261e-05
5550 -2.12299e-05
5560 -2.78563e-05
5570 -3.64295e-05
5580 -4.74821e-05
5590 -6.16803e-05
5600 -7.98543e-05
5610 -0.000103033
5620 -0.000132488
5630 -0.000169783
5640 -0.000216828
5650 -0.000275956
5660 -0.000349992
5670 -0.000442348
5680 -0.000557121
5690 -0.00069921
5700 -0.000874444
5710 -0.00108972
5720 -0.00135316
5730 -0.00167427
5740 -0.00206413
5750 -0.00253558
5760 -0.0031034
5770 -0.00378452
5780 -0.00459819
5790 -0.00556621
5800 -0.00671305
5810 -0.00806602
5820 -0.00965537
5830 -0.0115144
5840 -0.0136793
5850 -0.0161895
5860 -0.019087
5870 -0.0224165
5880 -0.0262249
5890 -0.030561
5900 -0.0354746
5910 -0.0410163
5920 -0.0472359
5930 -0.0541821
5940 -0.0619008
5950 -0.0704342
5960 -0.0798192
5970 -0.0900858
5980 -0.101256
5990 -0.113341
6000 -0.126341
6010 -0.140244
6020 -0.155021
6030 -0.17063
6040 -0.18701
6050 -0.204082
6060 -0.22175
6070 -0.2399
6080 -0.258398
6090 -0.277095
6100 -0.295825
6110 -0.314408
6120 -0.332652
6130 -0.350357
6140 -0.367316
6150 -0.383321
6160 -0.398166
6170 -0.411651
6180 -0.423585
6190 -0.433793
6200 -0.442117
6210 -0.448425
6220 -0.452606
6230 -0.454582
6240 -0.454304
6250 -0.451756
6260 -0.446958
6270 -0.439962
6280 -0.430851
6290 -0.419743
6300 -0.406782
6310 -0.39214
6320 -0.37601
6330 -0.358603
6340 -0.340141
6350 -0.320857
6360 -0.300987
6370 -0.280763
6380 -0.260413
6390 -0.240153
6400 -0.220186
6410 -0.200695
6420 -0.181844
6430 -0.163775
6440 -0.146605
6450 -0.130428
6460 -0.115313
6470 -0.101306
6480 -0.0884319
6490 -0.0766935
6500 -0.0660761
6510 -0.0565492
6520 -0.0480686
6530 -0.0405794
6540 -0.0340183
6550 -0.0283162
6560 -0.0234003
6570 -0.0191963
6580 -0.0156305
6590 -0.0126307
6600 -0.0101279
6610 -0.00805724
6620 -0.0063586
6630 -0.00497708
6640 -0.00386322
6650 -0.00297309
6660 -0.00226813
6670 -0.00171489
6680 -0.00128476
6690 -0.000953505
6700 -0.000700858
6710 -0.000510066
6720 -0.00036744
6730 -0.000261924
6740 -0.000184691
6750 -0.000128776
6760 -8.875e-05
6770 -6.04301e-05
6780 -4.06326e-05
6790 -2.69646e-05
6800 -1.765e-05
6810 -1.13874e-05
6820 -7.23584e-06
6830 -4.52418e-06
6840 -2.78046e-06
6850 -1.67754e-06
6860 -9.92097e-07
6870 -5.74061e-07
6880 -3.24252e-07
6890 -1.78254e-07
6900 -9.49978e-08
6910 -4.88121e-08
6920 -2.39874e-08
6930 -1.11311e-08
6940 -4.76846e-09
6950 -1.79862e-09
6960 -5.21426e-10
6970 -3.98385e-11
6980 9.77312e-11
6990 1.05359e-10
7000 7.62174e-11
7010 4.56718e-11
7020 2.3681e-11
7030 1.05062e-11
7040 3.65193e-12
7050 5.84856e-13
7060 -5.04419e-13
7070 -7.35472e-13
7080 -6.50686e-13
7090 -5.07996e-13
7100 -3.95417e-13
7110 -3.39667e-13
7120 -3.09194e-13
7130 -2.91189e-13
7140 -2.97378e-13
7150 -2.81928e-13
7160 -2.88357e-13
7170 -2.819e-13
7180 -2.92324e-13
7190 -2.87769e-13
7200 -2.93678e-13
7210 -2.88511e-13
7220 -2.83358e-13
7230 -2.9003e-13
7240 -2.97143e-13
7250 -2.87906e-13
7260 -2.82714e-13
7270 -2.86864e-13
7280 -2.73896e-13
7290 -2.71863e-13
7300 -2.67706e-13
7310 -2.73253e-13
7320 -2.72643e-13
7330 -2.78823e-13
7340 -2.78227e-13
7350 -2.69403e-13
7360 -2.80392e-13
7370 -2.7107e-13
7380 -2.69e-13
7390 -2.66284e-13
7400 -2.67628e-13
7410 -2.82455e-13
7420 -2.85991e-13
7430 -2.92734e-13
7440 -2.84225e-13
7450 -2.68593e-13
7460 -2.78656e-13
7470 -2.64445e-13
7480 -2.66504e-13
7490 -2.69037e-13
7500 -2.67686e-13
7510 -2.56251e-13
7520 -2.50968e-13
7530 -2.43317e-13
7540 -2.42401e-13
7550 -2.38505e-13
7560 -2.40169e-13
7570 -2.41732e-13
7580 -2.32402e-13
7590 -2.37549e-13
7600 -2.37391e-13
7610 -2.43622e-13
7620 -2.42982e-13
7630 -2.47702e-13
7640 -2.43226e-13
7650 -2.36692e-13
7660 -2.36443e-13
7670 -2.37777e-13
7680 -2.35172e-13
7690 -2.30932e-13
7700 -2.33375e-13
7710 -2.2826e-13
7720 -2.22122e-13
7730 -2.2625e-13
7740 -2.15166e-13
7750 -2.02099e-13
7760 -2.07382e-13
7770 -2.05304e-13
7780 -2.12841e-13
7790 -2.18892e-13
7800 -2.14528e-13
7810 -2.08564e-13
7820 -2.21769e-13
7830 -2.2586e-13
7840 -2.30038e-13
7850 -2.40895e-13
7860 -2.40295e-13
7870 -2.37554e-13
7880 -2.36115e-13
7890 -2.24947e-13
7900 -2.30815e-13
7910 -2.29479e-13
7920 -2.22628e-13
7930 -2.22203e-13
7940 -2.17159e-13
7950 -2.18256e-13
7960 -2.27268e-13
7970 -2.19232e-13
7980 -2.21568e-13
7990 -2.27297e-13
8000 -2.39696e-13
8010 -2.4262e-13
8020 -2.41161e-13
8030 -2.30164e-13
8040 -2.34214e-13
8050 -2.22203e-13
8060 -2.34596e-13
8070 -2.23865e-13
8080 -2.24921e-13
8090 -2.21485e-13
8100 -2.3116e-13
8110 -2.30034e-13
8120 -2.27316e-13
8130 -2.35198e-13
8140 -2.32006e-13
8150 -2.26216e-13
8160 -2.26222e-13
8170 -2.26361e-13
8180 -2.16561e-13
8190 -2.1205e-13
8200 -2.22091e-13
8210 -2.14194e-13
8220 -2.152e-13
8230 -2.23579e-13
8240 -2.16534e-13
8250 -2.12808e-13
8260 -2.17923e-13
8270 -2.12904e-13
8280 -2.19307e-13
8290 -2.27653e-13
8300 -2.21768e-13
8310 -2.30199e-13
8320 -2.37654e-13
8330 -2.3521e-13
8340 -2.29586e-13
8350 -2.31462e-13
8360 -2.35622e-13
8370 -2.33105e-13
8380 -2.32408e-13
8390 -2.40652e-13
8400 -2.34582e-13
8410 -2.45207e-13
8420 -2.37855e-13
8430 -2.51423e-13
8440 -2.46179e-13
8450 -2.55636e-13
8460 -2.46362e-13
8470 -2.54244e-13
8480 -2.50211e-13
8490 -2.46532e-13
8500 -2.48415e-13
8510 -2.48327e-13
8520 -2.41061e-13
8530 -2.49513e-13
8540 -2.56987e-13
8550 -2.52485e-13
8560 -2.44107e-13
8570 -2.46709e-13
8580 -2.52156e-13
8590 -2.46032e-13
8600 -2.63169e-13
8610 -2.62375e-13
8620 -2.60168e-13
8630 -2.6877e-13
8640 -2.71315e-13
8650 -2.65941e-13
8660 -2.69853e-13
8670 -2.78526e-13
8680 -2.67319e-13
8690 -2.71176e-13
8700 -2.62726e-13
8710 -2.71e-13
8720 -2.61728e-13
8730 -2.6214e-13
8740 -2.72913e-13
8750 -2.73875e-13
8760 -2.77467e-13
8770 -2.83838e-13
8780 -2.77886e-13
8790 -2.72006e-13
8800 -2.77248e-13
8810 -2.80047e-13
8820 -2.68925e-13
8830 -2.7434e-13
8840 -2.79488e-13
8850 -2.72306e-13
8860 -2.74671e-13
8870 -2.75556e-13
8880 -2.71266e-13
8890 -2.78935e-13
8900 -2.77316e-13
8910 -2.81781e-13
8920 -2.87854e-13
8930 -2.86934e-13
8940 -2.83144e-13
8950 -2.87325e-13
8960 -2.87681e-13
8970 -2.89609e-13
8980 -2.81732e-13
8990 -2.78872e-13
9000 -2.80923e-13
9010 -2.77202e-13
9020 -2.76058e-13
9030 -2.73805e-13
9040 -2.82333e-13
9050 -2.77643e-13
9060 -2.80067e-13
9070 -2.80265e-13
9080 -2.78256e-13
9090 -2.8002e-13
9100 -2.71023e-13
9110 -2.81998e-13
9120 -2.81321e-13
9130 -2.82228e-13
9140 -2.80137e-13
9150 -2.95109e-13
9160 -2.82106e-13
9170 -2.8611e-13
9180 -2.77494e-13
9190 -2.68279e-13
9200 -2.75114e-13
9210 -2.76414e-13
9220 -2.83462e-13
9230 -2.91457e-13
9240 -2.84564e-13
9250 -2.73221e-13
9260 -2.78805e-13
9270 -2.69617e-13
9280 -2.84691e-13
9290 -2.76853e-13
9300 -2.7957e-13
9310 -2.84761e-13
9320 -2.80991e-13
9330 -2.81844e-13
9340 -2.84012e-13
9350 -2.86485e-13
9360 -2.84156e-13
9370 -2.89563e-13
9380 -2.92305e-13
9390 -2.9833e-13
9400 -3.06359e-13
9410 -3.00319e-13
9420 -3.00545e-13
9430 -3.1387e-13
9440 -3.02191e-13
9450 -3.03217e-13
9460 -2.9633e-13
9470 -2.99463e-13
9480 -2.93081e-13
9490 -2.90669e-13
9500 -2.85328e-13
9510 -2.96504e-13
9520 -2.89308e-13
9530 -2.9756e-13
9540 -3.02855e-13
9550 -3.05303e-13
9560 -3.10749e-13
9570 -3.01456e-13
9580 -3.13346e-13
9590 -3.11549e-13
9600 -3.00584e-13
9610 -3.05135e-13
9620 -3.04128e-13
9630 -3.00224e-13
9640 -3.0498e-13
9650 -3.11075e-13
9660 -3.1607e-13
9670 -3.19846e-13
9680 -3.08398e-13
9690 -3.21709e-13
9700 -3.20441e-13
9710 -3.06457e-13
9720 -3.14277e-13
9730 -3.21761e-13
9740 -3.13799e-13
9750 -3.18674e-13
9760 -3.22904e-13
9770 -3.20527e-13
9780 -3.2458e-13
9790 -3.20562e-13
9800 -3.31062e-13
9810 -3.30429e-13
9820 -3.3544e-13
9830 -3.40098e-13
9840 -3.43075e-13
9850 -3.52993e-13
9860 -3.43216e-13
9870 -3.48305e-13
9880 -3.48609e-13
9890 -3.50232e-13
9900 -3.42905e-13
9910 -3.35925e-13
9920 -3.46757e-13
9930 -3.46303e-13
9940 -3.37982e-13
9950 -3.33947e-13
9960 -3.41856e-13
9970 -3.52956e-13
9980 -3.37664e-13
9990 -3.5464e-13
10000 -3.57996e-13
10010 -3.60572e-13
10020 -3.56564e-13
10030 -3.7099e-13
10040 -3.6743e-13
10050 -3.63741e-13
10060 -3.56674e-13
10070 -3.57828e-13
10080 -3.602e-13
10090 -3.5675e-13
10100 -3.50777e-13
10110 -3.64324e-13
10120 -3.6606e-13
10130 -3.67115e-13
10140 -3.5869e-13
10150 -3.58905e-13
10160 -3.69652e-13
10170 -3.61701e-13
10180 -3.55494e-13
10190 -3.56038e-13
10200 -3.57409e-13
10210 -3.51846e-13
10220 -3.61435e-13
10230 -3.72147e-13
10240 -3.7065e-13
10250 -3.74785e-13
10260 -3.75956e-13
10270 -3.75359e-13
10280 -3.77064e-13
10290 -3.8146e-13
10300 -3.76932e-13
10310 -3.78828e-13
10320 -3.62925e-13
10330 -3.63256e-13
10340 -3.67911e-13
10350 -3.71316e-13
10360 -3.71269e-13
10370 -3.69876e-13
10380 -3.64769e-13
10390 -3.73626e-13
10400 -3.68779e-13
10410 -3.69117e-13
10420 -3.64735e-13
10430 -3.56872e-13
10440 -3.66108e-13
10450 -3.6447e-13
10460 -3.66417e-13
10470 -3.5826e-13
10480 -3.52093e-13
10490 -3.48793e-13
10500 -3.5819e-13
10510 -3.55332e-13
10520 -3.58443e-13
10530 -3.52726e-13
10540 -3.58669e-13
10550 -3.61729e-13
10560 -3.5396e-13
10570 -3.6625e-13
10580 -3.64484e-13
10590 -3.5942e-13
10600 -3.53824e-13
10610 -3.55995e-13
10620 -3.61672e-13
10630 -3.55051e-13
10640 -3.55247e-13
10650 -3.58591e-13
10660 -3.59155e-13
10670 -3.61733e-13
10680 -3.66058e-13
10690 -3.56645e-13
10700 -3.48401e-13
10710 -3.37305e-13
10720 -3.34155e-13
10730 -3.37383e-13
10740 -3.37412e-13
10750 -3.31669e-13
10760 -3.32084e-13
10770 -3.3937e-13
10780 -3.28052e-13
10790 -3.32707e-13
10800 -3.34418e-13
10810 -3.43486e-13
10820 -3.3645e-13
10830 -3.34674e-13
10840 -3.43491e-13
10850 -3.41855e-13
10860 -3.44086e-13
10870 -3.48876e-13
10880 -3.43355e-13
10890 -3.44064e-13
10900 -3.36547e-13
10910 -3.32916e-13
10920 -3.29076e-13
10930 -3.29663e-13
10940 -3.29831e-13
10950 -3.37193e-13
10960 -3.28554e-13
10970 -3.42804e-13
10980 -3.47948e-13
10990 -3.45559e-13
11000 -3.42696e-13
11010 -3.43307e-13
11020 -3.39695e-13
11030 -3.40731e-13
11040 -3.43592e-13
11050 -3.34565e-13
11060 -3.34815e-13
11070 -3.28651e-13
11080 -3.30389e-13
11090 -3.42192e-13
11100 -3.45217e-13
11110 -3.38662e-13
11120 -3.35915e-13
11130 -3.35541e-13
11140 -3.38131e-13
11150 -3.26819e-13
11160 -3.30376e-13
11170 -3.28797e-13
11180 -3.17159e-13
11190 -3.18664e-13
11200 -3.2388e-13
11210 -3.1671e-13
11220 -3.10951e-13
11230 -3.22725e-13
11240 -3.17613e-13
11250 -3.12165e-13
11260 -3.2008e-13
11270 -3.17395e-13
11280 -3.15275e-13
11290 -3.16403e-13
11300 -3.16399e-13
11310 -3.20347e-13
11320 -3.27415e-13
11330 -3.33898e-13
11340 -3.3956e-13
11350 -3.37853e-13
11360 -3.3872e-13
11370 -3.4337e-13
11380 -3.52677e-13
11390 -3.39766e-13
11400 -3.44406e-13
11410 -3.42709e-13
11420 -3.41299e-13
11430 -3.43895e-13
11440 -3.3335e-13
11450 -3.44179e-13
11460 -3.47278e-13
11470 -3.41404e-13
11480 -3.30173e-13
11490 -3.28178e-13
11500 -3.27968e-13
11510 -3.28368e-13
11520 -3.25871e-13
11530 -3.30958e-13
11540 -3.41962e-13
11550 -3.37515e-13
11560 -3.30614e-13
11570 -3.26454e-13
11580 -3.28442e-13
11590 -3.30205e-13
11600 -3.28475e-13
11610 -3.37975e-13
11620 -3.34593e-13
11630 -3.46203e-13
11640 -3.36069e-13
11650 -3.42422e-13
11660 -3.35164e-13
11670 -3.3386e-13
11680 -3.45574e-13
11690 -3.36996e-13
11700 -3.41345e-13
11710 -3.22599e-13
11720 -3.12407e-13
11730 -3.19692e-13
11740 -3.22341e-13
11750 -3.33707e-13
11760 -3.23416e-13
11770 -3.19128e-13
11780 -3.26416e-13
11790 -3.30271e-13
11800 -3.34054e-13
11810 -3.35776e-13
11820 -3.3758e-13
11830 -3.41465e-13
11840 -3.38287e-13
11850 -3.32827e-13
11860 -3.34316e-13
11870 -3.28988e-13
11880 -3.2901e-13
11890 -3.36684e-13
11900 -3.39437e-13
11910 -3.4372e-13
11920 -3.3585e-13
11930 -3.30722e-13
11940 -3.31194e-13
11950 -3.37289e-13
11960 -3.35359e-13
11970 -3.07555e-13
11980 -3.11789e-13
11990 -3.12708e-13
12000 -3.09567e-13
12010 -3.01416e-13
12020 -2.96922e-13
12030 -2.8982e-13
12040 -2.65243e-13
12050 -2.33881e-13
12060 -2.00822e-13
12070 -1.3664e-13
12080 -5.66817e-14
12090 8.04237e-14
12100 2.70675e-13
12110 5.42269e-13
12120 9.2909e-13
12130 1.47787e-12
12140 2.2808e-12
12150 3.41549e-12
12160 5.04918e-12
12170 7.38145e-12
12180 1.06613e-11
12190 1.53332e-11
12200 2.19478e-11
12210 3.126e-11
12220 4.43758e-11
12230 6.27642e-11
12240 8.85302e-11
12250 1.2452e-10
12260 1.74677e-10
12270 2.44425e-10
12280 3.41211e-10
12290 4.75175e-10
12300 6.60153e-10
12310 9.14977e-10
12320 1.26517e-09
12330 1.74534e-09
12340 2.40211e-09
12350 3.29832e-09
12360 4.51831e-09
12370 6.17504e-09
12380 8.4195e-09
12390 1.14528e-08
12400 1.55423e-08
12410 2.10423e-08
12420 2.84213e-08
12430 3.8297e-08
12440 5.14819e-08
12450 6.90412e-08
12460 9.23688e-08
12470 1.23283e-07
12480 1.64148e-07
12490 2.18034e-07
12500 2.88911e-07
12510 3.81902e-07
12520 5.03601e-07
12530 6.62466e-07
12540 8.69323e-07
12550 1.13798e-06
12560 1.48602e-06
12570 1.93573e-06
12580 2.51533e-06
12590 3.26038e-06
12600 4.21565e-06
12610 5.43727e-06
12620 6.9954e-06
12630 8.97754e-06
12640 1.14924e-05
12650 1.46749e-05
12660 1.86913e-05
12670 2.37467e-05
12680 3.00931e-05
12690 3.80385e-05
12700 4.7959e-05
12710 6.0312e-05
12720 7.56522e-05
12730 9.46498e-05
12740 0.000118112
12750 0.000147009
12760 0.0001825
12770 0.000225969
12780 0.00027906
12790 0.000343721
12800 0.000422251
12810 0.000517353
12820 0.000632196
12830 0.000770481
12840 0.000936512
12850 0.00113528
12860 0.00137254
12870 0.00165492
12880 0.00199001
12890 0.00238647
12900 0.00285413
12910 0.00340413
12920 0.00404901
12930 0.00480284
12940 0.00568132
12950 0.0067019
12960 0.00788388
12970 0.00924852
12980 0.0108191
12990 0.0126208
13000 0.0146812
13010 0.0170298
13020 0.0196981
13030 0.0227197
13040 0.02613
13050 0.0299661
13060 0.0342666
13070 0.0390712
13080 0.0444205
13090 0.0503553
13100 0.0569165
13110 0.0641441
13120 0.072077
13130 0.0807518
13140 0.0902026
13150 0.10046
13160 0.111549
13170 0.123491
13180 0.1363
13190 0.149982
13200 0.164538
13210 0.179955
13220 0.196215
13230 0.213287
13240 0.231129
13250 0.249688
13260 0.268897
13270 0.288679
13280 0.308943
13290 0.329588
13300 0.3505
13310 0.371553
13320 0.392612
13330 0.413535
13340 0.434168
13350 0.454356
13360 0.473935
13370 0.492744
13380 0.510617
13390 0.527394
13400 0.542917
13410 0.557037
13420 0.569612
13430 0.580513
13440 0.589624
13450 0.596846
13460 0.602096
13470 0.605309
13480 0.606443
13490 0.605474
13500 0.602404
13510 0.597251
13520 0.59006
13530 0.580895
13540 0.569839
13550 0.556995
13560 0.542485
13570 0.526444
13580 0.509022
13590 0.490378
13600 0.470682
13610 0.450107
13620 0.428833
13630 0.407037
13640 0.384897
13650 0.362585
13660 0.340266
13670 0.3181
13680 0.296232
13690 0.274798
13700 0.253921
13710 0.233709
13720 0.214254
13730 0.195637
13740 0.177919
13750 0.16115
13760 0.145362
13770 0.130575
13780 0.116796
13790 0.104017
13800 0.0922209
13810 0.0813779
13820 0.0714492
13830 0.0623866
13840 0.0541335
13850 0.0466253
13860 0.0397902
13870 0.0335485
13880 0.0278136
13890 0.0224907
13900 0.017477
13910 0.01266
13920 0.00791732
13930 0.00311446
13940 -0.00189623
13950 -0.00727758
13960 -0.0132094
13970 -0.0198907
13980 -0.0275415
13990 -0.0364046
14000 -0.046748
14010 -0.0588658
14020 -0.0730797
14030 -0.0897397
14040 -0.109224
14050 -0.131939
14060 -0.158317
14070 -0.188815
14080 -0.223911
14090 -0.264098
14100 -0.309882
14110 -0.361772
14120 -0.420276
14130 -0.485887
14140 -0.55908
14150 -0.640296
14160 -0.729933
14170 -0.828332
14180 -0.93577
14190 -1.05244
14200 -1.17846
14210 -1.31381
14220 -1.45841
14230 -1.612
14240 -1.77425
14250 -1.94464
14260 -2.12257
14270 -2.30725
14280 -2.49778
14290 -2.69313
14300 -2.89213
14310 -3.09352
14320 -3.2959
14330 -3.49783
14340 -3.69775
14350 -3.8941
14360 -4.08525
14370 -4.26958
14380 -4.4455
14390 -4.61144
14400 -4.7659
14410 -4.90747
14420 -5.03486
14430 -5.14689
14440 -5.24253
14450 -5.32093
14460 -5.38139
14470 -5.42341
14480 -5.44669
14490 -5.4511
14500 -5.43673
14510 -5.40385
14520 -5.3529
14530 -5.28453
14540 -5.19952
14550 -5.09881
14560 -4.98348
14570 -4.85471
14580 -4.71378
14590 -4.56204
14600 -4.4009
14610 -4.23179
14620 -4.05617
14630 -3.87546
14640 -3.6911
14650 -3.50445
14660 -3.31684
14670 -3.12951
14680 -2.94362
14690 -2.76025
14700 -2.58039
14710 -2.4049
14720 -2.23456
14730 -2.07003
14740 -1.91186
14750 -1.76052
14760 -1.61634
14770 -1.47959
14780 -1.35043
14790 -1.22895
14800 -1.11513
14810 -1.00893
14820 -0.910214
14830 -0.818799
14840 -0.734463
14850 -0.656941
14860 -0.58594
14870 -0.52114
14880 -0.462208
14890 -0.408796
14900 -0.360552
14910 -0.317122
14920 -0.278155
14930 -0.243307
14940 -0.212244
14950 -0.184644
14960 -0.160197
14970 -0.138613
14980 -0.119615
14990 -0.102945
15000 -0.088362
15010 -0.0756438
15020 -0.0645851
15030 -0.0549981
15040 -0.0467115
15050 -0.0395699
15060 -0.033433
15070 -0.0281747
15080 -0.0236822
15090 -0.0198549
15100 -0.0166035
15110 -0.0138491
15120 -0.0115223
15130 -0.00956219
15140 -0.00791549
15150 -0.0065359
15160 -0.00538325
15170 -0.00442281
15180 -0.0036247
15190 -0.00296325
15200 -0.00241652
15210 -0.00196582
15220 -0.00159526
15230 -0.00129139
15240 -0.00104285
15250 -0.00084011
15260 -0.000675145
15270 -0.000541265
15280 -0.000432891
15290 -0.000345388
15300 -0.000274914
15310 -0.0002183
15320 -0.000172934
15330 -0.000136672
15340 -0.000107759
15350 -8.47637e-05
15360 -6.65192e-05
15370 -5.20799e-05
15380 -4.06801e-05
15390 -3.1702e-05
15400 -2.46482e-05
15410 -1.91198e-05
15420 -1.47973e-05
15430 -1.14258e-05
15440 -8.80235e-06
15450 -6.76582e-06
15460 -5.18866e-06
15470 -3.97015e-06
15480 -3.03095e-06
15490 -2.30872e-06
15500 -1.75465e-06
15510 -1.33056e-06
15520 -1.00673e-06
15530 -7.60014e-07
15540 -5.7249e-07
15550 -4.30282e-07
15560 -3.22686e-07
15570 -2.41463e-07
15580 -1.80289e-07
15590 -1.34319e-07
15600 -9.98519e-08
15610 -7.4068e-08
15620 -5.4823e-08
15630 -4.04907e-08
15640 -2.98408e-08
15650 -2.19447e-08
15660 -1.61034e-08
15670 -1.17917e-08
15680 -8.61607e-09
15690 -6.28228e-09
15700 -4.57092e-09
15710 -3.31873e-09
15720 -2.4045e-09
15730 -1.73846e-09
15740 -1.2543e-09
15750 -9.03094e-10
15760 -6.48883e-10
15770 -4.65277e-10
15780 -3.32948e-10
15790 -2.37778e-10
15800 -1.69476e-10
15810 -1.20569e-10
15820 -8.56118e-11
15830 -6.06849e-11
15840 -4.29524e-11
15850 -3.0351e-11
15860 -2.14252e-11
15870 -1.51141e-11
15880 -1.06573e-11
15890 -7.51914e-12
15900 -5.31737e-12
15910 -3.77192e-12
15920 -2.68121e-12
15930 -1.92313e-12
15940 -1.39851e-12
15950 -1.03417e-12
15960 -7.79641e-13
15970 -6.06318e-13
15980 -4.87462e-13
15990 -4.00309e-13
16000 -3.34943e-13
16010 -3.00386e-13
16020 -2.7056e-13
16030 -2.49552e-13
16040 -2.41745e-13
16050 -2.3945e-13
16060 -2.27994e-13
16070 -2.23904e-13
16080 -2.23889e-13
16090 -2.18591e-13
16100 -2.25072e-13
16110 -2.23454e-13
16120 -2.24819e-13
16130 -2.30158e-13
16140 -2.31706e-13
16150 -2.33744e-13
16160 -2.25005e-13
16170 -2.25532e-13
16180 -2.23676e-13
16190 -2.30917e-13
16200 -2.23647e-13
16210 -2.20999e-13
16220 -2.21488e-13
16230 -2.19749e-13
16240 -2.1944e-13
16250 -2.12718e-13
16260 -2.15137e-13
16270 -2.13839e-13
16280 -2.13797e-13
16290 -2.17089e-13
16300 -2.19967e-13
16310 -2.27531e-13
16320 -2.23756e-13
16330 -2.23129e-13
16340 -2.23244e-13
16350 -2.2211e-13
16360 -2.15966e-13
16370 -2.21531e-13
16380 -2.20543e-13
16390 -2.20067e-13
16400 -2.16008e-13
16410 -2.12786e-13
16420 -2.11902e-13
16430 -2.12827e-13
16440 -2.07903e-13
16450 -2.05132e-13
16460 -2.12461e-13
16470 -2.16694e-13
16480 -2.14802e-13
16490 -2.12488e-13
16500 -2.15261e-13
16510 -2.14129e-13
16520 -2.09174e-13
16530 -2.06973e-13
16540 -2.05807e-13
16550 -2.10216e-13
16560 -2.03743e-13
16570 -2.02361e-13
16580 -2.00011e-13
16590 -2.03927e-13
16600 -1.96287e-13
16610 -1.93151e-13
16620 -1.9191e-13
16630 -1.95623e-13
16640 -1.95224e-13
16650 -1.94164e-13
16660 -1.95003e-13
16670 -1.9564e-13
16680 -1.96332e-13
16690 -1.97035e-13
16700 -1.95053e-13
16710 -1.99507e-13
16720 -1.97151e-13
16730 -2.0022e-13
16740 -1.92301e-13
16750 -2.05468e-13
16760 -2.05125e-13
16770 -2.07118e-13
16780 -2.11127e-13
16790 -2.11404e-13
16800 -2.13491e-13
16810 -2.11909e-13
16820 -2.09666e-13
16830 -2.11134e-13
16840 -2.03747e-13
16850 -2.08528e-13
16860 -2.03659e-13
16870 -2.03605e-13
16880 -2.02871e-13
16890 -1.97967e-13
16900 -2.01092e-13
16910 -1.87849e-13
16920 -1.92927e-13
16930 -1.92482e-13
16940 -1.95558e-13
16950 -1.91253e-13
16960 -1.88838e-13
16970 -1.8986e-13
16980 -1.94496e-13
16990 -1.90661e-13
17000 -2.01843e-13
17010 -1.98342e-13
17020 -1.97527e-13
17030 -1.91042e-13
17040 -1.96205e-13
17050 -1.91904e-13
17060 -1.95227e-13
17070 -1.99435e-13
17080 -1.95814e-13
17090 -1.94483e-13
17100 -1.94763e-13
17110 -1.98011e-13
17120 -1.97485e-13
17130 -1.89852e-13
17140 -1.95924e-13
17150 -1.94417e-13
17160 -1.92948e-13
17170 -1.92626e-13
17180 -1.91803e-13
17190 -1.9419e-13
17200 -1.86334e-13
17210 -1.94839e-13
17220 -1.99522e-13
17230 -1.98547e-13
17240 -2.0125e-13
17250 -2.02884e-13
17260 -2.05398e-13
17270 -2.01176e-13
17280 -2.04694e-13
17290 -2.07965e-13
17300 -2.03688e-13
17310 -2.05801e-13
17320 -2.03933e-13
17330 -2.02776e-13
17340 -2.0534e-13
17350 -2.04182e-13
17360 -2.07368e-13
17370 -2.04255e-13
17380 -2.05372e-13
17390 -2.01346e-13
17400 -2.05516e-13
17410 -2.07123e-13
17420 -2.05808e-13
17430 -2.09747e-13
17440 -2.02787e-13
17450 -1.99733e-13
17460 -2.01949e-13
17470 -2.07166e-13
17480 -2.13078e-13
17490 -2.14045e-13
17500 -2.05342e-13
17510 -2.04922e-13
17520 -2.04631e-13
17530 -1.99066e-13
17540 -1.99502e-13
17550 -2.06608e-13
17560 -2.0564e-13
17570 -2.05555e-13
17580 -2.06647e-13
17590 -2.02648e-13
17600 -2.04718e-13
17610 -2.1356e-13
17620 -2.11855e-13
17630 -2.08242e-13
17640 -2.09934e-13
17650 -2.155e-13
17660 -2.0931e-13
17670 -2.10202e-13
17680 -2.08197e-13
17690 -2.14213e-13
17700 -2.09189e-13
17710 -2.10476e-13
17720 -2.14018e-13
17730 -2.15737e-13
17740 -2.11342e-13
17750 -2.11468e-13
17760 -2.13021e-13
17770 -2.14777e-13
17780 -2.1456e-13
17790 -2.13063e-13
17800 -2.15441e-13
17810 -2.16373e-13
17820 -2.11266e-13
17830 -2.12671e-13
17840 -2.12766e-13
17850 -2.10948e-13
17860 -2.06769e-13
17870 -2.17285e-13
17880 -2.1049e-13
17890 -2.09722e-13
17900 -1.99019e-13
17910 -2.05268e-13
17920 -2.07358e-13
17930 -2.07298e-13
17940 -2.02897e-13
17950 -2.02159e-13
17960 -1.97726e-13
17970 -2.06358e-13
17980 -2.05322e-13
17990 -2.12555e-13
18000 -2.09873e-13
18010 -2.07863e-13
18020 -2.1588e-13
18030 -2.1199e-13
18040 -2.13937e-13
18050 -2.11001e-13
18060 -2.09601e-13
18070 -2.07054e-13
18080 -2.06092e-13
18090 -2.11862e-13
18100 -2.09881e-13
18110 -2.12697e-13
18120 -2.16187e-13
18130 -2.07646e-13
18140 -2.0497e-13
18150 -2.0974e-13
18160 -2.12729e-13
18170 -2.13516e-13
18180 -2.16532e-13
18190 -2.16428e-13
18200 -2.22632e-13
18210 -2.14276e-13
18220 -2.24108e-13
18230 -2.21684e-13
18240 -2.21632e-13
18250 -2.16432e-13
18260 -2.22515e-13
18270 -2.23189e-13
18280 -2.2343e-13
18290 -2.21236e-13
18300 -2.22949e-13
18310 -2.26412e-13
18320 -2.22105e-13
18330 -2.24194e-13
18340 -2.17424e-13
18350 -2.22674e-13
18360 -2.15832e-13
18370 -2.19229e-13
18380 -2.13564e-13
18390 -2.11811e-13
18400 -2.0837e-13
18410 -2.09638e-13
18420 -1.96078e-13
18430 -1.9767e-13
18440 -1.95006e-13
18450 -1.96847e-13
18460 -1.96477e-13
18470 -2.01521e-13
18480 -1.94534e-13
18490 -1.98525e-13
18500 -2.04629e-13
18510 -2.03972e-13
18520 -2.02888e-13
18530 -2.03786e-13
18540 -2.0322e-13
18550 -2.04083e-13
18560 -1.98947e-13
18570 -2.04437e-13
18580 -2.03685e-13
18590 -1.99796e-13
18600 -1.94398e-13
18610 -2.021e-13
18620 -1.98803e-13
18630 -1.98423e-13
18640 -1.96833e-13
18650 -1.95932e-13
18660 -1.98686e-13
18670 -1.93128e-13
18680 -1.98235e-13
18690 -1.92522e-13
18700 -1.90203e-13
18710 -1.86385e-13
18720 -1.85324e-13
18730 -1.78489e-13
18740 -1.77705e-13
18750 -1.76859e-13
18760 -1.767e-13
18770 -1.7934e-13
18780 -1.70888e-13
18790 -1.74107e-13
18800 -1.73192e-13
18810 -1.71706e-13
18820 -1.79846e-13
18830 -1.82093e-13
18840 -1.82394e-13
18850 -1.78077e-13
18860 -1.7349e-13
18870 -1.73595e-13
18880 -1.71634e-13
18890 -1.71715e-13
18900 -1.75711e-13
18910 -1.72884e-13
18920 -1.73044e-13
18930 -1.68005e-13
18940 -1.67778e-13
18950 -1.57894e-13
18960 -1.5952e-13
18970 -1.62038e-13
18980 -1.64497e-13
18990 -1.59716e-13
19000 -1.66685e-13
19010 -1.65308e-13
19020 -1.63637e-13
19030 -1.5916e-13
19040 -1.65849e-13
19050 -1.54451e-13
19060 -1.52889e-13
19070 -1.47805e-13
19080 -1.60163e-13
19090 -1.57103e-13
19100 -1.56344e-13
19110 -1.59477e-13
19120 -1.55975e-13
19130 -1.53593e-13
19140 -1.5475e-13
19150 -1.58633e-13
19160 -1.50284e-13
19170 -1.57872e-13
19180 -1.5564e-13
19190 -1.55674e-13
19200 -1.53528e-13
19210 -1.61416e-13
19220 -1.6493e-13
19230 -1.66317e-13
19240 -1.75378e-13
19250 -1.75128e-13
19260 -1.73674e-13
19270 -1.68494e-13
19280 -1.77366e-13
19290 -1.75859e-13
19300 -1.68674e-13
19310 -1.77395e-13
19320 -1.68532e-13
19330 -1.70433e-13
19340 -1.67852e-13
19350 -1.72071e-13
19360 -1.74797e-13
19370 -1.71174e-13
19380 -1.69097e-13
19390 -1.76693e-13
19400 -1.74438e-13
19410 -1.70973e-13
19420 -1.81208e-13
19430 -1.77354e-13
19440 -1.76514e-13
19450 -1.7079e-13
19460 -1.74621e-13
19470 -1.7425e-13
19480 -1.74495e-13
19490 -1.73279e-13
19500 -1.72789e-13
19510 -1.72538e-13
19520 -1.81332e-13
19530 -1.76809e-13
19540 -1.75594e-13
19550 -1.76335e-13
19560 -1.67699e-13
19570 -1.81016e-13
19580 -1.7809e-13
19590 -1.73648e-13
19600 -1.79029e-13
19610 -1.81733e-13
19620 -1.8172e-13
19630 -1.79799e-13
19640 -1.75358e-13
19650 -1.79144e-13
19660 -1.79445e-13
19670 -1.77823e-13
19680 -1.77085e-13
19690 -1.78394e-13
19700 -1.66047e-13
19710 -1.75206e-13
19720 -1.68471e-13
19730 -1.74649e-13
19740 -1.76101e-13
19750 -1.80566e-13
19760 -1.81665e-13
19770 -1.73161e-13
19780 -1.70739e-13
19790 -1.74322e-13
19800 -1.64931e-13
19810 -1.65005e-13
19820 -1.70564e-13
19830 -1.63694e-13
19840 -1.66115e-13
19850 -1.71201e-13
19860 -1.68508e-13
19870 -1.6112e-13
19880 -1.67055e-13
19890 -1.70351e-13
19900 -1.76287e-13
19910 -1.70903e-13
19920 -1.73664e-13
19930 -1.76676e-13
19940 -1.78553e-13
19950 -1.79986e-13
19960 -1.80253e-13
19970 -1.80742e-13
19980 -1.82953e-13
19990 -1.78812e-13
20000 -1.77485e-13
20010 -1.77285e-13
20020 -1.82497e-13
20030 -1.78837e-13
20040 -1.83958e-13
20050 -1.88658e-13
20060 -1.75272e-13
20070 -1.75951e-13
20080 -1.81551e-13
20090 -1.79956e-13
20100 -1.74469e-13
20110 -1.65548e-13
20120 -1.65337e-13
20130 -1.70182e-13
20140 -1.6537e-13
20150 -1.57443e-13
20160 -1.65099e-13
20170 -1.6026e-13
20180 -1.59913e-13
20190 -1.65296e-13
20200 -1.64414e-13
20210 -1.5955e-13
20220 -1.6286e-13
20230 -1.64193e-13
20240 -1.67222e-13
20250 -1.70714e-13
20260 -1.64095e-13
20270 -1.65026e-13
20280 -1.72281e-13
20290 -1.75743e-13
20300 -1.70122e-13
20310 -1.70132e-13
20320 -1.6906e-13
20330 -1.69386e-13
20340 -1.64173e-13
20350 -1.6161e-13
20360 -1.58903e-13
20370 -1.50319e-13
20380 -1.59696e-13
20390 -1.59713e-13
20400 -1.57267e-13
20410 -1.67022e-13
20420 -1.70018e-13
20430 -1.66353e-13
20440 -1.65294e-13
20450 -1.59904e-13
20460 -1.6231e-13
20470 -1.57466e-13
20480 -1.61007e-13
20490 -1.67582e-13
20500 -1.68476e-13
20510 -1.67482e-13
20520 -1.65861e-13
20530 -1.56693e-13
20540 -1.50871e-13
20550 -1.57078e-13
20560 -1.58465e-13
20570 -1.58207e-13
20580 -1.5254e-13
20590 -1.54589e-13
20600 -1.55162e-13
20610 -1.44673e-13
20620 -1.50384e-13
20630 -1.61744e-13
20640 -1.66872e-13
20650 -1.59511e-13
20660 -1.63457e-13
20670 -1.56822e-13
20680 -1.47337e-13
20690 -1.4729e-13
20700 -1.55403e-13
20710 -1.53517e-13
20720 -1.52965e-13
20730 -1.52696e-13
20740 -1.61299e-13
20750 -1.60447e-13
20760 -1.66987e-13
20770 -1.68673e-13
20780 -1.69639e-13
20790 -1.68025e-13
20800 -1.6736e-13
20810 -1.67376e-13
20820 -1.76363e-13
20830 -1.79964e-13
20840 -1.78283e-13
20850 -1.7678e-13
20860 -1.7005e-13
20870 -1.70833e-13
20880 -1.672e-13
20890 -1.66461e-13
20900 -1.62781e-13
20910 -1.57556e-13
20920 -1.5731e-13
20930 -1.57858e-13
20940 -1.62195e-13
20950 -1.56461e-13
20960 -1.52237e-13
20970 -1.56701e-13
20980 -1.56644e-13
20990 -1.59067e-13
21000 -1.59889e-13
21010 -1.62321e-13
21020 -1.62253e-13
21030 -1.67169e-13
21040 -1.69445e-13
21050 -1.69432e-13
21060 -1.67424e-13
21070 -1.69638e-13
21080 -1.70387e-13
21090 -1.62842e-13
21100 -1.61182e-13
21110 -1.62647e-13
21120 -1.60815e-13
21130 -1.63482e-13
21140 -1.58018e-13
21150 -1.64479e-13
21160 -1.64597e-13
21170 -1.55945e-13
21180 -1.53227e-13
21190 -1.51992e-13
21200 -1.58643e-13
21210 -1.57352e-13
21220 -1.59487e-13
21230 -1.57527e-13
21240 -1.61636e-13
21250 -1.58595e-13
21260 -1.63098e-13
21270 -1.64461e-13
21280 -1.58439e-13
21290 -1.53749e-13
21300 -1.60613e-13
21310 -1.66321e-13
21320 -1.6634e-13
21330 -1.71209e-13
21340 -1.79827e-13
21350 -1.80854e-13
21360 -1.7963e-13
21370 -1.74986e-13
21380 -1.75687e-13
21390 -1.78657e-13
21400 -1.79674e-13
21410 -1.81979e-13
21420 -1.76122e-13
21430 -1.70282e-13
21440 -1.80515e-13
21450 -1.81374e-13
21460 -1.87001e-13
21470 -1.79524e-13
21480 -1.80702e-13
21490 -1.8057e-13
21500 -1.78635e-13
21510 -1.7995e-13
21520 -1.71203e-13
21530 -1.78527e-13
21540 -1.74185e-13
21550 -1.7206e-13
21560 -1.71022e-13
21570 -1.67765e-13
21580 -1.77529e-13
21590 -1.73834e-13
21600 -1.65383e-13
21610 -1.66495e-13
21620 -1.74834e-13
21630 -1.764e-13
21640 -1.77751e-13
21650 -1.77863e-13
21660 -1.78208e-13
21670 -1.77746e-13
21680 -1.78271e-13
21690 -1.78811e-13
21700 -1.83659e-13
21710 -1.77183e-13
21720 -1.76849e-13
21730 -1.82114e-13
21740 -1.85983e-13
21750 -1.93102e-13
21760 -1.81621e-13
21770 -1.87452e-13
21780 -1.88864e-13
21790 -1.94757e-13
21800 -1.93461e-13
21810 -1.87042e-13
21820 -1.83051e-13
21830 -1.8751e-13
21840 -1.89016e-13
21850 -1.89523e-13
21860 -1.88711e-13
21870 -1.8674e-13
21880 -1.8643e-13
21890 -1.90665e-13
21900 -1.96695e-13
21910 -1.85995e-13
21920 -1.75279e-13
21930 -1.78804e-13
21940 -1.82086e-13
21950 -1.83129e-13
21960 -1.81669e-13
21970 -1.88319e-13
21980 -1.84873e-13
21990 -1.81683e-13
22000 -1.74518e-13
22010 -1.75264e-13
22020 -1.7921e-13
22030 -1.78595e-13
22040 -1.73293e-13
22050 -1.72965e-13
22060 -1.65365e-13
22070 -1.67342e-13
22080 -1.68724e-13
22090 -1.75431e-13
22100 -1.73465e-13
22110 -1.67448e-13
22120 -1.69498e-13
22130 -1.69709e-13
22140 -1.7389e-13
22150 -1.68267e-13
22160 -1.66935e-13
22170 -1.69403e-13
22180 -1.70982e-13
22190 -1.75653e-13
22200 -1.72531e-13
22210 -1.58123e-13
22220 -1.51642e-13
22230 -1.62406e-13
22240 -1.6391e-13
22250 -1.60567e-13
22260 -1.56808e-13
22270 -1.54279e-13
22280 -1.64212e-13
22290 -1.65473e-13
22300 -1.57038e-13
22310 -1.502e-13
22320 -1.51243e-13
22330 -1.56896e-13
22340 -1.56335e-13
22350 -1.62158e-13
22360 -1.60376e-13
22370 -1.60995e-13
22380 -1.59281e-13
22390 -1.67287e-13
22400 -1.63372e-13
22410 -1.6287e-13
22420 -1.57109e-13
22430 -1.58599e-13
22440 -1.50679e-13
22450 -1.6023e-13
22460 -1.64353e-13
22470 -1.64064e-13
22480 -1.57751e-13
22490 -1.52609e-13
22500 -1.52301e-13
22510 -1.56526e-13
22520 -1.5989e-13
22530 -1.63745e-13
22540 -1.61675e-13
22550 -1.65261e-13
22560 -1.64225e-13
22570 -1.61933e-13
22580 -1.60114e-13
22590 -1.57576e-13
22600 -1.58665e-13
22610 -1.47391e-13
22620 -1.53378e-13
22630 -1.5554e-13
22640 -1.63044e-13
22650 -1.59716e-13
22660 -1.64075e-13
22670 -1.61405e-13
22680 -1.70721e-13
22690 -1.73288e-13
22700 -1.6887e-13
22710 -1.6862e-13
22720 -1.65837e-13
22730 -1.76605e-13
22740 -1.73799e-13
22750 -1.70596e-13
22760 -1.68866e-13
22770 -1.64103e-13
22780 -1.74965e-13
22790 -1.67545e-13
22800 -1.74745e-13
22810 -1.68645e-13
22820 -1.72218e-13
22830 -1.78654e-13
22840 -1.72137e-13
22850 -1.7289e-13
22860 -1.69119e-13
22870 -1.69444e-13
22880 -1.68638e-13
22890 -1.7109e-13
22900 -1.69385e-13
22910 -1.63768e-13
22920 -1.55435e-13
22930 -1.54062e-13
22940 -1.60561e-13
22950 -1.65922e-13
22960 -1.63211e-13
22970 -1.57548e-13
22980 -1.55066e-13
22990 -1.63278e-13
23000 -1.5561e-13
23010 -1.54657e-13
23020 -1.54713e-13
23030 -1.57793e-13
23040 -1.535e-13
23050 -1.55448e-13
23060 -1.64908e-13
23070 -1.61932e-13
23080 -1.61814e-13
23090 -1.5621e-13
23100 -1.61284e-13
23110 -1.60182e-13
23120 -1.55339e-13
23130 -1.55886e-13
23140 -1.516e-13
23150 -1.48832e-13
23160 -1.52697e-13
23170 -1.5456e-13
23180 -1.58067e-13
23190 -1.64029e-13
23200 -1.65446e-13
23210 -1.68175e-13
23220 -1.69418e-13
23230 -1.75587e-13
23240 -1.77649e-13
23250 -1.83756e-13
23260 -1.78108e-13
23270 -1.75865e-13
23280 -1.75278e-13
23290 -1.71643e-13
23300 -1.76958e-13
23310 -1.75734e-13
23320 -1.68312e-13
23330 -1.67768e-13
23340 -1.74885e-13
23350 -1.82841e-13
23360 -1.80801e-13
23370 -1.76668e-13
23380 -1.73998e-13
23390 -1.77978e-13
23400 -1.78314e-13
23410 -1.83337e-13
23420 -1.78274e-13
23430 -1.74448e-13
23440 -1.79826e-13
23450 -1.83569e-13
23460 -1.74498e-13
23470 -1.74696e-13
23480 -1.71235e-13
23490 -1.76183e-13
23500 -1.77366e-13
23510 -1.70244e-13
23520 -1.70958e-13
23530 -1.76248e-13
23540 -1.7972e-13
23550 -1.77601e-13
23560 -1.86962e-13
23570 -1.8572e-13
23580 -1.79374e-13
23590 -1.71917e-13
23600 -1.74742e-13
23610 -1.781e-13
23620 -1.86841e-13
23630 -1.83399e-13
23640 -1.80775e-13
23650 -1.74242e-13
23660 -1.68483e-13
23670 -1.6954e-13
23680 -1.73754e-13
23690 -1.73642e-13
23700 -1.7164e-13
23710 -1.66803e-13
23720 -1.78828e-13
23730 -1.81276e-13
23740 -1.82079e-13
23750 -1.71972e-13
23760 -1.72749e-13
23770 -1.69094e-13
23780 -1.70565e-13
23790 -1.76656e-13
23800 -1.76086e-13
23810 -1.82969e-13
23820 -1.84298e-13
23830 -1.87776e-13
23840 -1.77264e-13
23850 -1.77798e-13
23860 -1.78985e-13
23870 -1.79386e-13
23880 -1.81103e-13
23890 -1.8377e-13
23900 -1.88058e-13
23910 -1.82198e-13
23920 -1.86327e-13
23930 -1.89845e-13
23940 -1.92767e-13
23950 -1.9351e-13
23960 -1.91079e-13
23970 -1.862e-13
23980 -1.89175e-13
23990 -1.93053e-13
24000 -2.02397e-13
24010 -1.92747e-13
24020 -1.83191e-13
24030 -1.82032e-13
24040 -1.85879e-13
24050 -1.93139e-13
24060 -1.84844e-13
24070 -1.85782e-13
24080 -1.87599e-13
24090 -1.92887e-13
24100 -2.00609e-13
24110 -1.94452e-13
24120 -1.9224e-13
24130 -1.88188e-13
24140 -1.88399e-13
24150 -1.83282e-13
24160 -1.8866e-13
24170 -1.81157e-13
24180 -1.84615e-13
24190 -1.82303e-13
24200 -1.87011e-13
24210 -1.83271e-13
24220 -1.74714e-13
24230 -1.75155e-13
24240 -1.70501e-13
24250 -1.69457e-13
24260 -1.7455e-13
24270 -1.72928e-13
24280 -1.76201e-13
24290 -1.74741e-13
24300 -1.70097e-13
24310 -1.70978e-13
24320 -1.68971e-13
24330 -1.81856e-13
24340 -1.80035e-13
24350 -1.83739e-13
24360 -1.8125e-13
24370 -1.77713e-13
24380 -1.80273e-13
24390 -1.87037e-13
24400 -1.87455e-13
24410 -1.77919e-13
24420 -1.76917e-13
24430 -1.80628e-13
24440 -1.93595e-13
24450 -1.90941e-13
24460 -1.87664e-13
24470 -1.88353e-13
24480 -1.93693e-13
24490 -1.88111e-13
24500 -1.92301e-13
24510 -1.97503e-13
24520 -1.9776e-13
24530 -1.97727e-13
24540 -1.93345e-13
24550 -1.99293e-13
24560 -2.02955e-13
24570 -2.09011e-13
24580 -2.03891e-13
24590 -2.06467e-13
24600 -2.00554e-13
24610 -2.01379e-13
24620 -2.07563e-13
24630 -2.14716e-13
24640 -2.14936e-13
24650 -2.10716e-13
24660 -2.1157e-13
24670 -2.07712e-13
24680 -2.10801e-13
24690 -2.10905e-13
24700 -2.08491e-13
24710 -2.05198e-13
24720 -2.05634e-13
24730 -2.14047e-13
24740 -2.14062e-13
24750 -2.12796e-13
24760 -2.13422e-13
24770 -2.1687e-13
24780 -2.21652e-13
24790 -2.23449e-13
24800 -2.27112e-13
24810 -2.27689e-13
24820 -2.23181e-13
24830 -2.27872e-13
24840 -2.2039e-13
24850 -2.25101e-13
24860 -2.21612e-13
24870 -2.15962e-13
24880 -2.12861e-13
24890 -2.12886e-13
24900 -2.21356e-13
24910 -2.26075e-13
24920 -2.18534e-13
24930 -2.18352e-13
24940 -2.30466e-13
24950 -2.31818e-13
24960 -2.31641e-13
24970 -2.25362e-13
24980 -2.25674e-13
24990 -2.25046e-13
25000 -2.25982e-13
25010 -2.23381e-13
25020 -2.22301e-13
25030 -2.30033e-13
25040 -2.39195e-13
25050 -2.40565e-13
25060 -2.34643e-13
25070 -2.288e-13
25080 -2.3083e-13
25090 -2.39075e-13
25100 -2.47716e-13
25110 -2.436e-13
25120 -2.44045e-13
25130 -2.27632e-13
25140 -2.25249e-13
25150 -2.37769e-13
25160 -2.40847e-13
25170 -2.43091e-13
25180 -2.3056e-13
25190 -2.23662e-13
25200 -2.2754e-13
25210 -2.26785e-13
25220 -2.41726e-13
25230 -2.40646e-13
25240 -2.31244e-13
25250 -2.36586e-13
25260 -2.34848e-13
25270 -2.36778e-13
25280 -2.40017e-13
25290 -2.35639e-13
25300 -2.30153e-13
25310 -2.33689e-13
25320 -2.37809e-13
25330 -2.34554e-13
25340 -2.24583e-13
25350 -2.1142e-13
25360 -2.19968e-13
25370 -2.3516e-13
25380 -2.35363e-13
25390 -2.36069e-13
25400 -2.26047e-13
25410 -2.25804e-13
25420 -2.19954e-13
25430 -2.19473e-13
25440 -2.32833e-13
25450 -2.37263e-13
25460 -2.3515e-13
25470 -2.33895e-13
25480 -2.22327e-13
25490 -2.16642e-13
25500 -2.25915e-13
25510 -2.2823e-13
25520 -2.34634e-13
25530 -2.27946e-13
25540 -2.24452e-13
25550 -2.26359e-13
25560 -2.33676e-13
25570 -2.2854e-13
25580 -2.29293e-13
25590 -2.2645e-13
25600 -2.37529e-13
25610 -2.28477e-13
25620 -2.35789e-13
25630 -2.31984e-13
25640 -2.32632e-13
25650 -2.29805e-13
25660 -2.34617e-13
25670 -2.33878e-13
25680 -2.35473e-13
25690 -2.32374e-13
25700 -2.28223e-13
25710 -2.25129e-13
25720 -2.31381e-13
25730 -2.34105e-13
25740 -2.40891e-13
25750 -2.39046e-13
25760 -2.37178e-13
25770 -2.35582e-13
25780 -2.41545e-13
25790 -2.44007e-13
25800 -2.45922e-13
25810 -2.34887e-13
25820 -2.32642e-13
25830 -2.34e-13
25840 -2.32141e-13
25850 -2.25056e-13
25860 -2.30178e-13
25870 -2.35984e-13
25880 -2.33591e-13
25890 -2.25492e-13
25900 -2.08855e-13
25910 -2.15566e-13
25920 -2.20158e-13
25930 -2.23928e-13
25940 -2.31751e-13
25950 -2.20508e-13
25960 -2.18355e-13
25970 -2.20201e-13
25980 -2.13519e-13
25990 -2.19216e-13
26000 -2.17863e-13
26010 -2.17782e-13
26020 -2.26462e-13
26030 -2.19093e-13
26040 -2.16769e-13
26050 -2.12356e-13
26060 -2.07177e-13
26070 -2.12669e-13
26080 -2.21998e-13
26090 -2.28887e-13
26100 -2.19295e-13
26110 -2.25843e-13
26120 -2.11569e-13
26130 -2.17034e-13
26140 -2.16837e-13
26150 -2.15673e-13
26160 -2.16073e-13
26170 -2.16877e-13
26180 -2.1201e-13
26190 -2.17356e-13
26200 -2.14795e-13
26210 -2.21858e-13
26220 -2.21547e-13
26230 -2.29966e-13
26240 -2.27364e-13
26250 -2.1784e-13
26260 -2.15445e-13
26270 -2.12236e-13
26280 -2.00296e-13
26290 -2.10838e-13
26300 -2.13595e-13
26310 -2.03594e-13
26320 -2.12775e-13
26330 -2.15667e-13
26340 -2.1588e-13
26350 -2.16884e-13
26360 -2.13316e-13
26370 -2.12885e-13
26380 -2.08878e-13
26390 -2.13732e-13
26400 -2.14103e-13
26410 -2.13583e-13
26420 -2.07064e-13
26430 -2.07207e-13
26440 -2.00147e-13
26450 -2.0223e-13
26460 -2.06205e-13
26470 -2.03253e-13
26480 -1.8955e-13
26490 -1.8644e-13
26500 -1.99395e-13
26510 -2.03192e-13
26520 -1.96335e-13
26530 -1.95569e-13
26540 -1.89262e-13
26550 -1.95346e-13
26560 -1.89182e-13
26570 -1.84096e-13
26580 -1.8852e-13
26590 -1.98997e-13
26600 -1.91129e-13
26610 -1.72529e-13
26620 -1.46631e-13
26630 -1.10039e-13
26640 -5.98862e-14
26650 2.0759e-14
26660 1.71596e-13
26670 4.1019e-13
26680 7.96806e-13
26690 1.4236e-12
26700 2.43508e-12
26710 4.04171e-12
26720 6.5774e-12
26730 1.05924e-11
26740 1.69117e-11
26750 2.67468e-11
26760 4.19985e-11
26770 6.55217e-11
26780 1.01597e-10
26790 1.56621e-10
26800 2.40081e-10
26810 3.66e-10
26820 5.5498e-10
26830 8.37128e-10
26840 1.2562e-09
26850 1.87553e-09
26860 2.78622e-09
26870 4.11866e-09
26880 6.05868e-09
26890 8.86963e-09
26900 1.2923e-08
26910 1.87403e-08
26920 2.70502e-08
26930 3.88656e-08
26940 5.55884e-08
26950 7.91497e-08
26960 1.12197e-07
26970 1.58343e-07
26980 2.22496e-07
26990 3.11296e-07
27000 4.3368e-07
27010 6.01629e-07
27020 8.3113e-07
27030 1.14343e-06
27040 1.56662e-06
27050 2.13772e-06
27060 2.90528e-06
27070 3.9327e-06
27080 5.30242e-06
27090 7.1212e-06
27100 9.52673e-06
27110 1.26958e-05
27120 1.68545e-05
27130 2.22908e-05
27140 2.937e-05
27150 3.85535e-05
27160 5.04217e-05
27170 6.57021e-05
27180 8.53024e-05
27190 0.000110351
27200 0.000142244
27210 0.000182705
27220 0.000233848
27230 0.000298262
27240 0.0003791
27250 0.000480188
27260 0.000606152
27270 0.000762564
27280 0.000956104
27290 0.00119476
27300 0.00148801
27310 0.00184714
27320 0.00228543
27330 0.00281851
27340 0.00346469
27350 0.00424534
27360 0.00518529
27370 0.00631326
27380 0.00766238
27390 0.00927071
27400 0.0111817
27410 0.013445
27420 0.0161166
27430 0.0192602
27440 0.0229471
27450 0.0272572
27460 0.0322798
27470 0.0381139
27480 0.0448691
27490 0.0526657
27500 0.0616361
27510 0.071924
27520 0.083686
27530 0.0970909
27540 0.11232
27550 0.129568
27560 0.14904
27570 0.170956
27580 0.195544
27590 0.223044
27600 0.253706
27610 0.287786
27620 0.325547
27630 0.367256
27640 0.413183
27650 0.463595
27660 0.518758
27670 0.578929
27680 0.644357
27690 0.715277
27700 0.791905
27710 0.874439
27720 0.96305
27730 1.05788
27740 1.15903
27750 1.26659
27760 1.38057
27770 1.50096
27780 1.6277
27790 1.76066
27800 1.89969
27810 2.04455
27820 2.19496
27830 2.35057
27840 2.51097
27850 2.6757
27860 2.84424
27870 3.01599
27880 3.19032
27890 3.36653
27900 3.5439
27910 3.72164
27920 3.89892
27930 4.0749
27940 4.2487
27950 4.41942
27960 4.58616
27970 4.74801
27980 4.90407
27990 5.05345
28000 5.19528
28010 5.32875
28020 5.45304
28030 5.56743
28040 5.67121
28050 5.76376
28060 5.84453
28070 5.91302
28080 5.96883
28090 6.01163
28100 6.0412
28110 6.05737
28120 6.0601
28130 6.0494
28140 6.0254
28150 5.9883
28160 5.93839
28170 5.87604
28180 5.80169
28190 5.71586
28200 5.61914
28210 5.51215
28220 5.39558
28230 5.27019
28240 5.13673
28250 4.996
28260 4.84884
28270 4.69607
28280 4.53854
28290 4.37709
28300 4.21256
28310 4.04575
28320 3.87747
28330 3.7085
28340 3.53956
28350 3.37135
28360 3.20455
28370 3.03977
28380 2.87757
28390 2.71849
28400 2.56299
28410 2.4115
28420 2.26439
28430 2.12198
28440 1.98454
28450 1.85229
28460 1.72541
28470 1.60402
28480 1.48822
28490 1.37805
28500 1.27353
28510 1.17461
28520 1.08126
28530 0.993385
28540 0.910871
28550 0.833588
28560 0.761384
28570 0.69409
28580 0.631524
28590 0.573494
28600 0.519797
28610 0.470227
28620 0.424574
28630 0.382623
28640 0.344164
28650 0.308984
28660 0.276877
28670 0.24764
28680 0.221074
28690 0.196988
28700 0.175199
28710 0.155529
28720 0.137811
28730 0.121885
28740 0.107601
28750 0.094815
28760 0.0833947
28770 0.0732154
28780 0.0641609
28790 0.0561235
28800 0.0490034
28810 0.0427089
28820 0.0371553
28830 0.0322655
28840 0.0279686
28850 0.0242003
28860 0.0209021
28870 0.018021
28880 0.0155093
28890 0.0133238
28900 0.0114259
28910 0.009781
28920 0.00835804
28930 0.00712947
28940 0.00607077
28950 0.00516018
28960 0.00437848
28970 0.00370869
28980 0.00313586
28990 0.00264689
29000 0.00223027
29010 0.00187596
29020 0.00157521
29030 0.00132039
29040 0.00110488
29050 0.000922949
29060 0.000769653
29070 0.000640718
29080 0.00053247
29090 0.000441756
29100 0.000365871
29110 0.000302507
29120 0.000249692
29130 0.000205749
29140 0.000169253
29150 0.000138997
29160 0.000113956
29170 9.32704e-05
29180 7.62115e-05
29190 6.21685e-05
29200 5.06284e-05
29210 4.11618e-05
29220 3.34097e-05
29230 2.70725e-05
29240 2.1901e-05
29250 1.76882e-05
29260 1.42621e-05
29270 1.14807e-05
29280 9.22658e-06
29290 7.40286e-06
29300 5.92988e-06
29310 4.74224e-06
29320 3.78627e-06
29330 3.01809e-06
29340 2.40185e-06
29350 1.90834e-06
29360 1.51378e-06
29370 1.19885e-06
29380 9.47916e-07
29390 7.48296e-07
29400 5.89765e-07
29410 4.64074e-07
29420 3.64586e-07
29430 2.85969e-07
29440 2.23946e-07
29450 1.75096e-07
29460 1.36684e-07
29470 1.0653e-07
29480 8.28965e-08
29490 6.44041e-08
29500 4.9958e-08
29510 3.86912e-08
29520 2.99182e-08
29530 2.30981e-08
29540 1.78048e-08
29550 1.3703e-08
29560 1.05298e-08
29570 8.07871e-09
29580 6.18855e-09
29590 4.73327e-09
29600 3.61459e-09
29610 2.75603e-09
29620 2.09815e-09
29630 1.59485e-09
29640 1.21041e-09
29650 9.17224e-10
29660 6.93988e-10
29670 5.24279e-10
29680 3.95464e-10
29690 2.97843e-10
29700 2.23978e-10
29710 1.68175e-10
29720 1.26083e-10
29730 9.43822e-11
29740 7.0545e-11
29750 5.26483e-11
29760 3.92325e-11
29770 2.91911e-11
29780 2.16871e-11
29790 1.60879e-11
29800 1.19164e-11
29810 8.81326e-12
29820 6.50847e-12
29830 4.79923e-12
29840 3.53359e-12
29850 2.59784e-12
29860 1.90705e-12
29870 1.39787e-12
29880 1.02312e-12
29890 7.47725e-13
29900 5.45651e-13
29910 3.976e-13
29920 2.89292e-13
29930 2.10178e-13
29940 1.52475e-13
29950 1.10452e-13
29960 7.98931e-14
29970 5.77045e-14
29980 4.16174e-14
29990 2.99714e-14
30000 2.15528e-14
30010 1.54764e-14
30020 1.10969e-14
30030 7.94524e-15
30040 5.68042e-15
30050 4.05532e-15
30060 2.89096e-15
30070 2.05793e-15
30080 1.46283e-15
30090 1.03833e-15
30100 7.35948e-16
30110 5.2088e-16
30120 3.68133e-16
30130 2.59807e-16
30140 1.83095e-16
30150 1.28849e-16
30160 9.05453e-17
30170 6.35379e-17
30180 4.45228e-17
30190 3.11541e-17
30200 2.17687e-17
30210 1.51891e-17
30220 1.05833e-17
30230 7.36367e-18
30240 5.1163e-18
30250 3.54981e-18
30260 2.45948e-18
30270 1.70166e-18
30280 1.17568e-18
30290 8.11148e-19
30300 5.58859e-19
30310 3.84501e-19
30320 2.64172e-19
30330 1.81247e-19
30340 1.24179e-19
30350 8.49617e-20
30360 5.8049e-20
30370 3.96063e-20
30380 2.69856e-20
30390 1.83611e-20
30400 1.24757e-20
30410 8.46508e-21
30420 5.73587e-21
30430 3.88124e-21
30440 2.62267e-21
30450 1.76978e-21
30460 1.19262e-21
30470 8.02578e-22
30480 5.39361e-22
30490 3.61974e-22
30500 2.42596e-22
30510 1.62367e-22
30520 1.08522e-22
30530 7.24354e-23
30540 4.82828e-23
30550 3.21399e-23
30560 2.13653e-23
30570 1.41835e-23
30580 9.40314e-24
30590 6.22552e-24
30600 4.11616e-24
30610 2.71784e-24
30620 1.79213e-24
30630 1.18014e-24
30640 7.76093e-25
30650 5.09696e-25
30660 3.34293e-25
30670 2.18959e-25
30680 1.43225e-25
30690 9.35605e-26
30700 6.10363e-26
30710 3.97654e-26
30720 2.58729e-26
30730 1.68116e-26
30740 1.09092e-26
30750 7.06976e-27
30760 4.57551e-27
30770 2.95733e-27
30780 1.90892e-27
30790 1.23055e-27
30800 7.92211e-28
30810 5.09342e-28
30820 3.27045e-28
30830 2.09717e-28
30840 1.34304e-28
30850 8.58967e-29
30860 5.48649e-29
30870 3.49981e-29
30880 2.2296e-29
30890 1.41854e-29
30900 9.01341e-30
30910 5.71968e-30
30920 3.62484e-30
30930 2.29425e-30
30940 1.4502e-30
30950 9.15491e-31
30960 5.77186e-31
30970 3.63425e-31
30980 2.28535e-31
30990 1.43526e-31
31000 9.00213e-32
31010 5.63899e-32
31020 3.52775e-32
31030 2.20412e-32
31040 1.37535e-32
31050 8.57109e-33
31060 5.33458e-33
31070 3.31595e-33
31080 2.05854e-33
31090 1.27631e-33
31100 7.90309e-34
31110 4.88746e-34
31120 3.01867e-34
31130 1.86207e-34
31140 1.14716e-34
31150 7.05826e-35
31160 4.33731e-35
31170 2.6619e-35
31180 1.6316e-35
31190 9.98814e-36
31200 6.10669e-36
31210 3.72888e-36
31220 2.27407e-36
31230 1.38509e-36
31240 8.42574e-37
31250 5.11906e-37
31260 3.10617e-37
31270 1.88242e-37
31280 1.13936e-37
31290 6.88747e-38
31300 4.15829e-38
31310 2.50741e-38
31320 1.51006e-38
31330 9.0828e-39
31340 5.45636e-39
31350 3.27374e-39
31360 1.96175e-39
31370 1.1741e-39
31380 7.01814e-40
31390 4.18988e-40
31400 2.49828e-40
31410 1.48779e-40
31420 8.84922e-41
31430 5.2569e-41
31440 3.11901e-41
31450 1.84828e-41
31460 1.09391e-41
31470 6.46636e-42
31480 3.8177e-42
31490 2.25118e-42
31500 1.32581e-42
31510 7.79869e-43
31520 4.5817e-43
31530 2.68843e-43
31540 1.57557e-43
31550 9.22241e-44
31560 5.39162e-44
31570 3.1482e-44
31580 1.83601e-44
31590 1.06944e-44
31600 6.22166e-45
31610 3.61515e-45
31620 2.09806e-45
31630 1.21613e-45
31640 7.04064e-46
31650 4.07114e-46
31660 2.35121e-46
31670 1.35624e-46
31680 7.81369e-47
31690 4.49621e-47
31700 2.5841e-47
31710 1.48336e-47
31720 8.50458e-48
31730 4.87005e-48
31740 2.78539e-48
31750 1.59115e-48
31760 9.07836e-49
31770 5.1734e-49
31780 2.94453e-49
31790 1.6739e-49
31800 9.50411e-50
31810 5.3897e-50
31820 3.05273e-50
31830 1.72695e-50
31840 9.75757e-51
31850 5.50643e-51
31860 3.1036e-51
31870 1.74713e-51
31880 9.82317e-52
31890 5.51621e-52
31900 3.09379e-52
31910 1.73301e-52
31920 9.6955e-53
31930 5.41746e-53
31940 3.02327e-53
31950 1.68504e-53
31960 9.37978e-54
31970 5.21464e-54
31980 2.89535e-54
31990 1.60554e-54
32000 8.89162e-55
32010 4.91787e-55
32020 2.71649e-55
32030 1.49854e-55
32040 8.25576e-56
32050 4.54223e-56
32060 2.49575e-56
32070 1.36945e-56
32080 7.50424e-57
32090 4.10652e-57
32100 2.24411e-57
32110 1.22465e-57
32120 6.67386e-58
32130 3.63188e-58
32140 1.97365e-58
32150 1.071e-58
32160 5.80342e-59
32170 3.14014e-59
32180 1.6966e-59
32190 9.15314e-60
32200 4.93078e-60
32210 2.65223e-60
32220 1.42446e-60
32230 7.63885e-61
32240 4.09016e-61
32250 2.18666e-61
32260 1.1672e-61
32270 6.22048e-62
32280 3.30991e-62
32290 1.75839e-62
32300 9.32643e-63
32310 4.93869e-63
32320 2.61095e-63
32330 1.37807e-63
32340 7.26145e-64
32350 3.81989e-64
32360 2.00608e-64
32370 1.05174e-64
32380 5.50467e-65
32390 2.87613e-65
32400 1.50015e-65
32410 7.81101e-66
32420 4.05995e-66
32430 2.10654e-66
32440 1.09107e-66
32450 5.64104e-67
32460 2.91133e-67
32470 1.49983e-67
32480 7.71271e-68
32490 3.95898e-68
32500 2.02846e-68
32510 1.03741e-68
32520 5.29588e-69
32530 2.69849e-69
32540 1.37244e-69
32550 6.9672e-70
32560 3.53027e-70
32570 1.78542e-70
32580 9.01263e-71
32590 4.54088e-71
32600 2.28351e-71
32610 1.14614e-71
32620 5.74167e-72
32630 2.87082e-72
32640 1.43264e-72
32650 7.13559e-73
32660 3.54716e-73
32670 1.7599e-73
32680 8.71468e-74
32690 4.30691e-74
32700 2.12438e-74
32710 1.04579e-74
32720 5.13815e-75
32730 2.51949e-75
32740 1.233e-75
32750 6.02219e-76
32760 2.93553e-76
32770 1.4281e-76
32780 6.93376e-77
32790 3.35981e-77
32800 1.62479e-77
32810 7.84175e-78
32820 3.77713e-78
32830 1.8157e-78
32840 8.71078e-79
32850 4.17062e-79
32860 1.99284e-79
32870 9.50331e-80
32880 4.52278e-80
32890 2.14814e-80
32900 1.01823e-80
32910 4.81678e-81
32920 2.27401e-81
32930 1.07141e-81
32940 5.03778e-82
32950 2.36401e-82
32960 1.10709e-82
32970 5.17418e-83
32980 2.41336e-83
32990 1.12338e-83
33000 5.21858e-84
33010 2.41937e-84
33020 1.11937e-84
33030 5.16854e-85
33040 2.38168e-85
33050 1.09527e-85
33060 5.0267e-86
33070 2.30232e-86
33080 1.05237e-86
33090 4.80061e-87
33100 2.18547e-87
33110 9.92925e-88
33120 4.50204e-88
33130 2.03716e-88
33140 9.19949e-89
33150 4.14596e-89
33160 1.8647e-89
33170 8.36982e-90
33180 3.74927e-90
33190 1.6761e-90
33200 7.47788e-91
33210 3.32951e-91
33220 1.47947e-91
33230 6.5608e-92
33240 2.90357e-92
33250 1.28243e-92
33260 5.65275e-93
33270 2.48664e-93
33280 1.09167e-93
33290 4.78295e-94
33300 2.09136e-94
33310 9.12615e-95
33320 3.97443e-95
33330 1.72739e-95
33340 7.49261e-96
33350 3.24344e-96
33360 1.40122e-96
33370 6.04143e-97
33380 2.59957e-97
33390 1.11633e-97
33400 4.78429e-98
33410 2.04632e-98
33420 8.73493e-99
33430 3.72117e-99
33440 1.58209e-99
33450 6.71301e-100
33460 2.84274e-100
33470 1.20141e-100
33480 5.06733e-101
33490 2.13306e-101
33500 8.96114e-102
33510 3.75716e-102
33520 1.57214e-102
33530 6.56541e-103
33540 2.73634e-103
33550 1.13819e-103
33560 4.72499e-104
33570 1.9576e-104
33580 8.09447e-105
33590 3.34035e-105
33600 1.37574e-105
33610 5.65488e-106
33620 2.3198e-106
33630 9.49776e-107
33640 3.88092e-107
33650 1.58267e-107
33660 6.44156e-108
33670 2.61659e-108
33680 1.06078e-108
33690 4.292e-109
33700 1.73317e-109
33710 6.98502e-110
33720 2.80958e-110
33730 1.12788e-110
33740 4.51889e-111
33750 1.80697e-111
33760 7.21135e-112
33770 2.87232e-112
33780 1.14182e-112
33790 4.53018e-113
33800 1.79384e-113
33810 7.08928e-114
33820 2.79623e-114
33830 1.10077e-114
33840 4.32488e-115
33850 1.69591e-115
33860 6.63725e-116
33870 2.59255e-116
33880 1.01069e-116
33890 3.9325e-117
33900 1.52712e-117
33910 5.91883e-118
33920 2.28957e-118
33930 8.83954e-119
33940 3.40615e-119
33950 1.30995e-119
33960 5.02813e-120
33970 1.92627e-120
33980 7.36525e-121
33990 2.81072e-121
34000 1.07056e-121
34010 4.0697e-122
34020 1.5441e-122
34030 5.84726e-123
34040 2.21e-123
34050 8.33669e-124
34060 3.13877e-124
34070 1.17948e-124
34080 4.42368e-125
34090 1.65593e-125
34100 6.18682e-126
34110 2.30705e-126
34120 8.58647e-127
34130 3.18961e-127
34140 1.18257e-127
34150 4.37609e-128
34160 1.61627e-128
34170 5.95809e-129
34180 2.19215e-129
34190 8.05014e-130
34200 2.95057e-130
34210 1.07939e-130
34220 3.94114e-131
34230 1.43627e-131
34240 5.22422e-132
34250 1.89661e-132
34260 6.8724e-133
34270 2.48548e-133
34280 8.97194e-134
34290 3.23247e-134
34300 1.1624e-134
34310 4.1721e-135
34320 1.4946e-135
34330 5.34407e-136
34340 1.90719e-136
34350 6.79347e-137
34360 2.41527e-137
34370 8.57069e-138
34380 3.03559e-138
34390 1.07312e-138
34400 3.78643e-139
34410 1.33349e-139
34420 4.68736e-140
34430 1.64455e-140
34440 5.75894e-141
34450 2.01288e-141
34460 7.02222e-142
34470 2.44518e-142
34480 8.49821e-143
34490 2.94798e-143
34500 1.02071e-143
34510 3.52748e-144
34520 1.21676e-144
34530 4.1892e-145
34540 1.43959e-145
34550 4.93774e-146
34560 1.69045e-146
34570 5.77641e-147
34580 1.97015e-147
34590 6.70693e-148
34600 2.27894e-148
34610 7.72908e-149
34620 2.61642e-149
34630 8.84041e-150
34640 2.98142e-150
34650 1.0036e-150
34660 3.37197e-151
34670 1.13082e-151
34680 3.78522e-152
34690 1.26466e-152
34700 4.21742e-153
34710 1.4038e-153
34720 4.66396e-154
34730 1.54665e-154
34740 5.11936e-155
34750 1.69134e-155
34760 5.57742e-156
34770 1.8358e-156
34780 6.03127e-157
34790 1.9778e-157
34800 6.47358e-158
34810 2.11494e-158
34820 6.89672e-159
34830 2.2448e-159
34840 7.29299e-160
34850 2.36496e-160
34860 7.65482e-161
34870 2.47308e-161
34880 7.97504e-162
34890 2.56697e-162
34900 8.24711e-163
34910 2.64469e-163
34920 8.46531e-164
34930 2.7046e-164
34940 8.62498e-165
34950 2.74541e-165
34960 8.72267e-166
34970 2.76622e-166
34980 8.75626e-167
34990 2.7666e-167
35000 8.72505e-168
35010 2.74654e-168
35020 8.62975e-169
35030 2.70649e-169
35040 8.4725e-170
35050 2.64736e-170
35060 8.25677e-171
35070 2.57042e-171
35080 7.9872e-172
35090 2.47732e-172
35100 7.6695e-173
35110 2.37001e-173
35120 7.3102e-174
35130 2.25064e-174
35140 6.91643e-175
35150 2.12156e-175
35160 6.49572e-176
35170 1.98517e-176
35180 6.05573e-177
35190 1.84389e-177
35200 5.60403e-178
35210 1.70007e-178
35220 5.14791e-179
35230 1.55595e-179
35240 4.69418e-180
35250 1.41359e-180
35260 4.249e-181
35270 1.27483e-181
35280 3.81781e-182
35290 1.14125e-182
35300 3.40521e-183
35310 1.01417e-183
35320 3.01492e-184
35330 8.94629e-185
35340 2.64979e-185
35350 7.83395e-186
35360 2.31181e-186
35370 6.80964e-187
35380 2.00216e-187
35390 5.87589e-188
35400 1.72128e-188
35410 5.03304e-189
35420 1.46897e-189
35430 4.27952e-190
35440 1.24446e-190
35450 3.61218e-191
35460 1.04655e-191
35470 3.0266e-192
35480 8.73676e-193
35490 2.51739e-193
35500 7.24022e-194
35510 2.07853e-194
35520 5.95615e-195
35530 1.70364e-195
35540 4.86398e-196
35550 1.38615e-196
35560 3.94305e-197
35570 1.11959e-197
35580 3.17312e-198
35590 8.97676e-199
35600 2.53487e-199
35610 7.14491e-200
35620 2.01021e-200
35630 5.64534e-201
35640 1.5825e-201
35650 4.42792e-202
35660 1.23669e-202
35670 3.44768e-203
35680 9.59395e-204
35690 2.66485e-204
35700 7.38841e-205
35710 2.04472e-205
35720 5.64837e-206
35730 1.55746e-206
35740 4.28661e-207
35750 1.17765e-207
35760 3.22942e-208
35770 8.83967e-209
35780 2.4152e-209
35790 6.58682e-210
35800 1.79309e-210
35810 4.87231e-211
35820 1.32152e-211
35830 3.57779e-212
35840 9.66858e-213
35850 2.60805e-213
35860 7.0222e-214
35870 1.88728e-214
35880 5.06297e-215
35890 1.35575e-215
35900 3.62375e-216
35910 9.66812e-217
35920 2.57473e-217
35930 6.84426e-218
35940 1.81605e-218
35950 4.80986e-219
35960 1.27158e-219
35970 3.35552e-220
35980 8.83856e-221
35990 2.32385e-221
36000 6.09876e-222
36010 1.59764e-222
36020 4.17756e-223
36030 1.09036e-223
36040 2.8407e-224
36050 7.38727e-225
36060 1.91756e-225
36070 4.96842e-226
36080 1.28497e-226
36090 3.31722e-227
36100 8.54791e-228
36110 2.19862e-228
36120 5.64478e-229
36130 1.4466e-229
36140 3.70045e-230
36150 9.44858e-231
36160 2.40815e-231
36170 6.1264e-232
36180 1.55572e-232
36190 3.94334e-233
36200 9.97702e-234
36210 2.51966e-234
36220 6.35169e-235
36230 1.59823e-235
36240 4.01418e-236
36250 1.00637e-236
36260 2.51839e-237
36270 6.29062e-238
36280 1.56844e-238
36290 3.90344e-239
36300 9.69687e-240
36310 2.40447e-240
36320 5.95131e-241
36330 1.47031e-241
36340 3.62585e-242
36350 8.92515e-243
36360 2.19293e-243
36370 5.37822e-244
36380 1.31661e-244
36390 3.21719e-245
36400 7.84696e-246
36410 1.91043e-246
36420 4.64261e-247
36430 1.12616e-247
36440 2.7267e-248
36450 6.58992e-249
36460 1.58974e-249
36470 3.82803e-250
36480 9.20085e-251
36490 2.20741e-251
36500 5.28617e-252
36510 1.26358e-252
36520 3.01486e-253
36530 7.18014e-254
36540 1.70688e-254
36550 4.05017e-255
36560 9.59284e-256
36570 2.2679e-256
36580 5.35182e-257
36590 1.26061e-257
36600 2.9639e-258
36610 6.95581e-259
36620 1.62942e-259
36630 3.80996e-260
36640 8.89219e-261
36650 2.07157e-261
36660 4.81714e-262
36670 1.1181e-262
36680 2.59045e-263
36690 5.99058e-264
36700 1.38281e-264
36710 3.18609e-265
36720 7.32746e-266
36730 1.68209e-266
36740 3.8543e-267
36750 8.81538e-268
36760 2.0125e-268
36770 4.58598e-269
36780 1.0431e-269
36790 2.36822e-270
36800 5.3668e-271
36810 1.21397e-271
36820 2.74095e-272
36830 6.17719e-273
36840 1.38957e-273
36850 3.1201e-274
36860 6.99286e-275
36870 1.56437e-275
36880 3.49318e-276
36890 7.78578e-277
36900 1.73213e-277
36910 3.84641e-278
36920 8.52567e-279
36930 1.88625e-279
36940 4.16549e-280
36950 9.18185e-281
36960 2.02018e-281
36970 4.43658e-282
36980 9.72527e-283
36990 2.1279e-283
37000 4.64726e-284
37010 1.01307e-284
37020 2.20433e-285
37030 4.78749e-286
37040 1.03785e-286
37050 2.24574e-287
37060 4.85038e-288
37070 1.04565e-288
37080 2.25006e-289
37090 4.83277e-290
37100 1.03607e-290
37110 2.21707e-291
37120 4.73545e-292
37130 1.00957e-292
37140 2.14836e-293
37150 4.56318e-294
37160 9.67437e-295
37170 2.04725e-295
37180 4.32424e-296
37190 9.11678e-297
37200 1.91852e-297
37210 4.02977e-298
37220 8.44866e-299
37230 1.76801e-299
37240 3.69296e-300
37250 7.69937e-301
37260 1.60223e-301
37270 3.32803e-302
37280 6.89982e-303
37290 1.42784e-303
37300 2.94923e-304
37310 6.08036e-305
37320 1.25123e-305
37330 2.57002e-306
37340 5.26894e-307
37350 1.0782e-307
37360 2.20223e-308
37370 4.48966e-309
37380 9.13592e-310
37390 1.85558e-310
37400 3.76178e-311
37410 7.61193e-312
37420 1.53741e-312
37430 3.09956e-313
37440 6.2394e-314
37450 1.25572e-314
37460 2.5433e-315
37470 5.34863e-316
37480 1.32723e-316
37490 5.22807e-317
37500 3.61432e-317
37510 3.28341e-317
37520 3.20777e-317
37530 3.18273e-317
37540 3.16759e-317
37550 3.1542e-317
37560 3.141e-317
37570 3.12783e-317
37580 3.11469e-317
37590 3.10157e-317
37600 3.08849e-317
37610 3.07543e-317
37620 3.0624e-317
37630 3.04939e-317
37640 3.03642e-317
37650 3.02344e-317
37660 3.01046e-317
37670 2.99749e-317
37680 2.98451e-317
37690 2.97154e-317
37700 2.95856e-317
37710 2.94558e-317
37720 2.93261e-317
37730 2.91963e-317
37740 2.90666e-317
37750 2.89368e-317
37760 2.8807e-317
37770 2.86773e-317
37780 2.85475e-317
37790 2.84177e-317
37800 2.8288e-317
37810 2.81582e-317
37820 2.80285e-317
37830 2.78987e-317
37840 2.77689e-317
37850 2.76392e-317
37860 2.75094e-317
37870 2.73797e-317
37880 2.72499e-317
37890 2.71201e-317
37900 2.69904e-317
37910 2.68606e-317
37920 2.67308e-317
37930 2.66011e-317
37940 2.64713e-317
37950 2.63416e-317
37960 2.62118e-317
37970 2.6082e-317
37980 2.59523e-317
37990 2.58225e-317
38000 2.56928e-317
38010 2.5563e-317
38020 2.54332e-317
38030 2.53035e-317
38040 2.51737e-317
38050 2.5044e-317
38060 2.49142e-317
38070 2.47844e-317
38080 2.46547e-317
38090 2.45249e-317
38100 2.43951e-317
38110 2.42654e-317
38120 2.41356e-317
38130 2.40059e-317
38140 2.38761e-317
38150 2.37463e-317
38160 2.36166e-317
38170 2.34868e-317
38180 2.33571e-317
38190 2.32273e-317
38200 2.30975e-317
38210 2.29678e-317
38220 2.2838e-317
38230 2.27082e-317
38240 2.25785e-317
38250 2.24487e-317
38260 2.2319e-317
38270 2.21892e-317
38280 2.20594e-317
38290 2.19297e-317
38300 2.17999e-317
38310 2.16702e-317
38320 2.15404e-317
38330 2.14106e-317
38340 2.12809e-317
38350 2.11511e-317
38360 2.10213e-317
38370 2.08916e-317
38380 2.07618e-317
38390 2.06321e-317
38400 2.05023e-317
38410 2.03725e-317
38420 2.02428e-317
38430 2.0113e-317
38440 1.99833e-317
38450 1.98535e-317
38460 1.97237e-317
38470 1.9594e-317
38480 1.94642e-317
38490 1.93344e-317
38500 1.92047e-317
38510 1.90749e-317
38520 1.89452e-317
38530 1.88154e-317
38540 1.86856e-317
38550 1.85559e-317
38560 1.84261e-317
38570 1.82964e-317
38580 1.81666e-317
38590 1.80368e-317
38600 1.79071e-317
38610 1.77773e-317
38620 1.76476e-317
38630 1.75178e-317
38640 1.7388e-317
38650 1.72583e-317
38660 1.71285e-317
38670 1.69987e-317
38680 1.6869e-317
38690 1.67392e-317
38700 1.66095e-317
38710 1.64797e-317
38720 1.63499e-317
38730 1.62202e-317
38740 1.60904e-317
38750 1.59607e-317
38760 1.58309e-317
38770 1.57011e-317
38780 1.55714e-317
38790 1.54416e-317
38800 1.53118e-317
38810 1.51821e-317
38820 1.50523e-317
38830 1.49226e-317
38840 1.47928e-317
38850 1.4663e-317
38860 1.45333e-317
38870 1.44035e-317
38880 1.42738e-317
38890 1.4144e-317
38900 1.40142e-317
38910 1.38845e-317
38920 1.37547e-317
38930 1.36249e-317
38940 1.34952e-317
38950 1.33654e-317
38960 1.32357e-317
38970 1.31059e-317
38980 1.29761e-317
38990 1.28464e-317
39000 1.27166e-317
39010 1.25869e-317
39020 1.24571e-317
39030 1.23273e-317
39040 1.21976e-317
39050 1.20678e-317
39060 1.1938e-317
39070 1.18083e-317
39080 1.16785e-317
39090 1.15488e-317
39100 1.1419e-317
39110 1.12892e-317
39120 1.11595e-317
39130 1.10297e-317
39140 1.09e-317
39150 1.07702e-317
39160 1.06404e-317
39170 1.05107e-317
39180 1.03809e-317
39190 1.02512e-317
39200 1.01214e-317
39210 9.99163e-318
39220 9.86187e-318
39230 9.73211e-318
39240 9.60234e-318
39250 9.47258e-318
39260 9.34282e-318
39270 9.21306e-318
39280 9.0833e-318
39290 8.95354e-318
39300 8.82378e-318
39310 8.69401e-318
39320 8.56425e-318
39330 8.43449e-318
39340 8.30473e-318
39350 8.17497e-318
39360 8.04521e-318
39370 7.91545e-318
39380 7.78568e-318
39390 7.65592e-318
39400 7.52616e-318
39410 7.3964e-318
39420 7.26664e-318
39430 7.13688e-318
39440 7.00712e-318
39450 6.87735e-318
39460 6.74759e-318
39470 6.61783e-318
39480 6.48807e-318
39490 6.35831e-318
39500 6.22855e-318
39510 6.09879e-318
39520 5.96902e-318
39530 5.83926e-318
39540 5.7095e-318
39550 5.57974e-318
39560 5.44998e-318
39570 5.32022e-318
39580 5.19046e-318
39590 5.06069e-318
39600 4.93093e-318
39610 4.80117e-318
39620 4.67141e-318
39630 4.54165e-318
39640 4.41189e-318
39650 4.28213e-318
39660 4.15236e-318
39670 4.0226e-318
39680 3.89284e-318
39690 3.76308e-318
39700 3.63332e-318
39710 3.50356e-318
39720 3.3738e-318
39730 3.24404e-318
39740 3.11427e-318
39750 2.98451e-318
39760 2.85475e-318
39770 2.72499e-318
39780 2.59523e-318
39790 2.46547e-318
39800 2.33571e-318
39810 2.20594e-318
39820 2.07618e-318
39830 1.94642e-318
39840 1.81666e-318
39850 1.6869e-318
39860 1.55714e-318
39870 1.42738e-318
39880 1.29761e-318
39890 1.16785e-318
39900 1.03809e-318
39910 9.0833e-319
39920 7.78568e-319
39930 6.48807e-319
39940 5.19046e-319
39950 3.89284e-319
39960 2.59523e-319
39970 1.29761e-319
39980 0
