-10 0
0 -5.60496e-15
10 -1.42899e-15
20 6.27217e-15
30 4.65884e-15
40 1.20299e-14
50 1.4395e-14
60 9.63461e-15
70 1.98662e-14
80 1.10728e-14
90 1.0986e-14
100 2.6516e-15
110 3.8436e-15
120 2.02426e-14
130 1.31117e-14
140 1.5098e-14
150 7.1739e-15
160 8.52478e-15
170 5.2911e-15
180 1.21174e-14
190 1.05025e-14
200 1.52006e-14
210 1.45508e-14
220 1.7214e-14
230 3.08383e-14
240 1.65099e-14
250 1.51715e-14
260 2.0687e-14
270 2.42875e-14
280 2.92848e-14
290 2.78548e-14
300 3.20666e-14
310 3.40604e-14
320 3.8469e-14
330 3.76301e-14
340 3.88009e-14
350 3.86172e-14
360 2.80965e-14
370 3.14463e-14
380 3.0582e-14
390 3.27908e-14
400 3.67315e-14
410 3.81535e-14
420 3.61594e-14
430 3.23365e-14
440 2.42384e-14
450 3.24802e-14
460 3.74192e-14
470 3.83613e-14
480 4.17548e-14
490 4.54354e-14
500 4.76477e-14
510 3.98071e-14
520 3.96054e-14
530 3.99671e-14
540 4.3585e-14
550 4.16199e-14
560 4.52435e-14
570 3.40706e-14
580 3.97123e-14
590 4.15707e-14
600 4.52147e-14
610 4.95766e-14
620 4.89621e-14
630 4.67174e-14
640 5.49407e-14
650 6.75142e-14
660 6.28558e-14
670 5.44996e-14
680 5.36722e-14
690 5.87601e-14
700 7.20113e-14
710 6.31339e-14
720 6.93305e-14
730 6.96486e-14
740 5.92466e-14
750 5.39775e-14
760 4.411e-14
770 4.62231e-14
780 3.80304e-14
790 3.6054e-14
800 2.95028e-14
810 4.41789e-14
820 3.39841e-14
830 2.69455e-14
840 2.21374e-14
850 2.38153e-14
860 2.90821e-14
870 2.47996e-14
880 2.73972e-14
890 2.68757e-14
900 2.61795e-14
910 2.30942e-14
920 4.04785e-14
930 3.19942e-14
940 3.56518e-14
950 3.93163e-14
960 3.34228e-14
970 3.11203e-14
980 3.04516e-14
990 1.87779e-14
1000 1.94508e-14
1010 1.47301e-14
1020 1.46136e-14
1030 2.06601e-14
1040 5.5266e-15
1050 4.11379e-16
1060 -1.91137e-15
1070 -8.97502e-16
1080 1.29314e-15
1090 -7.93491e-15
1100 -7.50099e-15
1110 -6.62996e-15
1120 -8.82956e-15
1130 -9.64156e-15
1140 -8.58423e-15
1150 -3.72582e-15
1160 -2.89818e-16
1170 -6.2339e-15
1180 -3.73179e-15
1190 1.87065e-15
1200 1.83247e-15
1210 4.53093e-15
1220 3.48115e-15
1230 1.02882e-15
1240 1.65054e-15
1250 3.56264e-15
1260 -8.21768e-15
1270 5.59528e-16
1280 -4.26006e-16
1290 -3.10428e-16
1300 -3.62988e-15
1310 -3.36951e-15
1320 -5.54449e-16
1330 -3.54997e-15
1340 -4.98949e-15
1350 8.19048e-16
1360 -9.27871e-16
1370 -1.85025e-15
1380 6.39812e-15
1390 2.59656e-15
1400 5.64034e-15
1410 4.96035e-15
1420 5.01956e-15
1430 4.29175e-15
1440 5.52776e-15
1450 1.43193e-14
1460 9.2975e-15
1470 1.56376e-14
1480 2.36756e-14
1490 1.3545e-14
1500 2.20583e-14
1510 1.33318e-14
1520 1.35033e-14
1530 8.8851e-15
1540 1.03635e-14
1550 7.6757e-15
1560 1.02822e-14
1570 9.65678e-15
1580 3.60322e-15
1590 -2.5219e-15
1600 -1.38782e-14
1610 -2.47581e-14
1620 -5.35059e-15
1630 6.31577e-14
1640 2.82621e-13
1650 8.27128e-13
1660 1.94409e-12
1670 3.90634e-12
1680 6.64201e-12
1690 8.81577e-12
1700 5.40624e-12
1710 -1.76056e-11
1720 -9.45519e-11
1730 -3.02458e-10
1740 -8.04106e-10
1750 -1.92735e-09
1760 -4.30712e-09
1770 -9.13254e-09
1780 -1.8566e-08
1790 -3.64379e-08
1800 -6.93728e-08
1810 -1.28579e-07
1820 -2.32635e-07
1830 -4.11757e-07
1840 -7.14208e-07
1850 -1.21577e-06
1860 -2.0335e-06
1870 -3.34546e-06
1880 -5.41843e-06
1890 -8.64642e-06
1900 -1.36033e-05
1910 -2.11135e-05
1920 -3.23462e-05
1930 -4.89386e-05
1940 -7.31538e-05
1950 -0.000108083
1960 -0.000157898
1970 -0.000228162
1980 -0.000326208
1990 -0.000461595
2000 -0.000646638
2010 -0.000897025
2020 -0.00123253
2030 -0.00167778
2040 -0.00226313
2050 -0.00302557
2060 -0.0040097
2070 -0.00526862
2080 -0.00686496
2090 -0.00887163
2100 -0.0113726
2110 -0.0144633
2120 -0.0182512
2130 -0.0228551
2140 -0.0284053
2150 -0.0350424
2160 -0.0429156
2170 -0.052181
2180 -0.0629985
2190 -0.0755292
2200 -0.0899306
2210 -0.106353
2220 -0.124934
2230 -0.145795
2240 -0.169031
2250 -0.194711
2260 -0.222869
2270 -0.2535
2280 -0.286553
2290 -0.321933
2300 -0.35949
2310 -0.399025
2320 -0.440285
2330 -0.482964
2340 -0.526709
2350 -0.571121
2360 -0.615761
2370 -0.660156
2380 -0.703813
2390 -0.746219
2400 -0.78686
2410 -0.825226
2420 -0.860823
2430 -0.893186
2440 -0.921888
2450 -0.946547
2460 -0.966839
2470 -0.982501
2480 -0.99334
2490 -0.999234
2500 -1.00014
2510 -0.996071
2520 -0.987141
2530 -0.973514
2540 -0.955423
2550 -0.93316
2560 -0.907067
2570 -0.877527
2580 -0.844958
2590 -0.809801
2600 -0.77251
2610 -0.733546
2620 -0.693365
2630 -0.652412
2640 -0.611111
2650 -0.569864
2660 -0.529038
2670 -0.488968
2680 -0.44995
2690 -0.412241
2700 -0.376057
2710 -0.341572
2720 -0.308923
2730 -0.278208
2740 -0.249488
2750 -0.222793
2760 -0.198125
2770 -0.175457
2780 -0.154742
2790 -0.135913
2800 -0.118888
2810 -0.103575
2820 -0.0898699
2830 -0.0776661
2840 -0.0668521
2850 -0.0573156
2860 -0.0489459
2870 -0.0416345
2880 -0.0352772
2890 -0.0297746
2900 -0.0250334
2910 -0.0209664
2920 -0.017493
2930 -0.0145396
2940 -0.0120392
2950 -0.00993128
2960 -0.00816177
2970 -0.00668257
2980 -0.00545118
2990 -0.0044303
3000 -0.00358739
3010 -0.00289424
3020 -0.00232654
3030 -0.00186342
3040 -0.00148712
3050 -0.00118255
3060 -0.000937008
3070 -0.000739811
3080 -0.00058205
3090 -0.000456318
3100 -0.000356493
3110 -0.000277535
3120 -0.000215314
3130 -0.000166464
3140 -0.000128255
3150 -9.84768e-05
3160 -7.53545e-05
3170 -5.74652e-05
3180 -4.36746e-05
3190 -3.30815e-05
3200 -2.49736e-05
3210 -1.87898e-05
3220 -1.40902e-05
3230 -1.05309e-05
3240 -7.84476e-06
3250 -5.82454e-06
3260 -4.31041e-06
3270 -3.17947e-06
3280 -2.33764e-06
3290 -1.71313e-06
3300 -1.25141e-06
3310 -9.11197e-07
3320 -6.6135e-07
3330 -4.78479e-07
3340 -3.45074e-07
3350 -2.48076e-07
3360 -1.77781e-07
3370 -1.27004e-07
3380 -9.04462e-08
3390 -6.42103e-08
3400 -4.54431e-08
3410 -3.20615e-08
3420 -2.25506e-08
3430 -1.58122e-08
3440 -1.10534e-08
3450 -7.70325e-09
3460 -5.35214e-09
3470 -3.70734e-09
3480 -2.56026e-09
3490 -1.76278e-09
3500 -1.21007e-09
3510 -8.28184e-10
3520 -5.65147e-10
3530 -3.84511e-10
3540 -2.60854e-10
3550 -1.76447e-10
3560 -1.19013e-10
3570 -8.00524e-11
3580 -5.36972e-11
3590 -3.59231e-11
3600 -2.39847e-11
3610 -1.59748e-11
3620 -1.06244e-11
3630 -7.05979e-12
3640 -4.68848e-12
3650 -3.11858e-12
3660 -2.06862e-12
3670 -1.38855e-12
3680 -9.37391e-13
3690 -6.38327e-13
3700 -4.43345e-13
3710 -3.23097e-13
3720 -2.41877e-13
3730 -1.90007e-13
3740 -1.59386e-13
3750 -1.3389e-13
3760 -1.29635e-13
3770 -1.16027e-13
3780 -1.09014e-13
3790 -1.00674e-13
3800 -9.78099e-14
3810 -9.29107e-14
3820 -8.75222e-14
3830 -9.70645e-14
3840 -8.33862e-14
3850 -8.28308e-14
3860 -8.32471e-14
3870 -8.44517e-14
3880 -7.8612e-14
3890 -8.51032e-14
3900 -7.68814e-14
3910 -7.76103e-14
3920 -7.64171e-14
3930 -6.76579e-14
3940 -7.39001e-14
3950 -7.46267e-14
3960 -7.14215e-14
3970 -6.69164e-14
3980 -6.68151e-14
3990 -7.83661e-14
4000 -7.78946e-14
4010 -8.17864e-14
4020 -8.96929e-14
4030 -8.66513e-14
4040 -9.1929e-14
4050 -9.22158e-14
4060 -8.68053e-14
4070 -8.40615e-14
4080 -8.67914e-14
4090 -9.53522e-14
4100 -1.06372e-13
4110 -1.11087e-13
4120 -1.04265e-13
4130 -1.04041e-13
4140 -9.67863e-14
4150 -1.04579e-13
4160 -9.22745e-14
4170 -9.31589e-14
4180 -9.96314e-14
4190 -9.37818e-14
4200 -1.04323e-13
4210 -1.00977e-13
4220 -1.07902e-13
4230 -9.56707e-14
4240 -9.76314e-14
4250 -1.01673e-13
4260 -1.00351e-13
4270 -9.45495e-14
4280 -1.01471e-13
4290 -1.13108e-13
4300 -1.13508e-13
4310 -1.13724e-13
4320 -1.16374e-13
4330 -1.21388e-13
4340 -1.0827e-13
4350 -1.01785e-13
4360 -9.46215e-14
4370 -9.67339e-14
4380 -8.7323e-14
4390 -8.56229e-14
4400 -8.66427e-14
4410 -8.52612e-14
4420 -8.31053e-14
4430 -8.17821e-14
4440 -7.98353e-14
4450 -8.49225e-14
4460 -8.15212e-14
4470 -8.62745e-14
4480 -8.05543e-14
4490 -9.69923e-14
4500 -8.46034e-14
4510 -9.66669e-14
4520 -9.04544e-14
4530 -9.76804e-14
4540 -9.68521e-14
4550 -8.21475e-14
4560 -8.70043e-14
4570 -8.38348e-14
4580 -8.51543e-14
4590 -9.43445e-14
4600 -8.53966e-14
4610 -9.25333e-14
4620 -9.40662e-14
4630 -9.46764e-14
4640 -1.01351e-13
4650 -1.02403e-13
4660 -8.92101e-14
4670 -8.88491e-14
4680 -8.91627e-14
4690 -1.01153e-13
4700 -9.72866e-14
4710 -9.85057e-14
4720 -9.78275e-14
4730 -9.69289e-14
4740 -1.0749e-13
4750 -1.06906e-13
4760 -1.09922e-13
4770 -1.20698e-13
4780 -1.14023e-13
4790 -1.16945e-13
4800 -1.26406e-13
4810 -1.20769e-13
4820 -1.08239e-13
4830 -1.03186e-13
4840 -1.091e-13
4850 -1.10359e-13
4860 -1.15533e-13
4870 -1.07198e-13
4880 -1.03338e-13
4890 -1.18494e-13
4900 -1.11417e-13
4910 -1.13497e-13
4920 -1.13078e-13
4930 -1.15233e-13
4940 -1.1301e-13
4950 -1.08951e-13
4960 -1.10311e-13
4970 -1.09032e-13
4980 -1.1083e-13
4990 -1.12072e-13
5000 -1.16308e-13
5010 -1.1291e-13
5020 -1.13735e-13
5030 -1.05861e-13
5040 -1.15038e-13
5050 -1.14831e-13
5060 -1.23918e-13
5070 -1.32726e-13
5080 -1.24405e-13
5090 -1.27661e-13
5100 -1.3286e-13
5110 -1.29489e-13
5120 -1.34848e-13
5130 -1.34963e-13
5140 -1.36855e-13
5150 -1.21188e-13
5160 -1.25e-13
5170 -1.25916e-13
5180 -1.29129e-13
5190 -1.27534e-13
5200 -1.26392e-13
5210 -1.25178e-13
5220 -1.25632e-13
5230 -1.15262e-13
5240 -1.26562e-13
5250 -1.25952e-13
5260 -1.16679e-13
5270 -1.25676e-13
5280 -1.33226e-13
5290 -1.26988e-13
5300 -1.19578e-13
5310 -1.25015e-13
5320 -1.23497e-13
5330 -1.26089e-13
5340 -1.22928e-13
5350 -1.20622e-13
5360 -1.18295e-13
5370 -1.16324e-13
5380 -1.23525e-13
5390 -1.23789e-13
5400 -1.31067e-13
5410 -1.35441e-13
5420 -1.41307e-13
5430 -1.34869e-13
5440 -1.35026e-13
5450 -1.51777e-13
5460 -1.45328e-13
5470 -1.4869e-13
5480 -1.42529e-13
5490 -1.49427e-13
5500 -1.39815e-13
5510 -1.45916e-13
5520 -1.49009e-13
5530 -1.50319e-13
5540 -1.47108e-13
5550 -1.43233e-13
5560 -1.58348e-13
5570 -1.59744e-13
5580 -1.64607e-13
5590 -1.51864e-13
5600 -1.62273e-13
5610 -1.66785e-13
5620 -1.69317e-13
5630 -1.50055e-13
5640 -1.59108e-13
5650 -1.50856e-13
5660 -1.52801e-13
5670 -1.44879e-13
5680 -1.57857e-13
5690 -1.60079e-13
5700 -1.61494e-13
5710 -1.7951e-13
5720 -1.69786e-13
5730 -1.78613e-13
5740 -1.7878e-13
5750 -1.73264e-13
5760 -1.75858e-13
5770 -1.7543e-13
5780 -1.73657e-13
5790 -1.77225e-13
5800 -1.86179e-13
5810 -1.8197e-13
5820 -1.84476e-13
5830 -1.87797e-13
5840 -1.88887e-13
5850 -2.0147e-13
5860 -2.01046e-13
5870 -1.92389e-13
5880 -1.97578e-13
5890 -2.05871e-13
5900 -2.05957e-13
5910 -2.0322e-13
5920 -1.98078e-13
5930 -2.05508e-13
5940 -1.91993e-13
5950 -1.90389e-13
5960 -1.85918e-13
5970 -1.77915e-13
5980 -1.82213e-13
5990 -1.78851e-13
6000 -1.79828e-13
6010 -1.63837e-13
6020 -1.6511e-13
6030 -1.67704e-13
6040 -1.63738e-13
6050 -1.63404e-13
6060 -1.50666e-13
6070 -1.54373e-13
6080 -1.50923e-13
6090 -1.53823e-13
6100 -1.51429e-13
6110 -1.54099e-13
6120 -1.55876e-13
6130 -1.42555e-13
6140 -1.48256e-13
6150 -1.35282e-13
6160 -1.43045e-13
6170 -1.38821e-13
6180 -1.42754e-13
6190 -1.49499e-13
6200 -1.55462e-13
6210 -1.56182e-13
6220 -1.58959e-13
6230 -1.64663e-13
6240 -1.83564e-13
6250 -2.22597e-13
6260 -2.75868e-13
6270 -3.5263e-13
6280 -4.80851e-13
6290 -6.62133e-13
6300 -9.55482e-13
6310 -1.39631e-12
6320 -2.07682e-12
6330 -3.12237e-12
6340 -4.69402e-12
6350 -7.06849e-12
6360 -1.06353e-11
6370 -1.59914e-11
6380 -2.39982e-11
6390 -3.59423e-11
6400 -5.37148e-11
6410 -8.0067e-11
6420 -1.19031e-10
6430 -1.7647e-10
6440 -2.60872e-10
6450 -3.84526e-10
6460 -5.65163e-10
6470 -8.28208e-10
6480 -1.21009e-09
6490 -1.76279e-09
6500 -2.56027e-09
6510 -3.70733e-09
6520 -5.35211e-09
6530 -7.70322e-09
6540 -1.10534e-08
6550 -1.58122e-08
6560 -2.25505e-08
6570 -3.20614e-08
6580 -4.5443e-08
6590 -6.42103e-08
6600 -9.04461e-08
6610 -1.27004e-07
6620 -1.77781e-07
6630 -2.48076e-07
6640 -3.45074e-07
6650 -4.78479e-07
6660 -6.6135e-07
6670 -9.11197e-07
6680 -1.25141e-06
6690 -1.71313e-06
6700 -2.33764e-06
6710 -3.17947e-06
6720 -4.31041e-06
6730 -5.82454e-06
6740 -7.84476e-06
6750 -1.05309e-05
6760 -1.40902e-05
6770 -1.87898e-05
6780 -2.49736e-05
6790 -3.30815e-05
6800 -4.36746e-05
6810 -5.74652e-05
6820 -7.53545e-05
6830 -9.84768e-05
6840 -0.000128255
6850 -0.000166464
6860 -0.000215314
6870 -0.000277535
6880 -0.000356493
6890 -0.000456318
6900 -0.00058205
6910 -0.000739811
6920 -0.000937008
6930 -0.00118255
6940 -0.00148712
6950 -0.00186342
6960 -0.00232654
6970 -0.00289424
6980 -0.00358739
6990 -0.0044303
7000 -0.00545118
7010 -0.00668257
7020 -0.00816177
7030 -0.00993128
7040 -0.0120392
7050 -0.0145396
7060 -0.017493
7070 -0.0209664
7080 -0.0250334
7090 -0.0297746
7100 -0.0352772
7110 -0.0416345
7120 -0.0489459
7130 -0.0573156
7140 -0.0668521
7150 -0.0776661
7160 -0.0898699
7170 -0.103575
7180 -0.118888
7190 -0.135913
7200 -0.154742
7210 -0.175457
7220 -0.198125
7230 -0.222793
7240 -0.249488
7250 -0.278208
7260 -0.308923
7270 -0.341572
7280 -0.376057
7290 -0.412241
7300 -0.44995
7310 -0.488968
7320 -0.529038
7330 -0.569864
7340 -0.611111
7350 -0.652412
7360 -0.693365
7370 -0.733546
7380 -0.77251
7390 -0.809801
7400 -0.844958
7410 -0.877527
7420 -0.907067
7430 -0.93316
7440 -0.955423
7450 -0.973514
7460 -0.987141
7470 -0.996071
7480 -1.00014
7490 -0.999234
7500 -0.99334
7510 -0.982501
7520 -0.966839
7530 -0.946547
7540 -0.921888
7550 -0.893186
7560 -0.860823
7570 -0.825226
7580 -0.78686
7590 -0.746219
7600 -0.703813
7610 -0.660156
7620 -0.615761
7630 -0.571121
7640 -0.526709
7650 -0.482964
7660 -0.440285
7670 -0.399025
7680 -0.35949
7690 -0.321933
7700 -0.286553
7710 -0.2535
7720 -0.222869
7730 -0.194711
7740 -0.169031
7750 -0.145795
7760 -0.124934
7770 -0.106353
7780 -0.0899306
7790 -0.0755292
7800 -0.0629985
7810 -0.052181
7820 -0.0429156
7830 -0.0350424
7840 -0.0284053
7850 -0.0228551
7860 -0.0182512
7870 -0.0144633
7880 -0.0113726
7890 -0.00887163
7900 -0.00686496
7910 -0.00526862
7920 -0.0040097
7930 -0.00302557
7940 -0.00226313
7950 -0.00167778
7960 -0.00123253
7970 -0.000897025
7980 -0.000646638
7990 -0.000461595
8000 -0.000326208
8010 -0.000228162
8020 -0.000157898
8030 -0.000108083
8040 -7.31538e-05
8050 -4.89386e-05
8060 -3.23462e-05
8070 -2.11135e-05
8080 -1.36033e-05
8090 -8.64642e-06
8100 -5.41843e-06
8110 -3.34546e-06
8120 -2.0335e-06
8130 -1.21577e-06
8140 -7.14208e-07
8150 -4.11758e-07
8160 -2.32635e-07
8170 -1.28579e-07
8180 -6.9373e-08
8190 -3.64381e-08
8200 -1.85662e-08
8210 -9.13272e-09
8220 -4.30731e-09
8230 -1.92754e-09
8240 -8.04299e-10
8250 -3.02653e-10
8260 -9.47338e-11
8270 -1.78017e-11
8280 5.2191e-12
8290 8.63363e-12
8300 6.46868e-12
8310 3.73031e-12
8320 1.76545e-12
8330 6.43217e-13
8340 9.46802e-14
8350 -1.28834e-13
8360 -2.0105e-13
8370 -2.09289e-13
8380 -2.08593e-13
8390 -1.90967e-13
8400 -1.93032e-13
8410 -1.84753e-13
8420 -1.83758e-13
8430 -1.87136e-13
8440 -1.97269e-13
8450 -1.90004e-13
8460 -1.92615e-13
8470 -1.97714e-13
8480 -1.96284e-13
8490 -1.93304e-13
8500 -1.89702e-13
8510 -1.99379e-13
8520 -1.98817e-13
8530 -1.91559e-13
8540 -1.86018e-13
8550 -1.95428e-13
8560 -1.90087e-13
8570 -1.88357e-13
8580 -1.86717e-13
8590 -1.8307e-13
8600 -2.0112e-13
8610 -1.93966e-13
8620 -1.94712e-13
8630 -1.96882e-13
8640 -1.90346e-13
8650 -1.84176e-13
8660 -1.88415e-13
8670 -1.9506e-13
8680 -1.85084e-13
8690 -1.82189e-13
8700 -1.81197e-13
8710 -1.85911e-13
8720 -1.82078e-13
8730 -1.86653e-13
8740 -1.89373e-13
8750 -1.91545e-13
8760 -1.84979e-13
8770 -1.90888e-13
8780 -1.97157e-13
8790 -2.03438e-13
8800 -1.90192e-13
8810 -1.88309e-13
8820 -1.91964e-13
8830 -1.81654e-13
8840 -1.9043e-13
8850 -1.87637e-13
8860 -1.89812e-13
8870 -1.85086e-13
8880 -1.88291e-13
8890 -1.88077e-13
8900 -1.78857e-13
8910 -1.69118e-13
8920 -1.70251e-13
8930 -1.76013e-13
8940 -1.72141e-13
8950 -1.75496e-13
8960 -1.80303e-13
8970 -1.76761e-13
8980 -1.85689e-13
8990 -1.80749e-13
9000 -1.79602e-13
9010 -1.73871e-13
9020 -1.74606e-13
9030 -1.63711e-13
9040 -1.64633e-13
9050 -1.75115e-13
9060 -1.75555e-13
9070 -1.71319e-13
9080 -1.72606e-13
9090 -1.74435e-13
9100 -1.77934e-13
9110 -1.64952e-13
9120 -1.5646e-13
9130 -1.57084e-13
9140 -1.57715e-13
9150 -1.67534e-13
9160 -1.69625e-13
9170 -1.61224e-13
9180 -1.53028e-13
9190 -1.61181e-13
9200 -1.57133e-13
9210 -1.60128e-13
9220 -1.57711e-13
9230 -1.54788e-13
9240 -1.53051e-13
9250 -1.62096e-13
9260 -1.52294e-13
9270 -1.50668e-13
9280 -1.51145e-13
9290 -1.58054e-13
9300 -1.58402e-13
9310 -1.47433e-13
9320 -1.56641e-13
9330 -1.53796e-13
9340 -1.41834e-13
9350 -1.37265e-13
9360 -1.27203e-13
9370 -1.25028e-13
9380 -1.29753e-13
9390 -1.13301e-13
9400 -1.23997e-13
9410 -1.23223e-13
9420 -1.1684e-13
9430 -1.08465e-13
9440 -1.139e-13
9450 -1.07434e-13
9460 -1.14966e-13
9470 -1.22734e-13
9480 -1.17393e-13
9490 -1.1357e-13
9500 -1.07942e-13
9510 -1.22621e-13
9520 -1.10308e-13
9530 -1.07485e-13
9540 -9.90528e-14
9550 -1.08437e-13
9560 -1.14156e-13
9570 -1.15509e-13
9580 -1.15844e-13
9590 -1.18144e-13
9600 -1.12176e-13
9610 -1.13863e-13
9620 -1.16761e-13
9630 -1.10598e-13
9640 -1.07958e-13
9650 -1.04144e-13
9660 -9.50248e-14
9670 -1.01647e-13
9680 -1.00515e-13
9690 -9.52168e-14
9700 -9.47872e-14
9710 -9.44743e-14
9720 -8.85127e-14
9730 -8.89824e-14
9740 -7.64675e-14
9750 -6.98271e-14
9760 -8.21171e-14
9770 -8.05551e-14
9780 -8.21925e-14
9790 -8.79559e-14
9800 -8.46165e-14
9810 -8.99101e-14
9820 -8.88102e-14
9830 -8.70628e-14
9840 -8.60978e-14
9850 -9.19478e-14
9860 -9.35967e-14
9870 -9.68897e-14
9880 -9.93123e-14
9890 -9.7413e-14
9900 -1.06552e-13
9910 -1.03041e-13
9920 -9.86587e-14
9930 -9.0786e-14
9940 -9.76958e-14
9950 -9.37031e-14
9960 -8.4569e-14
9970 -8.47587e-14
9980 -8.4012e-14
9990 -7.6405e-14
10000 -8.42624e-14
10010 -8.95894e-14
10020 -8.74678e-14
10030 -8.34918e-14
10040 -8.59501e-14
10050 -8.68187e-14
10060 -9.25838e-14
10070 -9.40144e-14
10080 -9.68451e-14
10090 -9.76157e-14
10100 -9.75426e-14
10110 -9.41149e-14
10120 -1.05524e-13
10130 -9.60402e-14
10140 -9.47986e-14
10150 -9.06615e-14
10160 -1.00786e-13
10170 -1.06241e-13
10180 -1.03544e-13
10190 -9.95963e-14
10200 -1.07536e-13
10210 -9.04082e-14
10220 -9.82517e-14
10230 -9.27445e-14
10240 -9.54961e-14
10250 -9.40653e-14
10260 -1.0032e-13
10270 -9.85629e-14
10280 -1.02329e-13
10290 -9.25428e-14
10300 -9.98275e-14
10310 -8.66239e-14
10320 -9.45975e-14
10330 -9.90465e-14
10340 -9.97121e-14
10350 -9.69564e-14
10360 -1.01597e-13
10370 -1.02699e-13
10380 -9.68955e-14
10390 -1.11697e-13
10400 -1.02444e-13
10410 -1.05379e-13
10420 -1.02208e-13
10430 -1.03324e-13
10440 -1.03207e-13
10450 -1.08422e-13
10460 -9.8041e-14
10470 -9.20814e-14
10480 -8.74681e-14
10490 -9.20943e-14
10500 -8.9411e-14
10510 -8.62321e-14
10520 -8.27399e-14
10530 -1.00755e-13
10540 -1.0691e-13
10550 -1.00419e-13
10560 -9.42685e-14
10570 -8.58672e-14
10580 -7.90706e-14
10590 -9.16219e-14
10600 -9.20804e-14
10610 -9.81417e-14
10620 -9.01528e-14
10630 -8.48467e-14
10640 -7.98163e-14
10650 -8.34934e-14
10660 -9.42656e-14
10670 -9.48449e-14
10680 -8.56421e-14
10690 -8.17385e-14
10700 -7.95131e-14
10710 -8.62417e-14
10720 -8.36017e-14
10730 -7.67935e-14
10740 -7.80348e-14
10750 -7.23729e-14
10760 -6.47646e-14
10770 -6.5102e-14
10780 -7.05438e-14
10790 -7.80841e-14
10800 -8.64441e-14
10810 -8.71254e-14
10820 -8.12426e-14
10830 -7.03649e-14
10840 -7.12862e-14
10850 -8.38395e-14
10860 -8.47988e-14
10870 -8.75349e-14
10880 -7.70391e-14
10890 -7.39994e-14
10900 -6.43807e-14
10910 -6.70632e-14
10920 -6.57526e-14
10930 -7.025e-14
10940 -7.65837e-14
10950 -7.15793e-14
10960 -7.22226e-14
10970 -7.31557e-14
10980 -8.02234e-14
10990 -8.4684e-14
11000 -8.0195e-14
11010 -7.7454e-14
11020 -8.69795e-14
11030 -7.79022e-14
11040 -8.68725e-14
11050 -7.75063e-14
11060 -6.79932e-14
11070 -6.68166e-14
11080 -6.1298e-14
11090 -6.35431e-14
11100 -6.84396e-14
11110 -6.15738e-14
11120 -6.51722e-14
11130 -5.35601e-14
11140 -5.56126e-14
11150 -5.70622e-14
11160 -6.20951e-14
11170 -5.91449e-14
11180 -5.94926e-14
11190 -6.13344e-14
11200 -5.7121e-14
11210 -5.72864e-14
11220 -5.42339e-14
11230 -4.34253e-14
11240 -4.52767e-14
11250 -5.2234e-14
11260 -6.2432e-14
11270 -6.78481e-14
11280 -6.91991e-14
11290 -7.31081e-14
11300 -4.32834e-14
11310 -5.55028e-14
11320 -5.54573e-14
11330 -5.13953e-14
11340 -5.39525e-14
11350 -5.52403e-14
11360 -5.56854e-14
11370 -5.48793e-14
11380 -5.11499e-14
11390 -5.61599e-14
11400 -5.09336e-14
11410 -4.05925e-14
11420 -4.29243e-14
11430 -3.29828e-14
11440 -3.76753e-14
11450 -3.05512e-14
11460 -2.32669e-14
11470 -2.30351e-14
11480 -2.48778e-14
11490 -2.29562e-14
11500 -2.38699e-14
11510 -3.12283e-14
11520 -1.92799e-14
11530 -3.05316e-14
11540 -2.08349e-14
11550 -3.40521e-14
11560 -2.7453e-14
11570 -2.99833e-14
11580 -2.71715e-14
11590 -3.2543e-14
11600 -3.15983e-14
11610 -3.71695e-14
11620 -4.03367e-14
11630 -4.50371e-14
11640 -3.60184e-14
11650 -3.74029e-14
11660 -3.99475e-14
11670 -4.02094e-14
11680 -3.49659e-14
11690 -3.42575e-14
11700 -3.55611e-14
11710 -3.83391e-14
11720 -4.64506e-14
11730 -5.00037e-14
11740 -4.46744e-14
11750 -3.46941e-14
11760 -4.07519e-14
11770 -3.31943e-14
11780 -4.53539e-14
11790 -4.53528e-14
11800 -5.23148e-14
11810 -5.98945e-14
11820 -5.38875e-14
11830 -5.64097e-14
11840 -5.01492e-14
11850 -5.01117e-14
11860 -4.58377e-14
11870 -5.96846e-14
11880 -4.84648e-14
11890 -4.47626e-14
11900 -3.83958e-14
11910 -4.45729e-14
11920 -4.49231e-14
11930 -4.62834e-14
11940 -4.30672e-14
11950 -5.00583e-14
11960 -3.4414e-14
11970 -3.77147e-14
11980 -3.83217e-14
11990 -4.6809e-14
12000 -5.90419e-14
12010 -6.59621e-14
12020 -5.92868e-14
12030 -4.75174e-14
12040 -5.01264e-14
12050 -3.773e-14
12060 -5.9293e-14
12070 -5.91023e-14
12080 -6.45351e-14
12090 -6.29636e-14
12100 -5.26654e-14
12110 -4.88145e-14
12120 -6.24626e-14
12130 -5.84834e-14
12140 -5.99856e-14
12150 -6.24018e-14
12160 -5.62298e-14
12170 -6.20791e-14
12180 -6.03817e-14
12190 -6.47717e-14
12200 -6.45631e-14
12210 -6.64608e-14
12220 -6.51629e-14
12230 -6.71628e-14
12240 -5.58034e-14
12250 -6.95144e-14
12260 -5.91382e-14
12270 -7.68279e-14
12280 -7.41068e-14
12290 -7.45429e-14
12300 -5.65364e-14
12310 -4.4466e-14
12320 -4.74606e-14
12330 -5.20803e-14
12340 -5.44676e-14
12350 -6.12979e-14
12360 -6.28634e-14
12370 -3.64261e-14
12380 1.08657e-14
12390 8.6073e-14
12400 2.02385e-13
12410 3.372e-13
12420 4.96447e-13
12430 5.56502e-13
12440 3.46418e-13
12450 -5.96328e-13
12460 -3.15731e-12
12470 -9.05656e-12
12480 -2.13788e-11
12490 -4.56847e-11
12500 -9.1538e-11
12510 -1.75119e-10
12520 -3.23251e-10
12530 -5.79633e-10
12540 -1.01438e-09
12550 -1.73836e-09
12560 -2.92451e-09
12570 -4.83936e-09
12580 -7.88886e-09
12590 -1.26847e-08
12600 -2.01392e-08
12610 -3.15993e-08
12620 -4.90359e-08
12630 -7.53061e-08
12640 -1.14518e-07
12650 -1.72527e-07
12660 -2.57615e-07
12670 -3.81408e-07
12680 -5.60097e-07
12690 -8.16078e-07
12700 -1.1801e-06
12710 -1.69412e-06
12720 -2.41496e-06
12730 -3.41911e-06
12740 -4.80889e-06
12750 -6.72028e-06
12760 -9.33294e-06
12770 -1.28828e-05
12780 -1.76779e-05
12790 -2.4118e-05
12800 -3.27193e-05
12810 -4.41441e-05
12820 -5.92381e-05
12830 -7.9075e-05
12840 -0.000105011
12850 -0.000138749
12860 -0.00018242
12870 -0.00023867
12880 -0.000310776
12890 -0.000402769
12900 -0.00051959
12910 -0.000667258
12920 -0.000853077
12930 -0.00108586
12940 -0.0013762
12950 -0.00173676
12960 -0.00218261
12970 -0.00273159
12980 -0.00340473
12990 -0.00422673
13000 -0.0052264
13010 -0.00643724
13020 -0.00789803
13030 -0.0096534
13040 -0.0117545
13050 -0.0142598
13060 -0.0172354
13070 -0.0207565
13080 -0.0249071
13090 -0.0297816
13100 -0.0354852
13110 -0.0421343
13120 -0.0498575
13130 -0.0587959
13140 -0.0691034
13150 -0.0809475
13160 -0.0945089
13170 -0.109982
13180 -0.127575
13190 -0.147507
13200 -0.170012
13210 -0.195335
13220 -0.22373
13230 -0.255462
13240 -0.2908
13250 -0.330021
13260 -0.373405
13270 -0.421231
13280 -0.473776
13290 -0.53131
13300 -0.594094
13310 -0.662378
13320 -0.736392
13330 -0.816346
13340 -0.902425
13350 -0.994784
13360 -1.09354
13370 -1.19879
13380 -1.31055
13390 -1.42884
13400 -1.55359
13410 -1.68469
13420 -1.82198
13430 -1.96524
13440 -2.11419
13450 -2.26848
13460 -2.42771
13470 -2.59141
13480 -2.75905
13490 -2.93005
13500 -3.10378
13510 -3.27953
13520 -3.45656
13530 -3.63409
13540 -3.81129
13550 -3.98731
13560 -4.16128
13570 -4.33228
13580 -4.49942
13590 -4.66179
13600 -4.81849
13610 -4.96862
13620 -5.11133
13630 -5.24579
13640 -5.37121
13650 -5.48685
13660 -5.59202
13670 -5.6861
13680 -5.76853
13690 -5.83884
13700 -5.89662
13710 -5.94156
13720 -5.97341
13730 -5.99204
13740 -5.99738
13750 -5.98946
13760 -5.96839
13770 -5.93439
13780 -5.88773
13790 -5.82877
13800 -5.75794
13810 -5.67576
13820 -5.58279
13830 -5.47965
13840 -5.36701
13850 -5.2456
13860 -5.11616
13870 -4.97948
13880 -4.83636
13890 -4.68761
13900 -4.53406
13910 -4.37651
13920 -4.21579
13930 -4.05269
13940 -3.88799
13950 -3.72243
13960 -3.55675
13970 -3.39162
13980 -3.2277
13990 -3.06558
14000 -2.90583
14010 -2.74897
14020 -2.59546
14030 -2.44571
14040 -2.30011
14050 -2.15897
14060 -2.02256
14070 -1.89111
14080 -1.7648
14090 -1.64377
14100 -1.52812
14110 -1.4179
14120 -1.31314
14130 -1.21382
14140 -1.1199
14150 -1.03131
14160 -0.947947
14170 -0.869702
14180 -0.796434
14190 -0.727989
14200 -0.664199
14210 -0.604884
14220 -0.549858
14230 -0.498924
14240 -0.451885
14250 -0.408538
14260 -0.368681
14270 -0.332114
14280 -0.298635
14290 -0.268051
14300 -0.240169
14310 -0.214804
14320 -0.191778
14330 -0.170917
14340 -0.152057
14350 -0.13504
14360 -0.119717
14370 -0.105947
14380 -0.0935984
14390 -0.0825451
14400 -0.072671
14410 -0.0638677
14420 -0.0560341
14430 -0.049077
14440 -0.0429101
14450 -0.037454
14460 -0.0326361
14470 -0.0283897
14480 -0.024654
14490 -0.0213737
14500 -0.0184987
14510 -0.0159836
14520 -0.0137873
14530 -0.011873
14540 -0.0102074
14550 -0.00876091
14560 -0.00750696
14570 -0.00642187
14580 -0.00548458
14590 -0.00467639
14600 -0.00398076
14610 -0.00338307
14620 -0.00287044
14630 -0.00243153
14640 -0.00205639
14650 -0.00173631
14660 -0.00146369
14670 -0.00123189
14680 -0.00103514
14690 -0.000868414
14700 -0.00072738
14710 -0.000608281
14720 -0.000507874
14730 -0.000423368
14740 -0.000352366
14750 -0.000292808
14760 -0.000242934
14770 -0.000201239
14780 -0.000166438
14790 -0.000137441
14800 -0.000113319
14810 -9.32846e-05
14820 -7.66734e-05
14830 -6.29225e-05
14840 -5.1558e-05
14850 -4.21809e-05
14860 -3.44562e-05
14870 -2.8103e-05
14880 -2.28861e-05
14890 -1.86092e-05
14900 -1.51085e-05
14910 -1.22476e-05
14920 -9.91346e-06
14930 -8.01197e-06
14940 -6.46543e-06
14950 -5.20955e-06
14960 -4.1913e-06
14970 -3.36701e-06
14980 -2.70079e-06
14990 -2.16315e-06
15000 -1.72995e-06
15010 -1.38144e-06
15020 -1.10151e-06
15030 -8.76998e-07
15040 -6.97214e-07
15050 -5.53468e-07
15060 -4.38711e-07
15070 -3.47236e-07
15080 -2.74431e-07
15090 -2.16574e-07
15100 -1.70665e-07
15110 -1.34291e-07
15120 -1.05516e-07
15130 -8.27863e-08
15140 -6.48587e-08
15150 -5.07398e-08
15160 -3.96371e-08
15170 -3.09192e-08
15180 -2.40841e-08
15190 -1.8733e-08
15200 -1.45499e-08
15210 -1.12848e-08
15220 -8.73989e-09
15230 -6.75926e-09
15240 -5.22004e-09
15250 -4.02561e-09
15260 -3.10008e-09
15270 -2.38397e-09
15280 -1.83069e-09
15290 -1.40384e-09
15300 -1.075e-09
15310 -8.22032e-10
15320 -6.27715e-10
15330 -4.78647e-10
15340 -3.64483e-10
15350 -2.77154e-10
15360 -2.10462e-10
15370 -1.59595e-10
15380 -1.20846e-10
15390 -9.13815e-11
15400 -6.90054e-11
15410 -5.20425e-11
15420 -3.91886e-11
15430 -2.94718e-11
15440 -2.21306e-11
15450 -1.65977e-11
15460 -1.24328e-11
15470 -9.29861e-12
15480 -6.93884e-12
15490 -5.18162e-12
15500 -3.85829e-12
15510 -2.86814e-12
15520 -2.13101e-12
15530 -1.57985e-12
15540 -1.17483e-12
15550 -8.68483e-13
15560 -6.39352e-13
15570 -4.70984e-13
15580 -3.4936e-13
15590 -2.65252e-13
15600 -1.92757e-13
15610 -1.43645e-13
15620 -1.10862e-13
15630 -8.75999e-14
15640 -6.77522e-14
15650 -5.15903e-14
15660 -3.68622e-14
15670 -2.91225e-14
15680 -1.9643e-14
15690 -2.02311e-14
15700 -2.06785e-14
15710 -1.1919e-14
15720 -1.46371e-14
15730 -9.6892e-15
15740 -9.77171e-15
15750 -1.08962e-14
15760 -1.13736e-14
15770 -1.84571e-14
15780 -2.18071e-14
15790 -2.33769e-14
15800 -2.05893e-14
15810 -1.31897e-14
15820 -9.87779e-15
15830 -9.56117e-15
15840 -1.35377e-14
15850 -1.46054e-14
15860 -1.62941e-14
15870 -1.747e-14
15880 -1.90857e-14
15890 -1.49848e-14
15900 -2.10116e-14
15910 -9.6261e-15
15920 -1.52373e-14
15930 -5.16059e-15
15940 -6.60199e-16
15950 3.28585e-16
15960 8.81933e-16
15970 -6.67438e-15
15980 -7.53029e-15
15990 -1.26382e-14
16000 -7.05953e-15
16010 -9.14062e-15
16020 -1.28726e-14
16030 -1.14207e-14
16040 -1.37388e-14
16050 -1.84256e-14
16060 -2.2712e-14
16070 -2.1078e-14
16080 -2.6876e-14
16090 -2.91302e-14
16100 -2.88904e-14
16110 -2.6092e-14
16120 -2.32945e-14
16130 -2.10954e-14
16140 -2.57299e-14
16150 -1.26035e-14
16160 -1.42379e-14
16170 -1.77648e-14
16180 -1.41311e-14
16190 -1.95104e-14
16200 -1.74137e-14
16210 -1.48918e-14
16220 -1.56891e-14
16230 -1.48973e-14
16240 -1.41127e-14
16250 -1.25405e-14
16260 -8.48183e-15
16270 -9.35581e-15
16280 -7.4067e-15
16290 -1.22584e-16
16300 4.46853e-15
16310 -1.85171e-15
16320 -1.23631e-15
16330 -3.98808e-15
16340 -3.58154e-16
16350 8.26274e-15
16360 8.54369e-15
16370 7.35342e-15
16380 1.34191e-14
16390 1.69056e-14
16400 1.04991e-14
16410 1.04709e-14
16420 9.78443e-15
16430 1.05907e-14
16440 7.71418e-15
16450 5.81806e-15
16460 6.78774e-15
16470 9.8397e-15
16480 5.61485e-15
16490 1.22561e-15
16500 -2.46233e-15
16510 -4.85749e-16
16520 -5.02524e-15
16530 -2.56978e-15
16540 -1.30127e-15
16550 -1.59801e-16
16560 -3.96886e-15
16570 -3.14247e-15
16580 2.39207e-15
16590 5.97913e-16
16600 2.11696e-15
16610 2.69727e-15
16620 -1.64047e-15
16630 -6.81665e-15
16640 -8.27697e-15
16650 -7.93548e-15
16660 -1.05995e-14
16670 -2.90696e-15
16680 -8.53902e-15
16690 -4.20868e-15
16700 -8.13962e-15
16710 -4.64165e-15
16720 -3.6203e-15
16730 -2.1453e-16
16740 -2.19267e-15
16750 2.92845e-15
16760 7.59341e-15
16770 4.49179e-15
16780 5.14887e-15
16790 1.01438e-15
16800 8.76019e-15
16810 6.63705e-15
16820 1.42979e-14
16830 1.51296e-14
16840 1.07636e-14
16850 1.37833e-14
16860 1.43224e-14
16870 1.5798e-14
16880 1.42984e-14
16890 1.32037e-14
16900 1.56779e-14
16910 1.67492e-14
16920 1.4065e-14
16930 1.12299e-14
16940 1.56312e-14
16950 1.09019e-14
16960 1.69277e-14
16970 1.47142e-14
16980 1.17237e-14
16990 6.64076e-15
17000 1.14176e-14
17010 1.02341e-14
17020 1.806e-14
17030 1.36839e-14
17040 7.5904e-15
17050 1.74001e-14
17060 1.17174e-14
17070 1.79907e-14
17080 1.33424e-14
17090 1.36067e-14
17100 1.34043e-14
17110 1.41523e-14
17120 1.92714e-14
17130 1.39127e-14
17140 2.04152e-14
17150 1.85476e-14
17160 1.9774e-14
17170 2.0221e-14
17180 1.61091e-14
17190 1.34624e-14
17200 6.25043e-15
17210 1.39424e-14
17220 1.17012e-14
17230 1.38069e-14
17240 1.40931e-14
17250 1.07759e-14
17260 1.35259e-14
17270 1.27451e-14
17280 1.02027e-14
17290 1.12962e-14
17300 1.2135e-14
17310 1.83702e-14
17320 2.19494e-14
17330 2.60251e-14
17340 2.15027e-14
17350 1.96055e-14
17360 1.73639e-14
17370 1.54433e-14
17380 1.61216e-14
17390 1.43298e-14
17400 1.05464e-14
17410 1.15916e-14
17420 1.39801e-14
17430 1.47554e-14
17440 1.08593e-14
17450 6.75407e-15
17460 1.03426e-14
17470 1.16494e-14
17480 1.63802e-14
17490 1.8393e-14
17500 1.79267e-14
17510 1.95102e-14
17520 1.98013e-14
17530 1.79818e-14
17540 2.26949e-14
17550 2.55609e-14
17560 2.29972e-14
17570 2.45503e-14
17580 2.3104e-14
17590 2.31472e-14
17600 2.44288e-14
17610 2.51797e-14
17620 2.18539e-14
17630 2.06702e-14
17640 1.96781e-14
17650 2.5294e-14
17660 1.96042e-14
17670 1.37113e-14
17680 1.5661e-14
17690 1.69679e-14
17700 1.52799e-14
17710 1.33959e-14
17720 1.12554e-14
17730 8.80478e-15
17740 6.91464e-15
17750 1.06372e-14
17760 9.39045e-15
17770 1.16124e-14
17780 6.99082e-15
17790 1.37109e-14
17800 1.47523e-14
17810 1.09842e-14
17820 1.14305e-14
17830 1.50725e-14
17840 1.66645e-14
17850 2.3357e-14
17860 2.8332e-14
17870 2.99433e-14
17880 2.33305e-14
17890 2.5054e-14
17900 1.82848e-14
17910 2.40817e-14
17920 3.42717e-14
17930 3.55043e-14
17940 4.14319e-14
17950 2.93034e-14
17960 3.80046e-14
17970 3.97301e-14
17980 3.64087e-14
17990 3.89646e-14
18000 4.28404e-14
18010 4.51619e-14
18020 4.81411e-14
18030 5.38722e-14
18040 5.01172e-14
18050 3.99249e-14
18060 4.11384e-14
18070 3.74035e-14
18080 3.69132e-14
18090 3.4408e-14
18100 3.4221e-14
18110 4.18674e-14
18120 3.74887e-14
18130 3.62809e-14
18140 3.98688e-14
18150 3.99258e-14
18160 3.34795e-14
18170 4.25532e-14
18180 3.30116e-14
18190 3.88369e-14
18200 3.53151e-14
18210 3.30692e-14
18220 4.0006e-14
18230 4.48136e-14
18240 4.6346e-14
18250 4.93301e-14
18260 6.10485e-14
18270 5.69845e-14
18280 5.83668e-14
18290 5.09721e-14
18300 5.01265e-14
18310 5.33539e-14
18320 4.82944e-14
18330 4.84478e-14
18340 4.21938e-14
18350 4.76541e-14
18360 5.08463e-14
18370 4.80343e-14
18380 4.46713e-14
18390 4.8107e-14
18400 5.40315e-14
18410 5.15717e-14
18420 5.57221e-14
18430 5.30621e-14
18440 5.05335e-14
18450 5.19531e-14
18460 4.67515e-14
18470 4.49807e-14
18480 5.08681e-14
18490 5.22351e-14
18500 5.39087e-14
18510 5.80172e-14
18520 5.61732e-14
18530 5.94496e-14
18540 6.03422e-14
18550 5.79658e-14
18560 6.04846e-14
18570 5.94633e-14
18580 6.26325e-14
18590 6.23705e-14
18600 6.65279e-14
18610 6.00122e-14
18620 6.86542e-14
18630 7.4424e-14
18640 7.9146e-14
18650 7.94443e-14
18660 8.04431e-14
18670 8.00352e-14
18680 9.02014e-14
18690 8.63963e-14
18700 8.65455e-14
18710 8.0058e-14
18720 8.39768e-14
18730 8.86742e-14
18740 8.27154e-14
18750 7.96079e-14
18760 8.37344e-14
18770 8.16046e-14
18780 8.04384e-14
18790 7.37789e-14
18800 8.00355e-14
18810 8.62338e-14
18820 7.74909e-14
18830 7.49736e-14
18840 7.87687e-14
18850 8.06055e-14
18860 8.45046e-14
18870 8.00826e-14
18880 7.8797e-14
18890 7.50163e-14
18900 8.12552e-14
18910 7.97684e-14
18920 7.14105e-14
18930 7.95705e-14
18940 7.02011e-14
18950 7.67106e-14
18960 7.68653e-14
18970 7.97827e-14
18980 7.92441e-14
18990 8.0699e-14
19000 8.65083e-14
19010 8.83767e-14
19020 8.64428e-14
19030 8.62698e-14
19040 7.86437e-14
19050 8.67585e-14
19060 8.26794e-14
19070 8.46717e-14
19080 8.36182e-14
19090 9.11092e-14
19100 9.51409e-14
19110 8.90824e-14
19120 8.7157e-14
19130 9.57421e-14
19140 9.41341e-14
19150 9.50797e-14
19160 8.41402e-14
19170 8.25422e-14
19180 8.36856e-14
19190 8.72509e-14
19200 9.38458e-14
19210 9.22014e-14
19220 9.06288e-14
19230 9.10751e-14
19240 8.59315e-14
19250 8.74209e-14
19260 8.80452e-14
19270 9.06454e-14
19280 9.05299e-14
19290 9.0559e-14
19300 9.13698e-14
19310 8.88254e-14
19320 9.43771e-14
19330 9.85393e-14
19340 1.03315e-13
19350 1.06426e-13
19360 1.05747e-13
19370 1.02612e-13
19380 1.03547e-13
19390 1.0497e-13
19400 1.1047e-13
19410 1.1163e-13
19420 1.15794e-13
19430 1.13771e-13
19440 1.12843e-13
19450 1.13291e-13
19460 1.09269e-13
19470 1.08039e-13
19480 1.10406e-13
19490 1.04711e-13
19500 1.12929e-13
19510 1.11783e-13
19520 1.12955e-13
19530 1.21637e-13
19540 1.16013e-13
19550 1.20693e-13
19560 1.17935e-13
19570 1.17552e-13
19580 1.20003e-13
19590 1.16176e-13
19600 1.13217e-13
19610 1.15123e-13
19620 1.09914e-13
19630 1.17469e-13
19640 1.13204e-13
19650 1.14153e-13
19660 1.20881e-13
19670 1.13552e-13
19680 1.09244e-13
19690 1.01471e-13
19700 1.00882e-13
19710 9.79117e-14
19720 9.14565e-14
19730 9.14625e-14
19740 8.28303e-14
19750 8.87959e-14
19760 9.1578e-14
19770 8.3659e-14
19780 8.85363e-14
19790 7.9744e-14
19800 8.05276e-14
19810 8.81937e-14
19820 8.88934e-14
19830 9.2749e-14
19840 9.0132e-14
19850 9.31152e-14
19860 9.56533e-14
19870 9.58928e-14
19880 8.89361e-14
19890 9.29172e-14
19900 9.26595e-14
19910 8.90888e-14
19920 8.99588e-14
19930 8.62155e-14
19940 9.00333e-14
19950 8.88368e-14
19960 1.0151e-13
19970 1.0038e-13
19980 9.77124e-14
19990 1.02075e-13
20000 1.02673e-13
20010 1.02531e-13
20020 1.06541e-13
20030 9.75139e-14
20040 1.0085e-13
20050 9.71151e-14
20060 1.01392e-13
20070 9.9377e-14
20080 1.0305e-13
20090 9.91765e-14
20100 9.5305e-14
20110 9.81972e-14
20120 9.58754e-14
20130 9.89489e-14
20140 9.92631e-14
20150 1.00436e-13
20160 1.04122e-13
20170 1.03523e-13
20180 1.01593e-13
20190 9.82753e-14
20200 9.76662e-14
20210 1.02256e-13
20220 1.02378e-13
20230 1.03894e-13
20240 1.06134e-13
20250 1.09851e-13
20260 1.10982e-13
20270 1.05871e-13
20280 1.09267e-13
20290 1.12153e-13
20300 1.14196e-13
20310 1.13377e-13
20320 1.1158e-13
20330 1.07317e-13
20340 1.10405e-13
20350 1.07715e-13
20360 1.06341e-13
20370 1.11542e-13
20380 1.11873e-13
20390 1.11464e-13
20400 1.10858e-13
20410 1.20829e-13
20420 1.14121e-13
20430 1.19963e-13
20440 1.09821e-13
20450 1.15879e-13
20460 1.10104e-13
20470 1.12997e-13
20480 1.13803e-13
20490 1.12716e-13
20500 1.105e-13
20510 1.17989e-13
20520 1.14114e-13
20530 1.1203e-13
20540 1.05586e-13
20550 1.05413e-13
20560 1.0178e-13
20570 1.08854e-13
20580 1.07857e-13
20590 1.08076e-13
20600 1.07781e-13
20610 1.03162e-13
20620 1.03982e-13
20630 1.13291e-13
20640 1.03953e-13
20650 1.16173e-13
20660 1.0556e-13
20670 1.04063e-13
20680 1.08155e-13
20690 1.0512e-13
20700 1.04407e-13
20710 1.11746e-13
20720 1.08642e-13
20730 1.0694e-13
20740 1.06423e-13
20750 1.09719e-13
20760 1.12851e-13
20770 1.09262e-13
20780 1.19188e-13
20790 1.19857e-13
20800 1.20935e-13
20810 1.18479e-13
20820 1.22889e-13
20830 1.22814e-13
20840 1.21992e-13
20850 1.14443e-13
20860 1.17171e-13
20870 1.21249e-13
20880 1.19157e-13
20890 1.16737e-13
20900 1.11466e-13
20910 1.15523e-13
20920 1.16187e-13
20930 1.11536e-13
20940 1.13569e-13
20950 1.09137e-13
20960 1.08117e-13
20970 1.15155e-13
20980 1.15519e-13
20990 1.15327e-13
21000 1.20319e-13
21010 1.16983e-13
21020 1.21268e-13
21030 1.14664e-13
21040 1.15862e-13
21050 1.15802e-13
21060 1.22078e-13
21070 1.24567e-13
21080 1.23171e-13
21090 1.24858e-13
21100 1.19135e-13
21110 1.21572e-13
21120 1.22818e-13
21130 1.2376e-13
21140 1.24014e-13
21150 1.22773e-13
21160 1.26477e-13
21170 1.21297e-13
21180 1.27018e-13
21190 1.30968e-13
21200 1.21693e-13
21210 1.28839e-13
21220 1.23344e-13
21230 1.25616e-13
21240 1.27628e-13
21250 1.31291e-13
21260 1.24469e-13
21270 1.24159e-13
21280 1.23755e-13
21290 1.20482e-13
21300 1.1914e-13
21310 1.23369e-13
21320 1.24791e-13
21330 1.25822e-13
21340 1.2932e-13
21350 1.26514e-13
21360 1.19287e-13
21370 1.16243e-13
21380 1.16115e-13
21390 1.14749e-13
21400 1.12175e-13
21410 1.09525e-13
21420 1.10113e-13
21430 1.0961e-13
21440 1.16404e-13
21450 1.05257e-13
21460 1.09165e-13
21470 1.09182e-13
21480 1.07886e-13
21490 1.04558e-13
21500 1.02774e-13
21510 1.11449e-13
21520 1.12312e-13
21530 1.16818e-13
21540 1.21735e-13
21550 1.20195e-13
21560 1.23989e-13
21570 1.27482e-13
21580 1.1775e-13
21590 1.19098e-13
21600 1.16379e-13
21610 1.1563e-13
21620 1.22034e-13
21630 1.18829e-13
21640 1.1436e-13
21650 1.13432e-13
21660 1.10822e-13
21670 1.12447e-13
21680 1.12969e-13
21690 1.10451e-13
21700 1.07106e-13
21710 1.06006e-13
21720 1.0167e-13
21730 1.0441e-13
21740 1.01975e-13
21750 1.08281e-13
21760 1.16199e-13
21770 1.09861e-13
21780 1.14306e-13
21790 1.16256e-13
21800 1.15728e-13
21810 1.20973e-13
21820 1.12188e-13
21830 1.18143e-13
21840 1.22399e-13
21850 1.26079e-13
21860 1.25363e-13
21870 1.22155e-13
21880 1.15461e-13
21890 1.15585e-13
21900 1.1345e-13
21910 1.07177e-13
21920 1.06213e-13
21930 1.06691e-13
21940 1.17036e-13
21950 1.20075e-13
21960 1.28573e-13
21970 1.20236e-13
21980 1.21619e-13
21990 1.1513e-13
22000 1.155e-13
22010 1.1247e-13
22020 1.07446e-13
22030 1.12617e-13
22040 1.08527e-13
22050 1.03566e-13
22060 1.02309e-13
22070 1.01696e-13
22080 1.06838e-13
22090 1.03699e-13
22100 1.08829e-13
22110 1.07417e-13
22120 1.11191e-13
22130 1.14597e-13
22140 1.14747e-13
22150 1.18258e-13
22160 1.23439e-13
22170 1.26146e-13
22180 1.23738e-13
22190 1.22191e-13
22200 1.23839e-13
22210 1.27536e-13
22220 1.38361e-13
22230 1.3504e-13
22240 1.38951e-13
22250 1.35423e-13
22260 1.31998e-13
22270 1.29351e-13
22280 1.32764e-13
22290 1.39012e-13
22300 1.32158e-13
22310 1.38213e-13
22320 1.34651e-13
22330 1.37498e-13
22340 1.32319e-13
22350 1.33949e-13
22360 1.33798e-13
22370 1.36951e-13
22380 1.4091e-13
22390 1.33189e-13
22400 1.32807e-13
22410 1.2031e-13
22420 1.29521e-13
22430 1.30686e-13
22440 1.29957e-13
22450 1.3516e-13
22460 1.33631e-13
22470 1.22256e-13
22480 1.26813e-13
22490 1.27068e-13
22500 1.37383e-13
22510 1.34734e-13
22520 1.36298e-13
22530 1.32815e-13
22540 1.41483e-13
22550 1.40049e-13
22560 1.37842e-13
22570 1.40836e-13
22580 1.34406e-13
22590 1.3798e-13
22600 1.40954e-13
22610 1.38834e-13
22620 1.33203e-13
22630 1.34227e-13
22640 1.42107e-13
22650 1.41917e-13
22660 1.33454e-13
22670 1.35167e-13
22680 1.33417e-13
22690 1.47153e-13
22700 1.41649e-13
22710 1.46074e-13
22720 1.38666e-13
22730 1.40201e-13
22740 1.50204e-13
22750 1.45053e-13
22760 1.4478e-13
22770 1.42904e-13
22780 1.47405e-13
22790 1.48508e-13
22800 1.4914e-13
22810 1.45916e-13
22820 1.49376e-13
22830 1.48082e-13
22840 1.46187e-13
22850 1.45033e-13
22860 1.48341e-13
22870 1.5275e-13
22880 1.5889e-13
22890 1.54515e-13
22900 1.53692e-13
22910 1.52143e-13
22920 1.59754e-13
22930 1.58727e-13
22940 1.49074e-13
22950 1.52095e-13
22960 1.56203e-13
22970 1.52066e-13
22980 1.55118e-13
22990 1.51616e-13
23000 1.44742e-13
23010 1.54452e-13
23020 1.46594e-13
23030 1.3997e-13
23040 1.40022e-13
23050 1.34671e-13
23060 1.44533e-13
23070 1.42311e-13
23080 1.38244e-13
23090 1.35117e-13
23100 1.30407e-13
23110 1.40651e-13
23120 1.40946e-13
23130 1.44297e-13
23140 1.40788e-13
23150 1.37534e-13
23160 1.45676e-13
23170 1.50365e-13
23180 1.50552e-13
23190 1.47142e-13
23200 1.50166e-13
23210 1.4639e-13
23220 1.48476e-13
23230 1.46095e-13
23240 1.40474e-13
23250 1.49934e-13
23260 1.4892e-13
23270 1.53634e-13
23280 1.57381e-13
23290 1.54773e-13
23300 1.54387e-13
23310 1.4718e-13
23320 1.52256e-13
23330 1.54409e-13
23340 1.52663e-13
23350 1.51551e-13
23360 1.49933e-13
23370 1.51075e-13
23380 1.57791e-13
23390 1.58847e-13
23400 1.57579e-13
23410 1.54069e-13
23420 1.48694e-13
23430 1.49463e-13
23440 1.49122e-13
23450 1.50337e-13
23460 1.53331e-13
23470 1.4922e-13
23480 1.50854e-13
23490 1.55255e-13
23500 1.46718e-13
23510 1.44826e-13
23520 1.4651e-13
23530 1.35448e-13
23540 1.41524e-13
23550 1.4261e-13
23560 1.48334e-13
23570 1.54994e-13
23580 1.53117e-13
23590 1.46911e-13
23600 1.46282e-13
23610 1.41791e-13
23620 1.52913e-13
23630 1.52342e-13
23640 1.51581e-13
23650 1.51345e-13
23660 1.40827e-13
23670 1.38418e-13
23680 1.54095e-13
23690 1.48415e-13
23700 1.46458e-13
23710 1.50327e-13
23720 1.4729e-13
23730 1.47198e-13
23740 1.54013e-13
23750 1.46496e-13
23760 1.45121e-13
23770 1.4871e-13
23780 1.48406e-13
23790 1.49936e-13
23800 1.42497e-13
23810 1.51945e-13
23820 1.50972e-13
23830 1.51697e-13
23840 1.60346e-13
23850 1.56658e-13
23860 1.60182e-13
23870 1.59862e-13
23880 1.53782e-13
23890 1.44815e-13
23900 1.49568e-13
23910 1.39663e-13
23920 1.37076e-13
23930 1.42697e-13
23940 1.34608e-13
23950 1.40147e-13
23960 1.36888e-13
23970 1.41417e-13
23980 1.42481e-13
23990 1.37428e-13
24000 1.42281e-13
24010 1.4075e-13
24020 1.3799e-13
24030 1.37436e-13
24040 1.40862e-13
24050 1.33868e-13
24060 1.34715e-13
24070 1.36166e-13
24080 1.37807e-13
24090 1.33096e-13
24100 1.37212e-13
24110 1.40871e-13
24120 1.36435e-13
24130 1.35022e-13
24140 1.37772e-13
24150 1.28399e-13
24160 1.35184e-13
24170 1.23993e-13
24180 1.32216e-13
24190 1.36149e-13
24200 1.3831e-13
24210 1.34627e-13
24220 1.23868e-13
24230 1.23444e-13
24240 1.24011e-13
24250 1.31653e-13
24260 1.31944e-13
24270 1.40589e-13
24280 1.34654e-13
24290 1.40264e-13
24300 1.42282e-13
24310 1.48337e-13
24320 1.44439e-13
24330 1.399e-13
24340 1.47702e-13
24350 1.42373e-13
24360 1.43763e-13
24370 1.46218e-13
24380 1.41229e-13
24390 1.43543e-13
24400 1.38027e-13
24410 1.37828e-13
24420 1.35341e-13
24430 1.32939e-13
24440 1.36429e-13
24450 1.33384e-13
24460 1.31069e-13
24470 1.33264e-13
24480 1.42858e-13
24490 1.35961e-13
24500 1.35338e-13
24510 1.34711e-13
24520 1.29282e-13
24530 1.31748e-13
24540 1.36477e-13
24550 1.28936e-13
24560 1.2637e-13
24570 1.28102e-13
24580 1.32603e-13
24590 1.26938e-13
24600 1.27503e-13
24610 1.28998e-13
24620 1.2263e-13
24630 1.26602e-13
24640 1.28369e-13
24650 1.38193e-13
24660 1.35244e-13
24670 1.23912e-13
24680 1.39416e-13
24690 1.38248e-13
24700 1.40626e-13
24710 1.44148e-13
24720 1.38835e-13
24730 1.4697e-13
24740 1.50951e-13
24750 1.53509e-13
24760 1.50867e-13
24770 1.54081e-13
24780 1.54757e-13
24790 1.50973e-13
24800 1.56472e-13
24810 1.63032e-13
24820 1.6349e-13
24830 1.62556e-13
24840 1.6263e-13
24850 1.67593e-13
24860 1.68932e-13
24870 1.73475e-13
24880 1.73392e-13
24890 1.69917e-13
24900 1.75072e-13
24910 1.73302e-13
24920 1.73224e-13
24930 1.7462e-13
24940 1.74865e-13
24950 1.7174e-13
24960 1.61512e-13
24970 1.63254e-13
24980 1.68015e-13
24990 1.63674e-13
25000 1.67885e-13
25010 1.62799e-13
25020 1.70768e-13
25030 1.70122e-13
25040 1.65241e-13
25050 1.60586e-13
25060 1.59515e-13
25070 1.53962e-13
25080 1.61512e-13
25090 1.65403e-13
25100 1.5958e-13
25110 1.55431e-13
25120 1.60327e-13
25130 1.6211e-13
25140 1.60122e-13
25150 1.52019e-13
25160 1.4458e-13
25170 1.4652e-13
25180 1.48504e-13
25190 1.52435e-13
25200 1.42054e-13
25210 1.28642e-13
25220 1.34843e-13
25230 1.49315e-13
25240 1.38622e-13
25250 1.31752e-13
25260 1.29961e-13
25270 1.28564e-13
25280 1.33439e-13
25290 1.38655e-13
25300 1.33273e-13
25310 1.30144e-13
25320 1.34101e-13
25330 1.27885e-13
25340 1.28644e-13
25350 1.35494e-13
25360 1.35827e-13
25370 1.28979e-13
25380 1.24774e-13
25390 1.26667e-13
25400 1.21286e-13
25410 1.30478e-13
25420 1.30322e-13
25430 1.23024e-13
25440 1.16099e-13
25450 1.12151e-13
25460 1.09554e-13
25470 1.14347e-13
25480 1.16334e-13
25490 1.15874e-13
25500 1.10699e-13
25510 1.05936e-13
25520 1.14382e-13
25530 1.17749e-13
25540 1.26433e-13
25550 1.23166e-13
25560 1.21488e-13
25570 1.28539e-13
25580 1.22275e-13
25590 1.11916e-13
25600 1.15025e-13
25610 1.03316e-13
25620 1.07677e-13
25630 1.09496e-13
25640 9.92878e-14
25650 1.04806e-13
25660 1.01943e-13
25670 1.01538e-13
25680 1.06106e-13
25690 1.02946e-13
25700 9.63511e-14
25710 1.08267e-13
25720 1.02303e-13
25730 1.10658e-13
25740 1.09499e-13
25750 1.10341e-13
25760 1.02442e-13
25770 9.52668e-14
25780 9.32456e-14
25790 9.59251e-14
25800 9.87063e-14
25810 9.92379e-14
25820 9.71552e-14
25830 9.94253e-14
25840 1.03844e-13
25850 1.07268e-13
25860 1.1067e-13
25870 1.09486e-13
25880 9.9725e-14
25890 9.92262e-14
25900 1.00605e-13
25910 1.01108e-13
25920 1.00752e-13
25930 1.05775e-13
25940 1.07279e-13
25950 1.04263e-13
25960 1.05677e-13
25970 9.896e-14
25980 1.0828e-13
25990 1.06418e-13
26000 1.10564e-13
26010 1.0486e-13
26020 1.08889e-13
26030 1.11467e-13
26040 1.15608e-13
26050 1.0818e-13
26060 1.04797e-13
26070 1.0827e-13
26080 1.04126e-13
26090 9.61413e-14
26100 9.79573e-14
26110 9.94181e-14
26120 9.24051e-14
26130 1.02778e-13
26140 1.00826e-13
26150 1.01235e-13
26160 9.95713e-14
26170 9.70136e-14
26180 1.00137e-13
26190 9.92171e-14
26200 9.44501e-14
26210 8.93271e-14
26220 8.43838e-14
26230 9.40126e-14
26240 8.53852e-14
26250 9.07493e-14
26260 8.74968e-14
26270 7.76526e-14
26280 7.89667e-14
26290 9.04376e-14
26300 8.16317e-14
26310 7.46719e-14
26320 8.27901e-14
26330 8.34494e-14
26340 8.48843e-14
26350 8.25167e-14
26360 8.06197e-14
26370 7.37348e-14
26380 7.49919e-14
26390 7.97377e-14
26400 7.37621e-14
26410 6.79291e-14
26420 7.18803e-14
26430 6.76212e-14
26440 6.05817e-14
26450 6.85017e-14
26460 7.32186e-14
26470 7.07745e-14
26480 6.77708e-14
26490 7.22404e-14
26500 7.53852e-14
26510 8.0301e-14
26520 8.18319e-14
26530 7.83524e-14
26540 8.58327e-14
26550 8.79223e-14
26560 8.67361e-14
26570 9.92993e-14
26580 9.6306e-14
26590 8.89179e-14
26600 8.78294e-14
26610 9.50215e-14
26620 9.23958e-14
26630 8.43414e-14
26640 8.05532e-14
26650 7.65687e-14
26660 7.55801e-14
26670 7.92139e-14
26680 9.10411e-14
26690 9.25838e-14
26700 8.75732e-14
26710 8.14432e-14
26720 7.75933e-14
26730 7.95813e-14
26740 9.05204e-14
26750 9.72255e-14
26760 9.03586e-14
26770 9.23259e-14
26780 9.35494e-14
26790 9.05766e-14
26800 8.81135e-14
26810 8.52811e-14
26820 8.53022e-14
26830 9.73386e-14
26840 1.02091e-13
26850 1.01221e-13
26860 8.62792e-14
26870 8.04886e-14
26880 9.02674e-14
26890 9.08358e-14
26900 9.43622e-14
26910 9.25926e-14
26920 8.94471e-14
26930 8.47329e-14
26940 7.25657e-14
26950 7.46761e-14
26960 8.65851e-14
26970 8.37603e-14
26980 8.84648e-14
26990 8.3271e-14
27000 7.15495e-14
27010 7.6057e-14
27020 7.55572e-14
27030 6.50702e-14
27040 7.46119e-14
27050 7.62309e-14
27060 7.3559e-14
27070 7.2842e-14
27080 6.70417e-14
27090 7.57132e-14
27100 8.87041e-14
27110 8.57292e-14
27120 9.32203e-14
27130 9.77155e-14
27140 9.20565e-14
27150 9.41431e-14
27160 1.04213e-13
27170 1.18344e-13
27180 1.40978e-13
27190 1.70524e-13
27200 2.22675e-13
27210 3.0307e-13
27220 4.3543e-13
27230 6.46063e-13
27240 9.5891e-13
27250 1.44081e-12
27260 2.15852e-12
27270 3.25262e-12
27280 4.90878e-12
27290 7.40481e-12
27300 1.11506e-11
27310 1.67287e-11
27320 2.50266e-11
27330 3.73195e-11
27340 5.54505e-11
27350 8.21285e-11
27360 1.21215e-10
27370 1.78267e-10
27380 2.61255e-10
27390 3.81512e-10
27400 5.55129e-10
27410 8.04898e-10
27420 1.16293e-09
27430 1.67431e-09
27440 2.40208e-09
27450 3.43415e-09
27460 4.89254e-09
27470 6.9461e-09
27480 9.82758e-09
27490 1.38566e-08
27500 1.94705e-08
27510 2.72657e-08
27520 3.80521e-08
27530 5.29265e-08
27540 7.33676e-08
27550 1.01363e-07
27560 1.39574e-07
27570 1.91551e-07
27580 2.62017e-07
27590 3.57225e-07
27600 4.85434e-07
27610 6.57507e-07
27620 8.87681e-07
27630 1.19456e-06
27640 1.60235e-06
27650 2.14246e-06
27660 2.85547e-06
27670 3.79369e-06
27680 5.02421e-06
27690 6.63288e-06
27700 8.72913e-06
27710 1.1452e-05
27720 1.49773e-05
27730 1.95272e-05
27740 2.53805e-05
27750 3.2887e-05
27760 4.2483e-05
27770 5.47116e-05
27780 7.02459e-05
27790 8.99179e-05
27800 0.000114752
27810 0.000146005
27820 0.000185214
27830 0.000234252
27840 0.000295395
27850 0.000371395
27860 0.000465574
27870 0.000581922
27880 0.00072522
27890 0.000901173
27900 0.00111657
27910 0.00137945
27920 0.00169931
27930 0.00208735
27940 0.00255666
27950 0.00312257
27960 0.00380293
27970 0.00461845
27980 0.00559305
27990 0.00675432
28000 0.00813389
28010 0.00976797
28020 0.0116978
28030 0.0139701
28040 0.0166379
28050 0.0197607
28060 0.0234054
28070 0.0276467
28080 0.032568
28090 0.0382613
28100 0.0448287
28110 0.0523821
28120 0.0610441
28130 0.0709486
28140 0.0822406
28150 0.095077
28160 0.109626
28170 0.126069
28180 0.144598
28190 0.165415
28200 0.188736
28210 0.214785
28220 0.243795
28230 0.276009
28240 0.311676
28250 0.351048
28260 0.394382
28270 0.441935
28280 0.493964
28290 0.550719
28300 0.612444
28310 0.679372
28320 0.751723
28330 0.829698
28340 0.913477
28350 1.00321
28360 1.09904
28370 1.20103
28380 1.30926
28390 1.42374
28400 1.54444
28410 1.67127
28420 1.80412
28430 1.94281
28440 2.08709
28450 2.23667
28460 2.39121
28470 2.55029
28480 2.71345
28490 2.88017
28500 3.04986
28510 3.22188
28520 3.39557
28530 3.57018
28540 3.74494
28550 3.91904
28560 4.09166
28570 4.26191
28580 4.42893
28590 4.59183
28600 4.74971
28610 4.90168
28620 5.0469
28630 5.18449
28640 5.31366
28650 5.43362
28660 5.54366
28670 5.64309
28680 5.73131
28690 5.80777
28700 5.87201
28710 5.92363
28720 5.96233
28730 5.98787
28740 6.00014
28750 5.99907
28760 5.98472
28770 5.9572
28780 5.91674
28790 5.86363
28800 5.79825
28810 5.72106
28820 5.63257
28830 5.53339
28840 5.42414
28850 5.30554
28860 5.17831
28870 5.04324
28880 4.90114
28890 4.75282
28900 4.59913
28910 4.4409
28920 4.27899
28930 4.11423
28940 3.94742
28950 3.77937
28960 3.61084
28970 3.44257
28980 3.27525
28990 3.10953
29000 2.94603
29010 2.7853
29020 2.62787
29030 2.47419
29040 2.32468
29050 2.17968
29060 2.03952
29070 1.90445
29080 1.77467
29090 1.65035
29100 1.53161
29110 1.41851
29120 1.31109
29130 1.20934
29140 1.11324
29150 1.0227
29160 0.937626
29170 0.857903
29180 0.783383
29190 0.713903
29200 0.649285
29210 0.589338
29220 0.533861
29230 0.482646
29240 0.435479
29250 0.392145
29260 0.352426
29270 0.316106
29280 0.282972
29290 0.252814
29300 0.225428
29310 0.200616
29320 0.178187
29330 0.157957
29340 0.139753
29350 0.123407
29360 0.108762
29370 0.0956699
29380 0.0839918
29390 0.0735974
29400 0.0643657
29410 0.0561842
29420 0.0489489
29430 0.0425641
29440 0.0369416
29450 0.0320009
29460 0.0276684
29470 0.0238773
29480 0.0205666
29490 0.0176816
29500 0.0151727
29510 0.0129954
29520 0.0111096
29530 0.00947971
29540 0.00807383
29550 0.00686364
29560 0.00582398
29570 0.00493263
29580 0.00416995
29590 0.00351867
29600 0.00296363
29610 0.00249154
29620 0.0020908
29630 0.00175129
29640 0.00146422
29650 0.00122197
29660 0.00101793
29670 0.000846416
29680 0.000702519
29690 0.000582026
29700 0.000481325
29710 0.000397326
29720 0.000327393
29730 0.000269281
29740 0.000221085
29750 0.000181189
29760 0.000148224
29770 0.000121039
29780 9.86625e-05
29790 8.02776e-05
29800 6.52004e-05
29810 5.28585e-05
29820 4.27738e-05
29830 3.4548e-05
29840 2.78498e-05
29850 2.24043e-05
29860 1.79835e-05
29870 1.43989e-05
29880 1.14947e-05
29890 9.14226e-06
29900 7.23532e-06
29910 5.68609e-06
29920 4.42183e-06
29930 3.38198e-06
29940 2.51573e-06
29950 1.77987e-06
29960 1.137e-06
29970 5.53893e-07
29980 0
