-10 0
0 1.18929e-16
10 7.40455e-16
20 -2.88936e-15
30 -3.14252e-15
40 9.57856e-15
50 -6.09693e-16
60 7.39332e-15
70 1.09326e-14
80 2.21755e-15
90 -1.65911e-15
100 -9.81642e-15
110 -5.05713e-15
120 1.3175e-15
130 6.60921e-15
140 1.54584e-14
150 1.88243e-14
160 2.09724e-14
170 3.49449e-14
180 2.07331e-14
190 9.25569e-15
200 5.80422e-15
210 -3.07267e-15
220 3.18512e-15
230 -7.93029e-15
240 -9.11941e-15
250 -6.34304e-15
260 -1.83791e-15
270 -3.56608e-15
280 -2.14201e-15
290 3.15513e-15
300 -7.1114e-15
310 -1.25508e-15
320 -5.41794e-16
330 -2.28401e-16
340 -1.69658e-15
350 -4.14807e-15
360 6.8788e-15
370 -2.86125e-15
380 -1.28649e-14
390 3.11528e-15
400 5.93725e-15
410 -2.01759e-15
420 -2.37387e-15
430 1.36955e-14
440 1.47438e-14
450 2.14147e-14
460 1.4954e-14
470 9.92531e-15
480 2.77333e-14
490 3.7669e-14
500 3.1038e-14
510 5.03915e-14
520 7.62864e-14
530 1.17303e-13
540 1.79359e-13
550 2.78225e-13
560 4.44904e-13
570 6.83748e-13
580 1.08168e-12
590 1.69208e-12
600 2.6086e-12
610 4.02919e-12
620 6.22775e-12
630 9.57635e-12
640 1.46775e-11
650 2.24036e-11
660 3.40987e-11
670 5.17271e-11
680 7.8226e-11
690 1.17945e-10
700 1.77222e-10
710 2.65469e-10
720 3.96366e-10
730 5.89907e-10
740 8.75109e-10
750 1.29398e-09
760 1.90712e-09
770 2.80162e-09
780 4.1022e-09
790 5.98684e-09
800 8.70856e-09
810 1.26258e-08
820 1.82444e-08
830 2.62757e-08
840 3.77163e-08
850 5.3957e-08
860 7.69319e-08
870 1.0932e-07
880 1.54819e-07
890 2.1851e-07
900 3.07354e-07
910 4.30845e-07
920 6.01884e-07
930 8.37932e-07
940 1.16253e-06
950 1.60728e-06
960 2.21447e-06
970 3.04039e-06
980 4.15975e-06
990 5.67123e-06
1000 7.70467e-06
1010 1.04302e-05
1020 1.40697e-05
1030 1.89116e-05
1040 2.53288e-05
1050 3.38017e-05
1060 4.49465e-05
1070 5.95497e-05
1080 7.8611e-05
1090 0.000103395
1100 0.000135496
1110 0.000176912
1120 0.000230134
1130 0.00029826
1140 0.000385117
1150 0.000495413
1160 0.000634911
1170 0.000810628
1180 0.00103107
1190 0.00130649
1200 0.00164917
1210 0.00207378
1220 0.00259772
1230 0.00324148
1240 0.00402912
1250 0.0049887
1260 0.0061527
1270 0.00755857
1280 0.00924911
1290 0.011273
1300 0.0136853
1310 0.0165475
1320 0.0199281
1330 0.0239029
1340 0.0285547
1350 0.0339732
1360 0.0402551
1370 0.0475033
1380 0.0558259
1390 0.0653353
1400 0.076147
1410 0.0883775
1420 0.102142
1430 0.117554
1440 0.134718
1450 0.153731
1460 0.174678
1470 0.197627
1480 0.222626
1490 0.249699
1500 0.278843
1510 0.310024
1520 0.343173
1530 0.378186
1540 0.414916
1550 0.453176
1560 0.492739
1570 0.533334
1580 0.574649
1590 0.616334
1600 0.658007
1610 0.699251
1620 0.739629
1630 0.778683
1640 0.815947
1650 0.850956
1660 0.883249
1670 0.912385
1680 0.937952
1690 0.959573
1700 0.976916
1710 0.989705
1720 0.997725
1730 1.00083
1740 0.998937
1750 0.992048
1760 0.980235
1770 0.963644
1780 0.942491
1790 0.91706
1800 0.887694
1810 0.854791
1820 0.818787
1830 0.780157
1840 0.739397
1850 0.697013
1860 0.653515
1870 0.609405
1880 0.565165
1890 0.521249
1900 0.478079
1910 0.436033
1920 0.395446
1930 0.356603
1940 0.319738
1950 0.285032
1960 0.252619
1970 0.222583
1980 0.194961
1990 0.169753
2000 0.146918
2010 0.126387
2020 0.108063
2030 0.0918275
2040 0.0775483
2050 0.0650802
2060 0.0542726
2070 0.0449719
2080 0.037026
2090 0.0302866
2100 0.024612
2110 0.0198688
2120 0.0159328
2130 0.0126907
2140 0.0100397
2150 0.00788804
2160 0.0061546
2170 0.00476851
2180 0.00366847
2190 0.00280204
2200 0.00212481
2210 0.0015995
2220 0.00119518
2230 0.000886408
2240 0.000652446
2250 0.000476573
2260 0.000345421
2270 0.000248407
2280 0.000177227
2290 0.000125432
2300 8.80544e-05
2310 6.13077e-05
2320 4.23305e-05
2330 2.89812e-05
2340 1.96723e-05
2350 1.32379e-05
2360 8.82982e-06
2370 5.83715e-06
2380 3.82392e-06
2390 2.48208e-06
2400 1.5961e-06
2410 1.01667e-06
2420 6.41367e-07
2430 4.00659e-07
2440 2.47806e-07
2450 1.5172e-07
2460 9.19373e-08
2470 5.51287e-08
2480 3.27052e-08
2490 1.9192e-08
2500 1.11378e-08
2510 6.39079e-09
2520 3.62481e-09
2530 2.0318e-09
2540 1.12518e-09
2550 6.15441e-10
2560 3.32366e-10
2570 1.77156e-10
2580 9.31382e-11
2590 4.82654e-11
2600 2.46219e-11
2610 1.23379e-11
2620 6.04656e-12
2630 2.86803e-12
2640 1.28009e-12
2650 5.07606e-13
2660 1.3512e-13
2670 -5.49183e-14
2680 -1.34883e-13
2690 -1.8017e-13
2700 -1.96631e-13
2710 -2.04578e-13
2720 -2.03371e-13
2730 -2.01595e-13
2740 -2.00093e-13
2750 -1.96144e-13
2760 -2.01546e-13
2770 -1.97093e-13
2780 -2.05259e-13
2790 -2.05799e-13
2800 -2.03884e-13
2810 -2.00023e-13
2820 -2.02077e-13
2830 -2.0166e-13
2840 -2.04469e-13
2850 -2.1209e-13
2860 -2.06587e-13
2870 -1.99676e-13
2880 -2.03951e-13
2890 -1.99703e-13
2900 -2.0597e-13
2910 -2.00291e-13
2920 -2.07058e-13
2930 -2.04212e-13
2940 -2.02812e-13
2950 -2.11685e-13
2960 -2.23993e-13
2970 -2.30891e-13
2980 -2.27633e-13
2990 -2.41379e-13
3000 -2.35715e-13
3010 -2.48793e-13
3020 -2.46855e-13
3030 -2.36132e-13
3040 -2.35072e-13
3050 -2.2253e-13
3060 -2.32667e-13
3070 -2.19078e-13
3080 -2.26086e-13
3090 -2.25327e-13
3100 -2.32703e-13
3110 -2.37276e-13
3120 -2.33297e-13
3130 -2.31472e-13
3140 -2.33354e-13
3150 -2.31078e-13
3160 -2.35213e-13
3170 -2.45762e-13
3180 -2.3982e-13
3190 -2.38543e-13
3200 -2.38326e-13
3210 -2.32594e-13
3220 -2.30485e-13
3230 -2.36809e-13
3240 -2.41497e-13
3250 -2.42778e-13
3260 -2.41401e-13
3270 -2.38798e-13
3280 -2.3726e-13
3290 -2.46683e-13
3300 -2.42578e-13
3310 -2.38481e-13
3320 -2.3834e-13
3330 -2.41276e-13
3340 -2.44549e-13
3350 -2.29733e-13
3360 -2.48106e-13
3370 -2.32297e-13
3380 -2.31179e-13
3390 -2.38401e-13
3400 -2.4532e-13
3410 -2.36796e-13
3420 -2.44385e-13
3430 -2.57981e-13
3440 -2.61229e-13
3450 -2.65117e-13
3460 -2.62489e-13
3470 -2.73505e-13
3480 -2.72048e-13
3490 -2.88072e-13
3500 -2.72888e-13
3510 -2.76338e-13
3520 -2.76148e-13
3530 -2.72606e-13
3540 -2.76741e-13
3550 -2.67768e-13
3560 -2.63348e-13
3570 -2.59423e-13
3580 -2.6202e-13
3590 -2.69316e-13
3600 -2.6888e-13
3610 -2.59377e-13
3620 -2.54464e-13
3630 -2.57509e-13
3640 -2.56539e-13
3650 -2.65273e-13
3660 -2.63122e-13
3670 -2.62338e-13
3680 -2.61823e-13
3690 -2.72004e-13
3700 -2.58395e-13
3710 -2.61148e-13
3720 -2.64507e-13
3730 -2.54036e-13
3740 -2.61423e-13
3750 -2.63539e-13
3760 -2.66644e-13
3770 -2.56889e-13
3780 -2.52138e-13
3790 -2.46491e-13
3800 -2.43868e-13
3810 -2.4237e-13
3820 -2.49803e-13
3830 -2.58835e-13
3840 -2.63936e-13
3850 -2.66098e-13
3860 -2.61524e-13
3870 -2.58763e-13
3880 -2.69219e-13
3890 -2.6347e-13
3900 -2.68053e-13
3910 -2.71557e-13
3920 -2.73115e-13
3930 -2.70399e-13
3940 -2.68996e-13
3950 -2.51859e-13
3960 -2.47639e-13
3970 -2.47825e-13
3980 -2.53746e-13
3990 -2.51481e-13
4000 -2.48155e-13
4010 -2.53141e-13
4020 -2.49911e-13
4030 -2.59386e-13
4040 -2.42823e-13
4050 -2.55385e-13
4060 -2.58537e-13
4070 -2.62151e-13
4080 -2.64808e-13
4090 -2.59765e-13
4100 -2.59424e-13
4110 -2.65709e-13
4120 -2.5807e-13
4130 -2.53571e-13
4140 -2.60453e-13
4150 -2.65199e-13
4160 -2.7132e-13
4170 -2.65868e-13
4180 -2.64737e-13
4190 -2.69221e-13
4200 -2.65897e-13
4210 -2.62272e-13
4220 -2.6561e-13
4230 -2.74137e-13
4240 -2.72311e-13
4250 -2.66836e-13
4260 -2.54263e-13
4270 -2.58155e-13
4280 -2.55653e-13
4290 -2.52409e-13
4300 -2.5435e-13
4310 -2.55958e-13
4320 -2.52973e-13
4330 -2.59916e-13
4340 -2.56098e-13
4350 -2.58166e-13
4360 -2.65363e-13
4370 -2.73126e-13
4380 -2.71522e-13
4390 -2.53077e-13
4400 -2.63682e-13
4410 -2.58718e-13
4420 -2.60926e-13
4430 -2.53486e-13
4440 -2.51809e-13
4450 -2.53071e-13
4460 -2.43355e-13
4470 -2.39563e-13
4480 -2.42793e-13
4490 -2.30645e-13
4500 -2.41115e-13
4510 -2.33686e-13
4520 -2.48361e-13
4530 -2.56394e-13
4540 -2.59695e-13
4550 -2.53749e-13
4560 -2.53162e-13
4570 -2.57104e-13
4580 -2.68735e-13
4590 -2.62214e-13
4600 -2.60912e-13
4610 -2.69192e-13
4620 -2.67633e-13
4630 -2.60337e-13
4640 -2.65336e-13
4650 -2.60575e-13
4660 -2.61599e-13
4670 -2.68766e-13
4680 -2.61003e-13
4690 -2.62259e-13
4700 -2.58316e-13
4710 -2.57263e-13
4720 -2.56831e-13
4730 -2.55197e-13
4740 -2.63697e-13
4750 -2.61743e-13
4760 -2.70137e-13
4770 -2.74657e-13
4780 -2.7242e-13
4790 -2.67322e-13
4800 -2.64616e-13
4810 -2.56065e-13
4820 -2.49571e-13
4830 -2.50323e-13
4840 -2.49307e-13
4850 -2.47464e-13
4860 -2.54135e-13
4870 -2.59851e-13
4880 -2.60043e-13
4890 -2.54082e-13
4900 -2.5334e-13
4910 -2.50169e-13
4920 -2.43225e-13
4930 -2.44029e-13
4940 -2.45091e-13
4950 -2.3665e-13
4960 -2.4729e-13
4970 -2.5246e-13
4980 -2.65737e-13
4990 -2.61221e-13
5000 -2.66296e-13
5010 -2.63285e-13
5020 -2.66648e-13
5030 -2.66526e-13
5040 -2.60048e-13
5050 -2.78073e-13
5060 -2.70757e-13
5070 -2.68035e-13
5080 -2.6473e-13
5090 -2.72431e-13
5100 -2.63605e-13
5110 -2.58225e-13
5120 -2.56974e-13
5130 -2.42877e-13
5140 -2.58434e-13
5150 -2.5364e-13
5160 -2.38809e-13
5170 -2.45264e-13
5180 -2.39846e-13
5190 -2.40677e-13
5200 -2.42487e-13
5210 -2.55739e-13
5220 -2.50474e-13
5230 -2.55132e-13
5240 -2.58328e-13
5250 -2.65326e-13
5260 -2.61072e-13
5270 -2.57835e-13
5280 -2.65974e-13
5290 -2.63657e-13
5300 -2.74567e-13
5310 -2.64086e-13
5320 -2.73141e-13
5330 -2.75256e-13
5340 -2.74803e-13
5350 -2.82105e-13
5360 -2.88006e-13
5370 -2.88439e-13
5380 -2.9172e-13
5390 -2.84659e-13
5400 -3.00121e-13
5410 -2.94203e-13
5420 -2.90572e-13
5430 -2.85146e-13
5440 -2.7623e-13
5450 -2.80693e-13
5460 -2.747e-13
5470 -2.7475e-13
5480 -2.76852e-13
5490 -2.7319e-13
5500 -2.71047e-13
5510 -2.73986e-13
5520 -2.68495e-13
5530 -2.67218e-13
5540 -2.54392e-13
5550 -2.53099e-13
5560 -2.52493e-13
5570 -2.5359e-13
5580 -2.5619e-13
5590 -2.63371e-13
5600 -2.65757e-13
5610 -2.61235e-13
5620 -2.58614e-13
5630 -2.66625e-13
5640 -2.65101e-13
5650 -2.64138e-13
5660 -2.63159e-13
5670 -2.708e-13
5680 -2.57563e-13
5690 -2.60534e-13
5700 -2.7433e-13
5710 -2.7177e-13
5720 -2.6676e-13
5730 -2.54815e-13
5740 -2.5762e-13
5750 -2.64314e-13
5760 -2.54262e-13
5770 -2.54717e-13
5780 -2.61235e-13
5790 -2.69009e-13
5800 -2.58099e-13
5810 -2.5335e-13
5820 -2.60506e-13
5830 -2.56873e-13
5840 -2.60344e-13
5850 -2.68538e-13
5860 -2.59231e-13
5870 -2.63437e-13
5880 -2.64649e-13
5890 -2.66294e-13
5900 -2.59686e-13
5910 -2.53787e-13
5920 -2.51477e-13
5930 -2.60031e-13
5940 -2.64573e-13
5950 -2.59029e-13
5960 -2.60872e-13
5970 -2.57582e-13
5980 -2.61656e-13
5990 -2.64089e-13
6000 -2.66057e-13
6010 -2.61233e-13
6020 -2.72556e-13
6030 -2.70702e-13
6040 -2.71131e-13
6050 -2.69035e-13
6060 -2.75127e-13
6070 -2.71721e-13
6080 -2.62755e-13
6090 -2.60643e-13
6100 -2.64143e-13
6110 -2.6679e-13
6120 -2.66032e-13
6130 -2.64526e-13
6140 -2.6734e-13
6150 -2.62985e-13
6160 -2.60715e-13
6170 -2.66707e-13
6180 -2.57035e-13
6190 -2.62981e-13
6200 -2.53557e-13
6210 -2.53493e-13
6220 -2.53477e-13
6230 -2.58782e-13
6240 -2.58288e-13
6250 -2.4846e-13
6260 -2.58764e-13
6270 -2.63893e-13
6280 -2.56855e-13
6290 -2.49143e-13
6300 -2.45601e-13
6310 -2.43821e-13
6320 -2.56206e-13
6330 -2.66016e-13
6340 -2.62121e-13
6350 -2.71851e-13
6360 -2.72836e-13
6370 -2.7509e-13
6380 -2.65824e-13
6390 -2.62156e-13
6400 -2.6652e-13
6410 -2.71351e-13
6420 -2.61853e-13
6430 -2.67414e-13
6440 -2.72733e-13
6450 -2.78251e-13
6460 -2.75103e-13
6470 -2.7244e-13
6480 -2.80643e-13
6490 -2.76442e-13
6500 -2.79288e-13
6510 -2.71398e-13
6520 -2.7022e-13
6530 -2.72076e-13
6540 -2.80863e-13
6550 -2.79564e-13
6560 -2.82995e-13
6570 -2.81517e-13
6580 -2.92365e-13
6590 -2.89e-13
6600 -2.92298e-13
6610 -2.7976e-13
6620 -2.8389e-13
6630 -2.87287e-13
6640 -2.91011e-13
6650 -2.88781e-13
6660 -2.85559e-13
6670 -2.75947e-13
6680 -2.65153e-13
6690 -2.58651e-13
6700 -2.63627e-13
6710 -2.55708e-13
6720 -2.6113e-13
6730 -2.60578e-13
6740 -2.5994e-13
6750 -2.63343e-13
6760 -2.66422e-13
6770 -2.64872e-13
6780 -2.56147e-13
6790 -2.61984e-13
6800 -2.78578e-13
6810 -2.74906e-13
6820 -2.88507e-13
6830 -2.93383e-13
6840 -2.84027e-13
6850 -2.95647e-13
6860 -2.89197e-13
6870 -2.86968e-13
6880 -2.87571e-13
6890 -2.76216e-13
6900 -2.82661e-13
6910 -2.80522e-13
6920 -2.90063e-13
6930 -2.81905e-13
6940 -2.87204e-13
6950 -2.73713e-13
6960 -2.77663e-13
6970 -2.81136e-13
6980 -2.77263e-13
6990 -2.70554e-13
7000 -2.66669e-13
7010 -2.75092e-13
7020 -2.83778e-13
7030 -2.69144e-13
7040 -2.56575e-13
7050 -2.56037e-13
7060 -2.65584e-13
7070 -2.6877e-13
7080 -2.6786e-13
7090 -2.6259e-13
7100 -2.71114e-13
7110 -2.72839e-13
7120 -2.69601e-13
7130 -2.66028e-13
7140 -2.80508e-13
7150 -2.60746e-13
7160 -2.57361e-13
7170 -2.54972e-13
7180 -2.75754e-13
7190 -2.76059e-13
7200 -2.67042e-13
7210 -2.69836e-13
7220 -2.73575e-13
7230 -2.78828e-13
7240 -2.85161e-13
7250 -2.91126e-13
7260 -3.02753e-13
7270 -3.43787e-13
7280 -4.23481e-13
7290 -6.25693e-13
7300 -1.09669e-12
7310 -2.05474e-12
7320 -4.09758e-12
7330 -8.30216e-12
7340 -1.68498e-11
7350 -3.40024e-11
7360 -6.78831e-11
7370 -1.33785e-10
7380 -2.60235e-10
7390 -4.99513e-10
7400 -9.46236e-10
7410 -1.76944e-09
7420 -3.26697e-09
7430 -5.95724e-09
7440 -1.07311e-08
7450 -1.91009e-08
7460 -3.36031e-08
7470 -5.84416e-08
7480 -1.00503e-07
7490 -1.70941e-07
7500 -2.87615e-07
7510 -4.78806e-07
7520 -7.88813e-07
7530 -1.28628e-06
7540 -2.07642e-06
7550 -3.31887e-06
7560 -5.25326e-06
7570 -8.23569e-06
7580 -1.27899e-05
7590 -1.96785e-05
7600 -3.00012e-05
7610 -4.53276e-05
7620 -6.78766e-05
7630 -0.000100755
7640 -0.000148271
7650 -0.000216339
7660 -0.000313009
7670 -0.000449126
7680 -0.000639167
7690 -0.000902281
7700 -0.00126355
7710 -0.00175554
7720 -0.00242012
7730 -0.00331062
7740 -0.00449436
7750 -0.00605551
7760 -0.0080983
7770 -0.0107506
7780 -0.0141678
7790 -0.018537
7800 -0.0240809
7810 -0.0310624
7820 -0.0397887
7830 -0.0506146
7840 -0.0639461
7850 -0.0802423
7860 -0.100017
7870 -0.123836
7880 -0.15232
7890 -0.186135
7900 -0.225988
7910 -0.272619
7920 -0.326785
7930 -0.389251
7940 -0.460767
7950 -0.542054
7960 -0.633773
7970 -0.736509
7980 -0.850741
7990 -0.976817
8000 -1.11493
8010 -1.26508
8020 -1.42707
8030 -1.60049
8040 -1.78467
8050 -1.97869
8060 -2.18138
8070 -2.39133
8080 -2.60687
8090 -2.82609
8100 -3.04692
8110 -3.26707
8120 -3.48414
8130 -3.69563
8140 -3.89901
8150 -4.09175
8160 -4.27137
8170 -4.43552
8180 -4.58202
8190 -4.70889
8200 -4.81442
8210 -4.89719
8220 -4.95614
8230 -4.99052
8240 -4.99998
8250 -4.98453
8260 -4.94455
8270 -4.88078
8280 -4.7943
8290 -4.68647
8300 -4.55895
8310 -4.41361
8320 -4.25252
8330 -4.07786
8340 -3.89192
8350 -3.69704
8360 -3.49553
8370 -3.28968
8380 -3.08166
8390 -2.87355
8400 -2.66727
8410 -2.46456
8420 -2.26697
8430 -2.07585
8440 -1.89236
8450 -1.71742
8460 -1.55176
8470 -1.39591
8480 -1.25022
8490 -1.11486
8500 -0.989845
8510 -0.875061
8520 -0.770268
8530 -0.675131
8540 -0.58923
8550 -0.512084
8560 -0.443166
8570 -0.381917
8580 -0.327762
8590 -0.280118
8600 -0.238412
8610 -0.202081
8620 -0.170585
8630 -0.143412
8640 -0.120079
8650 -0.100136
8660 -0.0831694
8670 -0.0688013
8680 -0.0566887
8690 -0.0465233
8700 -0.03803
8710 -0.030965
8720 -0.0251138
8730 -0.0202889
8740 -0.0163273
8750 -0.0130884
8760 -0.0104517
8770 -0.00831411
8780 -0.00658847
8790 -0.00520115
8800 -0.0040904
8810 -0.00320473
8820 -0.00250139
8830 -0.00194511
8840 -0.00150691
8850 -0.00116309
8860 -0.000894395
8870 -0.000685241
8880 -0.000523072
8890 -0.000397822
8900 -0.000301462
8910 -0.000227613
8920 -0.000171234
8930 -0.000128356
8940 -9.587e-05
8950 -7.13499e-05
8960 -5.29122e-05
8970 -3.90998e-05
8980 -2.87909e-05
8990 -2.11254e-05
9000 -1.54464e-05
9010 -1.12545e-05
9020 -8.17169e-06
9030 -5.91271e-06
9040 -4.2634e-06
9050 -3.06356e-06
9060 -2.19382e-06
9070 -1.56562e-06
9080 -1.1135e-06
9090 -7.89244e-07
9100 -5.57518e-07
9110 -3.92499e-07
9120 -2.75393e-07
9130 -1.92579e-07
9140 -1.34218e-07
9150 -9.32312e-08
9160 -6.45458e-08
9170 -4.45384e-08
9180 -3.06314e-08
9190 -2.09975e-08
9200 -1.43464e-08
9210 -9.77006e-09
9220 -6.63187e-09
9230 -4.48707e-09
9240 -3.02611e-09
9250 -2.03425e-09
9260 -1.36311e-09
9270 -9.10477e-10
9280 -6.06215e-10
9290 -4.02363e-10
9300 -2.66223e-10
9310 -1.75604e-10
9320 -1.15483e-10
9330 -7.57149e-11
9340 -4.95077e-11
9350 -3.22783e-11
9360 -2.09992e-11
9370 -1.36399e-11
9380 -8.84758e-12
9390 -5.74314e-12
9400 -3.72627e-12
9410 -2.43489e-12
9420 -1.59623e-12
9430 -1.06086e-12
9440 -7.18185e-13
9450 -5.02408e-13
9460 -3.63015e-13
9470 -2.77595e-13
9480 -2.21098e-13
9490 -1.87596e-13
9500 -1.57542e-13
9510 -1.50638e-13
9520 -1.40574e-13
9530 -1.39039e-13
9540 -1.34808e-13
9550 -1.33632e-13
9560 -1.32756e-13
9570 -1.32336e-13
9580 -1.29658e-13
9590 -1.27146e-13
9600 -1.33148e-13
9610 -1.31887e-13
9620 -1.34498e-13
9630 -1.32037e-13
9640 -1.36044e-13
9650 -1.34475e-13
9660 -1.33764e-13
9670 -1.32742e-13
9680 -1.33842e-13
9690 -1.28389e-13
9700 -1.29022e-13
9710 -1.26541e-13
9720 -1.28802e-13
9730 -1.30404e-13
9740 -1.29863e-13
9750 -1.33146e-13
9760 -1.33102e-13
9770 -1.43924e-13
9780 -1.4483e-13
9790 -1.42262e-13
9800 -1.38564e-13
9810 -1.41541e-13
9820 -1.43474e-13
9830 -1.48485e-13
9840 -1.42286e-13
9850 -1.39875e-13
9860 -1.34374e-13
9870 -1.27513e-13
9880 -1.27302e-13
9890 -1.31725e-13
9900 -1.3589e-13
9910 -1.35808e-13
9920 -1.32669e-13
9930 -1.30226e-13
9940 -1.30736e-13
9950 -1.26925e-13
9960 -1.18477e-13
9970 -1.24603e-13
9980 -1.21653e-13
9990 -1.21352e-13
10000 -1.19219e-13
10010 -1.19193e-13
10020 -1.12904e-13
10030 -1.15653e-13
10040 -1.07166e-13
10050 -1.08585e-13
10060 -1.10136e-13
10070 -1.08485e-13
10080 -1.04288e-13
10090 -1.04407e-13
10100 -1.08314e-13
10110 -1.02665e-13
10120 -1.04218e-13
10130 -9.99622e-14
10140 -1.00866e-13
10150 -9.5962e-14
10160 -9.79049e-14
10170 -1.01141e-13
10180 -1.02375e-13
10190 -1.02805e-13
10200 -1.04906e-13
10210 -1.04142e-13
10220 -1.00612e-13
10230 -9.95801e-14
10240 -9.85653e-14
10250 -1.03457e-13
10260 -1.0239e-13
10270 -1.04387e-13
10280 -1.02429e-13
10290 -1.06389e-13
10300 -1.03566e-13
10310 -1.0798e-13
10320 -1.00565e-13
10330 -1.01765e-13
10340 -1.00192e-13
10350 -9.95244e-14
10360 -9.21724e-14
10370 -8.85621e-14
10380 -8.63849e-14
10390 -8.41104e-14
10400 -8.17858e-14
10410 -8.35899e-14
10420 -7.9661e-14
10430 -8.07793e-14
10440 -8.57995e-14
10450 -8.17048e-14
10460 -7.92289e-14
10470 -7.71026e-14
10480 -7.78383e-14
10490 -7.85547e-14
10500 -7.90492e-14
10510 -7.5526e-14
10520 -7.56447e-14
10530 -6.8528e-14
10540 -7.47403e-14
10550 -7.92785e-14
10560 -8.87868e-14
10570 -8.43154e-14
10580 -8.02389e-14
10590 -7.87838e-14
10600 -7.83944e-14
10610 -8.20001e-14
10620 -7.83769e-14
10630 -7.8582e-14
10640 -8.33478e-14
10650 -8.16904e-14
10660 -8.24297e-14
10670 -8.78147e-14
10680 -8.39326e-14
10690 -8.38026e-14
10700 -8.64616e-14
10710 -8.45633e-14
10720 -8.46141e-14
10730 -8.70252e-14
10740 -8.85295e-14
10750 -9.01569e-14
10760 -8.95329e-14
10770 -9.23118e-14
10780 -9.19562e-14
10790 -8.88011e-14
10800 -9.02448e-14
10810 -8.72026e-14
10820 -9.1164e-14
10830 -8.72597e-14
10840 -8.75129e-14
10850 -8.96458e-14
10860 -9.41216e-14
10870 -9.59157e-14
10880 -9.95988e-14
10890 -9.56477e-14
10900 -9.27024e-14
10910 -9.98466e-14
10920 -9.83381e-14
10930 -9.96646e-14
10940 -9.79967e-14
10950 -1.03652e-13
10960 -9.40732e-14
10970 -9.23716e-14
10980 -8.79733e-14
10990 -9.22747e-14
11000 -9.25917e-14
11010 -9.03446e-14
11020 -9.09313e-14
11030 -9.17189e-14
11040 -9.42759e-14
11050 -9.82559e-14
11060 -1.00524e-13
11070 -1.02304e-13
11080 -1.05693e-13
11090 -9.83257e-14
11100 -9.99514e-14
11110 -1.09211e-13
11120 -1.02049e-13
11130 -9.98281e-14
11140 -1.02202e-13
11150 -1.0172e-13
11160 -9.96962e-14
11170 -9.67319e-14
11180 -9.33442e-14
11190 -8.79553e-14
11200 -9.15142e-14
11210 -9.0861e-14
11220 -9.79717e-14
11230 -9.8749e-14
11240 -9.31543e-14
11250 -1.02985e-13
11260 -9.9082e-14
11270 -1.03759e-13
11280 -1.05515e-13
11290 -1.04784e-13
11300 -1.04689e-13
11310 -1.1183e-13
11320 -1.08921e-13
11330 -1.1118e-13
11340 -1.09467e-13
11350 -1.11727e-13
11360 -1.12143e-13
11370 -1.14928e-13
11380 -1.08704e-13
11390 -1.15038e-13
11400 -1.09556e-13
11410 -1.06511e-13
11420 -1.07807e-13
11430 -1.08664e-13
11440 -1.03803e-13
11450 -1.05755e-13
11460 -1.06738e-13
11470 -1.08637e-13
11480 -1.03138e-13
11490 -1.02554e-13
11500 -1.04332e-13
11510 -1.00657e-13
11520 -1.01034e-13
11530 -1.00958e-13
11540 -9.67957e-14
11550 -9.29816e-14
11560 -9.3612e-14
11570 -8.85985e-14
11580 -9.52874e-14
11590 -8.63535e-14
11600 -8.77444e-14
11610 -8.50993e-14
11620 -8.48631e-14
11630 -8.28267e-14
11640 -7.94879e-14
11650 -7.84101e-14
11660 -7.96092e-14
11670 -7.25945e-14
11680 -8.12265e-14
11690 -7.7301e-14
11700 -7.49734e-14
11710 -7.01251e-14
11720 -7.75244e-14
11730 -7.33366e-14
11740 -7.64011e-14
11750 -7.84223e-14
11760 -7.84752e-14
11770 -7.57504e-14
11780 -7.49673e-14
11790 -7.50178e-14
11800 -7.35053e-14
11810 -7.37429e-14
11820 -7.11177e-14
11830 -7.66158e-14
11840 -7.39584e-14
11850 -7.27284e-14
11860 -7.86456e-14
11870 -7.18995e-14
11880 -6.69259e-14
11890 -6.36542e-14
11900 -6.33174e-14
11910 -6.47787e-14
11920 -6.04088e-14
11930 -6.02803e-14
11940 -6.15838e-14
11950 -6.95593e-14
11960 -6.77439e-14
11970 -6.39689e-14
11980 -6.09638e-14
11990 -6.49584e-14
12000 -7.01022e-14
12010 -6.925e-14
12020 -6.6684e-14
12030 -5.73651e-14
12040 -6.14915e-14
12050 -6.00953e-14
12060 -6.00645e-14
12070 -6.08532e-14
12080 -6.49869e-14
12090 -6.3551e-14
12100 -6.36373e-14
12110 -6.33425e-14
12120 -6.22358e-14
12130 -6.6938e-14
12140 -6.78028e-14
12150 -6.79507e-14
12160 -6.41483e-14
12170 -6.341e-14
12180 -6.48275e-14
12190 -6.10046e-14
12200 -5.41145e-14
12210 -5.61922e-14
12220 -6.05915e-14
12230 -6.04408e-14
12240 -5.60535e-14
12250 -5.18385e-14
12260 -5.02153e-14
12270 -4.68541e-14
12280 -4.49371e-14
12290 -4.3591e-14
12300 -4.18396e-14
12310 -4.32931e-14
12320 -4.54519e-14
12330 -4.20819e-14
12340 -5.0036e-14
12350 -4.45813e-14
12360 -4.78065e-14
12370 -4.89436e-14
12380 -5.71594e-14
12390 -5.62679e-14
12400 -5.80132e-14
12410 -5.55255e-14
12420 -6.58243e-14
12430 -6.58413e-14
12440 -6.26933e-14
12450 -6.43473e-14
12460 -6.62096e-14
12470 -6.61518e-14
12480 -6.81402e-14
12490 -6.9006e-14
12500 -6.79045e-14
12510 -6.83351e-14
12520 -7.08119e-14
12530 -6.71197e-14
12540 -6.90345e-14
12550 -6.36085e-14
12560 -6.09089e-14
12570 -5.95265e-14
12580 -5.57332e-14
12590 -4.94927e-14
12600 -4.81927e-14
12610 -4.55813e-14
12620 -4.73132e-14
12630 -4.35427e-14
12640 -4.68641e-14
12650 -4.69746e-14
12660 -4.51132e-14
12670 -4.61191e-14
12680 -5.14282e-14
12690 -4.84847e-14
12700 -5.32738e-14
12710 -5.77615e-14
12720 -6.06758e-14
12730 -5.60643e-14
12740 -5.24319e-14
12750 -5.67642e-14
12760 -5.64481e-14
12770 -5.60969e-14
12780 -6.28962e-14
12790 -6.05364e-14
12800 -6.44601e-14
12810 -6.3357e-14
12820 -6.65284e-14
12830 -6.98937e-14
12840 -7.38757e-14
12850 -7.6206e-14
12860 -7.09053e-14
12870 -6.56315e-14
12880 -6.67533e-14
12890 -7.15393e-14
12900 -6.7022e-14
12910 -6.15192e-14
12920 -6.80613e-14
12930 -6.77456e-14
12940 -6.47659e-14
12950 -6.50607e-14
12960 -6.38605e-14
12970 -6.21886e-14
12980 -6.07646e-14
12990 -6.52797e-14
13000 -6.04676e-14
13010 -5.80637e-14
13020 -6.00709e-14
13030 -6.0985e-14
13040 -6.00583e-14
13050 -6.64705e-14
13060 -6.89928e-14
13070 -6.63842e-14
13080 -6.20838e-14
13090 -6.31112e-14
13100 -6.34804e-14
13110 -6.57268e-14
13120 -6.29183e-14
13130 -6.38027e-14
13140 -5.56953e-14
13150 -6.14213e-14
13160 -6.28788e-14
13170 -7.50474e-14
13180 -7.03872e-14
13190 -6.01097e-14
13200 -6.11176e-14
13210 -6.38628e-14
13220 -6.05885e-14
13230 -6.81624e-14
13240 -7.43558e-14
13250 -7.9862e-14
13260 -7.64848e-14
13270 -8.13087e-14
13280 -7.82085e-14
13290 -8.59234e-14
13300 -8.40544e-14
13310 -8.46473e-14
13320 -7.80068e-14
13330 -8.03592e-14
13340 -8.02201e-14
13350 -8.46823e-14
13360 -8.23458e-14
13370 -8.66734e-14
13380 -8.70944e-14
13390 -8.45521e-14
13400 -8.63622e-14
13410 -8.05586e-14
13420 -7.63473e-14
13430 -7.72332e-14
13440 -7.9695e-14
13450 -7.72897e-14
13460 -7.34769e-14
13470 -6.86745e-14
13480 -7.17459e-14
13490 -7.40924e-14
13500 -7.28033e-14
13510 -6.53702e-14
13520 -6.53785e-14
13530 -6.93171e-14
13540 -7.76151e-14
13550 -7.1799e-14
13560 -7.1036e-14
13570 -7.49555e-14
13580 -7.31749e-14
13590 -7.86764e-14
13600 -7.51073e-14
13610 -7.24815e-14
13620 -7.00638e-14
13630 -6.37049e-14
13640 -6.76017e-14
13650 -6.62684e-14
13660 -6.67708e-14
13670 -7.39135e-14
13680 -6.78097e-14
13690 -7.06087e-14
13700 -7.11102e-14
13710 -7.51496e-14
13720 -7.32217e-14
13730 -7.20131e-14
13740 -7.82436e-14
13750 -7.3155e-14
13760 -7.13767e-14
13770 -6.66823e-14
13780 -6.28045e-14
13790 -6.47622e-14
13800 -6.21181e-14
13810 -6.0325e-14
13820 -5.94872e-14
13830 -6.05667e-14
13840 -6.01321e-14
13850 -5.65228e-14
13860 -5.87558e-14
13870 -5.94815e-14
13880 -5.88742e-14
13890 -5.29285e-14
13900 -4.99743e-14
13910 -5.32047e-14
13920 -5.32755e-14
13930 -4.56467e-14
13940 -4.11986e-14
13950 -4.53753e-14
13960 -4.74332e-14
13970 -4.90875e-14
13980 -4.81123e-14
13990 -4.37579e-14
14000 -4.58038e-14
14010 -4.65099e-14
14020 -4.99985e-14
14030 -3.74794e-14
14040 -4.031e-14
14050 -3.44017e-14
14060 -4.62932e-14
14070 -4.74353e-14
14080 -4.0121e-14
14090 -3.76321e-14
14100 -3.85771e-14
14110 -4.34933e-14
14120 -4.10373e-14
14130 -3.52518e-14
14140 -3.75299e-14
14150 -3.90341e-14
14160 -4.27624e-14
14170 -4.32995e-14
14180 -3.92017e-14
14190 -4.07301e-14
14200 -4.56022e-14
14210 -4.6087e-14
14220 -4.91105e-14
14230 -4.72801e-14
14240 -4.67412e-14
14250 -4.76668e-14
14260 -4.58907e-14
14270 -4.67882e-14
14280 -4.0865e-14
14290 -4.58559e-14
14300 -4.71434e-14
14310 -4.80276e-14
14320 -4.6254e-14
14330 -4.79041e-14
14340 -4.26309e-14
14350 -4.32176e-14
14360 -4.77712e-14
14370 -4.25476e-14
14380 -4.12223e-14
14390 -4.52033e-14
14400 -4.23571e-14
14410 -4.41318e-14
14420 -3.39721e-14
14430 -3.15507e-14
14440 -3.19821e-14
14450 -2.79379e-14
14460 -3.06552e-14
14470 -3.01804e-14
14480 -2.69309e-14
14490 -3.06615e-14
14500 -3.13716e-14
14510 -3.8249e-14
14520 -3.66952e-14
14530 -4.52365e-14
14540 -3.55797e-14
14550 -3.71727e-14
14560 -3.78057e-14
14570 -2.75037e-14
14580 -2.92557e-14
14590 -2.49517e-14
14600 -2.48343e-14
14610 -2.22107e-14
14620 -2.04714e-14
14630 -1.50572e-14
14640 -7.58607e-15
14650 -8.60544e-15
14660 -8.86291e-15
14670 -3.38571e-15
14680 -2.53854e-15
14690 4.35856e-15
14700 3.33526e-15
14710 4.75154e-15
14720 6.42586e-15
14730 1.7364e-15
14740 2.77438e-15
14750 2.7659e-15
14760 8.44525e-15
14770 2.25784e-15
14780 2.20992e-15
14790 2.52568e-15
14800 6.37819e-15
14810 6.66599e-15
14820 2.26709e-15
14830 3.69664e-15
14840 1.72801e-15
14850 5.21724e-15
14860 1.61549e-15
14870 7.40553e-15
14880 5.58871e-15
14890 6.91829e-15
14900 6.08234e-15
14910 7.8925e-15
14920 6.68773e-15
14930 8.52483e-15
14940 -2.06541e-15
14950 -4.54243e-15
14960 2.69637e-15
14970 -2.05903e-15
14980 3.91902e-15
14990 -1.8926e-15
15000 9.01314e-15
15010 8.20908e-15
15020 6.61463e-15
15030 -1.50309e-15
15040 -2.96427e-15
15050 -1.72467e-15
15060 -2.08554e-15
15070 -5.15897e-16
15080 -6.1868e-15
15090 -4.65865e-15
15100 -8.58462e-15
15110 -9.25431e-15
15120 -1.50452e-15
15130 -7.11889e-15
15140 -7.66413e-15
15150 -6.12374e-15
15160 -8.92174e-15
15170 -6.00877e-15
15180 1.20696e-15
15190 9.64663e-15
15200 8.56021e-15
15210 1.37273e-14
15220 8.36081e-15
15230 1.20505e-14
15240 9.8066e-15
15250 9.31393e-15
15260 8.21796e-15
15270 5.79884e-15
15280 8.53608e-15
15290 1.55379e-15
15300 8.94896e-15
15310 2.52912e-15
15320 5.815e-15
15330 4.70468e-15
15340 8.31379e-15
15350 8.95754e-15
15360 6.82247e-15
15370 9.72937e-15
15380 1.24762e-14
15390 1.83977e-14
15400 1.75542e-14
15410 2.17797e-14
15420 2.6683e-14
15430 2.7306e-14
15440 2.87181e-14
15450 2.85956e-14
15460 3.11705e-14
15470 3.30168e-14
15480 3.02645e-14
15490 3.10774e-14
15500 2.7654e-14
15510 2.92895e-14
15520 2.53044e-14
15530 2.3271e-14
15540 2.53354e-14
15550 2.41636e-14
15560 2.47404e-14
15570 2.29996e-14
15580 2.1435e-14
15590 1.3824e-14
15600 1.71171e-14
15610 1.86478e-14
15620 2.37572e-14
15630 3.01576e-14
15640 2.42882e-14
15650 2.51531e-14
15660 2.41401e-14
15670 2.0437e-14
15680 1.76489e-14
15690 1.45661e-14
15700 1.73521e-14
15710 2.2183e-14
15720 1.95613e-14
15730 2.54475e-14
15740 3.06394e-14
15750 3.2662e-14
15760 3.60246e-14
15770 2.7931e-14
15780 2.76008e-14
15790 3.11756e-14
15800 2.92562e-14
15810 3.7559e-14
15820 3.46651e-14
15830 3.47282e-14
15840 3.94312e-14
15850 4.09378e-14
15860 3.96078e-14
15870 3.96285e-14
15880 3.97422e-14
15890 4.05112e-14
15900 4.33328e-14
15910 4.81042e-14
15920 4.74266e-14
15930 4.93869e-14
15940 4.9897e-14
15950 5.24246e-14
15960 5.92234e-14
15970 5.67037e-14
15980 6.1622e-14
15990 5.09931e-14
16000 5.41055e-14
16010 5.53596e-14
16020 5.94283e-14
16030 6.49237e-14
16040 5.62507e-14
16050 5.40003e-14
16060 4.71536e-14
16070 4.97439e-14
16080 5.25356e-14
16090 5.35516e-14
16100 5.31259e-14
16110 5.22194e-14
16120 5.55317e-14
16130 4.97281e-14
16140 5.83022e-14
16150 5.01134e-14
16160 5.78178e-14
16170 5.58323e-14
16180 5.95134e-14
16190 5.46044e-14
16200 4.97806e-14
16210 5.31887e-14
16220 6.17552e-14
16230 6.31971e-14
16240 5.86356e-14
16250 5.33457e-14
16260 5.81436e-14
16270 5.27501e-14
16280 5.63764e-14
16290 5.62109e-14
16300 6.22863e-14
16310 6.75774e-14
16320 6.62195e-14
16330 6.98806e-14
16340 6.39459e-14
16350 7.03435e-14
16360 7.40742e-14
16370 6.94451e-14
16380 6.92504e-14
16390 6.02985e-14
16400 6.80138e-14
16410 6.38735e-14
16420 5.96202e-14
16430 6.09835e-14
16440 6.14396e-14
16450 6.63544e-14
16460 6.29464e-14
16470 5.25816e-14
16480 5.68762e-14
16490 6.29174e-14
16500 6.42366e-14
16510 6.70486e-14
16520 6.46991e-14
16530 7.23943e-14
16540 6.78734e-14
16550 7.19817e-14
16560 7.52308e-14
16570 7.66066e-14
16580 7.92847e-14
16590 7.56128e-14
16600 7.20742e-14
16610 7.68046e-14
16620 7.11964e-14
16630 7.38001e-14
16640 6.81949e-14
16650 6.88825e-14
16660 6.99213e-14
16670 7.09086e-14
16680 6.66009e-14
16690 6.60511e-14
16700 6.48143e-14
16710 6.52821e-14
16720 6.10798e-14
16730 6.03175e-14
16740 5.87562e-14
16750 5.61811e-14
16760 5.66973e-14
16770 5.77674e-14
16780 5.73907e-14
16790 5.31816e-14
16800 5.16773e-14
16810 5.01454e-14
16820 5.38701e-14
16830 5.70152e-14
16840 4.90719e-14
16850 4.88907e-14
16860 5.32773e-14
16870 4.87454e-14
16880 4.62745e-14
16890 4.39605e-14
16900 3.80308e-14
16910 4.27602e-14
16920 4.94752e-14
16930 4.40982e-14
16940 4.50455e-14
16950 3.93429e-14
16960 4.77821e-14
16970 4.44212e-14
16980 4.69413e-14
16990 4.6549e-14
17000 3.7201e-14
17010 4.07645e-14
17020 4.64734e-14
17030 3.92499e-14
17040 3.85517e-14
17050 4.35211e-14
17060 5.01844e-14
17070 4.9295e-14
17080 5.04762e-14
17090 4.27532e-14
17100 4.25642e-14
17110 4.88871e-14
17120 5.11222e-14
17130 4.40712e-14
17140 4.3474e-14
17150 5.179e-14
17160 4.37539e-14
17170 4.18944e-14
17180 3.92886e-14
17190 4.28747e-14
17200 4.53028e-14
17210 4.82371e-14
17220 4.79268e-14
17230 4.921e-14
17240 5.56517e-14
17250 6.63831e-14
17260 6.53891e-14
17270 6.0968e-14
17280 5.81329e-14
17290 6.17955e-14
17300 5.69915e-14
17310 4.89105e-14
17320 4.87304e-14
17330 5.60216e-14
17340 6.43985e-14
17350 5.94082e-14
17360 5.41555e-14
17370 4.43299e-14
17380 4.47515e-14
17390 4.74686e-14
17400 4.88524e-14
17410 4.35978e-14
17420 4.68073e-14
17430 5.31306e-14
17440 5.53549e-14
17450 5.85003e-14
17460 5.41582e-14
17470 6.17193e-14
17480 6.04418e-14
17490 5.72331e-14
17500 6.62859e-14
17510 6.2044e-14
17520 5.45195e-14
17530 4.85069e-14
17540 4.64298e-14
17550 4.92162e-14
17560 4.90194e-14
17570 4.33317e-14
17580 3.94736e-14
17590 3.88931e-14
17600 3.57343e-14
17610 4.64936e-14
17620 4.43948e-14
17630 5.04095e-14
17640 5.72757e-14
17650 5.34336e-14
17660 6.64655e-14
17670 5.9188e-14
17680 6.26412e-14
17690 5.69465e-14
17700 4.754e-14
17710 5.4867e-14
17720 4.97578e-14
17730 5.08934e-14
17740 5.43656e-14
17750 5.97213e-14
17760 5.82844e-14
17770 5.76766e-14
17780 5.94869e-14
17790 6.55296e-14
17800 6.6599e-14
17810 6.67767e-14
17820 6.21068e-14
17830 6.07683e-14
17840 6.26131e-14
17850 5.9474e-14
17860 6.62833e-14
17870 6.7589e-14
17880 6.5722e-14
17890 6.38124e-14
17900 7.0895e-14
17910 7.38832e-14
17920 7.19606e-14
17930 7.5634e-14
17940 7.36913e-14
17950 7.63404e-14
17960 8.01309e-14
17970 7.22983e-14
17980 7.88687e-14
17990 7.4048e-14
18000 7.5732e-14
18010 7.13593e-14
18020 7.04768e-14
18030 6.72258e-14
18040 6.77914e-14
18050 6.95391e-14
18060 6.95557e-14
18070 6.50199e-14
18080 6.29701e-14
18090 5.47472e-14
18100 6.40644e-14
18110 5.85113e-14
18120 5.87385e-14
18130 6.52129e-14
18140 6.01125e-14
18150 6.49491e-14
18160 6.16108e-14
18170 5.56281e-14
18180 5.63225e-14
18190 6.23733e-14
18200 6.51614e-14
18210 5.78198e-14
18220 5.60384e-14
18230 5.18675e-14
18240 5.48353e-14
18250 5.781e-14
18260 6.0484e-14
18270 6.43808e-14
18280 5.8689e-14
18290 5.8652e-14
18300 6.0517e-14
18310 6.55071e-14
18320 6.42638e-14
18330 6.80058e-14
18340 6.71633e-14
18350 6.57024e-14
18360 6.7529e-14
18370 7.59782e-14
18380 6.6187e-14
18390 6.74178e-14
18400 6.7303e-14
18410 6.31988e-14
18420 7.52018e-14
18430 7.32739e-14
18440 7.7544e-14
18450 7.28316e-14
18460 7.13423e-14
18470 7.80924e-14
18480 7.8121e-14
18490 7.95168e-14
18500 8.44862e-14
18510 8.01175e-14
18520 8.06722e-14
18530 8.31475e-14
18540 7.97376e-14
18550 8.03633e-14
18560 7.32576e-14
18570 7.01846e-14
18580 7.51602e-14
18590 7.57966e-14
18600 7.62031e-14
18610 7.27973e-14
18620 7.30752e-14
18630 7.4284e-14
18640 7.11585e-14
18650 7.20225e-14
18660 6.81815e-14
18670 6.53531e-14
18680 6.82363e-14
18690 6.82662e-14
18700 6.72858e-14
18710 7.38378e-14
18720 7.0436e-14
18730 6.40743e-14
18740 6.18244e-14
18750 6.64224e-14
18760 6.49864e-14
18770 6.67949e-14
18780 6.72045e-14
18790 6.29521e-14
18800 6.56608e-14
18810 6.41753e-14
18820 6.28186e-14
18830 6.25751e-14
18840 5.70731e-14
18850 5.51852e-14
18860 6.14233e-14
18870 6.79215e-14
18880 6.37833e-14
18890 6.2307e-14
18900 5.8227e-14
18910 5.84093e-14
18920 5.79252e-14
18930 6.18269e-14
18940 6.09762e-14
18950 5.6647e-14
18960 5.72853e-14
18970 5.79609e-14
18980 5.99119e-14
18990 6.38591e-14
19000 6.51808e-14
19010 5.74157e-14
19020 5.86484e-14
19030 5.98082e-14
19040 6.22243e-14
19050 5.77172e-14
19060 6.23385e-14
19070 6.39197e-14
19080 5.46123e-14
19090 5.87936e-14
19100 5.81736e-14
19110 5.6499e-14
19120 5.49868e-14
19130 5.69221e-14
19140 5.55976e-14
19150 5.39911e-14
19160 6.67963e-14
19170 6.41206e-14
19180 6.08697e-14
19190 6.4093e-14
19200 6.73833e-14
19210 6.51096e-14
19220 6.60395e-14
19230 6.64946e-14
19240 6.45237e-14
19250 6.36502e-14
19260 6.083e-14
19270 5.02869e-14
19280 5.25808e-14
19290 5.16803e-14
19300 5.73194e-14
19310 5.35143e-14
19320 6.30273e-14
19330 5.93548e-14
19340 5.74432e-14
19350 6.8543e-14
19360 7.86156e-14
19370 6.67718e-14
19380 6.14158e-14
19390 5.27801e-14
19400 5.80319e-14
19410 7.32032e-14
19420 6.75352e-14
19430 6.15552e-14
19440 5.4391e-14
19450 5.71821e-14
19460 5.91094e-14
19470 5.2803e-14
19480 6.28032e-14
19490 5.93659e-14
19500 5.71875e-14
19510 6.0257e-14
19520 6.13536e-14
19530 5.48062e-14
19540 5.64659e-14
19550 5.39664e-14
19560 5.0209e-14
19570 5.1127e-14
19580 3.86272e-14
19590 4.89433e-14
19600 5.62472e-14
19610 5.57031e-14
19620 5.11756e-14
19630 5.32926e-14
19640 5.41524e-14
19650 6.03113e-14
19660 5.9331e-14
19670 6.40563e-14
19680 5.56356e-14
19690 6.55132e-14
19700 6.22769e-14
19710 5.59471e-14
19720 4.91502e-14
19730 5.45582e-14
19740 5.90617e-14
19750 5.71757e-14
19760 5.03136e-14
19770 4.81093e-14
19780 4.86073e-14
19790 4.86652e-14
19800 5.85445e-14
19810 6.06468e-14
19820 5.08872e-14
19830 5.32036e-14
19840 4.96547e-14
19850 5.06814e-14
19860 5.55689e-14
19870 5.64682e-14
19880 4.77766e-14
19890 5.10498e-14
19900 5.19574e-14
19910 5.29566e-14
19920 5.1261e-14
19930 5.07771e-14
19940 5.11333e-14
19950 4.75846e-14
19960 4.88482e-14
19970 4.63645e-14
19980 4.16848e-14
19990 5.2336e-14
20000 4.86323e-14
20010 4.40097e-14
20020 4.92195e-14
20030 4.61043e-14
20040 3.87727e-14
20050 3.64843e-14
20060 3.68615e-14
20070 3.4808e-14
20080 3.6582e-14
20090 3.69313e-14
20100 4.7874e-14
20110 3.78395e-14
20120 5.15066e-14
20130 5.24103e-14
20140 4.96512e-14
20150 4.7981e-14
20160 5.46015e-14
20170 6.43706e-14
20180 6.11143e-14
20190 5.96871e-14
20200 5.46601e-14
20210 6.51274e-14
20220 5.39785e-14
20230 4.23999e-14
20240 5.16567e-14
20250 4.51706e-14
20260 5.42956e-14
20270 5.58218e-14
20280 4.64206e-14
20290 4.56877e-14
20300 4.63558e-14
20310 4.56273e-14
20320 5.5559e-14
20330 5.59013e-14
20340 5.39617e-14
20350 5.76809e-14
20360 6.68567e-14
20370 5.62082e-14
20380 5.6193e-14
20390 5.15606e-14
20400 5.27181e-14
20410 4.68699e-14
20420 5.49811e-14
20430 5.08352e-14
20440 4.57684e-14
20450 4.93745e-14
20460 5.28033e-14
20470 4.72678e-14
20480 5.25315e-14
20490 4.09613e-14
20500 4.01731e-14
20510 5.18335e-14
20520 4.80117e-14
20530 4.75718e-14
20540 5.1585e-14
20550 5.0974e-14
20560 5.22003e-14
20570 5.25823e-14
20580 5.25391e-14
20590 5.07324e-14
20600 4.19714e-14
20610 5.40124e-14
20620 6.11996e-14
20630 6.06148e-14
20640 5.24341e-14
20650 5.04319e-14
20660 4.42831e-14
20670 3.69285e-14
20680 4.86219e-14
20690 4.38834e-14
20700 4.93705e-14
20710 4.5692e-14
20720 4.15004e-14
20730 3.57966e-14
20740 5.41289e-14
20750 5.86833e-14
20760 7.11905e-14
20770 8.18072e-14
20780 1.01272e-13
20790 1.24223e-13
20800 1.75198e-13
20810 2.39999e-13
20820 3.37905e-13
20830 5.05919e-13
20840 7.5084e-13
20850 1.12501e-12
20860 1.66607e-12
20870 2.48149e-12
20880 3.71655e-12
20890 5.54863e-12
20900 8.28013e-12
20910 1.23003e-11
20920 1.82207e-11
20930 2.69071e-11
20940 3.9624e-11
20950 5.81637e-11
20960 8.51446e-11
20970 1.24217e-10
20980 1.80617e-10
20990 2.6178e-10
21000 3.78205e-10
21010 5.44641e-10
21020 7.81793e-10
21030 1.11858e-09
21040 1.59531e-09
21050 2.26794e-09
21060 3.21387e-09
21070 4.53981e-09
21080 6.39243e-09
21090 8.97257e-09
21100 1.25543e-08
21110 1.75106e-08
21120 2.43469e-08
21130 3.37463e-08
21140 4.66287e-08
21150 6.42284e-08
21160 8.8197e-08
21170 1.20736e-07
21180 1.64771e-07
21190 2.24177e-07
21200 3.04067e-07
21210 4.1117e-07
21220 5.54309e-07
21230 7.45012e-07
21240 9.983e-07
21250 1.33367e-06
21260 1.77636e-06
21270 2.35891e-06
21280 3.12315e-06
21290 4.1227e-06
21300 5.42602e-06
21310 7.12024e-06
21320 9.31594e-06
21330 1.21529e-05
21340 1.58074e-05
21350 2.05008e-05
21360 2.65104e-05
21370 3.41821e-05
21380 4.39464e-05
21390 5.63369e-05
21400 7.20132e-05
21410 9.17877e-05
21420 0.000116658
21430 0.000147844
21440 0.000186835
21450 0.000235441
21460 0.000295853
21470 0.00037072
21480 0.000463229
21490 0.000577202
21500 0.000717211
21510 0.000888701
21520 0.00109814
21530 0.00135319
21540 0.00166287
21550 0.0020378
21560 0.00249043
21570 0.00303528
21580 0.00368923
21590 0.0044719
21600 0.00540593
21610 0.00651737
21620 0.00783616
21630 0.00939649
21640 0.0112373
21650 0.0134029
21660 0.0159432
21670 0.0189146
21680 0.0223804
21690 0.0264113
21700 0.0310861
21710 0.0364922
21720 0.0427263
21730 0.0498947
21740 0.058114
21750 0.0675115
21760 0.0782255
21770 0.0904056
21780 0.104213
21790 0.119821
21800 0.137413
21810 0.157185
21820 0.179344
21830 0.204108
21840 0.231701
21850 0.26236
21860 0.296327
21870 0.33385
21880 0.375181
21890 0.420574
21900 0.470284
21910 0.52456
21920 0.583649
21930 0.647786
21940 0.717197
21950 0.79209
21960 0.872656
21970 0.959061
21980 1.05145
21990 1.14992
22000 1.25456
22010 1.36541
22020 1.48245
22030 1.60565
22040 1.7349
22050 1.87005
22060 2.0109
22070 2.15721
22080 2.30864
22090 2.46483
22100 2.62535
22110 2.7897
22120 2.95736
22130 3.12772
22140 3.30012
22150 3.47387
22160 3.64822
22170 3.8224
22180 3.99558
22190 4.16692
22200 4.33556
22210 4.5006
22220 4.66117
22230 4.81637
22240 4.96534
22250 5.1072
22260 5.24114
22270 5.36634
22280 5.48206
22290 5.58759
22300 5.68227
22310 5.76552
22320 5.83683
22330 5.89576
22340 5.94194
22350 5.97511
22360 5.99505
22370 6.00169
22380 5.99499
22390 5.97504
22400 5.94199
22410 5.89609
22420 5.83768
22430 5.76715
22440 5.685
22450 5.59177
22460 5.48807
22470 5.37457
22480 5.25199
22490 5.12108
22500 4.98264
22510 4.83748
22520 4.68643
22530 4.53035
22540 4.37007
22550 4.20645
22560 4.04031
22570 3.87246
22580 3.7037
22590 3.53477
22600 3.3664
22610 3.19928
22620 3.03405
22630 2.87129
22640 2.71156
22650 2.55535
22660 2.4031
22670 2.2552
22680 2.112
22690 1.97378
22700 1.84078
22710 1.71318
22720 1.59114
22730 1.47474
22740 1.36404
22750 1.25906
22760 1.15977
22770 1.06613
22780 0.978052
22790 0.895418
22800 0.818098
22810 0.745937
22820 0.678763
22830 0.616388
22840 0.558615
22850 0.505237
22860 0.45604
22870 0.410807
22880 0.369319
22890 0.331357
22900 0.296704
22910 0.265145
22920 0.236472
22930 0.21048
22940 0.186974
22950 0.165765
22960 0.146672
22970 0.129521
22980 0.114152
22990 0.100408
23000 0.0881463
23010 0.0772303
23020 0.067534
23030 0.05894
23040 0.0513394
23050 0.0446321
23060 0.0387258
23070 0.0335361
23080 0.0289857
23090 0.0250044
23100 0.0215284
23110 0.0185
23120 0.0158671
23130 0.0135828
23140 0.0116051
23150 0.00989648
23160 0.00842331
23170 0.00715578
23180 0.00606745
23190 0.00513488
23200 0.00433742
23210 0.00365688
23220 0.0030773
23230 0.0025847
23240 0.00216687
23250 0.00181317
23260 0.00151436
23270 0.00126243
23280 0.00105044
23290 0.000872419
23300 0.000723219
23310 0.000598419
23320 0.000494236
23330 0.000407434
23340 0.000335256
23350 0.000275354
23360 0.000225738
23370 0.000184722
23380 0.00015088
23390 0.000123012
23400 0.000100107
23410 8.13182e-05
23420 6.5935e-05
23430 5.33644e-05
23440 4.31116e-05
23450 3.47654e-05
23460 2.7984e-05
23470 2.24846e-05
23480 1.80332e-05
23490 1.44369e-05
23500 1.15369e-05
23510 9.20287e-06
23520 7.32781e-06
23530 5.8243e-06
23540 4.62098e-06
23550 3.65969e-06
23560 2.89319e-06
23570 2.28315e-06
23580 1.79852e-06
23590 1.41424e-06
23600 1.11008e-06
23610 8.69795e-07
23620 6.80311e-07
23630 5.31164e-07
23640 4.13981e-07
23650 3.22081e-07
23660 2.5014e-07
23670 1.93926e-07
23680 1.50081e-07
23690 1.15945e-07
23700 8.94157e-08
23710 6.8836e-08
23720 5.29003e-08
23730 4.05827e-08
23740 3.1079e-08
23750 2.37594e-08
23760 1.81321e-08
23770 1.38136e-08
23780 1.05054e-08
23790 7.97561e-09
23800 6.04455e-09
23810 4.57314e-09
23820 3.45394e-09
23830 2.60415e-09
23840 1.96007e-09
23850 1.47275e-09
23860 1.10469e-09
23870 8.27197e-10
23880 6.18348e-10
23890 4.6144e-10
23900 3.4376e-10
23910 2.55656e-10
23920 1.89808e-10
23930 1.40682e-10
23940 1.04093e-10
23950 7.68898e-11
23960 5.66996e-11
23970 4.17404e-11
23980 3.06761e-11
23990 2.25066e-11
24000 1.6485e-11
24010 1.20541e-11
24020 8.7994e-12
24030 6.4127e-12
24040 4.66553e-12
24050 3.3887e-12
24060 2.4572e-12
24070 1.77877e-12
24080 1.28551e-12
24090 9.27491e-13
24100 6.68066e-13
24110 4.80405e-13
24120 3.44885e-13
24130 2.47185e-13
24140 1.76868e-13
24150 1.26345e-13
24160 9.01055e-14
24170 6.41545e-14
24180 4.56023e-14
24190 3.23618e-14
24200 2.29278e-14
24210 1.62174e-14
24220 1.14521e-14
24230 8.07386e-15
24240 5.68284e-15
24250 3.99337e-15
24260 2.80159e-15
24270 1.96228e-15
24280 1.37218e-15
24290 9.57979e-16
24300 6.67719e-16
24310 4.64652e-16
24320 3.22817e-16
24330 2.23915e-16
24340 1.55063e-16
24350 1.07209e-16
24360 7.40035e-17
24370 5.10005e-17
24380 3.50912e-17
24390 2.41058e-17
24400 1.65329e-17
24410 1.13209e-17
24420 7.73954e-18
24430 5.28269e-18
24440 3.59998e-18
24450 2.44936e-18
24460 1.66384e-18
24470 1.12844e-18
24480 7.64105e-19
24490 5.16581e-19
24500 3.48685e-19
24510 2.34985e-19
24520 1.58109e-19
24530 1.06216e-19
24540 7.12413e-20
24550 4.77078e-20
24560 3.18979e-20
24570 2.12937e-20
24580 1.41924e-20
24590 9.44443e-21
24600 6.27501e-21
24610 4.16267e-21
24620 2.75707e-21
24630 1.82324e-21
24640 1.20382e-21
24650 7.93594e-22
24660 5.22346e-22
24670 3.43274e-22
24680 2.25241e-22
24690 1.47563e-22
24700 9.65231e-23
24710 6.30393e-23
24720 4.11072e-23
24730 2.6764e-23
24740 1.73985e-23
24750 1.12928e-23
24760 7.31844e-24
24770 4.7355e-24
24780 3.05945e-24
24790 1.97357e-24
24800 1.27114e-24
24810 8.17458e-25
24820 5.24894e-25
24830 3.3652e-25
24840 2.15419e-25
24850 1.37687e-25
24860 8.78691e-26
24870 5.59908e-26
24880 3.56232e-26
24890 2.26302e-26
24900 1.43543e-26
24910 9.09102e-27
24920 5.74889e-27
24930 3.6299e-27
24940 2.28848e-27
24950 1.44059e-27
24960 9.05473e-28
24970 5.68269e-28
24980 3.56103e-28
24990 2.22813e-28
25000 1.39203e-28
25010 8.6837e-29
25020 5.40885e-29
25030 3.36397e-29
25040 2.08904e-29
25050 1.29535e-29
25060 8.02005e-30
25070 4.9581e-30
25080 3.06058e-30
25090 1.88643e-30
25100 1.16099e-30
25110 7.13459e-31
25120 4.37785e-31
25130 2.68228e-31
25140 1.64097e-31
25150 1.00242e-31
25160 6.11443e-32
25170 3.72405e-32
25180 2.2648e-32
25190 1.37531e-32
25200 8.33924e-33
25210 5.04906e-33
25220 3.05247e-33
25230 1.84269e-33
25240 1.11073e-33
25250 6.6854e-34
25260 4.01795e-34
25270 2.41125e-34
25280 1.44491e-34
25290 8.64574e-35
25300 5.16565e-35
25310 3.08184e-35
25320 1.83594e-35
25330 1.09212e-35
25340 6.48705e-36
25350 3.84759e-36
25360 2.27874e-36
25370 1.34762e-36
25380 7.95805e-37
25390 4.69259e-37
25400 2.76304e-37
25410 1.62453e-37
25420 9.53759e-38
25430 5.59137e-38
25440 3.27316e-38
25450 1.91331e-38
25460 1.1168e-38
25470 6.50934e-39
25480 3.78852e-39
25490 2.20178e-39
25500 1.27777e-39
25510 7.40463e-40
25520 4.28477e-40
25530 2.47586e-40
25540 1.42856e-40
25550 8.23089e-41
25560 4.73554e-41
25570 2.72062e-41
25580 1.56078e-41
25590 8.94116e-42
25600 5.11472e-42
25610 2.92163e-42
25620 1.66651e-42
25630 9.49215e-43
25640 5.39883e-43
25650 3.06627e-43
25660 1.739e-43
25670 9.84834e-44
25680 5.56933e-44
25690 3.14498e-44
25700 1.7734e-44
25710 9.98549e-45
25720 5.61441e-45
25730 3.15216e-45
25740 1.76719e-45
25750 9.89288e-46
25760 5.53004e-46
25770 3.0867e-46
25780 1.72036e-46
25790 9.57418e-47
25800 5.32028e-47
25810 2.95199e-47
25820 1.63546e-47
25830 9.04691e-48
25840 4.99682e-48
25850 2.75559e-48
25860 1.51724e-48
25870 8.34077e-49
25880 4.57787e-49
25890 2.50852e-49
25900 1.37233e-49
25910 7.49517e-50
25920 4.0867e-50
25930 2.22445e-50
25940 1.20871e-50
25950 6.55629e-51
25960 3.54994e-51
25970 1.91866e-51
25980 1.03508e-51
25990 5.57368e-52
26000 2.99561e-52
26010 1.60691e-52
26020 8.60293e-53
26030 4.5966e-53
26040 2.45103e-53
26050 1.30427e-53
26060 6.92595e-54
26070 3.67004e-54
26080 1.94056e-54
26090 1.02384e-54
26100 5.38985e-55
26110 2.83102e-55
26120 1.4836e-55
26130 7.75685e-56
26140 4.04608e-56
26150 2.10549e-56
26160 1.09301e-56
26170 5.66029e-57
26180 2.92403e-57
26190 1.50675e-57
26200 7.74471e-58
26210 3.97066e-58
26220 2.03049e-58
26230 1.03565e-58
26240 5.26843e-59
26250 2.67301e-59
26260 1.35257e-59
26270 6.82573e-60
26280 3.43526e-60
26290 1.72418e-60
26300 8.62993e-61
26310 4.30753e-61
26320 2.14406e-61
26330 1.0642e-61
26340 5.26728e-62
26350 2.59964e-62
26360 1.27938e-62
26370 6.27827e-63
26380 3.07204e-63
26390 1.49884e-63
26400 7.29159e-64
26410 3.53688e-64
26420 1.71058e-64
26430 8.2488e-65
26440 3.96602e-65
26450 1.90123e-65
26460 9.08707e-66
26470 4.33032e-66
26480 2.05741e-66
26490 9.74588e-67
26500 4.60277e-67
26510 2.16727e-67
26520 1.01742e-67
26530 4.76186e-68
26540 2.22199e-68
26550 1.0337e-68
26560 4.79433e-69
26570 2.2169e-69
26580 1.02199e-69
26590 4.69706e-70
26600 2.15221e-70
26610 9.83151e-71
26620 4.47747e-71
26630 2.03292e-71
26640 9.20203e-72
26650 4.15261e-72
26660 1.86824e-72
26670 8.37946e-73
26680 3.74691e-73
26690 1.67033e-73
26700 7.42342e-74
26710 3.28911e-74
26720 1.45286e-74
26730 6.39796e-75
26740 2.80887e-75
26750 1.2294e-75
26760 5.36447e-76
26770 2.33364e-76
26780 1.01208e-76
26790 4.37588e-77
26800 1.88622e-77
26810 8.10572e-78
26820 3.47269e-78
26830 1.48325e-78
26840 6.31596e-79
26850 2.68126e-79
26860 1.13479e-79
26870 4.78818e-80
26880 2.0142e-80
26890 8.44718e-81
26900 3.53184e-81
26910 1.47221e-81
26920 6.11815e-82
26930 2.53484e-82
26940 1.04704e-82
26950 4.31182e-83
26960 1.77027e-83
26970 7.24611e-84
26980 2.95703e-84
26990 1.20307e-84
27000 4.87995e-85
27010 1.97345e-85
27020 7.95659e-86
27030 3.19829e-86
27040 1.28174e-86
27050 5.1212e-87
27060 2.04003e-87
27070 8.10206e-88
27080 3.20811e-88
27090 1.26648e-88
27100 4.98474e-89
27110 1.95607e-89
27120 7.65289e-90
27130 2.98514e-90
27140 1.16093e-90
27150 4.50138e-91
27160 1.74016e-91
27170 6.70709e-92
27180 2.57741e-92
27190 9.87502e-93
27200 3.77223e-93
27210 1.4367e-93
27220 5.45556e-94
27230 2.06549e-94
27240 7.79677e-95
27250 2.93439e-95
27260 1.10111e-95
27270 4.11964e-96
27280 1.53673e-96
27290 5.71548e-97
27300 2.11944e-97
27310 7.83622e-98
27320 2.88874e-98
27330 1.06176e-98
27340 3.89104e-99
27350 1.42175e-99
27360 5.17967e-100
27370 1.88149e-100
27380 6.81432e-101
27390 2.46075e-101
27400 8.86004e-102
27410 3.18074e-102
27420 1.13854e-102
27430 4.06342e-103
27440 1.44599e-103
27450 5.13056e-104
27460 1.81507e-104
27470 6.40255e-105
27480 2.25186e-105
27490 7.89701e-106
27500 2.76131e-106
27510 9.62722e-107
27520 3.34673e-107
27530 1.16004e-107
27540 4.00924e-108
27550 1.38161e-108
27560 4.74732e-109
27570 1.62647e-109
27580 5.55627e-110
27590 1.8926e-110
27600 6.42798e-111
27610 2.17686e-111
27620 7.35066e-112
27630 2.47494e-112
27640 8.30892e-113
27650 2.78143e-113
27660 9.284e-114
27670 3.08992e-114
27680 1.02542e-114
27690 3.39317e-115
27700 1.11958e-115
27710 3.6834e-116
27720 1.20835e-116
27730 3.9526e-117
27740 1.28921e-117
27750 4.19288e-118
27760 1.35973e-118
27770 4.39684e-119
27780 1.41769e-119
27790 4.558e-120
27800 1.46123e-120
27810 4.67108e-121
27820 1.48891e-121
27830 4.73231e-122
27840 1.4998e-122
27850 4.73966e-123
27860 1.49354e-123
27870 4.69291e-124
27880 1.47036e-124
27890 4.59371e-125
27900 1.43107e-125
27910 4.44544e-126
27920 1.37698e-126
27930 4.25304e-127
27940 1.30988e-127
27950 4.02274e-128
27960 1.23189e-128
27970 3.7617e-129
27980 1.1454e-129
27990 3.4777e-130
28000 1.0529e-130
28010 3.17868e-131
28020 9.56902e-132
28030 2.87244e-132
28040 8.59804e-133
28050 2.56632e-133
28060 7.63812e-134
28070 2.26687e-134
28080 6.70859e-135
28090 1.97971e-135
28100 5.82556e-136
28110 1.70938e-136
28120 5.00158e-137
28130 1.45929e-137
28140 4.24564e-138
28150 1.23172e-138
28160 3.56326e-139
28170 1.0279e-139
28180 2.9568e-140
28190 8.4813e-141
28200 2.42589e-141
28210 6.91907e-142
28220 1.96786e-142
28230 5.58097e-143
28240 1.57832e-143
28250 4.45091e-144
28260 1.25162e-144
28270 3.50969e-145
28280 9.81372e-146
28290 2.73634e-146
28300 7.6081e-147
28310 2.10937e-147
28320 5.8318e-148
28330 1.60776e-148
28340 4.41991e-149
28350 1.21165e-149
28360 3.31216e-150
28370 9.02856e-151
28380 2.45413e-151
28390 6.65195e-152
28400 1.79793e-152
28410 4.84583e-153
28420 1.30238e-153
28430 3.49042e-154
28440 9.32807e-155
28450 2.48587e-155
28460 6.606e-156
28470 1.75054e-156
28480 4.6257e-157
28490 1.21887e-157
28500 3.20264e-158
28510 8.3914e-159
28520 2.19247e-159
28530 5.71223e-160
28540 1.48406e-160
28550 3.84477e-161
28560 9.9326e-162
28570 2.55876e-162
28580 6.57308e-163
28590 1.68377e-163
28600 4.30099e-164
28610 1.09554e-164
28620 2.78267e-165
28630 7.04804e-166
28640 1.78012e-166
28650 4.48335e-167
28660 1.12598e-167
28670 2.81987e-168
28680 7.04211e-169
28690 1.75368e-169
28700 4.35481e-170
28710 1.07836e-170
28720 2.66273e-171
28730 6.5564e-172
28740 1.60982e-172
28750 3.94149e-173
28760 9.62314e-174
28770 2.34286e-174
28780 5.68783e-175
28790 1.37696e-175
28800 3.32403e-176
28810 8.0017e-177
28820 1.92075e-177
28830 4.59761e-178
28840 1.0974e-178
28850 2.61196e-179
28860 6.19928e-180
28870 1.46719e-180
28880 3.46261e-181
28890 8.14873e-182
28900 1.91226e-182
28910 4.47481e-183
28920 1.04417e-183
28930 2.42962e-184
28940 5.63736e-185
28950 1.30431e-185
28960 3.00924e-186
28970 6.92312e-187
28980 1.58823e-187
28990 3.63325e-188
29000 8.28791e-189
29010 1.88522e-189
29020 4.27609e-190
29030 9.67162e-191
29040 2.18132e-191
29050 4.90574e-192
29060 1.10016e-192
29070 2.46023e-193
29080 5.48607e-194
29090 1.21986e-194
29100 2.70475e-195
29110 5.98009e-196
29120 1.31842e-196
29130 2.89843e-197
29140 6.35384e-198
29150 1.38891e-198
29160 3.02743e-199
29170 6.58017e-200
29180 1.42614e-200
29190 3.08213e-201
29200 6.64203e-202
29210 1.42729e-202
29220 3.05833e-203
29230 6.53459e-204
29240 1.39223e-204
29250 2.95777e-205
29260 6.26581e-206
29270 1.32358e-206
29280 2.78792e-207
29290 5.85556e-208
29300 1.22635e-208
29310 2.56105e-209
29320 5.33309e-210
29330 1.10738e-210
29340 2.29281e-211
29350 4.73366e-212
29360 9.74498e-213
29370 2.00041e-213
29380 4.09459e-214
29390 8.35712e-215
29400 1.70081e-215
29410 3.45149e-216
29420 6.9841e-217
29430 1.40918e-217
29440 2.83512e-218
29450 5.68758e-219
29460 1.13772e-219
29470 2.26929e-220
29480 4.51331e-221
29490 8.95053e-222
29500 1.7699e-222
29510 3.48978e-223
29520 6.86109e-224
29530 1.34504e-224
29540 2.62919e-225
29550 5.12452e-226
29560 9.9593e-227
29570 1.92996e-227
29580 3.72916e-228
29590 7.18484e-229
29600 1.38027e-229
29610 2.64395e-230
29620 5.04989e-231
29630 9.61726e-232
29640 1.82625e-232
29650 3.45786e-233
29660 6.52819e-234
29670 1.2289e-234
29680 2.30662e-235
29690 4.31689e-236
29700 8.05569e-237
29710 1.49889e-237
29720 2.78079e-238
29730 5.14401e-239
29740 9.48784e-240
29750 1.74488e-240
29760 3.19959e-241
29770 5.84997e-242
29780 1.06646e-242
29790 1.93848e-243
29800 3.51324e-244
29810 6.34865e-245
29820 1.14388e-245
29830 2.05498e-246
29840 3.68095e-247
29850 6.5741e-248
29860 1.17067e-248
29870 2.07854e-249
29880 3.67963e-250
29890 6.49486e-251
29900 1.14303e-251
29910 2.00568e-252
29920 3.50903e-253
29930 6.12111e-254
29940 1.06461e-254
29950 1.8461e-255
29960 3.1892e-256
29970 5.34049e-257
29980 0
