-20 0
0 3.8463e-15
20 5.26284e-16
40 7.57144e-15
60 -2.50488e-16
80 -1.69919e-15
100 9.10402e-16
120 -1.10695e-14
140 1.00566e-14
160 -3.06977e-14
180 3.3796e-14
200 -5.61194e-14
220 6.69582e-14
240 -9.56711e-14
260 1.1452e-13
280 -1.4898e-13
300 1.65254e-13
320 -2.14184e-13
340 2.32845e-13
360 -2.79188e-13
380 2.98333e-13
400 -3.43256e-13
420 3.57318e-13
440 -3.89091e-13
460 3.92203e-13
480 -4.04874e-13
500 3.92816e-13
520 -3.71316e-13
540 3.31178e-13
560 -2.84854e-13
580 2.0695e-13
600 -1.27495e-13
620 2.48349e-14
640 8.34504e-14
660 -2.02474e-13
680 3.19447e-13
700 -4.31617e-13
720 5.31898e-13
740 -6.06601e-13
760 6.55237e-13
780 -6.62219e-13
800 6.3482e-13
820 -5.453e-13
840 4.27264e-13
860 -2.56787e-13
880 6.68016e-14
900 1.64326e-13
920 -3.67403e-13
940 5.84825e-13
960 -7.26937e-13
980 8.44989e-13
1000 -8.46637e-13
1020 8.00918e-13
1040 -6.23212e-13
1060 4.08253e-13
1080 -8.88126e-14
1100 -2.13168e-13
1120 5.51322e-13
1140 -7.95099e-13
1160 9.84712e-13
1180 -1.00688e-12
1200 9.32312e-13
1220 -6.67952e-13
1240 3.36033e-13
1260 1.14046e-13
1280 -5.1327e-13
1300 9.07482e-13
1320 -1.10447e-12
1340 1.16698e-12
1360 -9.68691e-13
1380 6.34069e-13
1400 -1.00348e-13
1420 -4.12941e-13
1440 9.29201e-13
1460 -1.20849e-12
1480 1.30421e-12
1500 -1.0467e-12
1520 6.06578e-13
1540 5.3586e-14
1560 -6.72794e-13
1580 1.20796e-12
1600 -1.4014e-12
1620 1.29745e-12
1640 -7.90488e-13
1660 1.07387e-13
1680 6.91423e-13
1700 -1.26576e-12
1720 1.54858e-12
1740 -1.32909e-12
1760 7.40893e-13
1780 1.39088e-13
1800 -9.66444e-13
1820 1.55177e-12
1840 -1.59716e-12
1860 1.14499e-12
1880 -2.36693e-13
1900 -7.46382e-13
1920 1.52834e-12
1940 -1.73861e-12
1960 1.33483e-12
1980 -3.60262e-13
2000 -7.38248e-13
2020 1.62629e-12
2040 -1.83232e-12
2060 1.31875e-12
2080 -2.03643e-13
2100 -1.02903e-12
2120 1.81945e-12
2140 -1.89906e-12
2160 9.38682e-13
2180 1.81132e-13
2200 -1.77633e-12
2220 1.68052e-12
2240 -2.17936e-12
2260 -6.77079e-13
2280 -3.19063e-13
2300 -4.42606e-12
2320 -1.69844e-12
2340 -6.21731e-12
2360 -9.33373e-12
2380 -1.06323e-11
2400 -2.12232e-11
2420 -2.77319e-11
2440 -4.17341e-11
2460 -6.51822e-11
2480 -9.05883e-11
2500 -1.36669e-10
2520 -1.98752e-10
2540 -2.84046e-10
2560 -4.14636e-10
2580 -5.90426e-10
2600 -8.40818e-10
2620 -1.1964e-09
2640 -1.68139e-09
2660 -2.36064e-09
2680 -3.29498e-09
2700 -4.56632e-09
2720 -6.30668e-09
2740 -8.65628e-09
2760 -1.18149e-08
2780 -1.60508e-08
2800 -2.16775e-08
2820 -2.91222e-08
2840 -3.89217e-08
2860 -5.17266e-08
2880 -6.83809e-08
2900 -8.99141e-08
2920 -1.17577e-07
2940 -1.52929e-07
2960 -1.97831e-07
2980 -2.54515e-07
3000 -3.25664e-07
3020 -4.14422e-07
3040 -5.24467e-07
3060 -6.60089e-07
3080 -8.26184e-07
3100 -1.02832e-06
3120 -1.27279e-06
3140 -1.56653e-06
3160 -1.9172e-06
3180 -2.33306e-06
3200 -2.82291e-06
3220 -3.39597e-06
3240 -4.0617e-06
3260 -4.82955e-06
3280 -5.70868e-06
3300 -6.70766e-06
3320 -7.83397e-06
3340 -9.09362e-06
3360 -1.04906e-05
3380 -1.20264e-05
3400 -1.36991e-05
3420 -1.55033e-05
3440 -1.74292e-05
3460 -1.9462e-05
3480 -2.15814e-05
3500 -2.37616e-05
3520 -2.59706e-05
3540 -2.817e-05
3560 -3.03157e-05
3580 -3.23574e-05
3600 -3.42399e-05
3620 -3.59034e-05
3640 -3.72845e-05
3660 -3.83182e-05
3680 -3.89387e-05
3700 -3.90818e-05
3720 -3.86864e-05
3740 -3.76972e-05
3760 -3.60664e-05
3780 -3.37561e-05
3800 -3.07406e-05
3820 -2.70079e-05
3840 -2.25617e-05
3860 -1.74226e-05
3880 -1.16288e-05
3900 -5.23679e-06
3920 1.67912e-06
3940 9.02744e-06
3960 1.67009e-05
3980 2.45785e-05
4000 3.25279e-05
4020 4.04085e-05
4040 4.80749e-05
4060 5.53808e-05
4080 6.21823e-05
4100 6.83425e-05
4120 7.37352e-05
4140 7.82482e-05
4160 8.17871e-05
4180 8.42776e-05
4200 8.56678e-05
4220 8.593e-05
4240 8.50611e-05
4260 8.30827e-05
4280 8.00405e-05
4300 7.60028e-05
4320 7.10581e-05
4340 6.53129e-05
4360 5.88878e-05
4380 5.19149e-05
4400 4.45332e-05
4420 3.68851e-05
4440 2.91128e-05
4460 2.13543e-05
4480 1.37405e-05
4500 6.39184e-06
4520 -5.83733e-07
4540 -7.09304e-06
4560 -1.30589e-05
4580 -1.84209e-05
4600 -2.31357e-05
4620 -2.71771e-05
4640 -3.05348e-05
4660 -3.32135e-05
4680 -3.52316e-05
4700 -3.66192e-05
4720 -3.74165e-05
4740 -3.76716e-05
4760 -3.74385e-05
4780 -3.67752e-05
4800 -3.57419e-05
4820 -3.43993e-05
4840 -3.28067e-05
4860 -3.10213e-05
4880 -2.90968e-05
4900 -2.70824e-05
4920 -2.50226e-05
4940 -2.29566e-05
4960 -2.0918e-05
4980 -1.8935e-05
5000 -1.70305e-05
5020 -1.52223e-05
5040 -1.35235e-05
5060 -1.19431e-05
5080 -1.04861e-05
5100 -9.15438e-06
5120 -7.94706e-06
5140 -6.86097e-06
5160 -5.89118e-06
5180 -5.03144e-06
5200 -4.27451e-06
5220 -3.61253e-06
5240 -3.03734e-06
5260 -2.54072e-06
5280 -2.11459e-06
5300 -1.75116e-06
5320 -1.44302e-06
5340 -1.18327e-06
5360 -9.65546e-07
5380 -7.84079e-07
5400 -6.33675e-07
5420 -5.09698e-07
5440 -4.08044e-07
5460 -3.25125e-07
5480 -2.57838e-07
5500 -2.03524e-07
5520 -1.59917e-07
5540 -1.25087e-07
5560 -9.74034e-08
5580 -7.54993e-08
5600 -5.82473e-08
5620 -4.47271e-08
5640 -3.41907e-08
5660 -2.60271e-08
5680 -1.97346e-08
5700 -1.49031e-08
5720 -1.12029e-08
5740 -8.3762e-09
5760 -6.22601e-09
5780 -4.60271e-09
5800 -3.39e-09
5820 -2.49383e-09
5840 -1.83607e-09
5860 -1.35239e-09
5880 -9.92466e-10
5900 -7.20011e-10
5920 -5.11408e-10
5940 -3.52658e-10
5960 -2.35561e-10
5980 -1.5427e-10
6000 -1.03003e-10
6020 -7.51678e-11
6040 -6.36193e-11
6060 -6.14871e-11
6080 -6.30192e-11
6100 -6.40901e-11
6120 -6.22899e-11
6140 -5.6592e-11
6160 -4.68105e-11
6180 -3.29823e-11
6200 -1.4755e-11
6220 9.19268e-12
6240 4.17378e-11
6260 8.80359e-11
6280 1.56599e-10
6300 2.60844e-10
6320 4.2154e-10
6340 6.7052e-10
6360 1.05627e-09
6380 1.65224e-09
6400 2.56924e-09
6420 3.97349e-09
6440 6.11314e-09
6460 9.3566e-09
6480 1.42479e-08
6500 2.15859e-08
6520 3.25375e-08
6540 4.87975e-08
6560 7.28137e-08
6580 1.08103e-07
6600 1.59687e-07
6620 2.34704e-07
6640 3.43234e-07
6660 4.9944e-07
6680 7.2311e-07
6700 1.04173e-06
6720 1.49329e-06
6740 2.12997e-06
6760 3.02304e-06
6780 4.26936e-06
6800 5.99975e-06
6820 8.38993e-06
6840 1.16746e-05
6860 1.61655e-05
6880 2.22743e-05
6900 3.05413e-05
6920 4.16722e-05
6940 5.65826e-05
6960 7.64541e-05
6980 0.000102803
7000 0.000137561
7020 0.000183181
7040 0.000242752
7060 0.000320143
7080 0.000420174
7100 0.00054881
7120 0.000713386
7140 0.000922872
7160 0.00118816
7180 0.00152241
7200 0.0019414
7220 0.0024639
7240 0.00311218
7260 0.00391238
7280 0.00489503
7300 0.00609554
7320 0.00755465
7340 0.00931891
7360 0.0114411
7380 0.0139806
7400 0.0170037
7420 0.0205837
7440 0.0248009
7460 0.0297427
7480 0.035503
7500 0.0421819
7520 0.0498843
7540 0.0587198
7560 0.0688001
7580 0.0802383
7600 0.0931462
7620 0.107632
7640 0.123799
7660 0.141741
7680 0.161538
7700 0.183256
7720 0.206945
7740 0.232629
7760 0.260308
7780 0.289955
7800 0.321511
7820 0.354883
7840 0.389945
7860 0.426532
7880 0.464444
7900 0.503446
7920 0.543264
7940 0.583596
7960 0.624107
7980 0.664438
8000 0.704208
8020 0.743022
8040 0.780475
8060 0.816162
8080 0.849682
8100 0.880648
8120 0.908691
8140 0.933471
8160 0.954685
8180 0.972065
8200 0.985395
8220 0.994506
8240 0.999285
8260 0.999676
8280 0.995678
8300 0.987352
8320 0.974812
8340 0.958226
8360 0.937812
8380 0.913835
8400 0.886596
8420 0.856433
8440 0.823706
8460 0.788797
8480 0.752099
8500 0.71401
8520 0.674925
8540 0.63523
8560 0.595298
8580 0.555478
8600 0.516097
8620 0.477453
8640 0.439813
8660 0.403408
8680 0.368437
8700 0.335063
8720 0.303415
8740 0.273589
8760 0.245646
8780 0.219623
8800 0.195525
8820 0.173335
8840 0.153014
8860 0.134506
8880 0.117738
8900 0.102627
8920 0.08908
8940 0.0769965
8960 0.0662732
8980 0.0568046
9000 0.0484853
9020 0.0412117
9040 0.0348831
9060 0.0294035
9080 0.0246815
9100 0.0206319
9120 0.0171751
9140 0.0142383
9160 0.0117548
9180 0.00966436
9200 0.0079129
9220 0.00645216
9240 0.00523941
9260 0.00423711
9280 0.00341249
9300 0.00273707
9320 0.00218635
9340 0.00173929
9360 0.00137799
9380 0.00108729
9400 0.000854415
9420 0.000668685
9440 0.0005212
9460 0.000404594
9480 0.000312802
9500 0.000240856
9520 0.000184707
9540 0.000141075
9560 0.000107315
9580 8.13045e-05
9600 6.13503e-05
9620 4.61071e-05
9640 3.4512e-05
9660 2.5729e-05
9680 1.9104e-05
9700 1.41278e-05
9720 1.04055e-05
9740 7.6325e-06
9760 5.57497e-06
9780 4.05413e-06
9800 2.93384e-06
9820 2.11089e-06
9840 1.50716e-06
9860 1.06367e-06
9880 7.35764e-07
9900 4.89392e-07
9920 2.98166e-07
9940 1.40972e-07
9960 0
