-20 0
0 -0.000929196
20 -0.00184685
40 -0.00274167
60 -0.0036028
80 -0.0044201
100 -0.00518428
120 -0.00588713
140 -0.00652162
160 -0.00708202
180 -0.00756401
200 -0.00796467
220 -0.00828255
240 -0.00851757
260 -0.00867103
280 -0.00874544
300 -0.0087445
320 -0.00867289
340 -0.00853612
360 -0.00834042
380 -0.00809251
400 -0.00779948
420 -0.00746857
440 -0.00710706
460 -0.00672209
480 -0.00632054
500 -0.00590889
520 -0.00549316
540 -0.00507878
560 -0.00467055
580 -0.00427259
600 -0.00388826
620 -0.00352021
640 -0.00317028
660 -0.00283954
680 -0.00252824
700 -0.00223583
720 -0.00196088
740 -0.0017011
760 -0.00145321
780 -0.00121295
800 -0.000974879
820 -0.000732318
840 -0.000477131
860 -0.000199535
880 0.000112146
900 0.00047177
920 0.000895701
940 0.00140318
960 0.0020167
980 0.0027625
1000 0.00367095
1020 0.00477707
1040 0.00612097
1060 0.00774834
1080 0.00971088
1100 0.0120666
1120 0.0148803
1140 0.0182235
1160 0.0221748
1180 0.0268196
1200 0.0322496
1220 0.038563
1240 0.0458629
1260 0.0542568
1280 0.063855
1300 0.0747694
1320 0.0871108
1340 0.100987
1360 0.116502
1380 0.133749
1400 0.152811
1420 0.173757
1440 0.196639
1460 0.221485
1480 0.248302
1500 0.277067
1520 0.307729
1540 0.340203
1560 0.374372
1580 0.41008
1600 0.447138
1620 0.485319
1640 0.524363
1660 0.563975
1680 0.603833
1700 0.643587
1720 0.682866
1740 0.721284
1760 0.758443
1780 0.793944
1800 0.827392
1820 0.858401
1840 0.886607
1860 0.911668
1880 0.933278
1900 0.951169
1920 0.965116
1940 0.974945
1960 0.980534
1980 0.981817
2000 0.978783
2020 0.97148
2040 0.960011
2060 0.94453
2080 0.925243
2100 0.902402
2120 0.876295
2140 0.847248
2160 0.815611
2180 0.781755
2200 0.746066
2220 0.708932
2240 0.670742
2260 0.631878
2280 0.592708
2300 0.55358
2320 0.51482
2340 0.476726
2360 0.439564
2380 0.40357
2400 0.368945
2420 0.335855
2440 0.304435
2460 0.274784
2480 0.246971
2500 0.221033
2520 0.196985
2540 0.174812
2560 0.154482
2580 0.135942
2600 0.119124
2620 0.10395
2640 0.0903281
2660 0.0781632
2680 0.0673542
2700 0.0577978
2720 0.0493907
2740 0.0420309
2760 0.0356192
2780 0.0300604
2800 0.025264
2820 0.021145
2840 0.0176245
2860 0.0146295
2880 0.0120934
2900 0.00995584
2920 0.00816239
2940 0.00666455
2960 0.00541926
2980 0.00438862
3000 0.00353945
3020 0.00284294
3040 0.00227418
3060 0.00181179
3080 0.00143755
3100 0.00113598
3120 0.000894029
3140 0.000700764
3160 0.000547057
3180 0.000425343
3200 0.000329377
3220 0.000254041
3240 0.000195152
3260 0.000149319
3280 0.000113799
3300 8.63904e-05
3320 6.53306e-05
3340 4.92185e-05
3360 3.69446e-05
3380 2.76348e-05
3400 2.06036e-05
3420 1.53164e-05
3440 1.13576e-05
3460 8.40628e-06
3480 6.21538e-06
3500 4.59566e-06
3520 3.40279e-06
3540 2.52722e-06
3560 1.88611e-06
3580 1.41707e-06
3600 1.07334e-06
3620 8.2005e-07
3640 6.31228e-07
3660 4.877e-07
3680 3.75377e-07
3700 2.83973e-07
3720 2.06064e-07
3740 1.36412e-07
3760 7.13785e-08
3780 8.54953e-09
3800 -5.3518e-08
3820 -1.15568e-07
3840 -1.77796e-07
3860 -2.39951e-07
3880 -3.01454e-07
3900 -3.61502e-07
3920 -4.19098e-07
3940 -4.73121e-07
3960 -5.2241e-07
3980 -5.65789e-07
4000 -6.021e-07
4020 -6.30286e-07
4040 -6.49401e-07
4060 -6.5862e-07
4080 -6.57315e-07
4100 -6.45021e-07
4120 -6.21433e-07
4140 -5.86426e-07
4160 -5.39996e-07
4180 -4.82187e-07
4200 -4.13045e-07
4220 -3.32499e-07
4240 -2.40185e-07
4260 -1.35284e-07
4280 -1.62792e-08
4300 1.19384e-07
4320 2.75671e-07
4340 4.58448e-07
4360 6.76143e-07
4380 9.40506e-07
4400 1.26759e-06
4420 1.67904e-06
4440 2.20358e-06
4460 2.87897e-06
4480 3.75439e-06
4500 4.89339e-06
4520 6.37747e-06
4540 8.31051e-06
4560 1.08241e-05
4580 1.4084e-05
4600 1.82979e-05
4620 2.37243e-05
4640 3.06838e-05
4660 3.95712e-05
4680 5.08708e-05
4700 6.51727e-05
4720 8.31924e-05
4740 0.000105793
4760 0.000134008
4780 0.000169072
4800 0.000212445
4820 0.000265848
4840 0.000331298
4860 0.000411138
4880 0.000508082
4900 0.000625244
4920 0.000766177
4940 0.000934909
4960 0.00113597
4980 0.00137442
5000 0.00157285
5020 0.00180605
5040 0.0020775
5060 0.00239097
5080 0.00275052
5100 0.00316046
5120 0.00362535
5140 0.00414994
5160 0.00473917
5180 0.00539805
5200 0.00613169
5220 0.00694516
5240 0.00784347
5260 0.00883144
5280 0.00991362
5300 0.0110942
5320 0.012377
5340 0.0137652
5360 0.0152611
5380 0.0168666
5400 0.0185824
5420 0.0204083
5440 0.0223429
5460 0.0243837
5480 0.0265268
5500 0.0287671
5520 0.0310978
5540 0.033511
5560 0.0359971
5580 0.0385453
5600 0.0411431
5620 0.0437769
5640 0.0464318
5660 0.0490918
5680 0.0517398
5700 0.0543583
5720 0.0569286
5740 0.0594321
5760 0.06185
5780 0.0641632
5800 0.0663535
5820 0.068403
5840 0.0702947
5860 0.0720128
5880 0.0735428
5900 0.0748721
5920 0.0759895
5940 0.076886
5960 0.077555
5980 0.0779917
6000 0.078194
6020 0.0781621
6040 0.0778987
6060 0.0774087
6080 0.0766993
6100 0.0757802
6120 0.0746626
6140 0.07336
6160 0.0718873
6180 0.0702607
6200 0.0684978
6220 0.0666168
6240 0.0646366
6260 0.0625763
6280 0.060455
6300 0.0582915
6320 0.0561042
6340 0.0539106
6360 0.051727
6380 0.0495689
6400 0.0474502
6420 0.0453831
6440 0.0433787
6460 0.0414459
6480 0.0395921
6500 0.0378232
6520 0.0361431
6540 0.0345542
6560 0.0330574
6580 0.0316521
6600 0.0303363
6620 0.0291072
6640 0.0279604
6660 0.0268913
6680 0.025894
6700 0.0249627
6720 0.0240907
6740 0.0232714
6760 0.0224981
6780 0.0217643
6800 0.0210635
6820 0.0203898
6840 0.0197374
6860 0.0191013
6880 0.0184769
6900 0.0178603
6920 0.0172481
6940 0.0166376
6960 0.0160267
6980 0.0154141
7000 0.0147987
7020 0.0141802
7040 0.0135586
7060 0.0129345
7080 0.0123088
7100 0.0116824
7120 0.0110567
7140 0.0104333
7160 0.00981338
7180 0.0091986
7200 0.00859028
7220 0.00798966
7240 0.00739773
7260 0.00681525
7280 0.00624266
7300 0.00568003
7320 0.00512704
7340 0.00458298
7360 0.00404664
7380 0.00351639
7400 0.00299008
7420 0.0024651
7440 0.00193834
7460 0.0014062
7480 0.000864611
7500 0.000309031
7520 -0.000265523
7540 -0.000864452
7560 -0.00149355
7580 -0.00215894
7600 -0.00286708
7620 -0.00362466
7640 -0.00443855
7660 -0.00531576
7680 -0.00626335
7700 -0.00728832
7720 -0.00839757
7740 -0.00959775
7760 -0.0108952
7780 -0.0122957
7800 -0.0138046
7820 -0.0154264
7840 -0.017165
7860 -0.019023
7880 -0.0210022
7900 -0.0231031
7920 -0.0253248
7940 -0.0276649
7960 -0.0301197
7980 -0.0326836
8000 -0.0353494
8020 -0.0381082
8040 -0.0409494
8060 -0.0438605
8080 -0.0468272
8100 -0.0498339
8120 -0.0528631
8140 -0.055896
8160 -0.0589125
8180 -0.0618916
8200 -0.0648113
8220 -0.0676489
8240 -0.0703815
8260 -0.0729862
8280 -0.0754402
8300 -0.0777215
8320 -0.0798089
8340 -0.0816823
8360 -0.0833234
8380 -0.0847154
8400 -0.0858438
8420 -0.0866965
8440 -0.0872638
8460 -0.0875388
8480 -0.0875175
8500 -0.0871989
8520 -0.0865848
8540 -0.0856803
8560 -0.0844932
8580 -0.0830342
8600 -0.0813168
8620 -0.0793569
8640 -0.0771727
8660 -0.0747843
8680 -0.0722135
8700 -0.0694837
8720 -0.066619
8740 -0.0636445
8760 -0.0605853
8780 -0.0574667
8800 -0.0543137
8820 -0.0511503
8840 -0.0479999
8860 -0.0448843
8880 -0.041824
8900 -0.0388377
8920 -0.0359424
8940 -0.0331529
8960 -0.0304818
8980 -0.0279399
9000 -0.0255355
9020 -0.0232749
9040 -0.0211624
9060 -0.0192
9080 -0.0173882
9100 -0.0157255
9120 -0.0142089
9140 -0.0128338
9160 -0.0115947
9180 -0.0104848
9200 -0.00949647
9220 -0.00862149
9240 -0.00785106
9260 -0.00717611
9280 -0.00658738
9300 -0.00607558
9320 -0.00563157
9340 -0.00524638
9360 -0.00491139
9380 -0.00461836
9400 -0.00435949
9420 -0.00412746
9440 -0.00391546
9460 -0.00371717
9480 -0.00352677
9500 -0.00333893
9520 -0.00314872
9540 -0.00295161
9560 -0.0027434
9580 -0.00252018
9600 -0.00227822
9620 -0.00201396
9640 -0.00172391
9660 -0.00140461
9680 -0.00105256
9700 -0.000664176
9720 -0.000235742
9740 0.000236613
9760 0.000756944
9780 0.0013295
9800 0.00195871
9820 0.0026492
9840 0.00340571
9860 0.0042331
9880 0.00513628
9900 0.0061201
9920 0.00718934
9940 0.00834854
9960 0.00960193
9980 0.0109533
10000 0.012086
10020 0.0133063
10040 0.0146152
10060 0.0160133
10080 0.0175003
10100 0.0190754
10120 0.0207366
10140 0.0224813
10160 0.0243061
10180 0.0262062
10200 0.0281763
10220 0.0302097
10240 0.0322991
10260 0.0344359
10280 0.0366107
10300 0.0388132
10320 0.0410322
10340 0.0432557
10360 0.0454712
10380 0.0476655
10400 0.0498249
10420 0.0519355
10440 0.0539832
10460 0.0559537
10480 0.0578332
10500 0.0596078
10520 0.0612642
10540 0.0627898
10560 0.0641727
10580 0.0654017
10600 0.0664668
10620 0.0673594
10640 0.0680717
10660 0.0685977
10680 0.0689325
10700 0.069073
10720 0.0690174
10740 0.0687657
10760 0.0683192
10780 0.067681
10800 0.0668555
10820 0.0658486
10840 0.0646675
10860 0.0633207
10880 0.0618178
10900 0.0601694
10920 0.0583871
10940 0.0564832
10960 0.0544705
10980 0.0523622
11000 0.0501722
11020 0.047914
11040 0.0456015
11060 0.0432484
11080 0.0408681
11100 0.0384736
11120 0.0360775
11140 0.0336919
11160 0.0313282
11180 0.0289969
11200 0.0267079
11220 0.0244704
11240 0.0222925
11260 0.0201815
11280 0.0181439
11300 0.0161852
11320 0.0143102
11340 0.0125227
11360 0.0108257
11380 0.00922159
11400 0.00771173
11420 0.00629698
11440 0.00497748
11460 0.00375276
11480 0.00262182
11500 0.00158314
11520 0.000634736
11540 -0.000225767
11560 -0.0010011
11580 -0.00169431
11600 -0.00230869
11620 -0.00284777
11640 -0.00331524
11660 -0.00371494
11680 -0.00405081
11700 -0.00432686
11720 -0.00454714
11740 -0.00471572
11760 -0.00483663
11780 -0.0049139
11800 -0.00495148
11820 -0.00495324
11840 -0.00492297
11860 -0.00486437
11880 -0.004781
11900 -0.00467632
11920 -0.00455366
11940 -0.0044162
11960 -0.00426702
11980 -0.00410904
12000 -0.00394507
12020 -0.00377779
12040 -0.00360979
12060 -0.00344351
12080 -0.00328135
12100 -0.0031256
12120 -0.00297849
12140 -0.00284223
12160 -0.00271898
12180 -0.0026109
12200 -0.00252017
12220 -0.00244899
12240 -0.00239962
12260 -0.0023744
12280 -0.00237577
12300 -0.00240628
12320 -0.00246858
12340 -0.00256552
12360 -0.00270005
12380 -0.00287531
12400 -0.00309461
12420 -0.00336142
12440 -0.00367938
12460 -0.00405225
12480 -0.00448396
12500 -0.00497855
12520 -0.00554011
12540 -0.00617281
12560 -0.0068808
12580 -0.00766821
12600 -0.00853904
12620 -0.00949714
12640 -0.0105461
12660 -0.0116893
12680 -0.0129297
12700 -0.0142696
12720 -0.0157111
12740 -0.0172553
12760 -0.018903
12780 -0.0206539
12800 -0.0225068
12820 -0.0244599
12840 -0.02651
12860 -0.0286531
12880 -0.030884
12900 -0.0331964
12920 -0.0355828
12940 -0.0380345
12960 -0.0405419
12980 -0.043094
13000 -0.0456789
13020 -0.0482837
13040 -0.0508946
13060 -0.0534969
13080 -0.0560754
13100 -0.0586142
13120 -0.061097
13140 -0.0635074
13160 -0.065829
13180 -0.0680452
13200 -0.07014
13220 -0.0720979
13240 -0.0739038
13260 -0.0755439
13280 -0.077005
13300 -0.0782754
13320 -0.0793446
13340 -0.0802036
13360 -0.0808452
13380 -0.0812636
13400 -0.0814549
13420 -0.0814171
13440 -0.0811498
13460 -0.0806548
13480 -0.0799353
13500 -0.0789967
13520 -0.0778458
13540 -0.076491
13560 -0.0749423
13580 -0.0732112
13600 -0.07131
13620 -0.0692525
13640 -0.067053
13660 -0.0647269
13680 -0.0622899
13700 -0.059758
13720 -0.0571475
13740 -0.0544747
13760 -0.0517558
13780 -0.0490065
13800 -0.0462423
13820 -0.0434779
13840 -0.0407274
13860 -0.0380041
13880 -0.0353203
13900 -0.0326876
13920 -0.0301163
13940 -0.0276159
13960 -0.0251947
13980 -0.0228598
14000 -0.0206176
14020 -0.0184732
14040 -0.0164306
14060 -0.014493
14080 -0.0126627
14100 -0.0109408
14120 -0.00932807
14140 -0.00782409
14160 -0.00642795
14180 -0.00513807
14200 -0.00395231
14220 -0.00286805
14240 -0.00188221
14260 -0.000991391
14280 -0.000191848
14300 0.000520388
14320 0.00114948
14340 0.00169975
14360 0.00217558
14380 0.00258144
14400 0.00292179
14420 0.00320107
14440 0.00342367
14460 0.00359388
14480 0.0037159
14500 0.00379379
14520 0.00383147
14540 0.00383267
14560 0.00380096
14580 0.00373972
14600 0.00365212
14620 0.00354113
14640 0.00340953
14660 0.00325987
14680 0.0030945
14700 0.00291555
14720 0.00272497
14740 0.0025245
14760 0.00231569
14780 0.00209993
14800 0.00187842
14820 0.00165222
14840 0.00142223
14860 0.00118924
14880 0.000953932
14900 0.000716875
14920 0.000478576
14940 0.000239482
14960 0
