-10 0
0 -1.35368e-14
10 -2.81496e-14
20 -2.2062e-14
30 -2.24137e-14
40 -3.33471e-14
50 -4.98509e-14
60 -2.615e-14
70 -2.79833e-14
80 -5.37442e-14
90 -4.59914e-14
100 -5.09239e-14
110 -6.41964e-14
120 -5.28367e-14
130 -5.90948e-14
140 -4.70406e-14
150 -5.84274e-14
160 -5.1936e-14
170 -6.52132e-14
180 -4.35379e-14
190 -3.96036e-14
200 -4.27189e-14
210 -2.67818e-14
220 -1.99592e-14
230 -2.84002e-14
240 -2.73754e-14
250 -2.07243e-14
260 -1.3833e-14
270 -4.76385e-15
280 -7.71716e-15
290 -7.72669e-15
300 -3.86735e-14
310 -3.57927e-14
320 -3.49285e-14
330 -2.10844e-14
340 -1.82586e-14
350 -8.79751e-15
360 -7.70199e-15
370 -7.4771e-15
380 -9.48507e-15
390 -1.14755e-14
400 -2.24117e-14
410 -3.34494e-14
420 -2.52522e-14
430 -2.43279e-14
440 -2.4132e-14
450 -3.16682e-14
460 -2.05016e-14
470 -1.7095e-14
480 1.01371e-14
490 4.6182e-15
500 3.40512e-14
510 2.92744e-14
520 3.84719e-14
530 4.57149e-14
540 6.09641e-14
550 5.29408e-14
560 6.46741e-14
570 6.8285e-14
580 8.16108e-14
590 9.06924e-14
600 8.92725e-14
610 8.93071e-14
620 7.88953e-14
630 8.99567e-14
640 1.05543e-13
650 9.4248e-14
660 1.14033e-13
670 1.25796e-13
680 1.17848e-13
690 1.48704e-13
700 1.33212e-13
710 1.33882e-13
720 1.29522e-13
730 1.32406e-13
740 1.34439e-13
750 1.29327e-13
760 1.26939e-13
770 1.38093e-13
780 1.42245e-13
790 1.43125e-13
800 1.67025e-13
810 1.58011e-13
820 1.80884e-13
830 1.71355e-13
840 1.71659e-13
850 1.74933e-13
860 1.70326e-13
870 1.70861e-13
880 1.59748e-13
890 1.61779e-13
900 1.70909e-13
910 1.52459e-13
920 1.47327e-13
930 1.3247e-13
940 1.2542e-13
950 1.15539e-13
960 1.17228e-13
970 1.28012e-13
980 1.2068e-13
990 1.30501e-13
1000 1.24665e-13
1010 1.43796e-13
1020 1.48571e-13
1030 1.55668e-13
1040 1.6371e-13
1050 1.60688e-13
1060 1.51965e-13
1070 1.5512e-13
1080 1.70548e-13
1090 1.68178e-13
1100 1.66371e-13
1110 1.64399e-13
1120 1.60963e-13
1130 1.56791e-13
1140 1.46095e-13
1150 1.45481e-13
1160 1.44301e-13
1170 1.69077e-13
1180 1.62831e-13
1190 1.51954e-13
1200 1.51361e-13
1210 1.58694e-13
1220 1.69564e-13
1230 1.76255e-13
1240 1.82703e-13
1250 2.03159e-13
1260 1.88125e-13
1270 2.10635e-13
1280 1.90562e-13
1290 1.92929e-13
1300 1.8261e-13
1310 2.02579e-13
1320 2.01766e-13
1330 1.99705e-13
1340 1.96847e-13
1350 2.12757e-13
1360 1.90096e-13
1370 1.96591e-13
1380 2.07911e-13
1390 2.08136e-13
1400 2.2072e-13
1410 2.30342e-13
1420 2.31041e-13
1430 2.27522e-13
1440 2.45731e-13
1450 2.3917e-13
1460 2.34584e-13
1470 2.25612e-13
1480 2.1191e-13
1490 2.46295e-13
1500 2.3538e-13
1510 2.3104e-13
1520 2.19497e-13
1530 2.39382e-13
1540 2.41008e-13
1550 2.42677e-13
1560 2.65183e-13
1570 2.67353e-13
1580 2.63448e-13
1590 2.55925e-13
1600 2.56168e-13
1610 2.58243e-13
1620 2.60936e-13
1630 2.55568e-13
1640 2.58743e-13
1650 2.75669e-13
1660 2.77669e-13
1670 2.73563e-13
1680 2.68838e-13
1690 2.714e-13
1700 2.56024e-13
1710 2.57855e-13
1720 2.68663e-13
1730 2.63921e-13
1740 3.03688e-13
1750 3.13806e-13
1760 3.45757e-13
1770 3.84198e-13
1780 4.13706e-13
1790 4.6597e-13
1800 5.47225e-13
1810 6.60725e-13
1820 8.59927e-13
1830 1.19152e-12
1840 1.69412e-12
1850 2.48457e-12
1860 3.72154e-12
1870 5.62625e-12
1880 8.58202e-12
1890 1.31343e-11
1900 2.00595e-11
1910 3.06611e-11
1920 4.68059e-11
1930 7.12283e-11
1940 1.08212e-10
1950 1.63867e-10
1960 2.47434e-10
1970 3.72408e-10
1980 5.58773e-10
1990 8.35693e-10
2000 1.24574e-09
2010 1.85083e-09
2020 2.74066e-09
2030 4.04472e-09
2040 5.9492e-09
2050 8.72086e-09
2060 1.27404e-08
2070 1.85493e-08
2080 2.69144e-08
2090 3.8918e-08
2100 5.60814e-08
2110 8.05353e-08
2120 1.15252e-07
2130 1.6436e-07
2140 2.33575e-07
2150 3.30778e-07
2160 4.66787e-07
2170 6.56399e-07
2180 9.19772e-07
2190 1.28425e-06
2200 1.78677e-06
2210 2.47706e-06
2220 3.42172e-06
2230 4.70964e-06
2240 6.45893e-06
2250 8.82588e-06
2260 1.20164e-05
2270 1.63006e-05
2280 2.20313e-05
2290 2.96673e-05
2300 3.98027e-05
2310 5.3203e-05
2320 7.08506e-05
2330 9.40004e-05
2340 0.000124247
2350 0.000163611
2360 0.000214632
2370 0.000280499
2380 0.000365188
2390 0.000473633
2400 0.000611931
2410 0.000787572
2420 0.00100972
2430 0.00128951
2440 0.00164044
2450 0.00207872
2460 0.00262377
2470 0.00329871
2480 0.0041309
2490 0.00515252
2500 0.00640121
2510 0.00792073
2520 0.0097616
2530 0.0119818
2540 0.0146475
2550 0.0178335
2560 0.0216238
2570 0.0261122
2580 0.0314025
2590 0.0376085
2600 0.044854
2610 0.0532724
2620 0.0630058
2630 0.0742041
2640 0.0870237
2650 0.101625
2660 0.11817
2670 0.136821
2680 0.157734
2690 0.181057
2700 0.206928
2710 0.235465
2720 0.266763
2730 0.300891
2740 0.337885
2750 0.377742
2760 0.420416
2770 0.465812
2780 0.513785
2790 0.564132
2800 0.616595
2810 0.670856
2820 0.726538
2830 0.783209
2840 0.840383
2850 0.897524
2860 0.954058
2870 1.00937
2880 1.06284
2890 1.11382
2900 1.16165
2910 1.20571
2920 1.24539
2930 1.28013
2940 1.3094
2950 1.33277
2960 1.34985
2970 1.36036
2980 1.36411
2990 1.361
3000 1.35105
3010 1.33436
3020 1.31114
3030 1.28172
3040 1.24649
3050 1.20594
3060 1.16061
3070 1.11112
3080 1.05812
3090 1.00229
3100 0.944332
3110 0.884943
3120 0.824802
3130 0.764565
3140 0.704847
3150 0.646213
3160 0.589174
3170 0.534174
3180 0.48159
3190 0.431731
3200 0.384835
3210 0.341071
3220 0.300545
3230 0.2633
3240 0.229326
3250 0.198563
3260 0.170912
3270 0.146237
3280 0.124375
3290 0.105145
3300 0.0883481
3310 0.0737815
3320 0.0612378
3330 0.050512
3340 0.0414051
3350 0.033727
3360 0.0272991
3370 0.0219556
3380 0.0175448
3390 0.0139295
3400 0.0109873
3410 0.00860977
3420 0.00670217
3430 0.00518253
3440 0.0039806
3450 0.00303679
3460 0.00230099
3470 0.00173153
3480 0.001294
3490 0.000960294
3500 0.000707647
3510 0.000517781
3520 0.000376156
3530 0.000271304
3540 0.000194261
3550 0.000138079
3560 9.74224e-05
3570 6.82257e-05
3580 4.74207e-05
3590 3.27107e-05
3600 2.23915e-05
3610 1.52097e-05
3620 1.0251e-05
3630 6.85472e-06
3640 4.54736e-06
3650 2.99255e-06
3660 1.95344e-06
3670 1.26474e-06
3680 8.12092e-07
3690 5.17103e-07
3700 3.26495e-07
3710 2.04392e-07
3720 1.26852e-07
3730 7.8043e-08
3740 4.75916e-08
3750 2.87634e-08
3760 1.72273e-08
3770 1.02238e-08
3780 6.01137e-09
3790 3.5015e-09
3800 2.02022e-09
3810 1.15441e-09
3820 6.53252e-10
3830 3.66037e-10
3840 2.03059e-10
3850 1.11542e-10
3860 6.06609e-11
3870 3.26427e-11
3880 1.7412e-11
3890 9.21075e-12
3900 4.82605e-12
3910 2.49502e-12
3920 1.30915e-12
3930 7.1893e-13
3940 3.68528e-13
3950 1.79343e-13
3960 1.42738e-13
3970 1.14099e-13
3980 9.06454e-14
3990 5.90972e-14
4000 6.86694e-14
4010 7.2881e-14
4020 6.11432e-14
4030 5.44738e-14
4040 3.55128e-14
4050 5.69574e-14
4060 7.32579e-14
4070 3.43948e-14
4080 5.24541e-14
4090 3.7333e-14
4100 4.67138e-14
4110 5.17892e-14
4120 4.4859e-14
4130 3.96864e-14
4140 4.60429e-14
4150 2.3113e-14
4160 2.02706e-14
4170 1.78043e-14
4180 9.60086e-15
4190 -5.65957e-15
4200 -1.02242e-15
4210 1.24513e-14
4220 1.53385e-14
4230 3.0137e-15
4240 -9.10951e-15
4250 4.1545e-15
4260 1.77742e-15
4270 5.78432e-15
4280 3.95366e-14
4290 5.163e-14
4300 5.56335e-14
4310 6.41389e-14
4320 6.80562e-14
4330 9.3636e-14
4340 8.69809e-14
4350 7.62571e-14
4360 8.26471e-14
4370 6.02149e-14
4380 7.86478e-14
4390 6.76133e-14
4400 7.56157e-14
4410 5.46108e-14
4420 4.57044e-14
4430 4.04396e-14
4440 2.96778e-14
4450 2.60433e-14
4460 3.21836e-14
4470 1.74552e-14
4480 1.39578e-15
4490 1.74229e-14
4500 1.02869e-14
4510 -6.18839e-15
4520 -1.3858e-14
4530 -2.05261e-15
4540 -3.62829e-15
4550 -1.71001e-14
4560 -2.18301e-14
4570 -1.05584e-14
4580 -2.01068e-14
4590 -6.20179e-14
4600 -4.69443e-14
4610 -3.84717e-14
4620 -7.4772e-14
4630 -7.90206e-14
4640 -8.37481e-14
4650 -1.11701e-13
4660 -7.56424e-14
4670 -9.04307e-14
4680 -8.87993e-14
4690 -8.81759e-14
4700 -8.20279e-14
4710 -8.01403e-14
4720 -8.62893e-14
4730 -6.58878e-14
4740 -7.00888e-14
4750 -8.22581e-14
4760 -7.38883e-14
4770 -6.10546e-14
4780 -7.17935e-14
4790 -6.94925e-14
4800 -7.52295e-14
4810 -7.88095e-14
4820 -6.26384e-14
4830 -7.65158e-14
4840 -9.33634e-14
4850 -8.91198e-14
4860 -6.7852e-14
4870 -8.63146e-14
4880 -1.01264e-13
4890 -1.02719e-13
4900 -1.25924e-13
4910 -1.23856e-13
4920 -1.24089e-13
4930 -1.30011e-13
4940 -1.19532e-13
4950 -1.14281e-13
4960 -1.37637e-13
4970 -1.33569e-13
4980 -1.17128e-13
4990 -1.1894e-13
5000 -1.08237e-13
5010 -1.19355e-13
5020 -1.42899e-13
5030 -1.40154e-13
5040 -1.37629e-13
5050 -1.39173e-13
5060 -1.4115e-13
5070 -1.32038e-13
5080 -1.42474e-13
5090 -1.40304e-13
5100 -1.2163e-13
5110 -1.27641e-13
5120 -1.22328e-13
5130 -1.41661e-13
5140 -1.33901e-13
5150 -1.21478e-13
5160 -1.18519e-13
5170 -9.61582e-14
5180 -7.21348e-14
5190 -8.42505e-14
5200 -5.93039e-14
5210 -6.5179e-14
5220 -8.13978e-14
5230 -8.89689e-14
5240 -7.13331e-14
5250 -8.40888e-14
5260 -9.76676e-14
5270 -8.78441e-14
5280 -8.88385e-14
5290 -1.12342e-13
5300 -1.01267e-13
5310 -8.34606e-14
5320 -7.55861e-14
5330 -7.93482e-14
5340 -8.76132e-14
5350 -8.70939e-14
5360 -8.44728e-14
5370 -8.93409e-14
5380 -7.96602e-14
5390 -6.05098e-14
5400 -6.94575e-14
5410 -7.66429e-14
5420 -8.00598e-14
5430 -5.97902e-14
5440 -5.25983e-14
5450 -4.78245e-14
5460 -6.51676e-14
5470 -6.56932e-14
5480 -3.48972e-14
5490 -4.04021e-14
5500 -3.08059e-14
5510 -1.81587e-14
5520 -3.32384e-14
5530 -5.10882e-14
5540 -2.17637e-14
5550 -1.67305e-14
5560 -7.48841e-15
5570 -1.92852e-14
5580 -2.2434e-14
5590 -2.9355e-14
5600 -3.23853e-14
5610 -6.72449e-14
5620 -3.66505e-14
5630 -4.23318e-14
5640 -1.71956e-14
5650 -3.09215e-15
5660 -1.04158e-14
5670 -1.89002e-14
5680 -4.45014e-14
5690 -4.5776e-14
5700 -1.46104e-14
5710 -1.03645e-14
5720 -2.24282e-15
5730 -9.55242e-15
5740 -3.256e-14
5750 -4.24981e-14
5760 -2.02525e-14
5770 -2.02593e-14
5780 -3.19934e-14
5790 -7.92628e-14
5800 -6.70104e-14
5810 -4.74519e-14
5820 -3.91097e-14
5830 -1.32904e-14
5840 -3.36376e-14
5850 -4.82082e-14
5860 -3.37845e-14
5870 -3.04478e-14
5880 -2.68807e-14
5890 -3.44856e-14
5900 -1.8617e-14
5910 -3.34954e-14
5920 -1.11067e-14
5930 -1.85211e-14
5940 -2.17142e-14
5950 -1.66394e-14
5960 -2.03132e-14
5970 -7.13031e-15
5980 -2.33228e-14
5990 -4.83905e-14
6000 -1.22752e-13
6010 -2.63714e-13
6020 -5.61563e-13
6030 -1.17103e-12
6040 -2.41503e-12
6050 -4.91315e-12
6060 -9.91088e-12
6070 -1.97466e-11
6080 -3.89486e-11
6090 -7.59458e-11
6100 -1.46395e-10
6110 -2.78983e-10
6120 -5.25659e-10
6130 -9.79487e-10
6140 -1.80509e-09
6150 -3.29058e-09
6160 -5.93462e-09
6170 -1.05907e-08
6180 -1.87036e-08
6190 -3.26936e-08
6200 -5.6571e-08
6210 -9.69122e-08
6220 -1.64389e-07
6230 -2.76144e-07
6240 -4.5943e-07
6250 -7.57142e-07
6260 -1.23612e-06
6270 -1.99951e-06
6280 -3.20487e-06
6290 -5.09065e-06
6300 -8.01414e-06
6310 -1.25057e-05
6320 -1.93451e-05
6330 -2.9668e-05
6340 -4.51134e-05
6350 -6.80238e-05
6360 -0.000101718
6370 -0.000150853
6380 -0.000221905
6390 -0.0003238
6400 -0.000468728
6410 -0.000673185
6420 -0.000959295
6430 -0.00135647
6440 -0.00190344
6450 -0.00265079
6460 -0.00366396
6470 -0.00502684
6480 -0.00684607
6490 -0.00925589
6500 -0.0124239
6510 -0.0165571
6520 -0.0219094
6530 -0.0287888
6540 -0.0375656
6550 -0.0486809
6560 -0.0626545
6570 -0.0800938
6580 -0.1017
6590 -0.128277
6600 -0.160732
6610 -0.200082
6620 -0.247449
6630 -0.30406
6640 -0.371239
6650 -0.450391
6660 -0.542985
6670 -0.650535
6680 -0.774567
6690 -0.916586
6700 -1.07804
6710 -1.26026
6720 -1.46444
6730 -1.69156
6740 -1.94234
6750 -2.21721
6760 -2.51622
6770 -2.83901
6780 -3.1848
6790 -3.55229
6800 -3.93973
6810 -4.3448
6820 -4.76472
6830 -5.19617
6840 -5.63541
6850 -6.07825
6860 -6.52015
6870 -6.95631
6880 -7.38171
6890 -7.79124
6900 -8.17979
6910 -8.54237
6920 -8.8742
6930 -9.17084
6940 -9.42824
6950 -9.64292
6960 -9.81195
6970 -9.93309
6980 -10.0048
6990 -10.0263
7000 -9.99757
7010 -9.91929
7020 -9.79292
7030 -9.62058
7040 -9.40502
7050 -9.14953
7060 -8.85791
7070 -8.53429
7080 -8.18313
7090 -7.80904
7100 -7.41675
7110 -7.01097
7120 -6.59633
7130 -6.17726
7140 -5.75797
7150 -5.34237
7160 -4.934
7170 -4.53603
7180 -4.15119
7190 -3.78182
7200 -3.4298
7210 -3.09661
7220 -2.78332
7230 -2.49064
7240 -2.21888
7250 -1.96809
7260 -1.73801
7270 -1.52815
7280 -1.33781
7290 -1.16612
7300 -1.0121
7310 -0.87467
7320 -0.752685
7330 -0.644969
7340 -0.550338
7350 -0.46762
7360 -0.395674
7370 -0.333404
7380 -0.279771
7390 -0.233796
7400 -0.194574
7410 -0.16127
7420 -0.133122
7430 -0.109441
7440 -0.0896095
7450 -0.0730765
7460 -0.0593551
7470 -0.0480179
7480 -0.0386918
7490 -0.0310538
7500 -0.0248253
7510 -0.0197682
7520 -0.0156797
7530 -0.0123884
7540 -0.00975004
7550 -0.00764391
7560 -0.00596967
7570 -0.00464427
7580 -0.00359934
7590 -0.0027789
7600 -0.00213735
7610 -0.0016377
7620 -0.00125014
7630 -0.000950717
7640 -0.000720311
7650 -0.000543715
7660 -0.000408893
7670 -0.000306367
7680 -0.000228704
7690 -0.000170103
7700 -0.000126055
7710 -9.30734e-05
7720 -6.84721e-05
7730 -5.01914e-05
7740 -3.66589e-05
7750 -2.66789e-05
7760 -1.93464e-05
7770 -1.39792e-05
7780 -1.00652e-05
7790 -7.22138e-06
7800 -5.16279e-06
7810 -3.67807e-06
7820 -2.61115e-06
7830 -1.84725e-06
7840 -1.30228e-06
7850 -9.14902e-07
7860 -6.40533e-07
7870 -4.46899e-07
7880 -3.10731e-07
7890 -2.15313e-07
7900 -1.48686e-07
7910 -1.02328e-07
7920 -7.01845e-08
7930 -4.79755e-08
7940 -3.26838e-08
7950 -2.21915e-08
7960 -1.5017e-08
7970 -1.01282e-08
7980 -6.80822e-09
7990 -4.56137e-09
8000 -3.04595e-09
8010 -2.02733e-09
8020 -1.34494e-09
8030 -8.89349e-10
8040 -5.86191e-10
8050 -3.85142e-10
8060 -2.52267e-10
8070 -1.64711e-10
8080 -1.0724e-10
8090 -6.96064e-11
8100 -4.50725e-11
8110 -2.91276e-11
8120 -1.87919e-11
8130 -1.21148e-11
8140 -7.80989e-12
8150 -5.04828e-12
8160 -3.28797e-12
8170 -2.16696e-12
8180 -1.45038e-12
8190 -9.95463e-13
8200 -7.09344e-13
8210 -5.31748e-13
8220 -4.34355e-13
8230 -3.64497e-13
8240 -3.14219e-13
8250 -2.80501e-13
8260 -2.67841e-13
8270 -2.56461e-13
8280 -2.3971e-13
8290 -2.39565e-13
8300 -2.23312e-13
8310 -2.24309e-13
8320 -2.16627e-13
8330 -2.11227e-13
8340 -2.28327e-13
8350 -2.35535e-13
8360 -2.46688e-13
8370 -2.31095e-13
8380 -2.28799e-13
8390 -2.36068e-13
8400 -2.4146e-13
8410 -2.57267e-13
8420 -2.48873e-13
8430 -2.64429e-13
8440 -2.59526e-13
8450 -2.69745e-13
8460 -2.62907e-13
8470 -2.60324e-13
8480 -2.65114e-13
8490 -2.84832e-13
8500 -2.86618e-13
8510 -2.86432e-13
8520 -2.94986e-13
8530 -2.98319e-13
8540 -2.98571e-13
8550 -3.06819e-13
8560 -3.18842e-13
8570 -3.22142e-13
8580 -3.11444e-13
8590 -3.06426e-13
8600 -2.95206e-13
8610 -2.94412e-13
8620 -2.99363e-13
8630 -3.03609e-13
8640 -3.07091e-13
8650 -3.08587e-13
8660 -3.10492e-13
8670 -3.06052e-13
8680 -3.09886e-13
8690 -3.02785e-13
8700 -3.12885e-13
8710 -3.21738e-13
8720 -3.20373e-13
8730 -3.26106e-13
8740 -3.12506e-13
8750 -3.05012e-13
8760 -3.20177e-13
8770 -3.13006e-13
8780 -3.11693e-13
8790 -3.11444e-13
8800 -3.02118e-13
8810 -3.06511e-13
8820 -2.94019e-13
8830 -3.0653e-13
8840 -3.09928e-13
8850 -3.04934e-13
8860 -3.09421e-13
8870 -3.05212e-13
8880 -3.00779e-13
8890 -2.95988e-13
8900 -2.94671e-13
8910 -3.05843e-13
8920 -3.17205e-13
8930 -3.11783e-13
8940 -3.2382e-13
8950 -3.2576e-13
8960 -3.25462e-13
8970 -3.19534e-13
8980 -3.21633e-13
8990 -3.22257e-13
9000 -3.19011e-13
9010 -3.10072e-13
9020 -3.01024e-13
9030 -2.98708e-13
9040 -3.08853e-13
9050 -2.91561e-13
9060 -2.96949e-13
9070 -3.0575e-13
9080 -2.99945e-13
9090 -3.04716e-13
9100 -3.09328e-13
9110 -3.133e-13
9120 -3.08562e-13
9130 -2.97519e-13
9140 -3.0585e-13
9150 -2.90757e-13
9160 -3.11964e-13
9170 -2.9236e-13
9180 -3.0456e-13
9190 -3.03651e-13
9200 -2.96211e-13
9210 -2.98168e-13
9220 -2.95312e-13
9230 -3.1252e-13
9240 -3.14588e-13
9250 -3.08116e-13
9260 -3.29786e-13
9270 -3.06112e-13
9280 -3.14544e-13
9290 -3.04613e-13
9300 -3.11292e-13
9310 -3.08023e-13
9320 -3.06265e-13
9330 -2.97211e-13
9340 -2.96773e-13
9350 -2.94676e-13
9360 -2.8803e-13
9370 -2.9769e-13
9380 -2.95152e-13
9390 -2.96307e-13
9400 -2.96304e-13
9410 -3.08443e-13
9420 -3.08359e-13
9430 -3.06684e-13
9440 -3.16321e-13
9450 -3.01702e-13
9460 -3.03341e-13
9470 -2.83937e-13
9480 -2.81411e-13
9490 -2.80583e-13
9500 -2.78498e-13
9510 -2.75358e-13
9520 -2.76766e-13
9530 -2.69014e-13
9540 -2.74626e-13
9550 -2.57328e-13
9560 -2.60717e-13
9570 -2.54307e-13
9580 -2.60576e-13
9590 -2.43951e-13
9600 -2.34127e-13
9610 -2.41543e-13
9620 -2.36008e-13
9630 -2.47538e-13
9640 -2.19945e-13
9650 -2.20088e-13
9660 -2.18732e-13
9670 -2.05206e-13
9680 -2.21421e-13
9690 -2.06582e-13
9700 -2.13538e-13
9710 -2.08783e-13
9720 -2.02574e-13
9730 -1.92075e-13
9740 -1.93013e-13
9750 -1.91845e-13
9760 -1.98392e-13
9770 -1.96899e-13
9780 -1.92608e-13
9790 -1.92556e-13
9800 -1.98482e-13
9810 -1.90662e-13
9820 -1.89728e-13
9830 -1.8779e-13
9840 -2.00187e-13
9850 -1.91486e-13
9860 -1.92436e-13
9870 -1.90986e-13
9880 -2.06398e-13
9890 -2.09913e-13
9900 -2.01431e-13
9910 -2.07201e-13
9920 -1.99575e-13
9930 -2.13742e-13
9940 -2.07217e-13
9950 -2.14964e-13
9960 -2.11883e-13
9970 -2.16049e-13
9980 -2.22606e-13
9990 -2.22621e-13
10000 -2.27118e-13
10010 -2.27463e-13
10020 -2.19613e-13
10030 -2.15594e-13
10040 -2.32863e-13
10050 -2.34521e-13
10060 -2.39751e-13
10070 -2.505e-13
10080 -2.51121e-13
10090 -2.54072e-13
10100 -2.50541e-13
10110 -2.65473e-13
10120 -2.7522e-13
10130 -2.73502e-13
10140 -2.86305e-13
10150 -3.01787e-13
10160 -2.90835e-13
10170 -2.84674e-13
10180 -2.82087e-13
10190 -2.91997e-13
10200 -2.97649e-13
10210 -2.87546e-13
10220 -2.91965e-13
10230 -3.01346e-13
10240 -2.97102e-13
10250 -2.9317e-13
10260 -2.88206e-13
10270 -3.04325e-13
10280 -3.08388e-13
10290 -2.92395e-13
10300 -2.85902e-13
10310 -2.86593e-13
10320 -2.78169e-13
10330 -2.90447e-13
10340 -2.97258e-13
10350 -2.98843e-13
10360 -3.00484e-13
10370 -3.04766e-13
10380 -3.0429e-13
10390 -3.07346e-13
10400 -2.98966e-13
10410 -2.92194e-13
10420 -2.98192e-13
10430 -3.00696e-13
10440 -2.87381e-13
10450 -2.95435e-13
10460 -2.90407e-13
10470 -2.82458e-13
10480 -2.74908e-13
10490 -2.83189e-13
10500 -2.84863e-13
10510 -2.83757e-13
10520 -2.84075e-13
10530 -2.87761e-13
10540 -2.94476e-13
10550 -2.97478e-13
10560 -3.06477e-13
10570 -3.13677e-13
10580 -3.24979e-13
10590 -3.1928e-13
10600 -3.2004e-13
10610 -3.14311e-13
10620 -3.35445e-13
10630 -3.38023e-13
10640 -3.44008e-13
10650 -3.4359e-13
10660 -3.41973e-13
10670 -3.51789e-13
10680 -3.53638e-13
10690 -3.55558e-13
10700 -3.46552e-13
10710 -3.28762e-13
10720 -3.22908e-13
10730 -3.23003e-13
10740 -3.17883e-13
10750 -3.14434e-13
10760 -3.1182e-13
10770 -3.11106e-13
10780 -3.13734e-13
10790 -2.99357e-13
10800 -3.05907e-13
10810 -3.07239e-13
10820 -3.09031e-13
10830 -3.09028e-13
10840 -3.06976e-13
10850 -3.06336e-13
10860 -2.98299e-13
10870 -3.04346e-13
10880 -3.00969e-13
10890 -3.15108e-13
10900 -3.1343e-13
10910 -3.05592e-13
10920 -3.09071e-13
10930 -3.13834e-13
10940 -3.00943e-13
10950 -2.90184e-13
10960 -2.84393e-13
10970 -2.84325e-13
10980 -2.75332e-13
10990 -2.88351e-13
11000 -2.99774e-13
11010 -3.10693e-13
11020 -3.05607e-13
11030 -3.05637e-13
11040 -2.96154e-13
11050 -3.01936e-13
11060 -2.89698e-13
11070 -2.98167e-13
11080 -3.00066e-13
11090 -3.11233e-13
11100 -3.07518e-13
11110 -2.99179e-13
11120 -3.07904e-13
11130 -3.04648e-13
11140 -3.03149e-13
11150 -3.14613e-13
11160 -3.2229e-13
11170 -3.01063e-13
11180 -3.01476e-13
11190 -2.95368e-13
11200 -2.95512e-13
11210 -2.88676e-13
11220 -2.93477e-13
11230 -3.03668e-13
11240 -3.10039e-13
11250 -2.92961e-13
11260 -2.91142e-13
11270 -2.89283e-13
11280 -2.87857e-13
11290 -2.91629e-13
11300 -2.96557e-13
11310 -2.86005e-13
11320 -2.87307e-13
11330 -2.89681e-13
11340 -2.95356e-13
11350 -2.8899e-13
11360 -2.96724e-13
11370 -2.87981e-13
11380 -2.99592e-13
11390 -2.85346e-13
11400 -2.89228e-13
11410 -2.94573e-13
11420 -2.88021e-13
11430 -2.83439e-13
11440 -2.75191e-13
11450 -2.88533e-13
11460 -2.86677e-13
11470 -2.85884e-13
11480 -2.75242e-13
11490 -2.75251e-13
11500 -2.73566e-13
11510 -2.69312e-13
11520 -2.83956e-13
11530 -2.82003e-13
11540 -2.86048e-13
11550 -2.792e-13
11560 -2.80613e-13
11570 -2.94099e-13
11580 -2.98545e-13
11590 -3.05348e-13
11600 -3.03677e-13
11610 -3.08759e-13
11620 -3.02073e-13
11630 -3.09508e-13
11640 -3.28868e-13
11650 -3.27238e-13
11660 -3.38363e-13
11670 -3.4304e-13
11680 -3.45723e-13
11690 -3.50383e-13
11700 -3.38971e-13
11710 -3.34645e-13
11720 -3.39637e-13
11730 -3.4278e-13
11740 -3.43899e-13
11750 -3.40636e-13
11760 -3.40146e-13
11770 -3.40883e-13
11780 -3.34065e-13
11790 -3.45572e-13
11800 -3.47693e-13
11810 -3.48123e-13
11820 -3.42039e-13
11830 -3.36793e-13
11840 -3.32489e-13
11850 -3.34733e-13
11860 -3.44242e-13
11870 -3.42768e-13
11880 -3.48677e-13
11890 -3.51179e-13
11900 -3.49926e-13
11910 -3.49946e-13
11920 -3.57583e-13
11930 -3.52447e-13
11940 -3.57516e-13
11950 -3.5411e-13
11960 -3.56247e-13
11970 -3.59732e-13
11980 -3.62491e-13
11990 -3.6495e-13
12000 -3.54074e-13
12010 -3.61588e-13
12020 -3.4096e-13
12030 -3.42871e-13
12040 -3.53059e-13
12050 -3.65494e-13
12060 -3.62645e-13
12070 -3.7108e-13
12080 -3.52257e-13
12090 -3.67005e-13
12100 -3.53966e-13
12110 -3.39615e-13
12120 -3.31322e-13
12130 -3.44922e-13
12140 -3.3333e-13
12150 -3.40774e-13
12160 -3.28093e-13
12170 -3.36259e-13
12180 -3.2735e-13
12190 -3.32319e-13
12200 -3.30127e-13
12210 -3.38495e-13
12220 -3.44346e-13
12230 -3.50502e-13
12240 -3.44154e-13
12250 -3.46346e-13
12260 -3.35974e-13
12270 -3.42347e-13
12280 -3.46005e-13
12290 -3.43034e-13
12300 -3.37565e-13
12310 -3.28255e-13
12320 -3.34888e-13
12330 -3.33151e-13
12340 -3.30269e-13
12350 -3.19285e-13
12360 -3.16756e-13
12370 -3.07732e-13
12380 -3.18893e-13
12390 -3.12932e-13
12400 -3.15659e-13
12410 -3.09729e-13
12420 -3.03988e-13
12430 -3.05524e-13
12440 -3.12097e-13
12450 -3.07566e-13
12460 -3.18731e-13
12470 -3.16668e-13
12480 -3.17929e-13
12490 -3.16195e-13
12500 -3.09134e-13
12510 -3.05412e-13
12520 -3.05767e-13
12530 -3.17763e-13
12540 -3.09575e-13
12550 -3.15163e-13
12560 -3.04303e-13
12570 -2.9281e-13
12580 -3.04561e-13
12590 -3.0272e-13
12600 -3.13345e-13
12610 -3.0563e-13
12620 -3.15957e-13
12630 -3.11353e-13
12640 -3.2219e-13
12650 -3.36272e-13
12660 -3.40134e-13
12670 -3.46148e-13
12680 -3.51762e-13
12690 -3.60095e-13
12700 -3.59028e-13
12710 -3.60898e-13
12720 -3.63329e-13
12730 -3.64973e-13
12740 -3.6065e-13
12750 -3.58759e-13
12760 -3.55985e-13
12770 -3.57729e-13
12780 -3.48415e-13
12790 -3.44457e-13
12800 -3.44693e-13
12810 -3.58858e-13
12820 -3.49335e-13
12830 -3.48283e-13
12840 -3.49426e-13
12850 -3.5648e-13
12860 -3.62843e-13
12870 -3.45451e-13
12880 -3.59637e-13
12890 -3.52449e-13
12900 -3.64694e-13
12910 -3.451e-13
12920 -3.58465e-13
12930 -3.59991e-13
12940 -3.58123e-13
12950 -3.37135e-13
12960 -3.52116e-13
12970 -3.3709e-13
12980 -3.46612e-13
12990 -3.24223e-13
13000 -3.40556e-13
13010 -3.44723e-13
13020 -3.35259e-13
13030 -3.33557e-13
13040 -3.33326e-13
13050 -3.38781e-13
13060 -3.20667e-13
13070 -3.32082e-13
13080 -3.25667e-13
13090 -3.22418e-13
13100 -3.21452e-13
13110 -3.26003e-13
13120 -3.2684e-13
13130 -3.39184e-13
13140 -3.28833e-13
13150 -3.24043e-13
13160 -3.13865e-13
13170 -3.07867e-13
13180 -3.03323e-13
13190 -2.93253e-13
13200 -2.8942e-13
13210 -2.89991e-13
13220 -2.87691e-13
13230 -2.87207e-13
13240 -2.79569e-13
13250 -2.839e-13
13260 -2.74355e-13
13270 -2.73768e-13
13280 -2.81639e-13
13290 -2.7607e-13
13300 -2.8715e-13
13310 -2.88358e-13
13320 -2.95512e-13
13330 -2.90717e-13
13340 -2.86021e-13
13350 -2.80137e-13
13360 -2.76614e-13
13370 -2.75792e-13
13380 -2.77233e-13
13390 -2.81424e-13
13400 -2.76657e-13
13410 -2.82472e-13
13420 -2.70944e-13
13430 -2.67464e-13
13440 -2.59279e-13
13450 -2.75339e-13
13460 -2.7241e-13
13470 -2.62694e-13
13480 -2.55801e-13
13490 -2.71137e-13
13500 -2.8327e-13
13510 -2.69497e-13
13520 -2.67243e-13
13530 -2.71675e-13
13540 -2.95322e-13
13550 -2.91185e-13
13560 -2.67369e-13
13570 -2.5667e-13
13580 -2.58273e-13
13590 -2.63802e-13
13600 -2.50276e-13
13610 -2.58908e-13
13620 -2.71811e-13
13630 -2.83839e-13
13640 -2.62311e-13
13650 -2.66812e-13
13660 -2.83421e-13
13670 -2.98546e-13
13680 -3.03974e-13
13690 -2.97694e-13
13700 -3.06525e-13
13710 -3.01027e-13
13720 -3.03552e-13
13730 -2.92426e-13
13740 -2.92902e-13
13750 -3.09895e-13
13760 -3.10494e-13
13770 -3.0135e-13
13780 -3.06114e-13
13790 -3.1218e-13
13800 -2.91073e-13
13810 -2.94796e-13
13820 -3.02677e-13
13830 -3.13669e-13
13840 -3.21e-13
13850 -3.15232e-13
13860 -3.2361e-13
13870 -3.33675e-13
13880 -3.3547e-13
13890 -3.34661e-13
13900 -3.3573e-13
13910 -3.44189e-13
13920 -3.46593e-13
13930 -3.47698e-13
13940 -3.54714e-13
13950 -3.46811e-13
13960 -3.46697e-13
13970 -3.44258e-13
13980 -3.35733e-13
13990 -3.38313e-13
14000 -3.32518e-13
14010 -3.46836e-13
14020 -3.39359e-13
14030 -3.46866e-13
14040 -3.52621e-13
14050 -3.44629e-13
14060 -3.45283e-13
14070 -3.53019e-13
14080 -3.46634e-13
14090 -3.44642e-13
14100 -3.3237e-13
14110 -3.43307e-13
14120 -3.4406e-13
14130 -3.41241e-13
14140 -3.40397e-13
14150 -3.3965e-13
14160 -3.39053e-13
14170 -3.42257e-13
14180 -3.43522e-13
14190 -3.30524e-13
14200 -3.15809e-13
14210 -3.37112e-13
14220 -3.38888e-13
14230 -3.53075e-13
14240 -3.41355e-13
14250 -3.42947e-13
14260 -3.48486e-13
14270 -3.48081e-13
14280 -3.55041e-13
14290 -3.43056e-13
14300 -3.48411e-13
14310 -3.37292e-13
14320 -3.3152e-13
14330 -3.32309e-13
14340 -3.38181e-13
14350 -3.34606e-13
14360 -3.3567e-13
14370 -3.34818e-13
14380 -3.37219e-13
14390 -3.38774e-13
14400 -3.3606e-13
14410 -3.4326e-13
14420 -3.3799e-13
14430 -3.46347e-13
14440 -3.35674e-13
14450 -3.44834e-13
14460 -3.39715e-13
14470 -3.37535e-13
14480 -3.28837e-13
14490 -3.32473e-13
14500 -3.28808e-13
14510 -3.31963e-13
14520 -3.3134e-13
14530 -3.23221e-13
14540 -3.24178e-13
14550 -3.31801e-13
14560 -3.21186e-13
14570 -3.38528e-13
14580 -3.19126e-13
14590 -3.23554e-13
14600 -3.26697e-13
14610 -3.24607e-13
14620 -3.32058e-13
14630 -3.30536e-13
14640 -3.1998e-13
14650 -3.3189e-13
14660 -3.09622e-13
14670 -3.27397e-13
14680 -3.25977e-13
14690 -3.24463e-13
14700 -3.13339e-13
14710 -3.2637e-13
14720 -3.26853e-13
14730 -3.18628e-13
14740 -3.14315e-13
14750 -3.117e-13
14760 -3.35138e-13
14770 -3.18825e-13
14780 -3.16548e-13
14790 -3.02553e-13
14800 -3.07694e-13
14810 -3.16425e-13
14820 -2.97717e-13
14830 -2.87978e-13
14840 -2.87883e-13
14850 -2.95576e-13
14860 -2.9952e-13
14870 -3.1669e-13
14880 -3.16705e-13
14890 -3.22191e-13
14900 -3.24663e-13
14910 -3.2307e-13
14920 -3.2421e-13
14930 -3.37231e-13
14940 -3.27757e-13
14950 -3.24526e-13
14960 -3.41465e-13
14970 -3.34866e-13
14980 -3.46842e-13
14990 -3.38098e-13
15000 -3.43265e-13
15010 -3.55111e-13
15020 -3.53945e-13
15030 -3.4123e-13
15040 -3.43039e-13
15050 -3.34098e-13
15060 -3.41453e-13
15070 -3.4375e-13
15080 -3.52588e-13
15090 -3.51162e-13
15100 -3.43337e-13
15110 -3.46348e-13
15120 -3.53517e-13
15130 -3.62416e-13
15140 -3.7248e-13
15150 -3.82222e-13
15160 -3.68537e-13
15170 -3.63299e-13
15180 -3.75733e-13
15190 -3.69982e-13
15200 -3.67713e-13
15210 -3.63099e-13
15220 -3.6582e-13
15230 -3.65765e-13
15240 -3.60264e-13
15250 -3.48341e-13
15260 -3.48701e-13
15270 -3.65342e-13
15280 -3.76288e-13
15290 -3.67174e-13
15300 -3.65529e-13
15310 -3.82084e-13
15320 -3.82062e-13
15330 -3.73327e-13
15340 -3.66829e-13
15350 -3.70928e-13
15360 -3.5404e-13
15370 -3.68981e-13
15380 -3.63575e-13
15390 -3.46451e-13
15400 -3.50403e-13
15410 -3.49661e-13
15420 -3.63175e-13
15430 -3.63231e-13
15440 -3.65138e-13
15450 -3.67658e-13
15460 -3.77151e-13
15470 -3.63463e-13
15480 -3.70128e-13
15490 -3.57174e-13
15500 -3.54665e-13
15510 -3.48281e-13
15520 -3.38908e-13
15530 -3.51232e-13
15540 -3.57036e-13
15550 -3.59115e-13
15560 -3.60873e-13
15570 -3.5119e-13
15580 -3.4695e-13
15590 -3.56377e-13
15600 -3.48062e-13
15610 -3.42567e-13
15620 -3.27239e-13
15630 -3.40694e-13
15640 -3.31658e-13
15650 -3.2452e-13
15660 -3.23864e-13
15670 -3.13434e-13
15680 -3.34406e-13
15690 -3.29963e-13
15700 -3.06723e-13
15710 -3.08123e-13
15720 -2.95994e-13
15730 -2.98314e-13
15740 -2.84977e-13
15750 -2.91815e-13
15760 -2.96093e-13
15770 -2.93636e-13
15780 -2.9333e-13
15790 -2.94408e-13
15800 -2.9393e-13
15810 -3.05941e-13
15820 -2.88003e-13
15830 -2.77551e-13
15840 -2.6002e-13
15850 -2.65324e-13
15860 -2.65058e-13
15870 -2.6823e-13
15880 -2.68543e-13
15890 -2.71249e-13
15900 -2.75894e-13
15910 -2.6455e-13
15920 -2.6709e-13
15930 -2.81253e-13
15940 -2.88343e-13
15950 -2.96032e-13
15960 -2.84279e-13
15970 -2.85338e-13
15980 -2.87186e-13
15990 -2.85416e-13
16000 -2.71088e-13
16010 -2.91636e-13
16020 -2.90407e-13
16030 -2.90006e-13
16040 -2.96791e-13
16050 -2.84658e-13
16060 -2.82858e-13
16070 -2.91355e-13
16080 -2.88367e-13
16090 -2.88267e-13
16100 -2.80914e-13
16110 -2.80844e-13
16120 -2.85455e-13
16130 -2.82403e-13
16140 -2.9345e-13
16150 -2.91186e-13
16160 -2.9469e-13
16170 -2.88617e-13
16180 -3.04122e-13
16190 -3.06779e-13
16200 -3.17897e-13
16210 -3.24086e-13
16220 -3.16116e-13
16230 -3.23606e-13
16240 -3.40527e-13
16250 -3.42232e-13
16260 -3.39698e-13
16270 -3.45062e-13
16280 -3.49246e-13
16290 -3.34329e-13
16300 -3.59544e-13
16310 -3.53788e-13
16320 -3.45931e-13
16330 -3.4175e-13
16340 -3.41409e-13
16350 -3.33617e-13
16360 -3.40927e-13
16370 -3.19263e-13
16380 -3.34217e-13
16390 -3.33153e-13
16400 -3.32545e-13
16410 -3.2904e-13
16420 -3.2561e-13
16430 -3.22334e-13
16440 -3.22148e-13
16450 -3.17885e-13
16460 -3.1447e-13
16470 -3.26939e-13
16480 -3.44678e-13
16490 -3.34694e-13
16500 -3.39964e-13
16510 -3.21437e-13
16520 -3.23513e-13
16530 -3.13276e-13
16540 -3.05064e-13
16550 -3.08643e-13
16560 -3.1187e-13
16570 -3.10049e-13
16580 -3.09363e-13
16590 -3.14927e-13
16600 -3.03655e-13
16610 -3.07685e-13
16620 -2.95994e-13
16630 -3.06869e-13
16640 -3.02736e-13
16650 -2.91949e-13
16660 -3.0929e-13
16670 -2.98233e-13
16680 -2.94016e-13
16690 -2.93788e-13
16700 -2.99323e-13
16710 -3.12203e-13
16720 -2.96115e-13
16730 -2.95684e-13
16740 -2.74512e-13
16750 -2.82014e-13
16760 -2.74647e-13
16770 -2.61416e-13
16780 -2.64032e-13
16790 -2.66686e-13
16800 -2.68483e-13
16810 -2.84413e-13
16820 -2.84087e-13
16830 -2.6698e-13
16840 -2.61187e-13
16850 -2.76803e-13
16860 -2.78496e-13
16870 -2.95497e-13
16880 -3.006e-13
16890 -2.91964e-13
16900 -2.93146e-13
16910 -2.99365e-13
16920 -2.69996e-13
16930 -2.68256e-13
16940 -2.6179e-13
16950 -2.57642e-13
16960 -2.52353e-13
16970 -2.5875e-13
16980 -2.89004e-13
16990 -2.70942e-13
17000 -2.62263e-13
17010 -2.63059e-13
17020 -2.65373e-13
17030 -2.69049e-13
17040 -2.74078e-13
17050 -2.65249e-13
17060 -2.59371e-13
17070 -2.70524e-13
17080 -2.5857e-13
17090 -2.80745e-13
17100 -2.90252e-13
17110 -2.79194e-13
17120 -2.63659e-13
17130 -2.73816e-13
17140 -3.03793e-13
17150 -2.89713e-13
17160 -2.69034e-13
17170 -2.557e-13
17180 -2.68903e-13
17190 -2.83895e-13
17200 -2.80529e-13
17210 -2.56797e-13
17220 -2.61808e-13
17230 -2.51865e-13
17240 -2.45662e-13
17250 -2.2891e-13
17260 -2.30216e-13
17270 -2.22807e-13
17280 -2.11682e-13
17290 -2.23341e-13
17300 -2.24074e-13
17310 -2.05831e-13
17320 -1.96508e-13
17330 -2.12132e-13
17340 -1.9992e-13
17350 -2.05956e-13
17360 -1.93916e-13
17370 -1.7393e-13
17380 -1.83255e-13
17390 -1.82594e-13
17400 -1.96309e-13
17410 -1.90896e-13
17420 -1.9419e-13
17430 -1.7953e-13
17440 -1.9581e-13
17450 -2.1138e-13
17460 -2.0774e-13
17470 -2.03215e-13
17480 -1.82311e-13
17490 -1.94061e-13
17500 -1.97139e-13
17510 -2.07284e-13
17520 -2.1315e-13
17530 -2.00084e-13
17540 -2.1596e-13
17550 -2.12364e-13
17560 -2.1405e-13
17570 -2.03576e-13
17580 -2.12706e-13
17590 -2.10534e-13
17600 -1.98123e-13
17610 -2.161e-13
17620 -2.01864e-13
17630 -1.89564e-13
17640 -1.97724e-13
17650 -2.06584e-13
17660 -2.02663e-13
17670 -1.95242e-13
17680 -1.97632e-13
17690 -1.97642e-13
17700 -2.09727e-13
17710 -2.22423e-13
17720 -2.1613e-13
17730 -2.14244e-13
17740 -2.06386e-13
17750 -2.28735e-13
17760 -2.20885e-13
17770 -2.31282e-13
17780 -2.04951e-13
17790 -1.85565e-13
17800 -1.66581e-13
17810 -1.48994e-13
17820 -1.02373e-13
17830 -4.57061e-14
17840 7.58643e-14
17850 2.50924e-13
17860 5.77253e-13
17870 1.0677e-12
17880 1.84507e-12
17890 3.1341e-12
17900 5.18643e-12
17910 8.46041e-12
17920 1.36865e-11
17930 2.19482e-11
17940 3.49274e-11
17950 5.52534e-11
17960 8.69357e-11
17970 1.36061e-10
17980 2.11928e-10
17990 3.28558e-10
18000 5.06921e-10
18010 7.78518e-10
18020 1.19016e-09
18030 1.81125e-09
18040 2.74411e-09
18050 4.13886e-09
18060 6.21476e-09
18070 9.29068e-09
18080 1.3828e-08
18090 2.0491e-08
18100 3.02323e-08
18110 4.44112e-08
18120 6.49582e-08
18130 9.46028e-08
18140 1.37186e-07
18150 1.9809e-07
18160 2.84818e-07
18170 4.07786e-07
18180 5.81387e-07
18190 8.2542e-07
18200 1.16699e-06
18210 1.64306e-06
18220 2.30377e-06
18230 3.21684e-06
18240 4.47338e-06
18250 6.19531e-06
18260 8.54515e-06
18270 1.17385e-05
18280 1.60602e-05
18290 2.18847e-05
18300 2.97021e-05
18310 4.01514e-05
18320 5.40613e-05
18330 7.25025e-05
18340 9.68515e-05
18350 0.000128871
18360 0.000170806
18370 0.000225506
18380 0.000296572
18390 0.000388529
18400 0.000507043
18410 0.000659176
18420 0.000853689
18430 0.0011014
18440 0.00141562
18450 0.00181264
18460 0.00231229
18470 0.00293865
18480 0.00372078
18490 0.00469362
18500 0.00589895
18510 0.00738655
18520 0.0092154
18530 0.0114551
18540 0.0141874
18550 0.0175077
18560 0.0215271
18570 0.0263742
18580 0.032197
18590 0.0391651
18600 0.0474719
18610 0.0573368
18620 0.0690075
18630 0.0827618
18640 0.0989101
18650 0.117797
18660 0.139803
18670 0.165345
18680 0.194878
18690 0.228898
18700 0.267936
18710 0.31256
18720 0.363378
18730 0.421026
18740 0.486173
18750 0.559511
18760 0.641753
18770 0.733626
18780 0.835859
18790 0.94918
18800 1.0743
18810 1.21191
18820 1.36266
18830 1.52714
18840 1.7059
18850 1.8994
18860 2.10799
18870 2.33194
18880 2.57138
18890 2.82633
18900 3.09662
18910 3.38196
18920 3.68187
18930 3.99569
18940 4.32259
18950 4.66154
18960 5.01133
18970 5.37053
18980 5.73758
18990 6.11069
19000 6.48794
19010 6.86725
19020 7.24641
19030 7.62307
19040 7.99484
19050 8.35921
19060 8.71367
19070 9.05569
19080 9.38275
19090 9.6924
19100 9.98227
19110 10.2501
19120 10.4938
19130 10.7113
19140 10.901
19150 11.0613
19160 11.1909
19170 11.2889
19180 11.3544
19190 11.3869
19200 11.3863
19210 11.3528
19220 11.2866
19230 11.1884
19240 11.0592
19250 10.9002
19260 10.7128
19270 10.4985
19280 10.2594
19290 9.99725
19300 9.7143
19310 9.41276
19320 9.09495
19330 8.76326
19340 8.42007
19350 8.06778
19360 7.70875
19370 7.34529
19380 6.97962
19390 6.61388
19400 6.25008
19410 5.89011
19420 5.53569
19430 5.18841
19440 4.8497
19450 4.52081
19460 4.20282
19470 3.89666
19480 3.60309
19490 3.32269
19500 3.05591
19510 2.80305
19520 2.56426
19530 2.33959
19540 2.12895
19550 1.93215
19560 1.74892
19570 1.57891
19580 1.42169
19590 1.27677
19600 1.14364
19610 1.02172
19620 0.910424
19630 0.809153
19640 0.71729
19650 0.634217
19660 0.559323
19670 0.492009
19680 0.431688
19690 0.377796
19700 0.32979
19710 0.287153
19720 0.249395
19730 0.216054
19740 0.186698
19750 0.160925
19760 0.138362
19770 0.118664
19780 0.101517
19790 0.0866309
19800 0.0737441
19810 0.0626189
19820 0.0530408
19830 0.0448172
19840 0.037776
19850 0.0317635
19860 0.0266435
19870 0.0222953
19880 0.0186129
19890 0.0155028
19900 0.0128836
19910 0.0106842
19920 0.00884285
19930 0.00730624
19940 0.0060284
19950 0.0049699
19960 0.00409708
19970 0.00338134
19980 0.00279853
19990 0.00232838
20000 0.00193358
20010 0.00160272
20020 0.00132599
20030 0.00109499
20040 0.000902547
20050 0.000742544
20060 0.000609773
20070 0.000499814
20080 0.000408926
20090 0.000333947
20100 0.000272214
20110 0.000221484
20120 0.000179878
20130 0.000145819
20140 0.000117993
20150 9.53023e-05
20160 7.68348e-05
20170 6.1833e-05
20180 4.96699e-05
20190 3.9827e-05
20200 3.18767e-05
20210 2.54674e-05
20220 2.031e-05
20230 1.61678e-05
20240 1.28473e-05
20250 1.01904e-05
20260 8.06841e-06
20270 6.37688e-06
20280 5.03097e-06
20290 3.96205e-06
20300 3.11467e-06
20310 2.44417e-06
20320 1.91461e-06
20330 1.49712e-06
20340 1.16859e-06
20350 9.10547e-07
20360 7.0823e-07
20370 5.49895e-07
20380 4.26207e-07
20390 3.2976e-07
20400 2.54691e-07
20410 1.96367e-07
20420 1.51134e-07
20430 1.16117e-07
20440 8.90584e-08
20450 6.81862e-08
20460 5.21149e-08
20470 3.97626e-08
20480 3.02854e-08
20490 2.30272e-08
20500 1.74782e-08
20510 1.32435e-08
20520 1.00176e-08
20530 7.56439e-09
20540 5.70215e-09
20550 4.291e-09
20560 3.22355e-09
20570 2.41751e-09
20580 1.80992e-09
20590 1.35272e-09
20600 1.0093e-09
20610 7.51784e-10
20620 5.5902e-10
20630 4.14979e-10
20640 3.07531e-10
20650 2.27519e-10
20660 1.6804e-10
20670 1.23902e-10
20680 9.1203e-11
20690 6.70211e-11
20700 4.91682e-11
20710 3.60105e-11
20720 2.63298e-11
20730 1.92193e-11
20740 1.40057e-11
20750 1.01894e-11
20760 7.40061e-12
20770 5.36617e-12
20780 3.88455e-12
20790 2.80736e-12
20800 2.02551e-12
20810 1.45899e-12
20820 1.04919e-12
20830 7.53254e-13
20840 5.39898e-13
20850 3.86339e-13
20860 2.76001e-13
20870 1.96853e-13
20880 1.40172e-13
20890 9.96481e-14
20900 7.07242e-14
20910 5.01139e-14
20920 3.5452e-14
20930 2.5039e-14
20940 1.76558e-14
20950 1.24294e-14
20960 8.73599e-15
20970 6.13014e-15
20980 4.29463e-15
20990 3.00386e-15
21000 2.09765e-15
21010 1.46247e-15
21020 1.01799e-15
21030 7.07457e-16
21040 4.90863e-16
21050 3.40036e-16
21060 2.35177e-16
21070 1.62394e-16
21080 1.11957e-16
21090 7.70619e-17
21100 5.29586e-17
21110 3.63364e-17
21120 2.48919e-17
21130 1.70249e-17
21140 1.16258e-17
21150 7.92636e-18
21160 5.39558e-18
21170 3.66704e-18
21180 2.48833e-18
21190 1.68584e-18
21200 1.14036e-18
21210 7.70166e-19
21220 5.19332e-19
21230 3.49642e-19
21240 2.3503e-19
21250 1.5774e-19
21260 1.05702e-19
21270 7.07207e-20
21280 4.72425e-20
21290 3.15095e-20
21300 2.09834e-20
21310 1.3952e-20
21320 9.26233e-21
21330 6.13949e-21
21340 4.06323e-21
21350 2.68497e-21
21360 1.77148e-21
21370 1.16698e-21
21380 7.67574e-22
21390 5.0409e-22
21400 3.30544e-22
21410 2.16412e-22
21420 1.41471e-22
21430 9.234e-23
21440 6.01791e-23
21450 3.91595e-23
21460 2.54428e-23
21470 1.65056e-23
21480 1.06914e-23
21490 6.91473e-24
21500 4.46536e-24
21510 2.87924e-24
21520 1.8537e-24
21530 1.19163e-24
21540 7.64871e-25
21550 4.90203e-25
21560 3.13695e-25
21570 2.0044e-25
21580 1.27881e-25
21590 8.1465e-26
21600 5.18184e-26
21610 3.29112e-26
21620 2.08714e-26
21630 1.32162e-26
21640 8.35624e-27
21650 5.27552e-27
21660 3.3256e-27
21670 2.09327e-27
21680 1.31563e-27
21690 8.25643e-28
21700 5.17375e-28
21710 3.23721e-28
21720 2.02252e-28
21730 1.26173e-28
21740 7.85956e-29
21750 4.88861e-29
21760 3.03619e-29
21770 1.88292e-29
21780 1.16598e-29
21790 7.20956e-30
21800 4.4513e-30
21810 2.74426e-30
21820 1.68936e-30
21830 1.03844e-30
21840 6.37389e-31
21850 3.90651e-31
21860 2.39076e-31
21870 1.46099e-31
21880 8.91501e-32
21890 5.43203e-32
21900 3.30498e-32
21910 2.00789e-32
21920 1.21809e-32
21930 7.37879e-33
21940 4.46333e-33
21950 2.69589e-33
21960 1.62597e-33
21970 9.79254e-34
21980 5.88908e-34
21990 3.53647e-34
22000 2.12063e-34
22010 1.26979e-34
22020 7.59223e-35
22030 4.53296e-35
22040 2.70251e-35
22050 1.6089e-35
22060 9.56452e-36
22070 5.67772e-36
22080 3.36559e-36
22090 1.99216e-36
22100 1.17751e-36
22110 6.94998e-37
22120 4.09619e-37
22130 2.41077e-37
22140 1.41681e-37
22150 8.31469e-38
22160 4.87261e-38
22170 2.8514e-38
22180 1.66623e-38
22190 9.72291e-39
22200 5.66551e-39
22210 3.29659e-39
22220 1.91547e-39
22230 1.1114e-39
22240 6.43943e-40
22250 3.72573e-40
22260 2.15259e-40
22270 1.24193e-40
22280 7.15514e-41
22290 4.1165e-41
22300 2.36496e-41
22310 1.35678e-41
22320 7.77288e-42
22330 4.44676e-42
22340 2.54036e-42
22350 1.44922e-42
22360 8.25589e-43
22370 4.69659e-43
22380 2.66804e-43
22390 1.51353e-43
22400 8.57393e-44
22410 4.85019e-44
22420 2.73985e-44
22430 1.54556e-44
22440 8.70628e-45
22450 4.89743e-45
22460 2.75101e-45
22470 1.54313e-45
22480 8.6437e-46
22490 4.83483e-46
22500 2.70052e-46
22510 1.50624e-46
22520 8.38926e-47
22530 4.66585e-47
22540 2.59128e-47
22550 1.43704e-47
22560 7.95788e-48
22570 4.4004e-48
22580 2.42969e-48
22590 1.33958e-48
22600 7.37471e-49
22610 4.05389e-49
22620 2.22508e-49
22630 1.21944e-49
22640 6.67284e-50
22650 3.64578e-50
22660 1.98881e-50
22670 1.08321e-50
22680 5.89038e-51
22690 3.19797e-51
22700 1.7334e-51
22710 9.38015e-52
22720 5.06754e-52
22730 2.73308e-52
22740 1.47152e-52
22750 7.90914e-53
22760 4.24357e-53
22770 2.27281e-53
22780 1.2151e-53
22790 6.48442e-54
22800 3.45404e-54
22810 1.83641e-54
22820 9.74515e-55
22830 5.16145e-55
22840 2.7284e-55
22850 1.43942e-55
22860 7.57872e-56
22870 3.98222e-56
22880 2.08816e-56
22890 1.09269e-56
22900 5.70585e-57
22910 2.97316e-57
22920 1.54589e-57
22930 8.02038e-58
22940 4.15196e-58
22950 2.14459e-58
22960 1.10525e-58
22970 5.68312e-59
22980 2.91552e-59
22990 1.49224e-59
23000 7.61986e-60
23010 3.88176e-60
23020 1.97277e-60
23030 1.00019e-60
23040 5.05869e-61
23050 2.55232e-61
23060 1.28459e-61
23070 6.4494e-62
23080 3.22993e-62
23090 1.61353e-62
23100 8.04023e-63
23110 3.99629e-63
23120 1.98124e-63
23130 9.79723e-64
23140 4.83226e-64
23150 2.37723e-64
23160 1.16644e-64
23170 5.70845e-65
23180 2.78634e-65
23190 1.35645e-65
23200 6.58606e-66
23210 3.18929e-66
23220 1.5403e-66
23230 7.41918e-67
23240 3.56403e-67
23250 1.7075e-67
23260 8.15845e-68
23270 3.88759e-68
23280 1.84747e-68
23290 8.7558e-69
23300 4.13839e-69
23310 1.95067e-69
23320 9.16957e-70
23330 4.2986e-70
23340 2.00962e-70
23350 9.36935e-71
23360 4.35623e-71
23370 2.01984e-71
23380 9.33959e-72
23390 4.30666e-72
23400 1.98041e-72
23410 9.08171e-73
23420 4.15318e-73
23430 1.89405e-73
23440 8.61388e-74
23450 3.90664e-74
23460 1.76687e-74
23470 7.96893e-75
23480 3.58419e-75
23490 1.60759e-75
23500 7.19045e-76
23510 3.20723e-76
23520 1.42658e-76
23530 6.32788e-77
23540 2.79906e-77
23550 1.2347e-77
23560 5.43127e-78
23570 2.38252e-78
23580 1.04223e-78
23590 4.5466e-79
23600 1.97789e-79
23610 8.58051e-80
23620 3.71208e-80
23630 1.60146e-80
23640 6.88987e-81
23650 2.95598e-81
23660 1.2647e-81
23670 5.39595e-82
23680 2.29587e-82
23690 9.74141e-83
23700 4.12188e-83
23710 1.73927e-83
23720 7.31874e-84
23730 3.07118e-84
23740 1.28521e-84
23750 5.36345e-85
23760 2.23211e-85
23770 9.26376e-86
23780 3.83409e-86
23790 1.58249e-86
23800 6.5136e-87
23810 2.67366e-87
23820 1.09445e-87
23830 4.4678e-88
23840 1.81885e-88
23850 7.38425e-89
23860 2.98968e-89
23870 1.20712e-89
23880 4.86056e-90
23890 1.95179e-90
23900 7.81608e-91
23910 3.12146e-91
23920 1.24319e-91
23930 4.93778e-92
23940 1.95587e-92
23950 7.72613e-93
23960 3.04368e-93
23970 1.19579e-93
23980 4.68516e-94
23990 1.83068e-94
24000 7.1338e-95
24010 2.77235e-95
24020 1.07447e-95
24030 4.153e-96
24040 1.60085e-96
24050 6.15408e-97
24060 2.35938e-97
24070 9.02104e-98
24080 3.43986e-98
24090 1.30813e-98
24100 4.96118e-99
24110 1.8765e-99
24120 7.07844e-100
24130 2.66291e-100
24140 9.9909e-101
24150 3.73838e-101
24160 1.39506e-101
24170 5.19197e-102
24180 1.9271e-102
24190 7.13364e-103
24200 2.63361e-103
24210 9.69673e-104
24220 3.56069e-104
24230 1.30401e-104
24240 4.76279e-105
24250 1.73493e-105
24260 6.30288e-106
24270 2.28368e-106
24280 8.25222e-107
24290 2.97404e-107
24300 1.06896e-107
24310 3.83197e-108
24320 1.37e-108
24330 4.88501e-109
24340 1.73721e-109
24350 6.16146e-110
24360 2.17951e-110
24370 7.6892e-111
24380 2.70551e-111
24390 9.4943e-112
24400 3.32296e-112
24410 1.15994e-112
24420 4.03825e-113
24430 1.40217e-113
24440 4.85578e-114
24450 1.67713e-114
24460 5.77732e-115
24470 1.9849e-115
24480 6.80144e-116
24490 2.32443e-116
24500 7.92294e-117
24510 2.69346e-117
24520 9.13247e-118
24530 3.08831e-118
24540 1.04162e-118
24550 3.50393e-119
24560 1.17559e-119
24570 3.93383e-120
24580 1.3129e-120
24590 4.37026e-121
24600 1.45091e-121
24610 4.80435e-122
24620 1.58667e-122
24630 5.22638e-123
24640 1.71702e-123
24650 5.62614e-124
24660 1.83869e-124
24670 5.99331e-125
24680 1.94845e-125
24690 6.31792e-126
24700 2.04326e-126
24710 6.59077e-127
24720 2.12038e-127
24730 6.80386e-128
24740 2.17752e-128
24750 6.95082e-129
24760 2.21297e-129
24770 7.02719e-130
24780 2.22564e-130
24790 7.03064e-131
24800 2.21515e-131
24810 6.96112e-132
24820 2.18184e-132
24830 6.82083e-133
24840 2.12677e-133
24850 6.61413e-134
24860 2.05161e-134
24870 6.34728e-135
24880 1.95862e-135
24890 6.02817e-136
24900 1.85051e-136
24910 5.66589e-137
24920 1.73028e-137
24930 5.27034e-138
24940 1.60115e-138
24950 4.85177e-139
24960 1.46636e-139
24970 4.42032e-140
24980 1.32905e-140
24990 3.98568e-141
25000 1.19217e-141
25010 3.5567e-142
25020 1.05836e-142
25030 3.14118e-143
25040 9.29881e-144
25050 2.74561e-144
25060 8.08583e-145
25070 2.37513e-145
25080 6.95867e-146
25090 2.03349e-146
25100 5.92697e-147
25110 1.72306e-147
25120 4.99629e-148
25130 1.44501e-148
25140 4.16841e-149
25150 1.19936e-149
25160 3.44195e-150
25170 9.85232e-151
25180 2.81288e-151
25190 8.01015e-152
25200 2.27515e-152
25210 6.4455e-153
25220 1.82131e-153
25230 5.1332e-154
25240 1.44302e-154
25250 4.04609e-155
25260 1.13156e-155
25270 3.15646e-156
25280 8.78216e-157
25290 2.43715e-157
25300 6.74595e-158
25310 1.86245e-158
25320 5.12866e-159
25330 1.40865e-159
25340 3.85909e-160
25350 1.0545e-160
25360 2.874e-161
25370 7.81282e-162
25380 2.11841e-162
25390 5.72917e-163
25400 1.54545e-163
25410 4.15812e-164
25420 1.11589e-164
25430 2.98692e-165
25440 7.9746e-166
25450 2.12361e-166
25460 5.64053e-167
25470 1.49433e-167
25480 3.94869e-168
25490 1.04074e-168
25500 2.73595e-169
25510 7.17394e-170
25520 1.87624e-170
25530 4.89438e-171
25540 1.27347e-171
25550 3.30491e-172
25560 8.55482e-173
25570 2.20873e-173
25580 5.68795e-174
25590 1.46099e-174
25600 3.74302e-175
25610 9.56478e-176
25620 2.43786e-176
25630 6.19759e-177
25640 1.57151e-177
25650 3.97457e-178
25660 1.00264e-178
25670 2.52277e-179
25680 6.33126e-180
25690 1.58483e-180
25700 3.9569e-181
25710 9.85386e-182
25720 2.44758e-182
25730 6.06383e-183
25740 1.49843e-183
25750 3.6932e-184
25760 9.07924e-185
25770 2.22625e-185
25780 5.44475e-186
25790 1.32819e-186
25800 3.23161e-187
25810 7.84255e-188
25820 1.89834e-188
25830 4.58317e-189
25840 1.10366e-189
25850 2.65085e-190
25860 6.35054e-191
25870 1.51744e-191
25880 3.61652e-192
25890 8.59699e-193
25900 2.03835e-193
25910 4.82043e-194
25920 1.13702e-194
25930 2.67503e-195
25940 6.27716e-196
25950 1.46917e-196
25960 3.42972e-197
25970 7.98579e-198
25980 1.85461e-198
25990 4.29596e-199
26000 9.92528e-200
26010 2.28717e-200
26020 5.25689e-201
26030 1.20512e-201
26040 2.75554e-202
26050 6.28428e-203
26060 1.42948e-203
26070 3.24317e-204
26080 7.33895e-205
26090 1.65642e-205
26100 3.72888e-206
26110 8.37252e-207
26120 1.87502e-207
26130 4.18817e-208
26140 9.33068e-209
26150 2.07335e-209
26160 4.59516e-210
26170 1.01577e-210
26180 2.23956e-211
26190 4.92489e-212
26200 1.08019e-212
26210 2.36302e-213
26220 5.1559e-214
26230 1.12204e-214
26240 2.43544e-215
26250 5.27247e-216
26260 1.13845e-216
26270 2.45179e-217
26280 5.26641e-218
26290 1.12827e-218
26300 2.41086e-219
26310 5.13804e-220
26320 1.09216e-220
26330 2.31545e-221
26340 4.89609e-222
26350 1.03258e-222
26360 2.17201e-223
26370 4.55681e-224
26380 9.53498e-225
26390 1.98994e-225
26400 4.14208e-226
26410 8.5992e-227
26420 1.78056e-227
26430 3.67716e-228
26440 7.57403e-229
26450 1.55596e-229
26460 3.18808e-230
26470 6.51501e-231
26480 1.32788e-231
26490 2.69933e-232
26500 5.47279e-233
26510 1.10667e-233
26520 2.23192e-234
26530 4.48947e-235
26540 9.00666e-236
26550 1.80213e-236
26560 3.59633e-237
26570 7.15788e-238
26580 1.42089e-238
26590 2.81312e-239
26600 5.55475e-240
26610 1.09393e-240
26620 2.14865e-241
26630 4.20911e-242
26640 8.22359e-243
26650 1.60243e-243
26660 3.11419e-244
26670 6.0361e-245
26680 1.16684e-245
26690 2.24965e-246
26700 4.32574e-247
26710 8.29564e-248
26720 1.58665e-248
26730 3.02662e-249
26740 5.75804e-250
26750 1.09253e-250
26760 2.06743e-251
26770 3.90184e-252
26780 7.34426e-253
26790 1.37868e-253
26800 2.58119e-254
26810 4.81961e-255
26820 8.97513e-256
26830 1.66689e-256
26840 3.0875e-257
26850 5.70351e-258
26860 1.05078e-258
26870 1.9307e-259
26880 3.53793e-260
26890 6.46573e-261
26900 1.17846e-261
26910 2.14213e-262
26920 3.88334e-263
26930 7.02092e-264
26940 1.26594e-264
26950 2.27644e-265
26960 4.08252e-266
26970 7.30175e-267
26980 1.30242e-267
26990 2.31686e-268
27000 4.1103e-269
27010 7.27226e-270
27020 1.28318e-270
27030 2.25803e-271
27040 3.9627e-272
27050 6.93542e-273
27060 1.21053e-273
27070 2.10715e-274
27080 3.65791e-275
27090 6.33269e-276
27100 1.09335e-276
27110 1.88255e-277
27120 3.23258e-278
27130 5.5356e-279
27140 9.45353e-280
27150 1.61003e-280
27160 2.73456e-281
27170 4.63181e-282
27180 7.8239e-283
27190 1.31797e-283
27200 2.21409e-284
27210 3.70929e-285
27220 6.19718e-286
27230 1.03253e-286
27240 1.7156e-287
27250 2.84271e-288
27260 4.69733e-289
27270 7.74056e-290
27280 1.27202e-290
27290 2.08457e-291
27300 3.40673e-292
27310 5.5521e-293
27320 9.02348e-294
27330 1.46247e-294
27340 2.36372e-295
27350 3.80976e-296
27360 6.12342e-297
27370 9.81484e-298
27380 1.56879e-298
27390 2.50055e-299
27400 3.97462e-300
27410 6.30006e-301
27420 9.95823e-302
27430 1.56966e-302
27440 2.46726e-303
27450 3.86731e-304
27460 6.04487e-305
27470 9.4221e-306
27480 1.4645e-306
27490 2.26993e-307
27500 3.50845e-308
27510 5.40749e-309
27520 8.31101e-310
27530 1.27376e-310
27540 1.9467e-311
27550 2.96677e-312
27560 4.50865e-313
27570 6.83299e-314
27580 1.03308e-314
27590 1.562e-315
27600 2.39968e-316
27610 4.11811e-317
27620 1.13411e-317
27630 6.83884e-318
27640 6.12533e-318
27650 5.97492e-318
27660 5.907e-318
27670 5.84993e-318
27680 5.79369e-318
27690 5.73771e-318
27700 5.682e-318
27710 5.62657e-318
27720 5.57141e-318
27730 5.51651e-318
27740 5.4619e-318
27750 5.40755e-318
27760 5.35347e-318
27770 5.29967e-318
27780 5.24614e-318
27790 5.19288e-318
27800 5.13989e-318
27810 5.08717e-318
27820 5.03473e-318
27830 4.98255e-318
27840 4.93065e-318
27850 4.87902e-318
27860 4.82766e-318
27870 4.77658e-318
27880 4.72576e-318
27890 4.67522e-318
27900 4.62495e-318
27910 4.57495e-318
27920 4.52522e-318
27930 4.47577e-318
27940 4.42658e-318
27950 4.37767e-318
27960 4.32903e-318
27970 4.28066e-318
27980 4.23256e-318
27990 4.18474e-318
28000 4.13718e-318
28010 4.0899e-318
28020 4.04289e-318
28030 3.99615e-318
28040 3.94968e-318
28050 3.90349e-318
28060 3.85757e-318
28070 3.81191e-318
28080 3.76653e-318
28090 3.72143e-318
28100 3.67659e-318
28110 3.63202e-318
28120 3.58773e-318
28130 3.54371e-318
28140 3.49996e-318
28150 3.45648e-318
28160 3.41328e-318
28170 3.37034e-318
28180 3.32768e-318
28190 3.28529e-318
28200 3.24317e-318
28210 3.20132e-318
28220 3.15975e-318
28230 3.11844e-318
28240 3.07741e-318
28250 3.03665e-318
28260 2.99616e-318
28270 2.95595e-318
28280 2.916e-318
28290 2.87633e-318
28300 2.83692e-318
28310 2.79779e-318
28320 2.75894e-318
28330 2.72035e-318
28340 2.68204e-318
28350 2.64399e-318
28360 2.60622e-318
28370 2.56872e-318
28380 2.53149e-318
28390 2.49454e-318
28400 2.45785e-318
28410 2.42144e-318
28420 2.3853e-318
28430 2.34943e-318
28440 2.31383e-318
28450 2.27851e-318
28460 2.24345e-318
28470 2.20867e-318
28480 2.17416e-318
28490 2.13992e-318
28500 2.10595e-318
28510 2.07226e-318
28520 2.03884e-318
28530 2.00568e-318
28540 1.9728e-318
28550 1.9402e-318
28560 1.90786e-318
28570 1.87579e-318
28580 1.844e-318
28590 1.81248e-318
28600 1.78123e-318
28610 1.75025e-318
28620 1.71955e-318
28630 1.68911e-318
28640 1.65895e-318
28650 1.62906e-318
28660 1.59944e-318
28670 1.57009e-318
28680 1.54102e-318
28690 1.51221e-318
28700 1.48368e-318
28710 1.45542e-318
28720 1.42743e-318
28730 1.39971e-318
28740 1.37227e-318
28750 1.34509e-318
28760 1.31819e-318
28770 1.29156e-318
28780 1.2652e-318
28790 1.23912e-318
28800 1.2133e-318
28810 1.18776e-318
28820 1.16249e-318
28830 1.13749e-318
28840 1.11276e-318
28850 1.0883e-318
28860 1.06412e-318
28870 1.04021e-318
28880 1.01656e-318
28890 9.93195e-319
28900 9.70098e-319
28910 9.47272e-319
28920 9.24718e-319
28930 9.02436e-319
28940 8.80425e-319
28950 8.58686e-319
28960 8.37219e-319
28970 8.16024e-319
28980 7.951e-319
28990 7.74448e-319
29000 7.54068e-319
29010 7.33959e-319
29020 7.14122e-319
29030 6.94557e-319
29040 6.75264e-319
29050 6.56243e-319
29060 6.37493e-319
29070 6.19015e-319
29080 6.00809e-319
29090 5.82874e-319
29100 5.65211e-319
29110 5.4782e-319
29120 5.30701e-319
29130 5.13853e-319
29140 4.97277e-319
29150 4.80973e-319
29160 4.6494e-319
29170 4.4918e-319
29180 4.33691e-319
29190 4.18474e-319
29200 4.03528e-319
29210 3.88854e-319
29220 3.74452e-319
29230 3.60322e-319
29240 3.46464e-319
29250 3.32877e-319
29260 3.19562e-319
29270 3.06518e-319
29280 2.93747e-319
29290 2.81247e-319
29300 2.69019e-319
29310 2.57062e-319
29320 2.45378e-319
29330 2.33965e-319
29340 2.22824e-319
29350 2.11954e-319
29360 2.01356e-319
29370 1.9103e-319
29380 1.80976e-319
29390 1.71194e-319
29400 1.61683e-319
29410 1.52444e-319
29420 1.43477e-319
29430 1.34781e-319
29440 1.26357e-319
29450 1.18205e-319
29460 1.10325e-319
29470 1.02716e-319
29480 9.53794e-320
29490 8.83142e-320
29500 8.15208e-320
29510 7.49992e-320
29520 6.87492e-320
29530 6.2771e-320
29540 5.70646e-320
29550 5.16299e-320
29560 4.64669e-320
29570 4.15756e-320
29580 3.69561e-320
29590 3.26083e-320
29600 2.85323e-320
29610 2.4728e-320
29620 2.11954e-320
29630 1.79346e-320
29640 1.49455e-320
29650 1.22281e-320
29660 9.7825e-321
29670 7.60861e-321
29680 5.70646e-321
29690 4.07604e-321
29700 2.71736e-321
29710 1.63042e-321
29720 8.15208e-322
29730 2.71736e-322
29740 0
29750 0
29760 0
29770 0
29780 0
29790 0
29800 0
29810 0
29820 0
29830 0
29840 0
29850 0
29860 0
29870 0
29880 0
29890 0
29900 0
29910 0
29920 0
29930 0
29940 0
29950 0
29960 0
29970 0
29980 0
