-10 0
0 1.61194e-15
10 3.22452e-15
20 1.20546e-15
30 -3.31998e-15
40 -6.73606e-16
50 -2.81964e-16
60 -6.27533e-15
70 -5.40032e-15
80 -3.75127e-15
90 -1.93746e-15
100 -5.89542e-18
110 4.42875e-15
120 4.17466e-15
130 7.5966e-15
140 1.16406e-14
150 7.53905e-15
160 1.18467e-14
170 3.12975e-15
180 6.47803e-16
190 2.58361e-15
200 4.73504e-15
210 6.63909e-15
220 3.85534e-15
230 6.65603e-15
240 1.29635e-14
250 1.3295e-14
260 1.70374e-14
270 1.57917e-14
280 1.82482e-14
290 1.48702e-14
300 1.92675e-14
310 1.64495e-14
320 1.64429e-14
330 1.42127e-14
340 1.29886e-14
350 1.27871e-14
360 8.54819e-15
370 1.22876e-14
380 4.53143e-15
390 5.58019e-15
400 6.06147e-15
410 7.05771e-16
420 -2.43683e-15
430 -7.01112e-15
440 -3.62293e-15
450 -5.57571e-15
460 -3.59947e-15
470 -2.39648e-15
480 -4.33221e-15
490 1.25876e-15
500 3.30045e-15
510 4.56283e-15
520 -4.3499e-15
530 1.07145e-14
540 6.6909e-15
550 1.16662e-14
560 5.3442e-15
570 4.34054e-15
580 6.5289e-15
590 -1.66249e-15
600 4.26482e-15
610 6.85456e-17
620 -3.29437e-15
630 -1.00716e-14
640 -1.244e-14
650 -1.49922e-14
660 -1.61423e-14
670 -1.09734e-14
680 -8.34246e-15
690 -7.20987e-15
700 -9.38057e-16
710 -2.2304e-15
720 -9.27818e-15
730 -1.06238e-15
740 -8.90428e-15
750 -4.75155e-15
760 -6.94825e-15
770 -1.38841e-14
780 -2.48887e-15
790 1.65175e-15
800 -1.82403e-15
810 2.9886e-15
820 1.74531e-15
830 5.25033e-15
840 9.17037e-15
850 8.60682e-15
860 8.57428e-15
870 7.56544e-15
880 8.50016e-15
890 1.39064e-14
900 1.22812e-14
910 1.67402e-14
920 1.84951e-14
930 2.255e-14
940 2.48687e-14
950 2.17398e-14
960 2.27862e-14
970 1.94951e-14
980 2.00808e-14
990 2.56854e-14
1000 2.27856e-14
1010 2.34191e-14
1020 2.64583e-14
1030 2.18295e-14
1040 2.88153e-14
1050 2.14508e-14
1060 3.03502e-14
1070 3.37064e-14
1080 3.37531e-14
1090 3.56986e-14
1100 3.97243e-14
1110 3.75896e-14
1120 2.81502e-14
1130 2.94274e-14
1140 2.61226e-14
1150 2.95565e-14
1160 2.65575e-14
1170 3.0304e-14
1180 2.96858e-14
1190 2.76778e-14
1200 2.52071e-14
1210 2.40437e-14
1220 1.74667e-14
1230 1.09243e-14
1240 8.07613e-15
1250 7.02717e-15
1260 4.64833e-15
1270 6.83096e-15
1280 9.38076e-15
1290 9.3972e-15
1300 1.31663e-14
1310 1.33602e-14
1320 6.10686e-15
1330 9.69416e-15
1340 3.94414e-15
1350 8.32268e-15
1360 2.88414e-15
1370 8.61143e-15
1380 -1.93812e-15
1390 -7.18859e-15
1400 -1.81233e-15
1410 -6.77259e-15
1420 -3.39677e-15
1430 1.21351e-15
1440 1.77441e-15
1450 -3.71979e-15
1460 -4.68075e-15
1470 5.87273e-16
1480 1.34041e-17
1490 4.53989e-16
1500 -4.43653e-16
1510 1.45819e-15
1520 4.91283e-15
1530 4.2951e-15
1540 4.00207e-15
1550 2.79392e-15
1560 5.81624e-15
1570 1.19707e-14
1580 1.11622e-14
1590 1.34867e-14
1600 1.99846e-14
1610 2.27606e-14
1620 2.10169e-14
1630 3.11351e-14
1640 2.97244e-14
1650 2.63466e-14
1660 3.28872e-14
1670 3.14367e-14
1680 3.28891e-14
1690 2.92212e-14
1700 3.37388e-14
1710 3.63638e-14
1720 2.72491e-14
1730 3.21903e-14
1740 3.34064e-14
1750 3.54982e-14
1760 3.35439e-14
1770 3.88465e-14
1780 3.93475e-14
1790 3.99375e-14
1800 3.97223e-14
1810 3.78842e-14
1820 3.03937e-14
1830 3.50924e-14
1840 3.38783e-14
1850 3.35793e-14
1860 3.31037e-14
1870 3.1707e-14
1880 3.5689e-14
1890 3.68851e-14
1900 3.82919e-14
1910 3.78466e-14
1920 3.51398e-14
1930 4.00726e-14
1940 4.33227e-14
1950 4.08195e-14
1960 4.2578e-14
1970 3.58104e-14
1980 4.18417e-14
1990 3.53018e-14
2000 3.84498e-14
2010 3.73202e-14
2020 4.571e-14
2030 3.92543e-14
2040 3.78285e-14
2050 3.99078e-14
2060 4.20719e-14
2070 4.52836e-14
2080 3.86261e-14
2090 3.73282e-14
2100 4.2015e-14
2110 3.84821e-14
2120 4.22498e-14
2130 4.33654e-14
2140 4.68013e-14
2150 4.38993e-14
2160 4.57935e-14
2170 4.78272e-14
2180 4.89932e-14
2190 5.27934e-14
2200 5.24183e-14
2210 4.64604e-14
2220 4.97445e-14
2230 4.57302e-14
2240 4.23805e-14
2250 4.96504e-14
2260 4.91102e-14
2270 4.76993e-14
2280 4.65042e-14
2290 4.80304e-14
2300 5.26078e-14
2310 5.84665e-14
2320 6.08017e-14
2330 5.5574e-14
2340 6.03391e-14
2350 5.11977e-14
2360 5.63544e-14
2370 5.88603e-14
2380 5.73041e-14
2390 5.42244e-14
2400 5.34175e-14
2410 5.04298e-14
2420 4.89106e-14
2430 4.35252e-14
2440 5.01157e-14
2450 4.39705e-14
2460 5.56945e-14
2470 5.71937e-14
2480 5.35475e-14
2490 5.59977e-14
2500 5.12097e-14
2510 4.93552e-14
2520 4.72642e-14
2530 3.48966e-14
2540 3.65008e-14
2550 3.03509e-14
2560 3.22829e-14
2570 3.00014e-14
2580 3.07658e-14
2590 3.19626e-14
2600 3.41452e-14
2610 4.1257e-14
2620 4.06412e-14
2630 4.11015e-14
2640 4.15539e-14
2650 4.23024e-14
2660 4.0176e-14
2670 3.85054e-14
2680 3.12778e-14
2690 3.28684e-14
2700 3.03473e-14
2710 3.65479e-14
2720 3.63026e-14
2730 3.87287e-14
2740 3.08323e-14
2750 3.29072e-14
2760 2.92787e-14
2770 2.61888e-14
2780 3.12792e-14
2790 2.91845e-14
2800 1.78587e-14
2810 8.40884e-15
2820 -1.21137e-14
2830 -5.62779e-14
2840 -1.47713e-13
2850 -3.54168e-13
2860 -7.79611e-13
2870 -1.6442e-12
2880 -3.40336e-12
2890 -6.87334e-12
2900 -1.3661e-11
2910 -2.67149e-11
2920 -5.14853e-11
2930 -9.78412e-11
2940 -1.83401e-10
2950 -3.39248e-10
2960 -6.19466e-10
2970 -1.11702e-09
2980 -1.98962e-09
2990 -3.50158e-09
3000 -6.09062e-09
3010 -1.0473e-08
3020 -1.78072e-08
3030 -2.99456e-08
3040 -4.98172e-08
3050 -8.20015e-08
3060 -1.33582e-07
3070 -2.15395e-07
3080 -3.43848e-07
3090 -5.4352e-07
3100 -8.5085e-07
3110 -1.31932e-06
3120 -2.02661e-06
3130 -3.08447e-06
3140 -4.65201e-06
3150 -6.95362e-06
3160 -1.03026e-05
3170 -1.51324e-05
3180 -2.20364e-05
3190 -3.18201e-05
3200 -4.55657e-05
3210 -6.47141e-05
3220 -9.11657e-05
3230 -0.000127403
3240 -0.00017664
3250 -0.000242996
3260 -0.000331705
3270 -0.000449354
3280 -0.000604154
3290 -0.000806242
3300 -0.00106802
3310 -0.00140451
3320 -0.00183373
3330 -0.0023771
3340 -0.00305978
3350 -0.00391109
3360 -0.00496479
3370 -0.00625935
3380 -0.00783814
3390 -0.00974946
3400 -0.0120465
3410 -0.014787
3420 -0.0180328
3430 -0.0218495
3440 -0.0263049
3450 -0.0314683
3460 -0.0374092
3470 -0.044195
3480 -0.0518899
3490 -0.0605522
3500 -0.0702321
3510 -0.0809697
3520 -0.0927923
3530 -0.105712
3540 -0.119724
3550 -0.134804
3560 -0.150906
3570 -0.167963
3580 -0.185884
3590 -0.204556
3600 -0.223841
3610 -0.243581
3620 -0.263598
3630 -0.283695
3640 -0.303661
3650 -0.323274
3660 -0.342305
3670 -0.360523
3680 -0.377698
3690 -0.393608
3700 -0.408044
3710 -0.420812
3720 -0.431739
3730 -0.440678
3740 -0.447509
3750 -0.452145
3760 -0.45453
3770 -0.454642
3780 -0.452493
3790 -0.448128
3800 -0.441625
3810 -0.433091
3820 -0.42266
3830 -0.410489
3840 -0.396755
3850 -0.38165
3860 -0.365378
3870 -0.348149
3880 -0.330175
3890 -0.311668
3900 -0.292833
3910 -0.273865
3920 -0.25495
3930 -0.236256
3940 -0.217938
3950 -0.200132
3960 -0.182954
3970 -0.166501
3980 -0.150854
3990 -0.136071
4000 -0.122196
4010 -0.109254
4020 -0.0972567
4030 -0.0862006
4040 -0.076071
4050 -0.0668428
4060 -0.0584826
4070 -0.0509499
4080 -0.044199
4090 -0.0381808
4100 -0.0328433
4110 -0.0281337
4120 -0.0239991
4130 -0.0203872
4140 -0.0172473
4150 -0.0145311
4160 -0.0121925
4170 -0.0101886
4180 -0.00847944
4190 -0.00702851
4200 -0.00580241
4210 -0.004771
4220 -0.00390728
4230 -0.0031872
4240 -0.00258954
4250 -0.00209566
4260 -0.00168932
4270 -0.00135644
4280 -0.00108491
4290 -0.000864373
4300 -0.000686004
4310 -0.000542348
4320 -0.000427131
4330 -0.000335106
4340 -0.000261908
4350 -0.000203922
4360 -0.000158176
4370 -0.00012223
4380 -9.40989e-05
4390 -7.21718e-05
4400 -5.51483e-05
4410 -4.19841e-05
4420 -3.18442e-05
4430 -2.40644e-05
4440 -1.81186e-05
4450 -1.3592e-05
4460 -1.01592e-05
4470 -7.56584e-06
4480 -5.61413e-06
4490 -4.15088e-06
4500 -3.05799e-06
4510 -2.24479e-06
4520 -1.64196e-06
4530 -1.19675e-06
4540 -8.69173e-07
4550 -6.2903e-07
4560 -4.53635e-07
4570 -3.25999e-07
4580 -2.33456e-07
4590 -1.66601e-07
4600 -1.18479e-07
4610 -8.39647e-08
4620 -5.92997e-08
4630 -4.17361e-08
4640 -2.92738e-08
4650 -2.04626e-08
4660 -1.42547e-08
4670 -9.89644e-09
4680 -6.8474e-09
4690 -4.72175e-09
4700 -3.24501e-09
4710 -2.22262e-09
4720 -1.51726e-09
4730 -1.03228e-09
4740 -6.99977e-10
4750 -4.7307e-10
4760 -3.18651e-10
4770 -2.13929e-10
4780 -1.43135e-10
4790 -9.54528e-11
4800 -6.34377e-11
4810 -4.2013e-11
4820 -2.77253e-11
4830 -1.823e-11
4840 -1.19375e-11
4850 -7.78769e-12
4860 -5.05014e-12
4870 -3.25499e-12
4880 -2.08907e-12
4890 -1.32696e-12
4900 -8.32155e-13
4910 -5.0739e-13
4920 -3.12125e-13
4930 -1.76331e-13
4940 -9.08729e-14
4950 -3.30576e-14
4960 -3.82803e-15
4970 2.97023e-15
4980 1.72605e-14
4990 1.36043e-14
5000 1.07757e-14
5010 -6.61721e-16
5020 -1.63425e-14
5030 -5.02991e-14
5040 -1.10519e-13
5050 -1.94448e-13
5060 -3.24109e-13
5070 -5.27772e-13
5080 -8.46932e-13
5090 -1.34261e-12
5100 -2.10704e-12
5110 -3.28064e-12
5120 -5.07309e-12
5130 -7.80418e-12
5140 -1.1952e-11
5150 -1.82483e-11
5160 -2.77437e-11
5170 -4.20309e-11
5180 -6.34508e-11
5190 -9.54706e-11
5200 -1.43157e-10
5210 -2.13949e-10
5220 -3.18679e-10
5230 -4.73104e-10
5240 -7.00019e-10
5250 -1.03233e-09
5260 -1.51731e-09
5270 -2.22268e-09
5280 -3.24506e-09
5290 -4.72181e-09
5300 -6.84745e-09
5310 -9.89649e-09
5320 -1.42548e-08
5330 -2.04626e-08
5340 -2.92739e-08
5350 -4.17361e-08
5360 -5.92997e-08
5370 -8.39648e-08
5380 -1.18479e-07
5390 -1.66601e-07
5400 -2.33456e-07
5410 -3.25999e-07
5420 -4.53635e-07
5430 -6.29031e-07
5440 -8.69173e-07
5450 -1.19675e-06
5460 -1.64196e-06
5470 -2.24479e-06
5480 -3.05799e-06
5490 -4.15088e-06
5500 -5.61413e-06
5510 -7.56584e-06
5520 -1.01592e-05
5530 -1.3592e-05
5540 -1.81186e-05
5550 -2.40644e-05
5560 -3.18442e-05
5570 -4.19841e-05
5580 -5.51483e-05
5590 -7.21718e-05
5600 -9.40989e-05
5610 -0.00012223
5620 -0.000158176
5630 -0.000203922
5640 -0.000261908
5650 -0.000335106
5660 -0.000427131
5670 -0.000542348
5680 -0.000686004
5690 -0.000864373
5700 -0.00108491
5710 -0.00135644
5720 -0.00168932
5730 -0.00209566
5740 -0.00258954
5750 -0.0031872
5760 -0.00390728
5770 -0.004771
5780 -0.00580241
5790 -0.00702851
5800 -0.00847944
5810 -0.0101886
5820 -0.0121925
5830 -0.0145311
5840 -0.0172473
5850 -0.0203872
5860 -0.0239991
5870 -0.0281337
5880 -0.0328433
5890 -0.0381808
5900 -0.044199
5910 -0.0509499
5920 -0.0584826
5930 -0.0668428
5940 -0.076071
5950 -0.0862006
5960 -0.0972567
5970 -0.109254
5980 -0.122196
5990 -0.136071
6000 -0.150854
6010 -0.166501
6020 -0.182954
6030 -0.200132
6040 -0.217938
6050 -0.236256
6060 -0.25495
6070 -0.273865
6080 -0.292833
6090 -0.311668
6100 -0.330175
6110 -0.348149
6120 -0.365378
6130 -0.38165
6140 -0.396755
6150 -0.410489
6160 -0.42266
6170 -0.433091
6180 -0.441625
6190 -0.448128
6200 -0.452493
6210 -0.454642
6220 -0.45453
6230 -0.452145
6240 -0.447509
6250 -0.440678
6260 -0.431739
6270 -0.420812
6280 -0.408044
6290 -0.393608
6300 -0.377698
6310 -0.360523
6320 -0.342305
6330 -0.323274
6340 -0.303661
6350 -0.283695
6360 -0.263598
6370 -0.243581
6380 -0.223841
6390 -0.204556
6400 -0.185884
6410 -0.167963
6420 -0.150906
6430 -0.134804
6440 -0.119724
6450 -0.105712
6460 -0.0927923
6470 -0.0809697
6480 -0.0702321
6490 -0.0605522
6500 -0.0518899
6510 -0.044195
6520 -0.0374092
6530 -0.0314683
6540 -0.0263049
6550 -0.0218495
6560 -0.0180328
6570 -0.014787
6580 -0.0120465
6590 -0.00974946
6600 -0.00783814
6610 -0.00625935
6620 -0.00496479
6630 -0.00391109
6640 -0.00305978
6650 -0.0023771
6660 -0.00183373
6670 -0.00140451
6680 -0.00106802
6690 -0.000806242
6700 -0.000604154
6710 -0.000449354
6720 -0.000331705
6730 -0.000242996
6740 -0.00017664
6750 -0.000127403
6760 -9.11657e-05
6770 -6.47141e-05
6780 -4.55657e-05
6790 -3.18201e-05
6800 -2.20364e-05
6810 -1.51324e-05
6820 -1.03026e-05
6830 -6.95362e-06
6840 -4.65201e-06
6850 -3.08447e-06
6860 -2.02661e-06
6870 -1.31932e-06
6880 -8.5085e-07
6890 -5.4352e-07
6900 -3.43848e-07
6910 -2.15395e-07
6920 -1.33582e-07
6930 -8.20015e-08
6940 -4.98172e-08
6950 -2.99457e-08
6960 -1.78072e-08
6970 -1.0473e-08
6980 -6.09066e-09
6990 -3.50163e-09
7000 -1.98966e-09
7010 -1.11707e-09
7020 -6.19512e-10
7030 -3.39292e-10
7040 -1.83448e-10
7050 -9.78922e-11
7060 -5.15381e-11
7070 -2.67654e-11
7080 -1.37025e-11
7090 -6.91462e-12
7100 -3.44225e-12
7110 -1.68497e-12
7120 -8.24018e-13
7130 -3.94575e-13
7140 -1.92709e-13
7150 -9.93339e-14
7160 -5.70606e-14
7170 -3.68072e-14
7180 -2.71288e-14
7190 -2.70068e-14
7200 -2.13158e-14
7210 -2.59798e-14
7220 -1.9201e-14
7230 -2.64334e-14
7240 -2.31964e-14
7250 -2.54383e-14
7260 -2.50034e-14
7270 -2.22834e-14
7280 -2.43066e-14
7290 -2.17285e-14
7300 -2.52352e-14
7310 -2.79936e-14
7320 -3.26578e-14
7330 -3.15275e-14
7340 -3.16561e-14
7350 -3.64516e-14
7360 -3.8231e-14
7370 -3.30069e-14
7380 -3.21868e-14
7390 -2.5377e-14
7400 -2.76147e-14
7410 -2.38251e-14
7420 -2.81316e-14
7430 -2.8836e-14
7440 -1.95446e-14
7450 -1.81129e-14
7460 -1.72317e-14
7470 -2.06952e-14
7480 -2.26138e-14
7490 -1.8149e-14
7500 -1.88301e-14
7510 -1.76184e-14
7520 -1.722e-14
7530 -2.18406e-14
7540 -2.00054e-14
7550 -1.945e-14
7560 -2.15423e-14
7570 -1.90695e-14
7580 -1.59088e-14
7590 -1.3529e-14
7600 -1.72419e-14
7610 -1.59276e-14
7620 -1.15714e-14
7630 -6.09024e-15
7640 -5.41973e-16
7650 -2.81742e-16
7660 3.22741e-15
7670 8.51565e-15
7680 4.16254e-15
7690 1.33417e-15
7700 5.17469e-15
7710 7.33228e-15
7720 4.38269e-15
7730 1.57834e-14
7740 1.35377e-14
7750 2.21236e-14
7760 1.87866e-14
7770 2.4772e-14
7780 1.84389e-14
7790 1.04791e-14
7800 1.11583e-14
7810 1.38509e-14
7820 1.4475e-14
7830 6.97741e-15
7840 4.39814e-15
7850 7.24419e-15
7860 5.0078e-15
7870 -9.78308e-16
7880 -4.9282e-15
7890 -5.79319e-15
7900 -3.48349e-15
7910 -5.09826e-16
7920 1.52322e-16
7930 5.75732e-15
7940 2.1215e-15
7950 -9.54142e-16
7960 6.92958e-15
7970 9.72464e-16
7980 3.38488e-15
7990 7.08957e-15
8000 1.98441e-15
8010 -3.20487e-18
8020 2.93064e-15
8030 6.27159e-16
8040 -1.68912e-15
8050 -3.8389e-15
8060 -1.03854e-14
8070 -5.36565e-15
8080 -9.732e-15
8090 -1.01839e-14
8100 -8.81027e-15
8110 -1.05106e-14
8120 -1.27648e-14
8130 -1.36433e-14
8140 -1.6081e-14
8150 -1.55673e-14
8160 -1.17091e-14
8170 -1.77144e-14
8180 -1.99705e-14
8190 -2.00445e-14
8200 -2.58888e-14
8210 -2.55377e-14
8220 -2.15906e-14
8230 -2.22503e-14
8240 -2.00072e-14
8250 -1.7647e-14
8260 -1.81303e-14
8270 -1.58358e-14
8280 -6.99301e-15
8290 -1.00539e-14
8300 -1.46839e-14
8310 -1.22197e-14
8320 -1.22326e-14
8330 -1.27997e-14
8340 -1.60596e-14
8350 -1.04748e-14
8360 -1.65418e-14
8370 -1.42713e-14
8380 -1.75467e-14
8390 -1.76581e-14
8400 -1.30966e-14
8410 -1.52775e-14
8420 -1.60807e-14
8430 -1.55154e-14
8440 -7.01026e-15
8450 -1.65139e-14
8460 -1.02831e-14
8470 -8.29585e-15
8480 -9.46443e-15
8490 -1.07722e-14
8500 -1.23639e-14
8510 -1.84014e-14
8520 -1.78783e-14
8530 -2.71059e-14
8540 -2.13667e-14
8550 -2.43773e-14
8560 -2.94001e-14
8570 -2.92874e-14
8580 -3.02244e-14
8590 -3.29639e-14
8600 -4.1137e-14
8610 -4.22576e-14
8620 -4.59693e-14
8630 -4.41219e-14
8640 -4.738e-14
8650 -3.80033e-14
8660 -3.49393e-14
8670 -3.84031e-14
8680 -3.59481e-14
8690 -3.219e-14
8700 -3.56729e-14
8710 -3.47468e-14
8720 -3.83427e-14
8730 -3.85003e-14
8740 -4.17497e-14
8750 -3.34344e-14
8760 -3.47968e-14
8770 -4.33572e-14
8780 -4.26365e-14
8790 -3.70292e-14
8800 -4.38417e-14
8810 -3.67166e-14
8820 -3.98527e-14
8830 -3.58432e-14
8840 -4.2731e-14
8850 -4.27328e-14
8860 -4.88813e-14
8870 -5.15987e-14
8880 -4.88727e-14
8890 -5.04064e-14
8900 -4.63956e-14
8910 -4.9763e-14
8920 -5.10106e-14
8930 -4.72011e-14
8940 -4.37841e-14
8950 -4.11732e-14
8960 -4.02938e-14
8970 -4.09805e-14
8980 -4.95258e-14
8990 -4.72576e-14
9000 -4.34601e-14
9010 -4.42025e-14
9020 -4.18663e-14
9030 -4.87281e-14
9040 -4.29446e-14
9050 -4.42716e-14
9060 -4.40554e-14
9070 -4.30119e-14
9080 -4.99571e-14
9090 -4.52421e-14
9100 -4.6389e-14
9110 -4.64072e-14
9120 -4.87097e-14
9130 -4.70783e-14
9140 -4.45632e-14
9150 -4.42249e-14
9160 -4.55666e-14
9170 -4.195e-14
9180 -4.50372e-14
9190 -4.24813e-14
9200 -4.2861e-14
9210 -4.66183e-14
9220 -5.62639e-14
9230 -5.28854e-14
9240 -4.71531e-14
9250 -4.25159e-14
9260 -5.01106e-14
9270 -4.64913e-14
9280 -4.76867e-14
9290 -5.37743e-14
9300 -5.15384e-14
9310 -4.90486e-14
9320 -4.81646e-14
9330 -4.45357e-14
9340 -4.34922e-14
9350 -5.29069e-14
9360 -5.31981e-14
9370 -4.91032e-14
9380 -5.40759e-14
9390 -5.20649e-14
9400 -4.23374e-14
9410 -4.93794e-14
9420 -4.8124e-14
9430 -4.59093e-14
9440 -5.16386e-14
9450 -4.45158e-14
9460 -5.04478e-14
9470 -5.03942e-14
9480 -5.09005e-14
9490 -4.6968e-14
9500 -4.81741e-14
9510 -4.47948e-14
9520 -4.52918e-14
9530 -4.24729e-14
9540 -4.17931e-14
9550 -4.46339e-14
9560 -4.47475e-14
9570 -3.8394e-14
9580 -4.1933e-14
9590 -3.83479e-14
9600 -4.20814e-14
9610 -4.25437e-14
9620 -4.652e-14
9630 -4.85559e-14
9640 -4.12369e-14
9650 -4.19972e-14
9660 -4.39363e-14
9670 -3.82563e-14
9680 -4.02741e-14
9690 -3.66839e-14
9700 -3.31507e-14
9710 -3.82723e-14
9720 -4.13143e-14
9730 -3.98954e-14
9740 -4.50952e-14
9750 -4.40556e-14
9760 -3.9809e-14
9770 -4.18559e-14
9780 -3.85417e-14
9790 -3.63597e-14
9800 -3.57335e-14
9810 -3.02446e-14
9820 -3.16031e-14
9830 -3.32826e-14
9840 -3.55995e-14
9850 -3.23308e-14
9860 -2.93325e-14
9870 -3.13085e-14
9880 -2.9599e-14
9890 -2.68463e-14
9900 -2.63901e-14
9910 -2.62778e-14
9920 -2.77703e-14
9930 -2.13585e-14
9940 -1.93607e-14
9950 -2.62212e-14
9960 -1.7198e-14
9970 -3.48978e-14
9980 -3.12272e-14
9990 -3.09865e-14
10000 -3.4018e-14
10010 -3.30317e-14
10020 -4.47797e-14
10030 -4.12891e-14
10040 -4.29878e-14
10050 -5.04087e-14
10060 -4.333e-14
10070 -4.73897e-14
10080 -4.52007e-14
10090 -5.023e-14
10100 -5.58283e-14
10110 -4.70528e-14
10120 -4.97871e-14
10130 -5.64797e-14
10140 -5.73785e-14
10150 -5.03345e-14
10160 -5.26866e-14
10170 -5.87913e-14
10180 -6.78779e-14
10190 -6.95861e-14
10200 -7.1844e-14
10210 -7.07699e-14
10220 -7.36194e-14
10230 -7.77847e-14
10240 -7.36065e-14
10250 -8.0521e-14
10260 -7.50134e-14
10270 -8.13721e-14
10280 -8.46026e-14
10290 -7.92711e-14
10300 -8.12923e-14
10310 -8.22108e-14
10320 -7.99766e-14
10330 -8.00163e-14
10340 -7.96875e-14
10350 -9.40382e-14
10360 -8.79721e-14
10370 -8.7695e-14
10380 -7.90425e-14
10390 -6.60568e-14
10400 -7.38445e-14
10410 -7.21025e-14
10420 -7.21556e-14
10430 -6.99854e-14
10440 -7.27283e-14
10450 -7.09999e-14
10460 -7.0291e-14
10470 -7.54966e-14
10480 -8.09962e-14
10490 -8.35613e-14
10500 -7.7517e-14
10510 -8.43173e-14
10520 -8.79194e-14
10530 -8.41676e-14
10540 -7.88615e-14
10550 -8.41439e-14
10560 -7.63446e-14
10570 -7.27868e-14
10580 -8.09503e-14
10590 -7.90266e-14
10600 -7.67643e-14
10610 -7.64426e-14
10620 -7.44513e-14
10630 -6.9488e-14
10640 -7.12589e-14
10650 -7.39779e-14
10660 -6.45644e-14
10670 -7.54625e-14
10680 -7.67261e-14
10690 -8.00125e-14
10700 -8.48332e-14
10710 -8.90366e-14
10720 -8.181e-14
10730 -7.97253e-14
10740 -7.89544e-14
10750 -8.32744e-14
10760 -7.74023e-14
10770 -8.0287e-14
10780 -8.05087e-14
10790 -7.76525e-14
10800 -7.61005e-14
10810 -8.00152e-14
10820 -7.60017e-14
10830 -6.92703e-14
10840 -7.7341e-14
10850 -7.29741e-14
10860 -7.01738e-14
10870 -7.33709e-14
10880 -7.02608e-14
10890 -6.95487e-14
10900 -6.56812e-14
10910 -7.0326e-14
10920 -6.94981e-14
10930 -6.32521e-14
10940 -6.54532e-14
10950 -7.06369e-14
10960 -6.60785e-14
10970 -6.19228e-14
10980 -6.39387e-14
10990 -6.77078e-14
11000 -7.07735e-14
11010 -7.41797e-14
11020 -7.01368e-14
11030 -7.64692e-14
11040 -8.08399e-14
11050 -7.67816e-14
11060 -6.92512e-14
11070 -7.55699e-14
11080 -7.60895e-14
11090 -8.07009e-14
11100 -7.64423e-14
11110 -7.00532e-14
11120 -7.36524e-14
11130 -7.83284e-14
11140 -7.1472e-14
11150 -7.05141e-14
11160 -5.96349e-14
11170 -6.78088e-14
11180 -7.16375e-14
11190 -6.14911e-14
11200 -6.40726e-14
11210 -6.96251e-14
11220 -7.24641e-14
11230 -8.06905e-14
11240 -7.20531e-14
11250 -7.74188e-14
11260 -8.08463e-14
11270 -7.76797e-14
11280 -8.22074e-14
11290 -8.57144e-14
11300 -8.53382e-14
11310 -8.52088e-14
11320 -8.21933e-14
11330 -8.10556e-14
11340 -8.53187e-14
11350 -8.0807e-14
11360 -7.73701e-14
11370 -9.13088e-14
11380 -9.11313e-14
11390 -8.33445e-14
11400 -8.6067e-14
11410 -8.77096e-14
11420 -9.1945e-14
11430 -8.89421e-14
11440 -9.43378e-14
11450 -9.1529e-14
11460 -9.51357e-14
11470 -9.8578e-14
11480 -9.952e-14
11490 -9.71513e-14
11500 -9.28403e-14
11510 -9.63402e-14
11520 -9.45992e-14
11530 -9.87513e-14
11540 -1.00943e-13
11550 -9.88737e-14
11560 -1.00775e-13
11570 -1.02807e-13
11580 -1.10319e-13
11590 -1.09674e-13
11600 -1.14e-13
11610 -1.12709e-13
11620 -1.12756e-13
11630 -1.16659e-13
11640 -1.18339e-13
11650 -1.13397e-13
11660 -1.22318e-13
11670 -1.22727e-13
11680 -1.19515e-13
11690 -1.0504e-13
11700 -1.0074e-13
11710 -1.1484e-13
11720 -1.05224e-13
11730 -9.92092e-14
11740 -1.04795e-13
11750 -1.123e-13
11760 -1.07702e-13
11770 -1.10356e-13
11780 -1.02579e-13
11790 -1.02578e-13
11800 -1.00285e-13
11810 -9.58234e-14
11820 -9.51688e-14
11830 -9.40752e-14
11840 -9.50811e-14
11850 -9.20527e-14
11860 -8.79303e-14
11870 -8.88687e-14
11880 -9.6007e-14
11890 -9.17124e-14
11900 -9.48499e-14
11910 -9.21061e-14
11920 -9.1523e-14
11930 -9.33924e-14
11940 -9.3303e-14
11950 -8.66712e-14
11960 -1.04063e-13
11970 -1.03218e-13
11980 -9.70684e-14
11990 -1.01729e-13
12000 -1.00221e-13
12010 -1.01585e-13
12020 -9.8319e-14
12030 -9.46009e-14
12040 -1.01322e-13
12050 -1.00366e-13
12060 -1.04885e-13
12070 -1.02093e-13
12080 -9.88352e-14
12090 -1.09665e-13
12100 -1.12639e-13
12110 -1.06049e-13
12120 -1.08704e-13
12130 -1.21042e-13
12140 -1.23357e-13
12150 -1.14096e-13
12160 -1.00987e-13
12170 -1.10507e-13
12180 -1.12284e-13
12190 -1.14607e-13
12200 -1.21564e-13
12210 -1.12118e-13
12220 -1.0525e-13
12230 -1.07025e-13
12240 -1.10474e-13
12250 -1.11198e-13
12260 -9.37386e-14
12270 -8.65379e-14
12280 -1.00524e-13
12290 -1.04412e-13
12300 -1.06983e-13
12310 -1.03416e-13
12320 -1.03198e-13
12330 -1.00114e-13
12340 -1.03981e-13
12350 -1.10047e-13
12360 -1.00229e-13
12370 -9.769e-14
12380 -9.83397e-14
12390 -1.03915e-13
12400 -1.08136e-13
12410 -1.10117e-13
12420 -1.10297e-13
12430 -1.0372e-13
12440 -1.10836e-13
12450 -1.0776e-13
12460 -9.69316e-14
12470 -1.00104e-13
12480 -1.00644e-13
12490 -9.89193e-14
12500 -1.04222e-13
12510 -1.03532e-13
12520 -9.89668e-14
12530 -1.04473e-13
12540 -9.74463e-14
12550 -9.70203e-14
12560 -9.76181e-14
12570 -8.70138e-14
12580 -9.17843e-14
12590 -9.09941e-14
12600 -8.3805e-14
12610 -8.57016e-14
12620 -9.07803e-14
12630 -8.63903e-14
12640 -8.12413e-14
12650 -7.20272e-14
12660 -8.61073e-14
12670 -8.97751e-14
12680 -8.4468e-14
12690 -7.80478e-14
12700 -6.66651e-14
12710 -7.86745e-14
12720 -8.00084e-14
12730 -8.62082e-14
12740 -7.51258e-14
12750 -6.37926e-14
12760 -7.29933e-14
12770 -8.13808e-14
12780 -9.80492e-14
12790 -1.42876e-13
12800 -2.18972e-13
12810 -3.96119e-13
12820 -7.78646e-13
12830 -1.61998e-12
12840 -3.43338e-12
12850 -7.21458e-12
12860 -1.49843e-11
12870 -3.07091e-11
12880 -6.20605e-11
12890 -1.23607e-10
12900 -2.42674e-10
12910 -4.69686e-10
12920 -8.96472e-10
12930 -1.68796e-09
12940 -3.13641e-09
12950 -5.75285e-09
12960 -1.04195e-08
12970 -1.86404e-08
12980 -3.29478e-08
12990 -5.75538e-08
13000 -9.93822e-08
13010 -1.69682e-07
13020 -2.86517e-07
13030 -4.78577e-07
13040 -7.90912e-07
13050 -1.2935e-06
13060 -2.09386e-06
13070 -3.35546e-06
13080 -5.32421e-06
13090 -8.36622e-06
13100 -1.3021e-05
13110 -2.00756e-05
13120 -3.06665e-05
13130 -4.64189e-05
13140 -6.96338e-05
13150 -0.000103537
13160 -0.00015261
13170 -0.000223012
13180 -0.000323139
13190 -0.000464314
13200 -0.000661679
13210 -0.000935279
13220 -0.00131141
13230 -0.00182426
13240 -0.00251781
13250 -0.0034482
13260 -0.00468636
13270 -0.00632105
13280 -0.00846237
13290 -0.0112456
13300 -0.0148352
13310 -0.0194294
13320 -0.025265
13330 -0.0326213
13340 -0.0418252
13350 -0.0532553
13360 -0.0673449
13370 -0.084585
13380 -0.105526
13390 -0.130776
13400 -0.161001
13410 -0.196919
13420 -0.239294
13430 -0.288926
13440 -0.346639
13450 -0.413265
13460 -0.489625
13470 -0.57651
13480 -0.674653
13490 -0.784706
13500 -0.907211
13510 -1.04257
13520 -1.19103
13530 -1.35262
13540 -1.52717
13550 -1.71426
13560 -1.91321
13570 -2.12308
13580 -2.34264
13590 -2.57038
13600 -2.80453
13610 -3.04307
13620 -3.28376
13630 -3.52413
13640 -3.76161
13650 -3.99347
13660 -4.21697
13670 -4.42932
13680 -4.62784
13690 -4.80992
13700 -4.97314
13710 -5.1153
13720 -5.2345
13730 -5.32912
13740 -5.39793
13750 -5.44005
13760 -5.45503
13770 -5.44281
13780 -5.40373
13790 -5.33852
13800 -5.2483
13810 -5.13451
13820 -4.99889
13830 -4.84346
13840 -4.67043
13850 -4.48217
13860 -4.28116
13870 -4.06995
13880 -3.85106
13890 -3.62701
13900 -3.40019
13910 -3.17289
13920 -2.94723
13930 -2.72517
13940 -2.50842
13950 -2.29851
13960 -2.09673
13970 -1.90413
13980 -1.72155
13990 -1.5496
14000 -1.3887
14010 -1.23907
14020 -1.10074
14030 -0.973629
14040 -0.857483
14050 -0.751952
14060 -0.656595
14070 -0.570893
14080 -0.494279
14090 -0.426144
14100 -0.365862
14110 -0.312797
14120 -0.266317
14130 -0.225807
14140 -0.19067
14150 -0.160341
14160 -0.134286
14170 -0.112008
14180 -0.0930477
14190 -0.0769855
14200 -0.0634404
14210 -0.0520697
14220 -0.0425669
14230 -0.0346605
14240 -0.0281112
14250 -0.0227099
14260 -0.0182745
14270 -0.0146481
14280 -0.0116957
14290 -0.00930227
14300 -0.00737011
14310 -0.00581687
14320 -0.00457342
14330 -0.00358208
14340 -0.00279498
14350 -0.00217259
14360 -0.00168243
14370 -0.00129797
14380 -0.000997625
14390 -0.000763921
14400 -0.000582794
14410 -0.000442969
14420 -0.000335451
14430 -0.000253097
14440 -0.000190263
14450 -0.000142507
14460 -0.00010635
14470 -7.90798e-05
14480 -5.85901e-05
14490 -4.32532e-05
14500 -3.18167e-05
14510 -2.33205e-05
14520 -1.70323e-05
14530 -1.23956e-05
14540 -8.98922e-06
14550 -6.49599e-06
14560 -4.6778e-06
14570 -3.35673e-06
14580 -2.40034e-06
14590 -1.71048e-06
14600 -1.21466e-06
14610 -8.59587e-07
14620 -6.06216e-07
14630 -4.2606e-07
14640 -2.98419e-07
14650 -2.08305e-07
14660 -1.44908e-07
14670 -1.00464e-07
14680 -6.9416e-08
14690 -4.78016e-08
14700 -3.28069e-08
14710 -2.24404e-08
14720 -1.52984e-08
14730 -1.03947e-08
14740 -7.03936e-09
14750 -4.75134e-09
14760 -3.19643e-09
14770 -2.1433e-09
14780 -1.43244e-09
14790 -9.54209e-10
14800 -6.33573e-10
14810 -4.19311e-10
14820 -2.76608e-10
14830 -1.81885e-10
14840 -1.19211e-10
14850 -7.78827e-11
14860 -5.07173e-11
14870 -3.29213e-11
14880 -2.12972e-11
14890 -1.37386e-11
14900 -8.83078e-12
14910 -5.6583e-12
14920 -3.61459e-12
14930 -2.29859e-12
14940 -1.45181e-12
14950 -9.10563e-13
14960 -5.64804e-13
14970 -3.40926e-13
14980 -1.9222e-13
14990 -9.4553e-14
15000 -1.79671e-14
15010 4.81362e-14
15020 1.24988e-13
15030 2.16292e-13
15040 3.59933e-13
15050 5.76538e-13
15060 8.99303e-13
15070 1.40606e-12
15080 2.17601e-12
15090 3.37654e-12
15100 5.22244e-12
15110 8.05462e-12
15120 1.2382e-11
15130 1.89661e-11
15140 2.89588e-11
15150 4.40777e-11
15160 6.68654e-11
15170 1.01105e-10
15180 1.5238e-10
15190 2.28907e-10
15200 3.42747e-10
15210 5.11515e-10
15220 7.60873e-10
15230 1.12805e-09
15240 1.66688e-09
15250 2.45491e-09
15260 3.60346e-09
15270 5.27169e-09
15280 7.68641e-09
15290 1.11695e-08
15300 1.61764e-08
15310 2.33483e-08
15320 3.35858e-08
15330 4.81478e-08
15340 6.8788e-08
15350 9.79398e-08
15360 1.38967e-07
15370 1.96502e-07
15380 2.76897e-07
15390 3.88832e-07
15400 5.44117e-07
15410 7.58761e-07
15420 1.05437e-06
15430 1.46001e-06
15440 2.01458e-06
15450 2.76997e-06
15460 3.7951e-06
15470 5.18109e-06
15480 7.04801e-06
15490 9.55328e-06
15500 1.29025e-05
15510 1.7363e-05
15520 2.3281e-05
15530 3.11026e-05
15540 4.14005e-05
15550 5.49063e-05
15560 7.25507e-05
15570 9.55117e-05
15580 0.000125274
15590 0.000163702
15600 0.000213119
15610 0.000276417
15620 0.000357169
15630 0.000459773
15640 0.000589613
15650 0.000753249
15660 0.000958633
15670 0.00121535
15680 0.0015349
15690 0.00193099
15700 0.00241989
15710 0.00302079
15720 0.0037562
15730 0.00465235
15740 0.00573963
15750 0.00705305
15760 0.00863266
15770 0.010524
15780 0.0127784
15790 0.0154534
15800 0.018613
15810 0.022328
15820 0.0266754
15830 0.0317392
15840 0.0376094
15850 0.0443816
15860 0.0521565
15870 0.0610388
15880 0.0711354
15890 0.0825545
15900 0.095403
15910 0.109785
15920 0.125797
15930 0.143529
15940 0.163057
15950 0.184444
15960 0.207731
15970 0.23294
15980 0.260066
15990 0.289073
16000 0.319896
16010 0.352434
16020 0.386548
16030 0.422062
16040 0.458762
16050 0.496392
16060 0.534662
16070 0.573245
16080 0.611783
16090 0.649889
16100 0.687155
16110 0.723159
16120 0.757468
16130 0.789651
16140 0.819285
16150 0.845963
16160 0.869307
16170 0.888971
16180 0.904655
16190 0.916107
16200 0.923133
16210 0.925604
16220 0.923455
16230 0.916688
16240 0.905379
16250 0.889667
16260 0.869759
16270 0.845924
16280 0.818482
16290 0.787804
16300 0.754299
16310 0.718405
16320 0.680582
16330 0.6413
16340 0.60103
16350 0.560231
16360 0.519348
16370 0.478799
16380 0.43897
16390 0.400206
16400 0.362813
16410 0.327051
16420 0.29313
16430 0.261215
16440 0.231426
16450 0.203836
16460 0.178478
16470 0.155347
16480 0.134404
16490 0.115583
16500 0.0987924
16510 0.083923
16520 0.0708503
16530 0.0594405
16540 0.0495541
16550 0.0410495
16560 0.0337865
16570 0.0276285
16580 0.0224454
16590 0.0181144
16600 0.0145218
16610 0.0115634
16620 0.00914522
16630 0.00718314
16640 0.00560294
16650 0.00433978
16660 0.00333763
16670 0.00254854
16680 0.00193195
16690 0.00145384
16700 0.00108597
16710 0.000805118
16720 0.000592388
16730 0.000432533
16740 0.000313369
16750 0.000225256
16760 0.000160634
16770 0.00011363
16780 7.97263e-05
16790 5.54768e-05
16800 3.82804e-05
16810 2.61905e-05
16820 1.7765e-05
16830 1.19449e-05
16840 7.96049e-06
16850 5.25753e-06
16860 3.4407e-06
16870 2.23086e-06
16880 1.43283e-06
16890 9.1147e-07
16900 5.74181e-07
16910 3.58129e-07
16920 2.21125e-07
16930 1.35134e-07
16940 8.17214e-08
16950 4.8895e-08
16960 2.89375e-08
16970 1.69366e-08
16980 9.80086e-09
16990 5.60619e-09
17000 3.16903e-09
17010 1.7698e-09
17020 9.76199e-10
17030 5.31673e-10
17040 2.85838e-10
17050 1.51641e-10
17060 7.93596e-11
17070 4.09683e-11
17080 2.08476e-11
17090 1.04651e-11
17100 5.18128e-12
17110 2.53526e-12
17120 1.23495e-12
17130 6.00145e-13
17140 2.94742e-13
17150 1.58847e-13
17160 9.71321e-14
17170 6.56881e-14
17180 5.13069e-14
17190 4.64625e-14
17200 4.40161e-14
17210 4.57983e-14
17220 4.79624e-14
17230 4.76881e-14
17240 5.1153e-14
17250 4.43923e-14
17260 4.61203e-14
17270 4.9252e-14
17280 4.2875e-14
17290 4.60158e-14
17300 4.47558e-14
17310 4.88501e-14
17320 4.97988e-14
17330 4.91049e-14
17340 4.57205e-14
17350 4.34995e-14
17360 4.54133e-14
17370 4.43929e-14
17380 4.6237e-14
17390 4.75767e-14
17400 4.46601e-14
17410 4.62534e-14
17420 4.83454e-14
17430 4.43758e-14
17440 4.7505e-14
17450 4.54524e-14
17460 4.50685e-14
17470 4.47269e-14
17480 4.30654e-14
17490 4.46565e-14
17500 4.20386e-14
17510 3.91393e-14
17520 4.09413e-14
17530 3.77719e-14
17540 3.91133e-14
17550 3.73681e-14
17560 3.8553e-14
17570 3.57813e-14
17580 3.16773e-14
17590 3.00776e-14
17600 3.27844e-14
17610 3.13158e-14
17620 3.32513e-14
17630 2.7743e-14
17640 2.78106e-14
17650 3.24612e-14
17660 2.79741e-14
17670 2.69855e-14
17680 3.67151e-14
17690 3.53128e-14
17700 3.44967e-14
17710 3.9041e-14
17720 3.46674e-14
17730 3.53568e-14
17740 3.37414e-14
17750 3.50989e-14
17760 3.75237e-14
17770 3.67688e-14
17780 3.80866e-14
17790 3.93819e-14
17800 3.60208e-14
17810 3.54945e-14
17820 3.70157e-14
17830 3.97883e-14
17840 4.43323e-14
17850 4.11505e-14
17860 4.37359e-14
17870 4.65828e-14
17880 4.2099e-14
17890 4.17202e-14
17900 4.22914e-14
17910 3.91008e-14
17920 4.04274e-14
17930 3.89713e-14
17940 3.84172e-14
17950 4.34695e-14
17960 3.8755e-14
17970 4.66338e-14
17980 4.65345e-14
17990 4.62919e-14
18000 4.02378e-14
18010 3.98276e-14
18020 4.08865e-14
18030 4.22215e-14
18040 4.2059e-14
18050 4.31844e-14
18060 4.7337e-14
18070 4.08135e-14
18080 4.52991e-14
18090 4.40038e-14
18100 3.71451e-14
18110 3.74975e-14
18120 3.39698e-14
18130 3.94843e-14
18140 4.18738e-14
18150 3.99104e-14
18160 4.27381e-14
18170 4.25677e-14
18180 4.51247e-14
18190 5.52569e-14
18200 5.49866e-14
18210 5.33159e-14
18220 5.65804e-14
18230 5.4093e-14
18240 4.66079e-14
18250 5.2226e-14
18260 5.20641e-14
18270 5.54816e-14
18280 5.5774e-14
18290 5.14766e-14
18300 5.55998e-14
18310 5.41453e-14
18320 5.52037e-14
18330 6.11548e-14
18340 5.57146e-14
18350 5.85867e-14
18360 6.45363e-14
18370 6.11999e-14
18380 5.97482e-14
18390 6.14186e-14
18400 6.1285e-14
18410 5.87794e-14
18420 5.96056e-14
18430 5.72911e-14
18440 5.87985e-14
18450 5.76627e-14
18460 5.47628e-14
18470 5.26242e-14
18480 5.15672e-14
18490 5.35413e-14
18500 5.83862e-14
18510 5.56974e-14
18520 6.12278e-14
18530 6.56674e-14
18540 6.42926e-14
18550 6.78717e-14
18560 7.30909e-14
18570 6.72478e-14
18580 7.05975e-14
18590 7.07732e-14
18600 7.2893e-14
18610 7.61877e-14
18620 6.85611e-14
18630 6.97454e-14
18640 6.61458e-14
18650 6.36574e-14
18660 6.0628e-14
18670 6.40624e-14
18680 5.97025e-14
18690 5.84046e-14
18700 5.91255e-14
18710 6.45433e-14
18720 5.48255e-14
18730 5.56389e-14
18740 6.03038e-14
18750 5.77832e-14
18760 5.94034e-14
18770 6.07906e-14
18780 6.02938e-14
18790 6.33022e-14
18800 6.04635e-14
18810 6.02941e-14
18820 5.76275e-14
18830 6.1335e-14
18840 6.70427e-14
18850 5.92821e-14
18860 6.40411e-14
18870 6.28918e-14
18880 6.38442e-14
18890 5.91224e-14
18900 6.19125e-14
18910 6.50791e-14
18920 5.79508e-14
18930 5.71295e-14
18940 5.73075e-14
18950 5.26861e-14
18960 5.23377e-14
18970 5.47179e-14
18980 4.9234e-14
18990 4.85423e-14
19000 4.80691e-14
19010 4.53386e-14
19020 5.02989e-14
19030 4.03131e-14
19040 4.09816e-14
19050 4.033e-14
19060 3.52258e-14
19070 3.99578e-14
19080 4.15233e-14
19090 3.80456e-14
19100 3.6014e-14
19110 4.31086e-14
19120 4.28008e-14
19130 3.91483e-14
19140 3.85378e-14
19150 3.99863e-14
19160 3.965e-14
19170 3.74951e-14
19180 4.28284e-14
19190 3.94949e-14
19200 3.91767e-14
19210 4.38883e-14
19220 4.59642e-14
19230 4.35895e-14
19240 4.99185e-14
19250 4.86194e-14
19260 4.84953e-14
19270 4.8428e-14
19280 4.88933e-14
19290 4.88756e-14
19300 5.3375e-14
19310 4.87153e-14
19320 5.75178e-14
19330 5.15863e-14
19340 5.48715e-14
19350 5.63298e-14
19360 5.38975e-14
19370 5.36731e-14
19380 5.91385e-14
19390 5.71343e-14
19400 5.47089e-14
19410 6.20522e-14
19420 5.70787e-14
19430 6.07542e-14
19440 6.36649e-14
19450 6.32537e-14
19460 6.31428e-14
19470 6.73862e-14
19480 6.38313e-14
19490 6.22384e-14
19500 6.20145e-14
19510 5.46181e-14
19520 5.93791e-14
19530 5.74584e-14
19540 6.37231e-14
19550 5.90626e-14
19560 6.09459e-14
19570 6.01788e-14
19580 6.09962e-14
19590 5.84624e-14
19600 6.07114e-14
19610 5.87833e-14
19620 6.149e-14
19630 5.90661e-14
19640 5.82124e-14
19650 5.62041e-14
19660 5.31353e-14
19670 5.09455e-14
19680 5.25812e-14
19690 5.43146e-14
19700 5.00281e-14
19710 5.02052e-14
19720 5.45772e-14
19730 4.7102e-14
19740 5.21665e-14
19750 4.83216e-14
19760 4.69527e-14
19770 5.01045e-14
19780 4.49341e-14
19790 4.02072e-14
19800 4.40787e-14
19810 3.54181e-14
19820 3.63799e-14
19830 3.98709e-14
19840 3.32713e-14
19850 4.14373e-14
19860 4.07767e-14
19870 3.69774e-14
19880 4.1441e-14
19890 3.89079e-14
19900 3.65358e-14
19910 3.99796e-14
19920 4.35372e-14
19930 3.43101e-14
19940 3.78826e-14
19950 3.87773e-14
19960 3.78781e-14
19970 3.63609e-14
19980 4.19667e-14
19990 4.59284e-14
20000 3.5963e-14
20010 4.22888e-14
20020 4.20192e-14
20030 5.05479e-14
20040 4.83049e-14
20050 4.30974e-14
20060 4.19675e-14
20070 4.31487e-14
20080 4.56996e-14
20090 4.23005e-14
20100 4.11771e-14
20110 3.7058e-14
20120 4.05388e-14
20130 4.04127e-14
20140 3.87969e-14
20150 3.50677e-14
20160 3.45598e-14
20170 4.06093e-14
20180 4.08956e-14
20190 4.25413e-14
20200 3.77945e-14
20210 3.75243e-14
20220 3.80293e-14
20230 4.35144e-14
20240 4.32936e-14
20250 4.39349e-14
20260 4.34032e-14
20270 4.94172e-14
20280 4.49531e-14
20290 3.98616e-14
20300 4.20946e-14
20310 4.15753e-14
20320 4.26232e-14
20330 3.71209e-14
20340 3.99277e-14
20350 4.0684e-14
20360 3.57604e-14
20370 3.52751e-14
20380 3.73022e-14
20390 3.17762e-14
20400 2.98718e-14
20410 2.32492e-14
20420 2.70463e-14
20430 2.99802e-14
20440 3.58339e-14
20450 3.32053e-14
20460 3.61671e-14
20470 4.74254e-14
20480 4.10751e-14
20490 4.14811e-14
20500 3.47039e-14
20510 4.1224e-14
20520 3.19526e-14
20530 3.79849e-14
20540 3.84292e-14
20550 3.61212e-14
20560 3.80264e-14
20570 3.14248e-14
20580 3.32312e-14
20590 3.38107e-14
20600 3.53118e-14
20610 3.12131e-14
20620 3.33609e-14
20630 3.65425e-14
20640 3.60273e-14
20650 3.31769e-14
20660 3.63682e-14
20670 3.87407e-14
20680 3.70486e-14
20690 2.91736e-14
20700 3.01356e-14
20710 3.19161e-14
20720 3.48293e-14
20730 2.8143e-14
20740 2.41178e-14
20750 2.52241e-14
20760 2.11105e-14
20770 2.09542e-14
20780 2.37811e-14
20790 1.94111e-14
20800 1.74385e-14
20810 1.88128e-14
20820 1.58168e-14
20830 2.1148e-14
20840 1.55636e-14
20850 1.39219e-14
20860 1.22128e-14
20870 1.68554e-14
20880 2.10292e-14
20890 1.6647e-14
20900 1.53618e-14
20910 1.77366e-14
20920 1.83542e-14
20930 2.17502e-14
20940 2.12939e-14
20950 2.2531e-14
20960 2.28661e-14
20970 2.21981e-14
20980 1.8431e-14
20990 2.20524e-14
21000 2.24386e-14
21010 2.60694e-14
21020 1.94952e-14
21030 2.16499e-14
21040 2.14161e-14
21050 2.5681e-14
21060 2.67692e-14
21070 2.7158e-14
21080 2.93044e-14
21090 3.06255e-14
21100 2.45992e-14
21110 1.81879e-14
21120 1.41316e-14
21130 1.53365e-14
21140 1.35946e-14
21150 1.45722e-14
21160 1.445e-14
21170 1.21862e-14
21180 1.02347e-14
21190 1.70421e-14
21200 1.2869e-14
21210 1.31353e-14
21220 8.65152e-15
21230 1.6673e-14
21240 1.4837e-14
21250 1.62911e-14
21260 1.21589e-14
21270 1.918e-14
21280 1.34823e-14
21290 1.63284e-14
21300 1.79162e-14
21310 1.8968e-14
21320 1.65853e-14
21330 1.71838e-14
21340 1.81952e-14
21350 1.62642e-14
21360 1.68343e-14
21370 1.56961e-14
21380 1.31929e-14
21390 1.20862e-14
21400 1.89612e-14
21410 1.83075e-14
21420 1.93363e-14
21430 2.165e-14
21440 1.89679e-14
21450 1.81127e-14
21460 1.41301e-14
21470 1.61794e-14
21480 1.58794e-14
21490 1.6905e-14
21500 8.84727e-15
21510 3.60495e-15
21520 6.2848e-15
21530 1.2917e-14
21540 1.68132e-14
21550 1.26695e-14
21560 1.34377e-14
21570 1.0849e-14
21580 1.47065e-14
21590 2.30279e-14
21600 2.50091e-14
21610 2.44084e-14
21620 1.92365e-14
21630 1.98199e-14
21640 2.95465e-14
21650 2.98473e-14
21660 2.33938e-14
21670 2.01203e-14
21680 2.09777e-14
21690 2.43106e-14
21700 2.24099e-14
21710 2.60626e-14
21720 2.88366e-14
21730 3.1324e-14
21740 2.84751e-14
21750 2.70277e-14
21760 2.65099e-14
21770 2.82316e-14
21780 3.10439e-14
21790 2.68748e-14
21800 2.84412e-14
21810 2.63872e-14
21820 3.31146e-14
21830 3.12924e-14
21840 3.12353e-14
21850 3.07186e-14
21860 2.75166e-14
21870 2.82868e-14
21880 2.68444e-14
21890 3.23365e-14
21900 3.20751e-14
21910 3.13537e-14
21920 2.84643e-14
21930 2.87778e-14
21940 2.87042e-14
21950 2.84309e-14
21960 2.55991e-14
21970 2.76801e-14
21980 3.08628e-14
21990 3.12049e-14
22000 3.39597e-14
22010 3.66903e-14
22020 4.32521e-14
22030 4.17178e-14
22040 4.01463e-14
22050 4.58978e-14
22060 4.42557e-14
22070 4.48896e-14
22080 3.97827e-14
22090 3.83761e-14
22100 4.07737e-14
22110 4.13262e-14
22120 3.84564e-14
22130 4.51543e-14
22140 3.79633e-14
22150 4.27908e-14
22160 3.66659e-14
22170 4.27019e-14
22180 3.86925e-14
22190 4.4979e-14
22200 4.47866e-14
22210 4.01332e-14
22220 3.52745e-14
22230 3.91663e-14
22240 3.8555e-14
22250 3.5683e-14
22260 3.6032e-14
22270 4.23914e-14
22280 3.47046e-14
22290 3.44756e-14
22300 3.84587e-14
22310 3.94647e-14
22320 4.51736e-14
22330 3.67367e-14
22340 3.49219e-14
22350 3.41817e-14
22360 4.11238e-14
22370 4.00022e-14
22380 4.08576e-14
22390 3.65815e-14
22400 3.69227e-14
22410 3.89238e-14
22420 3.96422e-14
22430 4.84782e-14
22440 4.22753e-14
22450 3.64298e-14
22460 3.49612e-14
22470 3.89567e-14
22480 4.22507e-14
22490 3.86983e-14
22500 4.20266e-14
22510 3.21861e-14
22520 4.45794e-14
22530 3.80001e-14
22540 4.03464e-14
22550 4.31047e-14
22560 3.62413e-14
22570 3.85463e-14
22580 4.19108e-14
22590 4.12959e-14
22600 4.64257e-14
22610 3.33436e-14
22620 3.33406e-14
22630 2.92897e-14
22640 3.65476e-14
22650 3.6883e-14
22660 3.87033e-14
22670 3.38681e-14
22680 3.37505e-14
22690 3.33937e-14
22700 3.35245e-14
22710 3.84874e-14
22720 3.41113e-14
22730 3.73865e-14
22740 3.43829e-14
22750 3.61482e-14
22760 3.66485e-14
22770 4.51699e-14
22780 3.64887e-14
22790 3.74697e-14
22800 3.61482e-14
22810 3.96337e-14
22820 4.22113e-14
22830 4.65508e-14
22840 4.2364e-14
22850 3.22358e-14
22860 3.71082e-14
22870 3.60322e-14
22880 3.67296e-14
22890 3.44407e-14
22900 2.94508e-14
22910 2.84803e-14
22920 3.09804e-14
22930 3.68006e-14
22940 2.99996e-14
22950 2.42503e-14
22960 2.71504e-14
22970 3.40348e-14
22980 3.59827e-14
22990 3.52419e-14
23000 3.34178e-14
23010 3.49693e-14
23020 3.44857e-14
23030 3.82585e-14
23040 3.50062e-14
23050 4.2699e-14
23060 3.70539e-14
23070 4.50277e-14
23080 4.16924e-14
23090 3.47941e-14
23100 3.19068e-14
23110 3.71724e-14
23120 3.83047e-14
23130 4.12407e-14
23140 4.65169e-14
23150 4.37019e-14
23160 4.00819e-14
23170 4.00788e-14
23180 3.58573e-14
23190 3.69369e-14
23200 3.76403e-14
23210 3.54485e-14
23220 3.72952e-14
23230 2.93008e-14
23240 2.62661e-14
23250 2.82565e-14
23260 2.95844e-14
23270 3.08952e-14
23280 3.19598e-14
23290 3.69056e-14
23300 3.35906e-14
23310 3.53871e-14
23320 3.14608e-14
23330 3.40135e-14
23340 3.87591e-14
23350 4.08667e-14
23360 3.79607e-14
23370 3.63629e-14
23380 4.34208e-14
23390 3.41836e-14
23400 3.63922e-14
23410 3.27007e-14
23420 3.49093e-14
23430 3.11399e-14
23440 3.90527e-14
23450 4.04417e-14
23460 4.0639e-14
23470 3.61279e-14
23480 3.38333e-14
23490 3.79571e-14
23500 4.64894e-14
23510 4.72591e-14
23520 5.91541e-14
23530 4.67672e-14
23540 4.67551e-14
23550 4.05973e-14
23560 5.67353e-14
23570 6.31883e-14
23580 7.41935e-14
23590 8.82509e-14
23600 1.34978e-13
23610 2.14167e-13
23620 3.40226e-13
23630 5.59795e-13
23640 9.33367e-13
23650 1.60865e-12
23660 2.76089e-12
23670 4.71644e-12
23680 8.0132e-12
23690 1.35212e-11
23700 2.26934e-11
23710 3.78339e-11
23720 6.26462e-11
23730 1.03032e-10
23740 1.6833e-10
23750 2.73198e-10
23760 4.40474e-10
23770 7.05544e-10
23780 1.12286e-09
23790 1.77565e-09
23800 2.7903e-09
23810 4.35751e-09
23820 6.76313e-09
23830 1.04331e-08
23840 1.5998e-08
23850 2.43855e-08
23860 3.69524e-08
23870 5.56706e-08
23880 8.3389e-08
23890 1.24199e-07
23900 1.83942e-07
23910 2.70907e-07
23920 3.96793e-07
23930 5.7801e-07
23940 8.3745e-07
23950 1.20686e-06
23960 1.73003e-06
23970 2.467e-06
23980 3.49968e-06
23990 4.93913e-06
24000 6.93517e-06
24010 9.68876e-06
24020 1.3468e-05
24030 1.86288e-05
24040 2.56406e-05
24050 3.51201e-05
24060 4.78722e-05
24070 6.49426e-05
24080 8.76824e-05
24090 0.000117828
24100 0.0001576
24110 0.000209823
24120 0.000278068
24130 0.000366835
24140 0.000481754
24150 0.000629841
24160 0.00081979
24170 0.00106232
24180 0.00137058
24190 0.0017606
24200 0.00225187
24210 0.00286789
24220 0.00363691
24230 0.00459269
24240 0.00577537
24250 0.0072324
24260 0.00901961
24270 0.0112023
24280 0.0138566
24290 0.0170704
24300 0.0209451
24310 0.0255967
24320 0.0311573
24330 0.0377764
24340 0.0456224
24350 0.0548836
24360 0.0657695
24370 0.0785119
24380 0.0933651
24390 0.110607
24400 0.130539
24410 0.153484
24420 0.179791
24430 0.209826
24440 0.243977
24450 0.282646
24460 0.326253
24470 0.375223
24480 0.42999
24490 0.490986
24500 0.558639
24510 0.633362
24520 0.715551
24530 0.805573
24540 0.90376
24550 1.0104
24560 1.12573
24570 1.24992
24580 1.38307
24590 1.52521
24600 1.67627
24610 1.8361
24620 2.00445
24630 2.18095
24640 2.36513
24650 2.55641
24660 2.75409
24670 2.95737
24680 3.16534
24690 3.37697
24700 3.59116
24710 3.80669
24720 4.02228
24730 4.23659
24740 4.44821
24750 4.6557
24760 4.8576
24770 5.05245
24780 5.23878
24790 5.41519
24800 5.58031
24810 5.73282
24820 5.87152
24830 5.99528
24840 6.10312
24850 6.19417
24860 6.26769
24870 6.32311
24880 6.36002
24890 6.37816
24900 6.37744
24910 6.35796
24920 6.31995
24930 6.26381
24940 6.19011
24950 6.09954
24960 5.99295
24970 5.87127
24980 5.73558
24990 5.58703
25000 5.42684
25010 5.2563
25020 5.07674
25030 4.88951
25040 4.69599
25050 4.49752
25060 4.29545
25070 4.09108
25080 3.88565
25090 3.68038
25100 3.47637
25110 3.27469
25120 3.07629
25130 2.88206
25140 2.69278
25150 2.50914
25160 2.33173
25170 2.16105
25180 1.99751
25190 1.84142
25200 1.69302
25210 1.55246
25220 1.41981
25230 1.29508
25240 1.17821
25250 1.06908
25260 0.967531
25270 0.873352
25280 0.786297
25290 0.706091
25300 0.632433
25310 0.565004
25320 0.503473
25330 0.447497
25340 0.396732
25350 0.350833
25360 0.309459
25370 0.272276
25380 0.238958
25390 0.209191
25400 0.182673
25410 0.159119
25420 0.138258
25430 0.119833
25440 0.103607
25450 0.0893564
25460 0.0768765
25470 0.0659773
25480 0.0564848
25490 0.0482399
25500 0.0410982
25510 0.0349288
25520 0.0296136
25530 0.0250466
25540 0.0211328
25550 0.0177878
25560 0.0149363
25570 0.012512
25580 0.0104562
25590 0.00871732
25600 0.0072504
25610 0.00601606
25620 0.00498006
25630 0.00411276
25640 0.00338853
25650 0.00278528
25660 0.00228407
25670 0.00186868
25680 0.00152528
25690 0.0012421
25700 0.00100914
25710 0.000817985
25720 0.000661508
25730 0.000533735
25740 0.000429652
25750 0.000345075
25760 0.000276514
25770 0.000221069
25780 0.00017634
25790 0.000140342
25800 0.00011144
25810 8.82894e-05
25820 6.97907e-05
25830 5.50438e-05
25840 4.33156e-05
25850 3.40099e-05
25860 2.66437e-05
25870 2.08264e-05
25880 1.6243e-05
25890 1.26402e-05
25900 9.8147e-06
25910 7.60394e-06
25920 5.87815e-06
25930 4.53404e-06
25940 3.48959e-06
25950 2.67985e-06
25960 2.05349e-06
25970 1.5701e-06
25980 1.19788e-06
25990 9.11913e-07
26000 6.92707e-07
26010 5.25053e-07
26020 3.97115e-07
26030 2.99703e-07
26040 2.25699e-07
26050 1.69603e-07
26060 1.27175e-07
26070 9.51572e-08
26080 7.10478e-08
26090 5.29337e-08
26100 3.93539e-08
26110 2.91957e-08
26120 2.16136e-08
26130 1.59667e-08
26140 1.17702e-08
26150 8.65833e-09
26160 6.35579e-09
26170 4.65576e-09
26180 3.40329e-09
26190 2.48254e-09
26200 1.80711e-09
26210 1.3127e-09
26220 9.51568e-10
26230 6.88351e-10
26240 4.9691e-10
26250 3.57967e-10
26260 2.57342e-10
26270 1.8462e-10
26280 1.32175e-10
26290 9.44335e-11
26300 6.733e-11
26310 4.7907e-11
26320 3.40173e-11
26330 2.41052e-11
26340 1.70464e-11
26350 1.20302e-11
26360 8.47274e-12
26370 5.95515e-12
26380 4.17715e-12
26390 2.92407e-12
26400 2.04275e-12
26410 1.42418e-12
26420 9.90924e-13
26430 6.88081e-13
26440 4.76833e-13
26450 3.29777e-13
26460 2.27616e-13
26470 1.5679e-13
26480 1.07786e-13
26490 7.39509e-14
26500 5.06358e-14
26510 3.46025e-14
26520 2.35991e-14
26530 1.60628e-14
26540 1.09116e-14
26550 7.39767e-15
26560 5.00547e-15
26570 3.38017e-15
26580 2.27812e-15
26590 1.53236e-15
26600 1.02871e-15
26610 6.89247e-16
26620 4.60899e-16
26630 3.07601e-16
26640 2.04891e-16
26650 1.36211e-16
26660 9.03761e-17
26670 5.98484e-17
26680 3.95557e-17
26690 2.60929e-17
26700 1.7179e-17
26710 1.12884e-17
26720 7.40335e-18
26730 4.84605e-18
26740 3.166e-18
26750 2.06443e-18
26760 1.34355e-18
26770 8.72726e-19
26780 5.65808e-19
26790 3.66125e-19
26800 2.36462e-19
26810 1.52428e-19
26820 9.80712e-20
26830 6.29785e-20
26840 4.03662e-20
26850 2.58238e-20
26860 1.64892e-20
26870 1.05089e-20
26880 6.68487e-21
26890 4.24434e-21
26900 2.68973e-21
26910 1.70133e-21
26920 1.07412e-21
26930 6.76865e-22
26940 4.25732e-22
26950 2.67274e-22
26960 1.67481e-22
26970 1.04752e-22
26980 6.53954e-23
26990 4.07496e-23
27000 2.5345e-23
27010 1.57345e-23
27020 9.75001e-24
27030 6.03049e-24
27040 3.72302e-24
27050 2.29422e-24
27060 1.41114e-24
27070 8.66372e-25
27080 5.3093e-25
27090 3.24766e-25
27100 1.98292e-25
27110 1.20848e-25
27120 7.35153e-26
27130 4.46395e-26
27140 2.70561e-26
27150 1.63688e-26
27160 9.88492e-27
27170 5.9585e-27
27180 3.58517e-27
27190 2.15323e-27
27200 1.29087e-27
27210 7.72471e-28
27220 4.61418e-28
27230 2.75118e-28
27240 1.63741e-28
27250 9.72766e-29
27260 5.76866e-29
27270 3.41473e-29
27280 2.01769e-29
27290 1.19006e-29
27300 7.00654e-30
27310 4.11771e-30
27320 2.41562e-30
27330 1.41456e-30
27340 8.26863e-31
27350 4.82469e-31
27360 2.81014e-31
27370 1.63384e-31
27380 9.48235e-32
27390 5.49348e-32
27400 3.17691e-32
27410 1.83395e-32
27420 1.05682e-32
27430 6.0791e-33
27440 3.49066e-33
27450 2.00081e-33
27460 1.14481e-33
27470 6.53875e-34
27480 3.72809e-34
27490 2.12183e-34
27500 1.20551e-34
27510 6.83693e-35
27520 3.87068e-35
27530 2.18751e-35
27540 1.23409e-35
27550 6.94999e-36
27560 3.90712e-36
27570 2.19265e-36
27580 1.22834e-36
27590 6.86925e-37
27600 3.83478e-37
27610 2.13704e-37
27620 1.18885e-37
27630 6.60209e-38
27640 3.66e-38
27650 2.02546e-38
27660 1.11895e-38
27670 6.17084e-39
27680 3.39721e-39
27690 1.86701e-39
27700 1.02428e-39
27710 5.60969e-40
27720 3.06695e-40
27730 1.67388e-40
27740 9.11992e-41
27750 4.9603e-41
27760 2.69325e-41
27770 1.45981e-41
27780 7.8989e-42
27790 4.26669e-42
27800 2.30074e-42
27810 1.23851e-42
27820 6.65556e-43
27830 3.57047e-43
27840 1.91214e-43
27850 1.02229e-43
27860 5.45607e-44
27870 2.907e-44
27880 1.54621e-44
27890 8.21007e-45
27900 4.35196e-45
27910 2.30293e-45
27920 1.21657e-45
27930 6.41577e-46
27940 3.3777e-46
27950 1.77522e-46
27960 9.31412e-47
27970 4.87855e-47
27980 2.55092e-47
27990 1.33157e-47
28000 6.93883e-48
28010 3.60966e-48
28020 1.87458e-48
28030 9.71842e-49
28040 5.0297e-49
28050 2.59861e-49
28060 1.34027e-49
28070 6.90072e-50
28080 3.54686e-50
28090 1.81986e-50
28100 9.32132e-51
28110 4.76603e-51
28120 2.43261e-51
28130 1.23943e-51
28140 6.30383e-52
28150 3.20046e-52
28160 1.62196e-52
28170 8.20517e-53
28180 4.1433e-53
28190 2.08839e-53
28200 1.0507e-53
28210 5.27642e-54
28220 2.64477e-54
28230 1.32318e-54
28240 6.60727e-55
28250 3.293e-55
28260 1.63802e-55
28270 8.13197e-56
28280 4.02915e-56
28290 1.99234e-56
28300 9.83182e-57
28310 4.84192e-57
28320 2.3796e-57
28330 1.16703e-57
28340 5.71142e-58
28350 2.78918e-58
28360 1.35916e-58
28370 6.60865e-59
28380 3.20623e-59
28390 1.55204e-59
28400 7.49601e-60
28410 3.61211e-60
28420 1.73655e-60
28430 8.32901e-61
28440 3.9854e-61
28450 1.90244e-61
28460 9.0594e-62
28470 4.30354e-62
28480 2.03929e-62
28490 9.63934e-63
28500 4.54488e-63
28510 2.13743e-63
28520 1.00264e-63
28530 4.6911e-64
28540 2.18911e-64
28550 1.01886e-64
28560 4.72942e-65
28570 2.18946e-65
28580 1.01086e-65
28590 4.65441e-66
28600 2.13721e-66
28610 9.78656e-67
28620 4.46895e-67
28630 2.03501e-67
28640 9.24067e-68
28650 4.18418e-68
28660 1.88921e-68
28670 8.5056e-69
28680 3.81838e-69
28690 1.70921e-69
28700 7.62864e-70
28710 3.39492e-70
28720 1.50638e-70
28730 6.6644e-71
28740 2.93968e-71
28750 1.29285e-71
28760 5.66888e-72
28770 2.47825e-72
28780 1.08016e-72
28790 4.69377e-73
28800 2.03348e-73
28810 8.78293e-74
28820 3.78196e-74
28830 1.62356e-74
28840 6.9485e-75
28850 2.9647e-75
28860 1.26105e-75
28870 5.34747e-76
28880 2.26059e-76
28890 9.52686e-77
28900 4.0025e-77
28910 1.67634e-77
28920 6.99909e-78
28930 2.91317e-78
28940 1.20874e-78
28950 4.9997e-79
28960 2.06154e-79
28970 8.47382e-80
28980 3.47217e-80
28990 1.41827e-80
29000 5.77493e-81
29010 2.34405e-81
29020 9.48452e-82
29030 3.82554e-82
29040 1.53814e-82
29050 6.16491e-83
29060 2.46309e-83
29070 9.80976e-84
29080 3.89456e-84
29090 1.54127e-84
29100 6.08024e-85
29110 2.39101e-85
29120 9.37262e-86
29130 3.66234e-86
29140 1.4265e-86
29150 5.53864e-87
29160 2.14363e-87
29170 8.27011e-88
29180 3.18044e-88
29190 1.2192e-88
29200 4.65886e-89
29210 1.77458e-89
29220 6.73787e-90
29230 2.55013e-90
29240 9.62084e-91
29250 3.61805e-91
29260 1.35627e-91
29270 5.06792e-92
29280 1.88765e-92
29290 7.00849e-93
29300 2.59379e-93
29310 9.56874e-94
29320 3.51871e-94
29330 1.28979e-94
29340 4.71263e-95
29350 1.71639e-95
29360 6.23125e-96
29370 2.25497e-96
29380 8.1342e-97
29390 2.92479e-97
29400 1.04829e-97
29410 3.74519e-98
29420 1.33375e-98
29430 4.73454e-99
29440 1.67528e-99
29450 5.90885e-100
29460 2.07742e-100
29470 7.2803e-101
29480 2.5432e-101
29490 8.85553e-102
29500 3.07365e-102
29510 1.0634e-102
29520 3.66728e-103
29530 1.26065e-103
29540 4.31966e-104
29550 1.47539e-104
29560 5.02306e-105
29570 1.70464e-105
29580 5.76632e-106
29590 1.94432e-106
29600 6.5349e-107
29610 2.18933e-107
29620 7.31116e-108
29630 2.43367e-108
29640 8.07495e-109
29650 2.67066e-109
29660 8.80435e-110
29670 2.89319e-110
29680 9.47668e-111
29690 3.09411e-111
29700 1.00697e-111
29710 3.26658e-112
29720 1.05626e-112
29730 3.40444e-113
29740 1.09376e-113
29750 3.50262e-114
29760 1.11805e-114
29770 3.55738e-115
29780 1.12822e-115
29790 3.5666e-116
29800 1.12386e-116
29810 3.52992e-117
29820 1.10513e-117
29830 3.44871e-118
29840 1.07274e-118
29850 3.32604e-119
29860 1.02791e-119
29870 3.16645e-120
29880 9.72268e-121
29890 2.97571e-121
29900 9.07795e-122
29910 2.76043e-122
29920 8.36673e-123
29930 2.52769e-123
29940 7.61133e-124
29950 2.28318e-124
29960 6.78256e-125
29970 1.85894e-125
29980 0
