-10 0
0 0.00178187
10 0.00362435
20 0.00558898
30 0.0077391
40 0.0101407
50 0.0128634
60 0.0159807
70 0.0195712
80 0.0237185
90 0.028512
100 0.0340464
110 0.0404223
120 0.0477454
130 0.0561257
140 0.0656772
150 0.0765158
160 0.0887585
170 0.102521
180 0.117915
190 0.135046
200 0.154011
210 0.174893
220 0.197762
230 0.222664
240 0.249626
250 0.278644
260 0.309687
270 0.342688
280 0.377543
290 0.414111
300 0.452208
310 0.491609
320 0.532048
330 0.573219
340 0.614777
350 0.656341
360 0.697502
370 0.737825
380 0.776856
390 0.814132
400 0.849189
410 0.881568
420 0.910829
430 0.936556
440 0.95837
450 0.975938
460 0.988978
470 0.997269
480 1.00066
490 0.999058
500 0.992462
510 0.980935
520 0.964614
530 0.943711
540 0.918503
550 0.889328
560 0.856577
570 0.820688
580 0.782129
590 0.741398
600 0.699002
610 0.655452
620 0.611254
630 0.566893
640 0.522829
650 0.479488
660 0.437256
670 0.396472
680 0.357427
690 0.32036
700 0.28546
710 0.252862
720 0.222654
730 0.194879
740 0.169535
750 0.146586
760 0.125962
770 0.107565
780 0.0912767
790 0.0769632
800 0.064478
810 0.0536681
820 0.0443779
830 0.0364532
840 0.0297433
850 0.0241044
860 0.0194011
870 0.0155075
880 0.0123087
890 0.00970063
900 0.00759045
910 0.00589628
920 0.00454666
930 0.00347992
940 0.00264343
950 0.00199272
960 0.00149058
970 0.00110626
980 0.000814507
990 0.000594873
1000 0.000430917
1010 0.000309563
1020 0.000220513
1030 0.000155738
1040 0.000109035
1050 7.56641e-05
1060 5.20355e-05
1070 3.54591e-05
1080 2.39389e-05
1090 1.60086e-05
1100 1.06022e-05
1110 6.95273e-06
1120 4.5138e-06
1130 2.90047e-06
1140 1.84433e-06
1150 1.16025e-06
1160 7.21942e-07
1170 4.44202e-07
1180 2.70188e-07
1190 1.62417e-07
1200 9.64599e-08
1210 5.65802e-08
1220 3.27666e-08
1230 1.87276e-08
1240 1.05594e-08
1250 5.87098e-09
1260 3.21726e-09
1270 1.73675e-09
1280 9.23014e-10
1290 4.82636e-10
1300 2.48119e-10
1310 1.25292e-10
1320 6.20748e-11
1330 3.01307e-11
1340 1.42903e-11
1350 6.60392e-12
1360 2.9542e-12
1370 1.2538e-12
1380 4.91945e-13
1390 1.56323e-13
1400 1.35766e-14
1410 -6.07713e-14
1420 -7.84562e-14
1430 -9.23661e-14
1440 -1.10773e-13
1450 -1.26128e-13
1460 -1.25195e-13
1470 -1.19265e-13
1480 -1.23735e-13
1490 -1.23716e-13
1500 -1.20771e-13
1510 -1.19363e-13
1520 -1.19408e-13
1530 -1.16068e-13
1540 -1.15606e-13
1550 -1.1841e-13
1560 -1.15277e-13
1570 -1.07501e-13
1580 -1.02111e-13
1590 -1.13862e-13
1600 -1.12313e-13
1610 -1.13195e-13
1620 -1.07027e-13
1630 -1.09903e-13
1640 -1.12946e-13
1650 -1.20701e-13
1660 -1.18455e-13
1670 -1.16894e-13
1680 -1.18502e-13
1690 -1.14147e-13
1700 -1.19033e-13
1710 -1.14518e-13
1720 -1.11723e-13
1730 -1.20661e-13
1740 -1.30949e-13
1750 -1.37325e-13
1760 -1.50713e-13
1770 -1.48634e-13
1780 -1.48859e-13
1790 -1.55631e-13
1800 -1.53418e-13
1810 -1.48718e-13
1820 -1.54439e-13
1830 -1.45023e-13
1840 -1.5404e-13
1850 -1.43121e-13
1860 -1.46786e-13
1870 -1.49444e-13
1880 -1.53444e-13
1890 -1.43224e-13
1900 -1.41055e-13
1910 -1.38333e-13
1920 -1.46623e-13
1930 -1.50246e-13
1940 -1.59606e-13
1950 -1.54577e-13
1960 -1.59564e-13
1970 -1.68821e-13
1980 -1.76116e-13
1990 -1.68276e-13
2000 -1.69634e-13
2010 -1.77307e-13
2020 -1.77478e-13
2030 -1.76268e-13
2040 -1.76281e-13
2050 -1.76514e-13
2060 -1.76028e-13
2070 -1.66511e-13
2080 -1.76792e-13
2090 -1.79337e-13
2100 -1.93236e-13
2110 -1.86425e-13
2120 -1.96482e-13
2130 -1.89619e-13
2140 -1.98192e-13
2150 -1.92515e-13
2160 -1.88597e-13
2170 -1.86972e-13
2180 -1.80756e-13
2190 -1.79674e-13
2200 -1.90825e-13
2210 -1.96583e-13
2220 -1.92294e-13
2230 -1.97399e-13
2240 -1.96845e-13
2250 -2.06026e-13
2260 -2.08946e-13
2270 -2.08312e-13
2280 -2.0361e-13
2290 -2.06954e-13
2300 -2.06065e-13
2310 -2.06062e-13
2320 -1.9122e-13
2330 -2.00254e-13
2340 -1.96875e-13
2350 -1.99814e-13
2360 -1.92694e-13
2370 -1.8875e-13
2380 -1.86246e-13
2390 -1.85587e-13
2400 -1.95672e-13
2410 -1.99039e-13
2420 -1.99658e-13
2430 -1.97009e-13
2440 -2.07e-13
2450 -2.10965e-13
2460 -2.08448e-13
2470 -2.00128e-13
2480 -1.99747e-13
2490 -2.13838e-13
2500 -2.08889e-13
2510 -2.11934e-13
2520 -2.10932e-13
2530 -2.13268e-13
2540 -2.00553e-13
2550 -2.00135e-13
2560 -2.12401e-13
2570 -2.04384e-13
2580 -2.07611e-13
2590 -2.04723e-13
2600 -2.16034e-13
2610 -2.15307e-13
2620 -2.19057e-13
2630 -2.14689e-13
2640 -2.09156e-13
2650 -2.1047e-13
2660 -1.98377e-13
2670 -2.03521e-13
2680 -1.97841e-13
2690 -2.02426e-13
2700 -1.98517e-13
2710 -1.86903e-13
2720 -1.97968e-13
2730 -1.90499e-13
2740 -1.99665e-13
2750 -2.04567e-13
2760 -2.06432e-13
2770 -2.14528e-13
2780 -2.08627e-13
2790 -2.15579e-13
2800 -2.12948e-13
2810 -2.10863e-13
2820 -2.04328e-13
2830 -2.11602e-13
2840 -2.10373e-13
2850 -2.2628e-13
2860 -2.25652e-13
2870 -2.18583e-13
2880 -2.24217e-13
2890 -2.19534e-13
2900 -2.18956e-13
2910 -2.20538e-13
2920 -2.20539e-13
2930 -2.17684e-13
2940 -2.0974e-13
2950 -2.17096e-13
2960 -2.08721e-13
2970 -2.0008e-13
2980 -2.05981e-13
2990 -1.9952e-13
3000 -1.89831e-13
3010 -2.02383e-13
3020 -1.97936e-13
3030 -1.92096e-13
3040 -1.86092e-13
3050 -1.85411e-13
3060 -1.7168e-13
3070 -1.83317e-13
3080 -1.89592e-13
3090 -1.90061e-13
3100 -1.80068e-13
3110 -1.85714e-13
3120 -1.89479e-13
3130 -1.8738e-13
3140 -1.79329e-13
3150 -1.89884e-13
3160 -1.8631e-13
3170 -1.7991e-13
3180 -1.7068e-13
3190 -1.68631e-13
3200 -1.64561e-13
3210 -1.72965e-13
3220 -1.68824e-13
3230 -1.56957e-13
3240 -1.64618e-13
3250 -1.53183e-13
3260 -1.52864e-13
3270 -1.44743e-13
3280 -1.46011e-13
3290 -1.47289e-13
3300 -1.3615e-13
3310 -1.44486e-13
3320 -1.45485e-13
3330 -1.5257e-13
3340 -1.41965e-13
3350 -1.49829e-13
3360 -1.36492e-13
3370 -1.45184e-13
3380 -1.48484e-13
3390 -1.43291e-13
3400 -1.59382e-13
3410 -1.49807e-13
3420 -1.47068e-13
3430 -1.50077e-13
3440 -1.54349e-13
3450 -1.49396e-13
3460 -1.43784e-13
3470 -1.48119e-13
3480 -1.47099e-13
3490 -1.57419e-13
3500 -1.58131e-13
3510 -1.41172e-13
3520 -1.42397e-13
3530 -1.35134e-13
3540 -1.43673e-13
3550 -1.4305e-13
3560 -1.3764e-13
3570 -1.34048e-13
3580 -1.41008e-13
3590 -1.35278e-13
3600 -1.43775e-13
3610 -1.41024e-13
3620 -1.52283e-13
3630 -1.59971e-13
3640 -1.52419e-13
3650 -1.51282e-13
3660 -1.42835e-13
3670 -1.51208e-13
3680 -1.4861e-13
3690 -1.49657e-13
3700 -1.57273e-13
3710 -1.51417e-13
3720 -1.57566e-13
3730 -1.54613e-13
3740 -1.66146e-13
3750 -1.67297e-13
3760 -1.79633e-13
3770 -1.79832e-13
3780 -1.87573e-13
3790 -1.9475e-13
3800 -1.81823e-13
3810 -1.8774e-13
3820 -1.79366e-13
3830 -1.89204e-13
3840 -1.7837e-13
3850 -1.84122e-13
3860 -1.71263e-13
3870 -1.70492e-13
3880 -1.70817e-13
3890 -1.67106e-13
3900 -1.68243e-13
3910 -1.70554e-13
3920 -1.82271e-13
3930 -1.81767e-13
3940 -1.80275e-13
3950 -1.74565e-13
3960 -1.66511e-13
3970 -1.66478e-13
3980 -1.64871e-13
3990 -1.76005e-13
4000 -1.76696e-13
4010 -1.8304e-13
4020 -1.8515e-13
4030 -1.83422e-13
4040 -1.935e-13
4050 -1.95581e-13
4060 -1.94905e-13
4070 -2.04538e-13
4080 -2.06952e-13
4090 -2.00732e-13
4100 -2.19879e-13
4110 -2.2091e-13
4120 -2.1607e-13
4130 -2.24065e-13
4140 -2.19534e-13
4150 -2.23726e-13
4160 -2.3129e-13
4170 -2.2458e-13
4180 -2.20533e-13
4190 -2.2664e-13
4200 -2.34168e-13
4210 -2.24816e-13
4220 -2.2111e-13
4230 -2.29228e-13
4240 -2.16546e-13
4250 -2.19877e-13
4260 -2.11159e-13
4270 -2.03925e-13
4280 -2.08267e-13
4290 -1.97225e-13
4300 -1.98132e-13
4310 -2.02922e-13
4320 -2.02466e-13
4330 -1.989e-13
4340 -1.98093e-13
4350 -2.0086e-13
4360 -2.04019e-13
4370 -2.10421e-13
4380 -2.12158e-13
4390 -2.2031e-13
4400 -2.11211e-13
4410 -2.13131e-13
4420 -2.16543e-13
4430 -2.20548e-13
4440 -2.15343e-13
4450 -2.15639e-13
4460 -2.0924e-13
4470 -2.10344e-13
4480 -2.01782e-13
4490 -2.12149e-13
4500 -2.0727e-13
4510 -2.11436e-13
4520 -2.14847e-13
4530 -2.11519e-13
4540 -2.1022e-13
4550 -2.15392e-13
4560 -2.16852e-13
4570 -2.15349e-13
4580 -2.03323e-13
4590 -2.07429e-13
4600 -1.97437e-13
4610 -2.01037e-13
4620 -1.99383e-13
4630 -1.98957e-13
4640 -2.04187e-13
4650 -2.05767e-13
4660 -2.00529e-13
4670 -2.07807e-13
4680 -2.05786e-13
4690 -2.00511e-13
4700 -2.10061e-13
4710 -2.21242e-13
4720 -2.20745e-13
4730 -2.14143e-13
4740 -2.2277e-13
4750 -2.23263e-13
4760 -2.2737e-13
4770 -2.195e-13
4780 -2.15071e-13
4790 -2.25535e-13
4800 -2.21641e-13
4810 -2.26618e-13
4820 -2.19268e-13
4830 -2.26508e-13
4840 -2.24163e-13
4850 -2.20888e-13
4860 -2.21912e-13
4870 -2.27232e-13
4880 -2.18742e-13
4890 -2.27298e-13
4900 -2.31009e-13
4910 -2.39079e-13
4920 -2.39367e-13
4930 -2.27709e-13
4940 -2.24636e-13
4950 -2.17633e-13
4960 -2.29928e-13
4970 -2.2978e-13
4980 -2.29595e-13
4990 -2.30058e-13
5000 -2.26198e-13
5010 -2.28509e-13
5020 -2.21478e-13
5030 -2.19176e-13
5040 -2.17704e-13
5050 -2.17456e-13
5060 -2.18934e-13
5070 -2.14329e-13
5080 -2.16436e-13
5090 -2.18729e-13
5100 -2.28444e-13
5110 -2.33148e-13
5120 -2.42644e-13
5130 -2.45789e-13
5140 -2.57966e-13
5150 -2.47971e-13
5160 -2.47314e-13
5170 -2.40189e-13
5180 -2.48079e-13
5190 -2.391e-13
5200 -2.56536e-13
5210 -2.52949e-13
5220 -2.49753e-13
5230 -2.53289e-13
5240 -2.55595e-13
5250 -2.46275e-13
5260 -2.4472e-13
5270 -2.50656e-13
5280 -2.52306e-13
5290 -2.58218e-13
5300 -2.51396e-13
5310 -2.59592e-13
5320 -2.7283e-13
5330 -2.59113e-13
5340 -2.58317e-13
5350 -2.61613e-13
5360 -2.70634e-13
5370 -2.75162e-13
5380 -2.68358e-13
5390 -2.67162e-13
5400 -2.63179e-13
5410 -2.76168e-13
5420 -2.60587e-13
5430 -2.6175e-13
5440 -2.63685e-13
5450 -2.62379e-13
5460 -2.57103e-13
5470 -2.50821e-13
5480 -2.63539e-13
5490 -2.58722e-13
5500 -2.71074e-13
5510 -2.68323e-13
5520 -2.651e-13
5530 -2.64182e-13
5540 -2.63957e-13
5550 -2.67893e-13
5560 -2.60274e-13
5570 -2.69348e-13
5580 -2.72218e-13
5590 -2.74613e-13
5600 -2.81788e-13
5610 -2.82411e-13
5620 -2.75693e-13
5630 -2.707e-13
5640 -2.7086e-13
5650 -2.7664e-13
5660 -2.73016e-13
5670 -2.7114e-13
5680 -2.75144e-13
5690 -2.6426e-13
5700 -2.64525e-13
5710 -2.71512e-13
5720 -2.56133e-13
5730 -2.64058e-13
5740 -2.67963e-13
5750 -2.60131e-13
5760 -2.69998e-13
5770 -2.60777e-13
5780 -2.69862e-13
5790 -2.7171e-13
5800 -2.76717e-13
5810 -2.77751e-13
5820 -2.80475e-13
5830 -2.79279e-13
5840 -2.84263e-13
5850 -2.87076e-13
5860 -2.95208e-13
5870 -2.85928e-13
5880 -2.95115e-13
5890 -2.93299e-13
5900 -2.81802e-13
5910 -2.90318e-13
5920 -2.89063e-13
5930 -2.81242e-13
5940 -2.83868e-13
5950 -2.82273e-13
5960 -2.88191e-13
5970 -2.93862e-13
5980 -2.8807e-13
5990 -2.98959e-13
6000 -3.00046e-13
6010 -2.98744e-13
6020 -2.93504e-13
6030 -2.86937e-13
6040 -2.79434e-13
6050 -2.67473e-13
6060 -2.61798e-13
6070 -2.5721e-13
6080 -2.66867e-13
6090 -2.64583e-13
6100 -2.67426e-13
6110 -2.73476e-13
6120 -2.74383e-13
6130 -2.72445e-13
6140 -2.60047e-13
6150 -2.74199e-13
6160 -2.71557e-13
6170 -2.66024e-13
6180 -2.65892e-13
6190 -2.66819e-13
6200 -2.69016e-13
6210 -2.66138e-13
6220 -2.6433e-13
6230 -2.80573e-13
6240 -2.80156e-13
6250 -2.7325e-13
6260 -2.76147e-13
6270 -2.65789e-13
6280 -2.76983e-13
6290 -2.77487e-13
6300 -2.78852e-13
6310 -2.72933e-13
6320 -2.77328e-13
6330 -2.64248e-13
6340 -2.76381e-13
6350 -2.71479e-13
6360 -2.6466e-13
6370 -2.63604e-13
6380 -2.59152e-13
6390 -2.55897e-13
6400 -2.53912e-13
6410 -2.53334e-13
6420 -2.43865e-13
6430 -2.52673e-13
6440 -2.5465e-13
6450 -2.46491e-13
6460 -2.56085e-13
6470 -2.46973e-13
6480 -2.46391e-13
6490 -2.49357e-13
6500 -2.52559e-13
6510 -2.49647e-13
6520 -2.48234e-13
6530 -2.52082e-13
6540 -2.49299e-13
6550 -2.59463e-13
6560 -2.53618e-13
6570 -2.49661e-13
6580 -2.52538e-13
6590 -2.50823e-13
6600 -2.48471e-13
6610 -2.62607e-13
6620 -2.65591e-13
6630 -2.63401e-13
6640 -2.50885e-13
6650 -2.59878e-13
6660 -2.53001e-13
6670 -2.41007e-13
6680 -2.38411e-13
6690 -2.43635e-13
6700 -2.48368e-13
6710 -2.45117e-13
6720 -2.47396e-13
6730 -2.51105e-13
6740 -2.50233e-13
6750 -2.48004e-13
6760 -2.46536e-13
6770 -2.40558e-13
6780 -2.36157e-13
6790 -2.38403e-13
6800 -2.41325e-13
6810 -2.44546e-13
6820 -2.4628e-13
6830 -2.4791e-13
6840 -2.51562e-13
6850 -2.52543e-13
6860 -2.52436e-13
6870 -2.54707e-13
6880 -2.50492e-13
6890 -2.57404e-13
6900 -2.48872e-13
6910 -2.55224e-13
6920 -2.59007e-13
6930 -2.57108e-13
6940 -2.54876e-13
6950 -2.38769e-13
6960 -2.5061e-13
6970 -2.59946e-13
6980 -2.52297e-13
6990 -2.45842e-13
7000 -2.42769e-13
7010 -2.51374e-13
7020 -2.43165e-13
7030 -2.5231e-13
7040 -2.52162e-13
7050 -2.59423e-13
7060 -2.61566e-13
7070 -2.66486e-13
7080 -2.71224e-13
7090 -2.81157e-13
7100 -2.83313e-13
7110 -2.79212e-13
7120 -2.78186e-13
7130 -2.80181e-13
7140 -2.76254e-13
7150 -2.68813e-13
7160 -2.74871e-13
7170 -2.77747e-13
7180 -2.74639e-13
7190 -2.74933e-13
7200 -2.69985e-13
7210 -2.7547e-13
7220 -2.66645e-13
7230 -2.76358e-13
7240 -2.70444e-13
7250 -2.75339e-13
7260 -2.80008e-13
7270 -2.80028e-13
7280 -2.84877e-13
7290 -2.78246e-13
7300 -2.83852e-13
7310 -2.89541e-13
7320 -2.81331e-13
7330 -2.85816e-13
7340 -2.89662e-13
7350 -2.88532e-13
7360 -2.88334e-13
7370 -2.80452e-13
7380 -2.68575e-13
7390 -2.71092e-13
7400 -2.76117e-13
7410 -2.72001e-13
7420 -2.56354e-13
7430 -2.57219e-13
7440 -2.60076e-13
7450 -2.55736e-13
7460 -2.54976e-13
7470 -2.64284e-13
7480 -2.52478e-13
7490 -2.61481e-13
7500 -2.68212e-13
7510 -2.59195e-13
7520 -2.65686e-13
7530 -2.61977e-13
7540 -2.65694e-13
7550 -2.66334e-13
7560 -2.66812e-13
7570 -2.71718e-13
7580 -2.62589e-13
7590 -2.68006e-13
7600 -2.61229e-13
7610 -2.54986e-13
7620 -2.65736e-13
7630 -2.65736e-13
7640 -2.65652e-13
7650 -2.63493e-13
7660 -2.66893e-13
7670 -2.63369e-13
7680 -2.62007e-13
7690 -2.7607e-13
7700 -2.74255e-13
7710 -2.75739e-13
7720 -2.81388e-13
7730 -2.84091e-13
7740 -2.83185e-13
7750 -2.84658e-13
7760 -2.76559e-13
7770 -2.7706e-13
7780 -2.8227e-13
7790 -2.76229e-13
7800 -2.72419e-13
7810 -2.77166e-13
7820 -2.65191e-13
7830 -2.64942e-13
7840 -2.77786e-13
7850 -2.79857e-13
7860 -2.76177e-13
7870 -2.73511e-13
7880 -2.70539e-13
7890 -2.74877e-13
7900 -2.69328e-13
7910 -2.63081e-13
7920 -2.69494e-13
7930 -2.49174e-13
7940 -2.52709e-13
7950 -2.47162e-13
7960 -2.47676e-13
7970 -2.51892e-13
7980 -2.48024e-13
7990 -2.41042e-13
8000 -2.36679e-13
8010 -2.61313e-13
8020 -2.38755e-13
8030 -2.34452e-13
8040 -2.4489e-13
8050 -2.59106e-13
8060 -2.63302e-13
8070 -2.45904e-13
8080 -2.43486e-13
8090 -2.5038e-13
8100 -2.64086e-13
8110 -2.55518e-13
8120 -2.53822e-13
8130 -2.64278e-13
8140 -2.5001e-13
8150 -2.52674e-13
8160 -2.64703e-13
8170 -2.59949e-13
8180 -2.59209e-13
8190 -2.53465e-13
8200 -2.45809e-13
8210 -2.59199e-13
8220 -2.58936e-13
8230 -2.39887e-13
8240 -2.42703e-13
8250 -2.48403e-13
8260 -2.48598e-13
8270 -2.50984e-13
8280 -2.45198e-13
8290 -2.36589e-13
8300 -2.30494e-13
8310 -2.28383e-13
8320 -2.31029e-13
8330 -2.25901e-13
8340 -2.30054e-13
8350 -2.25238e-13
8360 -2.22785e-13
8370 -2.16313e-13
8380 -2.25547e-13
8390 -2.26602e-13
8400 -2.34328e-13
8410 -2.28809e-13
8420 -2.20397e-13
8430 -2.31049e-13
8440 -2.37884e-13
8450 -2.27007e-13
8460 -2.29494e-13
8470 -2.27701e-13
8480 -2.24635e-13
8490 -2.15344e-13
8500 -2.15791e-13
8510 -2.2668e-13
8520 -2.29674e-13
8530 -2.35667e-13
8540 -2.68699e-13
8550 -3.23942e-13
8560 -4.53736e-13
8570 -8.01585e-13
8580 -1.62781e-12
8590 -3.52618e-12
8600 -7.80264e-12
8610 -1.71499e-11
8620 -3.71655e-11
8630 -7.90309e-11
8640 -1.64823e-10
8650 -3.37127e-10
8660 -6.76723e-10
8670 -1.33415e-09
8680 -2.58507e-09
8690 -4.92626e-09
8700 -9.23896e-09
8710 -1.70628e-08
8720 -3.1048e-08
8730 -5.56924e-08
8740 -9.85227e-08
8750 -1.71966e-07
8760 -2.96269e-07
8770 -5.04e-07
8780 -8.46883e-07
8790 -1.40607e-06
8800 -2.30734e-06
8810 -3.74336e-06
8820 -6.00582e-06
8830 -9.53135e-06
8840 -1.49662e-05
8850 -2.32563e-05
8860 -3.57715e-05
8870 -5.44739e-05
8880 -8.21444e-05
8890 -0.000122684
8900 -0.000181506
8910 -0.00026605
8920 -0.000386434
8930 -0.000556279
8940 -0.000793741
8950 -0.00112278
8960 -0.00157472
8970 -0.00219007
8980 -0.00302074
8990 -0.00413261
9000 -0.0056084
9010 -0.00755106
9020 -0.0100874
9030 -0.0133719
9040 -0.0175914
9050 -0.022969
9060 -0.0297685
9070 -0.0382989
9080 -0.048918
9090 -0.0620358
9100 -0.0781166
9110 -0.0976802
9120 -0.121302
9130 -0.149609
9140 -0.183278
9150 -0.223027
9160 -0.269607
9170 -0.323786
9180 -0.38634
9190 -0.458029
9200 -0.539581
9210 -0.631665
9220 -0.734869
9230 -0.849673
9240 -0.976422
9250 -1.1153
9260 -1.2663
9270 -1.42922
9280 -1.60361
9290 -1.78878
9300 -1.98381
9310 -2.18749
9320 -2.39836
9330 -2.61475
9340 -2.83471
9350 -3.05613
9360 -3.27672
9370 -3.49405
9380 -3.7056
9390 -3.90884
9400 -4.10121
9410 -4.28027
9420 -4.44366
9430 -4.58921
9440 -4.71497
9450 -4.81925
9460 -4.90068
9470 -4.9582
9480 -4.99113
9490 -4.99913
9500 -4.98226
9510 -4.94093
9520 -4.87592
9530 -4.78831
9540 -4.67952
9550 -4.5512
9560 -4.40524
9570 -4.24371
9580 -4.06881
9590 -3.88282
9600 -3.68805
9610 -3.48681
9620 -3.28137
9630 -3.07389
9640 -2.86642
9650 -2.66086
9660 -2.45891
9670 -2.26213
9680 -2.07184
9690 -1.88915
9700 -1.715
9710 -1.55009
9720 -1.39493
9730 -1.24988
9740 -1.11509
9750 -0.99057
9760 -0.876211
9770 -0.771772
9780 -0.676917
9790 -0.591234
9800 -0.514246
9810 -0.445431
9820 -0.384239
9830 -0.330101
9840 -0.282444
9850 -0.240702
9860 -0.20432
9870 -0.172768
9880 -0.14554
9890 -0.122164
9900 -0.102197
9910 -0.0852374
9920 -0.070915
9930 -0.0588985
9940 -0.0488917
9950 -0.0406332
9960 -0.0338949
9970 -0.0284802
9980 -0.0242225
9990 -0.0209828
10000 -0.0181455
10010 -0.0156653
10020 -0.0135012
10030 -0.0116164
10040 -0.00997791
10050 -0.00855614
10060 -0.00732468
10070 -0.00625999
10080 -0.00534115
10090 -0.0045496
10100 -0.00386894
10110 -0.00328467
10120 -0.00278404
10130 -0.00235583
10140 -0.00199021
10150 -0.00167858
10160 -0.00141344
10170 -0.00118824
10180 -0.000997295
10190 -0.000835679
10200 -0.000699121
10210 -0.000583935
10220 -0.000486942
10230 -0.000405408
10240 -0.000336986
10250 -0.000279664
10260 -0.000231722
10270 -0.000191694
10280 -0.000158329
10290 -0.000130564
10300 -0.000107498
10310 -8.8367e-05
10320 -7.25267e-05
10330 -5.94325e-05
10340 -4.86262e-05
10350 -3.97226e-05
10360 -3.23987e-05
10370 -2.6384e-05
10380 -2.14526e-05
10390 -1.7416e-05
10400 -1.4117e-05
10410 -1.14253e-05
10420 -9.23261e-06
10430 -7.44928e-06
10440 -6.0012e-06
10450 -4.82723e-06
10460 -3.87699e-06
10470 -3.10906e-06
10480 -2.48946e-06
10490 -1.99031e-06
10500 -1.58884e-06
10510 -1.26643e-06
10520 -1.00793e-06
10530 -8.00985e-07
10540 -6.35575e-07
10550 -5.03568e-07
10560 -3.98382e-07
10570 -3.14698e-07
10580 -2.48222e-07
10590 -1.95498e-07
10600 -1.53744e-07
10610 -1.20729e-07
10620 -9.46638e-08
10630 -7.41165e-08
10640 -5.79438e-08
10650 -4.52335e-08
10660 -3.52595e-08
10670 -2.74446e-08
10680 -2.13306e-08
10690 -1.65545e-08
10700 -1.28291e-08
10710 -9.92765e-09
10720 -7.67126e-09
10730 -5.91913e-09
10740 -4.5606e-09
10750 -3.50881e-09
10760 -2.69572e-09
10770 -2.06807e-09
10780 -1.58429e-09
10790 -1.21195e-09
10800 -9.25802e-10
10810 -7.06209e-10
10820 -5.37943e-10
10830 -4.09186e-10
10840 -3.10815e-10
10850 -2.35765e-10
10860 -1.78585e-10
10870 -1.35088e-10
10880 -1.0205e-10
10890 -7.69896e-11
10900 -5.80116e-11
10910 -4.36542e-11
10920 -3.28162e-11
10930 -2.46393e-11
10940 -1.84813e-11
10950 -1.38583e-11
10960 -1.03768e-11
10970 -7.76894e-12
10980 -5.81883e-12
10990 -4.35765e-12
11000 -3.26979e-12
11010 -2.45827e-12
11020 -1.85075e-12
11030 -1.40106e-12
11040 -1.07072e-12
11050 -8.18164e-13
11060 -6.36023e-13
11070 -4.99415e-13
11080 -4.01215e-13
11090 -3.25878e-13
11100 -2.74179e-13
11110 -2.29063e-13
11120 -2.01402e-13
11130 -1.8086e-13
11140 -1.67224e-13
11150 -1.60948e-13
11160 -1.4744e-13
11170 -1.45037e-13
11180 -1.40459e-13
11190 -1.33501e-13
11200 -1.35085e-13
11210 -1.30658e-13
11220 -1.34615e-13
11230 -1.26111e-13
11240 -1.25073e-13
11250 -1.28574e-13
11260 -1.27448e-13
11270 -1.27926e-13
11280 -1.29657e-13
11290 -1.30234e-13
11300 -1.3087e-13
11310 -1.34652e-13
11320 -1.33225e-13
11330 -1.30305e-13
11340 -1.36715e-13
11350 -1.31781e-13
11360 -1.34138e-13
11370 -1.27366e-13
11380 -1.33303e-13
11390 -1.37806e-13
11400 -1.42552e-13
11410 -1.44019e-13
11420 -1.43239e-13
11430 -1.4322e-13
11440 -1.378e-13
11450 -1.38451e-13
11460 -1.33704e-13
11470 -1.2952e-13
11480 -1.31129e-13
11490 -1.33958e-13
11500 -1.34852e-13
11510 -1.35268e-13
11520 -1.42332e-13
11530 -1.38897e-13
11540 -1.34229e-13
11550 -1.34428e-13
11560 -1.35294e-13
11570 -1.38725e-13
11580 -1.36984e-13
11590 -1.38909e-13
11600 -1.34087e-13
11610 -1.36969e-13
11620 -1.33571e-13
11630 -1.39386e-13
11640 -1.29187e-13
11650 -1.25231e-13
11660 -1.20115e-13
11670 -1.22391e-13
11680 -1.23802e-13
11690 -1.19203e-13
11700 -1.20457e-13
11710 -1.21991e-13
11720 -1.17395e-13
11730 -1.20775e-13
11740 -1.22852e-13
11750 -1.21026e-13
11760 -1.17729e-13
11770 -1.20302e-13
11780 -1.15387e-13
11790 -1.13732e-13
11800 -1.11586e-13
11810 -1.14471e-13
11820 -1.14832e-13
11830 -1.17281e-13
11840 -1.09754e-13
11850 -1.08783e-13
11860 -1.01304e-13
11870 -1.03682e-13
11880 -1.0093e-13
11890 -8.99039e-14
11900 -9.04271e-14
11910 -9.10227e-14
11920 -8.41679e-14
11930 -8.18929e-14
11940 -8.1476e-14
11950 -8.62543e-14
11960 -8.79057e-14
11970 -8.60402e-14
11980 -9.031e-14
11990 -8.49156e-14
12000 -8.46245e-14
12010 -8.16641e-14
12020 -7.75406e-14
12030 -8.05009e-14
12040 -8.28265e-14
12050 -8.10895e-14
12060 -9.0224e-14
12070 -8.38479e-14
12080 -8.23766e-14
12090 -8.23594e-14
12100 -8.72451e-14
12110 -8.85373e-14
12120 -8.73223e-14
12130 -8.66207e-14
12140 -8.87432e-14
12150 -9.26465e-14
12160 -8.8365e-14
12170 -9.43642e-14
12180 -9.21964e-14
12190 -8.84127e-14
12200 -8.83011e-14
12210 -9.13271e-14
12220 -8.52935e-14
12230 -8.16447e-14
12240 -7.75666e-14
12250 -7.81192e-14
12260 -7.8856e-14
12270 -7.617e-14
12280 -7.31223e-14
12290 -7.59023e-14
12300 -7.07765e-14
12310 -7.66767e-14
12320 -7.4185e-14
12330 -7.07069e-14
12340 -7.43148e-14
12350 -7.56631e-14
12360 -7.03092e-14
12370 -7.13778e-14
12380 -7.17987e-14
12390 -6.73234e-14
12400 -7.2702e-14
12410 -7.35417e-14
12420 -6.58891e-14
12430 -6.6149e-14
12440 -6.52186e-14
12450 -7.02341e-14
12460 -6.75588e-14
12470 -6.2436e-14
12480 -6.39421e-14
12490 -6.97772e-14
12500 -6.9097e-14
12510 -7.10226e-14
12520 -6.75064e-14
12530 -7.52836e-14
12540 -7.66442e-14
12550 -7.34338e-14
12560 -6.97802e-14
12570 -7.58318e-14
12580 -7.18479e-14
12590 -7.28237e-14
12600 -6.73878e-14
12610 -7.33267e-14
12620 -7.35506e-14
12630 -7.83093e-14
12640 -7.66704e-14
12650 -7.74023e-14
12660 -7.40703e-14
12670 -7.3228e-14
12680 -7.13131e-14
12690 -7.07123e-14
12700 -6.58367e-14
12710 -6.64076e-14
12720 -6.27662e-14
12730 -6.44981e-14
12740 -6.41113e-14
12750 -6.30535e-14
12760 -6.57418e-14
12770 -6.10353e-14
12780 -5.81454e-14
12790 -5.72265e-14
12800 -4.53953e-14
12810 -4.76373e-14
12820 -5.09341e-14
12830 -4.80515e-14
12840 -4.39908e-14
12850 -3.59138e-14
12860 -3.70057e-14
12870 -3.52676e-14
12880 -3.87626e-14
12890 -4.25309e-14
12900 -4.51452e-14
12910 -3.98437e-14
12920 -4.36289e-14
12930 -4.59275e-14
12940 -4.52749e-14
12950 -4.14305e-14
12960 -4.39372e-14
12970 -4.53506e-14
12980 -4.31828e-14
12990 -5.07806e-14
13000 -4.51189e-14
13010 -4.52917e-14
13020 -3.92358e-14
13030 -3.66958e-14
13040 -3.40415e-14
13050 -2.94034e-14
13060 -3.31334e-14
13070 -3.34772e-14
13080 -4.27822e-14
13090 -3.82864e-14
13100 -4.35514e-14
13110 -4.24311e-14
13120 -4.32983e-14
13130 -4.05986e-14
13140 -3.53904e-14
13150 -3.62922e-14
13160 -4.23377e-14
13170 -3.80927e-14
13180 -4.89437e-14
13190 -4.71042e-14
13200 -5.15946e-14
13210 -4.89001e-14
13220 -5.1745e-14
13230 -5.15708e-14
13240 -5.52343e-14
13250 -5.09366e-14
13260 -5.34257e-14
13270 -5.10384e-14
13280 -5.27598e-14
13290 -5.28997e-14
13300 -5.12861e-14
13310 -4.20867e-14
13320 -4.7283e-14
13330 -4.61793e-14
13340 -4.87967e-14
13350 -4.29974e-14
13360 -3.93074e-14
13370 -4.2369e-14
13380 -4.02539e-14
13390 -3.7716e-14
13400 -3.27927e-14
13410 -3.65158e-14
13420 -2.85365e-14
13430 -3.40899e-14
13440 -3.77381e-14
13450 -3.6257e-14
13460 -3.59754e-14
13470 -3.04882e-14
13480 -2.72416e-14
13490 -2.16263e-14
13500 -1.74847e-14
13510 -1.5205e-14
13520 -1.65283e-14
13530 -2.23771e-14
13540 -2.13246e-14
13550 -1.75457e-14
13560 -1.3492e-14
13570 -1.43632e-14
13580 -1.86531e-14
13590 -1.46093e-14
13600 -1.92272e-14
13610 -2.49352e-14
13620 -2.55035e-14
13630 -2.60227e-14
13640 -1.61514e-14
13650 -1.27133e-14
13660 -1.52786e-14
13670 -1.67437e-14
13680 -2.02815e-14
13690 -1.59953e-14
13700 -1.52748e-14
13710 -1.99184e-14
13720 -1.9936e-14
13730 -1.60003e-14
13740 -1.14778e-14
13750 -9.69524e-15
13760 -5.80517e-15
13770 -3.30991e-15
13780 -9.87593e-15
13790 -4.25098e-15
13800 -4.868e-15
13810 -3.95996e-15
13820 -5.39125e-15
13830 -1.16876e-14
13840 -1.31428e-14
13850 -1.76935e-14
13860 -1.07495e-14
13870 -4.92703e-15
13880 -5.47234e-15
13890 -4.13237e-15
13900 -5.15786e-15
13910 -2.50278e-15
13920 -7.56238e-16
13930 -6.71113e-15
13940 -3.85931e-15
13950 -7.64662e-15
13960 -4.57998e-15
13970 -3.14559e-15
13980 -9.19622e-16
13990 -4.11668e-15
14000 2.04148e-15
14010 -2.81402e-15
14020 2.43059e-15
14030 2.33885e-15
14040 4.80866e-15
14050 1.19701e-14
14060 1.52776e-14
14070 1.65959e-14
14080 1.51798e-14
14090 2.1406e-14
14100 2.49412e-14
14110 2.40939e-14
14120 3.02996e-14
14130 3.00729e-14
14140 3.39926e-14
14150 3.05503e-14
14160 3.12918e-14
14170 3.28126e-14
14180 3.01342e-14
14190 3.15048e-14
14200 3.30643e-14
14210 3.18201e-14
14220 2.9211e-14
14230 2.59653e-14
14240 2.62286e-14
14250 2.55275e-14
14260 2.81624e-14
14270 2.96073e-14
14280 2.14094e-14
14290 2.13521e-14
14300 2.05495e-14
14310 2.34878e-14
14320 1.49901e-14
14330 1.75498e-14
14340 1.91351e-14
14350 1.73021e-14
14360 1.64484e-14
14370 2.18264e-14
14380 1.45818e-14
14390 2.00809e-14
14400 2.33763e-14
14410 2.3605e-14
14420 2.25329e-14
14430 2.50186e-14
14440 2.87335e-14
14450 3.05426e-14
14460 2.76725e-14
14470 2.73967e-14
14480 3.69844e-14
14490 3.0779e-14
14500 3.33254e-14
14510 3.61934e-14
14520 3.85687e-14
14530 4.10954e-14
14540 3.2117e-14
14550 3.28387e-14
14560 2.81393e-14
14570 3.32098e-14
14580 3.2081e-14
14590 3.853e-14
14600 2.55806e-14
14610 2.72108e-14
14620 3.33339e-14
14630 2.95163e-14
14640 3.94331e-14
14650 3.99093e-14
14660 3.71782e-14
14670 3.73864e-14
14680 3.55846e-14
14690 3.57004e-14
14700 3.53149e-14
14710 3.44089e-14
14720 3.90957e-14
14730 4.57177e-14
14740 4.28323e-14
14750 4.60088e-14
14760 4.76584e-14
14770 4.29912e-14
14780 4.81198e-14
14790 4.72383e-14
14800 5.06198e-14
14810 5.01436e-14
14820 4.81771e-14
14830 5.01445e-14
14840 5.46625e-14
14850 5.37141e-14
14860 5.80701e-14
14870 5.1942e-14
14880 4.75315e-14
14890 4.61779e-14
14900 4.54341e-14
14910 4.72178e-14
14920 4.83158e-14
14930 4.40242e-14
14940 4.34311e-14
14950 4.77623e-14
14960 4.57276e-14
14970 4.33452e-14
14980 4.9304e-14
14990 5.11309e-14
15000 4.59856e-14
15010 4.20235e-14
15020 4.07103e-14
15030 3.87382e-14
15040 4.05209e-14
15050 4.37994e-14
15060 4.76016e-14
15070 4.78483e-14
15080 4.76704e-14
15090 4.57408e-14
15100 4.24153e-14
15110 4.40357e-14
15120 4.02003e-14
15130 4.17588e-14
15140 4.018e-14
15150 4.09874e-14
15160 3.2723e-14
15170 4.39321e-14
15180 4.13738e-14
15190 4.57454e-14
15200 4.40301e-14
15210 3.83318e-14
15220 3.76195e-14
15230 3.83734e-14
15240 3.32937e-14
15250 3.50312e-14
15260 3.40561e-14
15270 3.43005e-14
15280 3.92944e-14
15290 3.90429e-14
15300 4.28971e-14
15310 3.82097e-14
15320 4.61246e-14
15330 3.98582e-14
15340 4.52533e-14
15350 5.1784e-14
15360 5.09274e-14
15370 5.35918e-14
15380 5.61867e-14
15390 5.74346e-14
15400 5.85914e-14
15410 5.39941e-14
15420 5.3707e-14
15430 5.20928e-14
15440 4.95196e-14
15450 4.73037e-14
15460 4.52916e-14
15470 4.67809e-14
15480 4.83933e-14
15490 5.43628e-14
15500 4.93195e-14
15510 5.02129e-14
15520 4.92496e-14
15530 5.15194e-14
15540 4.95333e-14
15550 5.54619e-14
15560 5.1303e-14
15570 5.15522e-14
15580 5.07604e-14
15590 4.99408e-14
15600 5.19827e-14
15610 5.17094e-14
15620 5.26796e-14
15630 4.6005e-14
15640 4.74198e-14
15650 4.37636e-14
15660 5.23181e-14
15670 4.3971e-14
15680 4.83577e-14
15690 5.40214e-14
15700 5.26689e-14
15710 5.89653e-14
15720 5.60525e-14
15730 5.15122e-14
15740 5.12654e-14
15750 5.70977e-14
15760 5.87883e-14
15770 5.90396e-14
15780 5.86857e-14
15790 6.64868e-14
15800 7.34681e-14
15810 7.43247e-14
15820 7.51536e-14
15830 6.37766e-14
15840 6.71222e-14
15850 6.74446e-14
15860 6.72018e-14
15870 6.59174e-14
15880 7.08703e-14
15890 7.51162e-14
15900 7.78509e-14
15910 8.07414e-14
15920 7.46796e-14
15930 7.99791e-14
15940 7.98239e-14
15950 8.62229e-14
15960 8.55155e-14
15970 8.66471e-14
15980 8.05497e-14
15990 8.27165e-14
16000 8.38992e-14
16010 8.27742e-14
16020 8.25935e-14
16030 8.2181e-14
16040 8.10398e-14
16050 8.42737e-14
16060 7.3315e-14
16070 7.29768e-14
16080 7.24737e-14
16090 6.81819e-14
16100 7.08828e-14
16110 7.08167e-14
16120 6.75036e-14
16130 7.02224e-14
16140 7.39425e-14
16150 6.86395e-14
16160 6.618e-14
16170 6.33439e-14
16180 5.55038e-14
16190 6.31353e-14
16200 5.92959e-14
16210 6.21865e-14
16220 6.11478e-14
16230 5.68293e-14
16240 6.01974e-14
16250 6.07174e-14
16260 6.2472e-14
16270 6.59943e-14
16280 6.22192e-14
16290 7.15505e-14
16300 6.87373e-14
16310 6.82505e-14
16320 7.12884e-14
16330 7.81299e-14
16340 7.58809e-14
16350 7.84179e-14
16360 7.64166e-14
16370 7.5539e-14
16380 7.0971e-14
16390 6.83729e-14
16400 6.965e-14
16410 7.36321e-14
16420 7.65787e-14
16430 7.09379e-14
16440 6.96978e-14
16450 7.58012e-14
16460 7.12662e-14
16470 7.24876e-14
16480 7.88388e-14
16490 7.37495e-14
16500 7.75979e-14
16510 7.88762e-14
16520 7.87547e-14
16530 7.52845e-14
16540 8.15535e-14
16550 7.40176e-14
16560 7.38949e-14
16570 7.4768e-14
16580 7.91109e-14
16590 7.84107e-14
16600 7.49972e-14
16610 7.25842e-14
16620 6.93877e-14
16630 6.88203e-14
16640 6.39126e-14
16650 5.89521e-14
16660 6.11727e-14
16670 6.0986e-14
16680 5.84002e-14
16690 5.97196e-14
16700 5.96771e-14
16710 6.04912e-14
16720 6.17363e-14
16730 6.06826e-14
16740 6.03422e-14
16750 5.75354e-14
16760 5.69635e-14
16770 6.28335e-14
16780 5.95254e-14
16790 5.36992e-14
16800 5.26963e-14
16810 5.37118e-14
16820 5.67198e-14
16830 5.62147e-14
16840 6.14678e-14
16850 5.66624e-14
16860 5.52767e-14
16870 6.08566e-14
16880 5.5349e-14
16890 5.63219e-14
16900 5.23277e-14
16910 5.34665e-14
16920 4.90637e-14
16930 4.91969e-14
16940 4.94249e-14
16950 4.39389e-14
16960 5.77673e-14
16970 5.43925e-14
16980 4.99187e-14
16990 4.70221e-14
17000 4.72917e-14
17010 5.39569e-14
17020 4.91275e-14
17030 5.21931e-14
17040 5.64093e-14
17050 6.15476e-14
17060 6.21521e-14
17070 6.85887e-14
17080 6.58059e-14
17090 6.75762e-14
17100 6.91326e-14
17110 6.55964e-14
17120 6.55173e-14
17130 6.32066e-14
17140 6.09484e-14
17150 6.2815e-14
17160 6.6179e-14
17170 6.52791e-14
17180 6.29848e-14
17190 6.3441e-14
17200 6.0521e-14
17210 6.37809e-14
17220 6.06762e-14
17230 6.53156e-14
17240 6.53416e-14
17250 6.46212e-14
17260 6.96685e-14
17270 6.8912e-14
17280 7.8539e-14
17290 7.83369e-14
17300 8.01586e-14
17310 7.92769e-14
17320 8.46938e-14
17330 8.81058e-14
17340 9.01689e-14
17350 8.16214e-14
17360 8.24207e-14
17370 7.57076e-14
17380 7.79982e-14
17390 8.36178e-14
17400 7.9573e-14
17410 8.67092e-14
17420 7.97633e-14
17430 7.93146e-14
17440 7.39559e-14
17450 7.50905e-14
17460 8.17816e-14
17470 8.33115e-14
17480 7.9824e-14
17490 8.19377e-14
17500 8.2344e-14
17510 8.62628e-14
17520 8.23613e-14
17530 7.842e-14
17540 7.68006e-14
17550 6.87001e-14
17560 7.0375e-14
17570 7.99358e-14
17580 7.17916e-14
17590 7.42299e-14
17600 7.30262e-14
17610 7.1268e-14
17620 7.31923e-14
17630 7.02242e-14
17640 7.61529e-14
17650 7.38869e-14
17660 7.75292e-14
17670 7.56734e-14
17680 7.50833e-14
17690 7.71695e-14
17700 7.80787e-14
17710 6.83026e-14
17720 7.39132e-14
17730 7.24614e-14
17740 7.58129e-14
17750 7.3861e-14
17760 7.04271e-14
17770 7.19016e-14
17780 7.15059e-14
17790 8.22262e-14
17800 8.16092e-14
17810 8.12518e-14
17820 7.3895e-14
17830 7.53884e-14
17840 7.25998e-14
17850 7.36806e-14
17860 7.14341e-14
17870 7.43919e-14
17880 7.26806e-14
17890 7.60876e-14
17900 7.52634e-14
17910 6.90992e-14
17920 7.26581e-14
17930 7.34928e-14
17940 7.44948e-14
17950 7.40421e-14
17960 6.65311e-14
17970 6.8824e-14
17980 6.62426e-14
17990 7.01386e-14
18000 7.20886e-14
18010 7.39863e-14
18020 7.43925e-14
18030 7.39837e-14
18040 7.06735e-14
18050 7.29003e-14
18060 7.71625e-14
18070 7.78837e-14
18080 8.11045e-14
18090 8.23912e-14
18100 7.99202e-14
18110 8.0106e-14
18120 8.07395e-14
18130 8.13911e-14
18140 8.3141e-14
18150 8.8059e-14
18160 8.63753e-14
18170 8.84781e-14
18180 8.50894e-14
18190 8.57957e-14
18200 8.58435e-14
18210 8.80307e-14
18220 9.83194e-14
18230 9.47398e-14
18240 9.5121e-14
18250 9.73049e-14
18260 9.02284e-14
18270 9.42083e-14
18280 9.61757e-14
18290 9.58518e-14
18300 9.51873e-14
18310 9.37915e-14
18320 9.56418e-14
18330 9.27423e-14
18340 9.46069e-14
18350 9.32992e-14
18360 8.93213e-14
18370 8.92179e-14
18380 8.71547e-14
18390 9.08724e-14
18400 9.09913e-14
18410 9.96453e-14
18420 9.82842e-14
18430 9.62084e-14
18440 1.0152e-13
18450 9.77432e-14
18460 9.64446e-14
18470 9.12056e-14
18480 9.97348e-14
18490 9.77127e-14
18500 9.63919e-14
18510 9.95115e-14
18520 8.98662e-14
18530 8.7647e-14
18540 8.9868e-14
18550 8.1051e-14
18560 8.00142e-14
18570 7.57062e-14
18580 7.10363e-14
18590 8.15028e-14
18600 7.83983e-14
18610 6.97824e-14
18620 7.5142e-14
18630 7.49971e-14
18640 8.19111e-14
18650 7.66448e-14
18660 7.39315e-14
18670 7.69777e-14
18680 7.54156e-14
18690 8.01241e-14
18700 7.60068e-14
18710 7.63175e-14
18720 7.92348e-14
18730 7.71632e-14
18740 7.77873e-14
18750 7.22988e-14
18760 7.51501e-14
18770 7.26033e-14
18780 7.4994e-14
18790 6.89956e-14
18800 6.21889e-14
18810 6.50569e-14
18820 6.49609e-14
18830 6.86038e-14
18840 6.0311e-14
18850 5.57584e-14
18860 6.22244e-14
18870 5.63766e-14
18880 5.75782e-14
18890 5.39196e-14
18900 5.78042e-14
18910 6.30587e-14
18920 5.82973e-14
18930 5.57416e-14
18940 5.70224e-14
18950 5.55914e-14
18960 6.12729e-14
18970 6.33814e-14
18980 5.8148e-14
18990 5.66925e-14
19000 6.4293e-14
19010 6.58885e-14
19020 5.91549e-14
19030 5.84908e-14
19040 5.54329e-14
19050 5.59156e-14
19060 5.556e-14
19070 5.27404e-14
19080 5.06121e-14
19090 5.65662e-14
19100 6.1848e-14
19110 6.69362e-14
19120 6.49007e-14
19130 6.59438e-14
19140 5.6531e-14
19150 5.84206e-14
19160 5.60061e-14
19170 6.0484e-14
19180 5.9005e-14
19190 6.21267e-14
19200 6.15508e-14
19210 6.26211e-14
19220 6.69729e-14
19230 5.85562e-14
19240 5.35333e-14
19250 5.71586e-14
19260 5.63912e-14
19270 6.7737e-14
19280 6.2511e-14
19290 6.45856e-14
19300 5.8182e-14
19310 5.74186e-14
19320 5.86115e-14
19330 6.0104e-14
19340 5.86934e-14
19350 6.10316e-14
19360 5.71134e-14
19370 5.90498e-14
19380 6.09655e-14
19390 5.87262e-14
19400 5.94423e-14
19410 4.89652e-14
19420 4.98111e-14
19430 4.70561e-14
19440 4.22432e-14
19450 4.40748e-14
19460 4.07139e-14
19470 4.3749e-14
19480 4.78845e-14
19490 5.34086e-14
19500 5.07931e-14
19510 5.47668e-14
19520 5.73726e-14
19530 5.4792e-14
19540 6.0059e-14
19550 5.14266e-14
19560 5.56077e-14
19570 5.09798e-14
19580 5.04041e-14
19590 4.68997e-14
19600 4.35762e-14
19610 4.57568e-14
19620 5.06854e-14
19630 5.09568e-14
19640 5.28508e-14
19650 4.7148e-14
19660 5.00676e-14
19670 5.14812e-14
19680 5.22964e-14
19690 4.49357e-14
19700 4.80182e-14
19710 4.70574e-14
19720 4.86564e-14
19730 5.35846e-14
19740 4.48367e-14
19750 4.2641e-14
19760 4.92694e-14
19770 5.332e-14
19780 4.86516e-14
19790 4.87845e-14
19800 4.90101e-14
19810 5.04524e-14
19820 5.54933e-14
19830 5.50579e-14
19840 5.54295e-14
19850 5.18691e-14
19860 6.01064e-14
19870 5.94588e-14
19880 5.90585e-14
19890 6.00841e-14
19900 6.25735e-14
19910 6.91029e-14
19920 6.30597e-14
19930 6.04697e-14
19940 5.59945e-14
19950 5.65103e-14
19960 5.75941e-14
19970 6.15922e-14
19980 6.62452e-14
19990 6.2422e-14
20000 6.01208e-14
20010 5.833e-14
20020 6.76808e-14
20030 6.46286e-14
20040 6.62955e-14
20050 5.68558e-14
20060 5.34066e-14
20070 5.09947e-14
20080 5.14746e-14
20090 5.10978e-14
20100 5.0393e-14
20110 4.79279e-14
20120 4.29922e-14
20130 4.66768e-14
20140 4.86901e-14
20150 4.28342e-14
20160 4.93024e-14
20170 4.89414e-14
20180 5.3397e-14
20190 5.26418e-14
20200 5.27234e-14
20210 5.92239e-14
20220 4.64699e-14
20230 5.23993e-14
20240 4.92031e-14
20250 5.27507e-14
20260 5.03707e-14
20270 5.63625e-14
20280 5.59856e-14
20290 6.0338e-14
20300 5.81697e-14
20310 6.34407e-14
20320 6.15949e-14
20330 6.63424e-14
20340 6.86831e-14
20350 6.56639e-14
20360 7.28855e-14
20370 7.82691e-14
20380 7.49611e-14
20390 8.35521e-14
20400 7.77397e-14
20410 8.10034e-14
20420 8.81887e-14
20430 8.4056e-14
20440 8.31036e-14
20450 8.43808e-14
20460 8.46774e-14
20470 8.76226e-14
20480 8.63712e-14
20490 8.67073e-14
20500 7.77895e-14
20510 7.59508e-14
20520 7.71382e-14
20530 8.39177e-14
20540 6.96401e-14
20550 7.60124e-14
20560 6.87611e-14
20570 7.00205e-14
20580 6.48256e-14
20590 6.8743e-14
20600 6.37086e-14
20610 5.1994e-14
20620 5.55899e-14
20630 5.59792e-14
20640 6.14189e-14
20650 6.41247e-14
20660 6.02605e-14
20670 5.04529e-14
20680 5.18714e-14
20690 5.26771e-14
20700 4.59969e-14
20710 5.15325e-14
20720 4.94585e-14
20730 4.68357e-14
20740 4.87056e-14
20750 4.83847e-14
20760 5.34432e-14
20770 4.96654e-14
20780 5.04404e-14
20790 4.80035e-14
20800 4.12981e-14
20810 4.56612e-14
20820 5.01563e-14
20830 4.8859e-14
20840 4.3922e-14
20850 5.10322e-14
20860 3.98677e-14
20870 5.48498e-14
20880 4.31657e-14
20890 4.61561e-14
20900 4.49636e-14
20910 4.18623e-14
20920 4.46772e-14
20930 3.88564e-14
20940 3.59171e-14
20950 3.26436e-14
20960 2.29975e-14
20970 2.33641e-14
20980 2.54622e-14
20990 2.3744e-14
21000 1.44829e-14
21010 1.2117e-14
21020 2.51048e-14
21030 2.36441e-14
21040 1.96434e-14
21050 1.56874e-14
21060 2.80773e-14
21070 3.09401e-14
21080 3.5574e-14
21090 3.33491e-14
21100 2.28901e-14
21110 2.6724e-14
21120 2.89483e-14
21130 3.17499e-14
21140 2.38995e-14
21150 2.67505e-15
21160 4.65883e-15
21170 1.225e-14
21180 1.02955e-14
21190 2.26318e-14
21200 1.81568e-14
21210 1.28011e-14
21220 2.04813e-14
21230 1.05107e-14
21240 1.06466e-14
21250 7.11832e-15
21260 1.63001e-14
21270 1.86162e-14
21280 2.16995e-14
21290 8.96845e-15
21300 1.78247e-14
21310 2.31466e-14
21320 2.63736e-14
21330 2.52556e-14
21340 1.35812e-14
21350 2.2612e-14
21360 3.07106e-14
21370 2.52842e-14
21380 2.5252e-14
21390 3.06806e-14
21400 1.98718e-14
21410 2.57667e-14
21420 2.02541e-14
21430 1.72079e-14
21440 2.04134e-14
21450 1.84939e-14
21460 2.42642e-14
21470 2.12901e-14
21480 2.42146e-14
21490 2.40836e-14
21500 2.62513e-14
21510 3.48804e-14
21520 3.64367e-14
21530 3.63033e-14
21540 2.60791e-14
21550 2.49665e-14
21560 2.67225e-14
21570 3.54387e-14
21580 3.36172e-14
21590 3.37618e-14
21600 3.40824e-14
21610 2.35553e-14
21620 2.36404e-14
21630 3.00303e-14
21640 2.14449e-14
21650 2.76717e-14
21660 2.54298e-14
21670 2.14256e-14
21680 2.1131e-14
21690 2.76256e-14
21700 2.55062e-14
21710 3.22021e-14
21720 2.65804e-14
21730 1.75733e-14
21740 2.58024e-14
21750 2.69741e-14
21760 2.21484e-14
21770 2.0031e-14
21780 3.03271e-14
21790 2.31248e-14
21800 2.43383e-14
21810 2.11621e-14
21820 2.12207e-14
21830 1.82841e-14
21840 1.97833e-14
21850 1.45715e-14
21860 1.63804e-14
21870 1.32043e-14
21880 1.37022e-14
21890 1.13015e-14
21900 7.32735e-15
21910 5.68945e-15
21920 2.79651e-15
21930 4.64026e-15
21940 1.07273e-14
21950 7.78775e-15
21960 1.93775e-15
21970 1.87845e-14
21980 1.50106e-14
21990 1.07498e-14
22000 1.04817e-14
22010 2.08205e-14
22020 2.25925e-14
22030 2.58242e-14
22040 3.16283e-14
22050 2.92383e-14
22060 2.14125e-14
22070 2.89363e-14
22080 3.24224e-14
22090 3.15486e-14
22100 2.98227e-14
22110 2.43423e-14
22120 3.44897e-14
22130 2.65955e-14
22140 3.10216e-14
22150 2.50717e-14
22160 2.81373e-14
22170 2.80608e-14
22180 3.60506e-14
22190 3.03629e-14
22200 3.62904e-14
22210 3.2297e-14
22220 3.43106e-14
22230 3.74431e-14
22240 3.72847e-14
22250 2.47819e-14
22260 2.70466e-14
22270 2.99277e-14
22280 3.23694e-14
22290 4.35264e-14
22300 4.09792e-14
22310 3.72503e-14
22320 4.59246e-14
22330 4.37226e-14
22340 3.83308e-14
22350 4.56553e-14
22360 4.3373e-14
22370 3.82837e-14
22380 4.57904e-14
22390 4.84786e-14
22400 5.84779e-14
22410 5.81537e-14
22420 5.40309e-14
22430 4.70762e-14
22440 4.43049e-14
22450 4.88553e-14
22460 5.80944e-14
22470 6.76413e-14
22480 6.15422e-14
22490 5.7033e-14
22500 5.31871e-14
22510 6.06714e-14
22520 6.10875e-14
22530 5.32151e-14
22540 5.91006e-14
22550 5.85412e-14
22560 5.77237e-14
22570 4.85553e-14
22580 5.27044e-14
22590 5.58864e-14
22600 5.59527e-14
22610 6.43175e-14
22620 7.45835e-14
22630 8.59966e-14
22640 8.36223e-14
22650 8.79224e-14
22660 1.01049e-13
22670 1.31877e-13
22680 1.85533e-13
22690 2.56117e-13
22700 3.44163e-13
22710 4.94628e-13
22720 7.41557e-13
22730 1.10028e-12
22740 1.65291e-12
22750 2.47453e-12
22760 3.69709e-12
22770 5.52961e-12
22780 8.25244e-12
22790 1.23047e-11
22800 1.8276e-11
22810 2.70845e-11
22820 4.00074e-11
22830 5.8927e-11
22840 8.65055e-11
22850 1.26554e-10
22860 1.84575e-10
22870 2.68289e-10
22880 3.88668e-10
22890 5.61192e-10
22900 8.07627e-10
22910 1.15844e-09
22920 1.65617e-09
22930 2.35997e-09
22940 3.35185e-09
22950 4.74507e-09
22960 6.6955e-09
22970 9.41699e-09
22980 1.32019e-08
22990 1.84483e-08
23000 2.5697e-08
23010 3.56793e-08
23020 4.93814e-08
23030 6.81285e-08
23040 9.3695e-08
23050 1.28449e-07
23060 1.75542e-07
23070 2.39147e-07
23080 3.24782e-07
23090 4.3971e-07
23100 5.9346e-07
23110 7.98496e-07
23120 1.07106e-06
23130 1.43226e-06
23140 1.9094e-06
23150 2.53775e-06
23160 3.36262e-06
23170 4.44213e-06
23180 5.85049e-06
23190 7.68219e-06
23200 1.00571e-05
23210 1.3127e-05
23220 1.70829e-05
23230 2.2165e-05
23240 2.86739e-05
23250 3.69849e-05
23260 4.75648e-05
23270 6.0992e-05
23280 7.79814e-05
23290 9.94133e-05
23300 0.000126368
23310 0.000160167
23320 0.000202422
23330 0.000255089
23340 0.000320541
23350 0.000401637
23360 0.000501821
23370 0.000625216
23380 0.000776755
23390 0.000962306
23400 0.00118883
23410 0.00146458
23420 0.00179925
23430 0.00220426
23440 0.00269294
23450 0.00328087
23460 0.00398616
23470 0.00482977
23480 0.00583589
23490 0.00703237
23500 0.0084511
23510 0.0101285
23520 0.012106
23530 0.0144307
23540 0.0171554
23550 0.0203401
23560 0.0240515
23570 0.0283643
23580 0.0333618
23590 0.0391359
23600 0.0457881
23610 0.0534301
23620 0.062184
23630 0.0721828
23640 0.0835708
23650 0.0965039
23660 0.111149
23670 0.127687
23680 0.146306
23690 0.16721
23700 0.19061
23710 0.21673
23720 0.245802
23730 0.278064
23740 0.313763
23750 0.353152
23760 0.396483
23770 0.444013
23780 0.495994
23790 0.552676
23800 0.614302
23810 0.681102
23820 0.753294
23830 0.831079
23840 0.914636
23850 1.00412
23860 1.09966
23870 1.20134
23880 1.30922
23890 1.42333
23900 1.54362
23910 1.67003
23920 1.80244
23930 1.94066
23940 2.08447
23950 2.23358
23960 2.38764
23970 2.54625
23980 2.70894
23990 2.87521
24000 3.04447
24010 3.2161
24020 3.38942
24030 3.5637
24040 3.73819
24050 3.91207
24060 4.08451
24070 4.25465
24080 4.42162
24090 4.58453
24100 4.7425
24110 4.89463
24120 5.04006
24130 5.17795
24140 5.30747
24150 5.42785
24160 5.53836
24170 5.63832
24180 5.72712
24190 5.8042
24200 5.8691
24210 5.92141
24220 5.96082
24230 5.98709
24240 6.00008
24250 5.99974
24260 5.9861
24270 5.95928
24280 5.91949
24290 5.86703
24300 5.80225
24310 5.72561
24320 5.63763
24330 5.5389
24340 5.43005
24350 5.31177
24360 5.18482
24370 5.04995
24380 4.90799
24390 4.75975
24400 4.60607
24410 4.4478
24420 4.28579
24430 4.12087
24440 3.95386
24450 3.78556
24460 3.61674
24470 3.44814
24480 3.28046
24490 3.11436
24500 2.95046
24510 2.78933
24520 2.63147
24530 2.47737
24540 2.32743
24550 2.18201
24560 2.04144
24570 1.90597
24580 1.77581
24590 1.65113
24600 1.53204
24610 1.41862
24620 1.31091
24630 1.20889
24640 1.11254
24650 1.02178
24660 0.936523
24670 0.856634
24680 0.781973
24690 0.712377
24700 0.647665
24710 0.587647
24720 0.532119
24730 0.480872
24740 0.433691
24750 0.390358
24760 0.350654
24770 0.314361
24780 0.281265
24790 0.251155
24800 0.223825
24810 0.199074
24820 0.176712
24830 0.156553
24840 0.138421
24850 0.12215
24860 0.10758
24870 0.0945634
24880 0.0829596
24890 0.0726381
24900 0.0634773
24910 0.0553643
24920 0.0481948
24930 0.0418728
24940 0.0363099
24950 0.0314254
24960 0.0271458
24970 0.0234041
24980 0.0201395
24990 0.0172971
25000 0.0148276
25010 0.0126865
25020 0.0108339
25030 0.00923428
25040 0.00785595
25050 0.00667072
25060 0.00565362
25070 0.00478257
25080 0.00403812
25090 0.00340315
25100 0.00286265
25110 0.00240348
25120 0.0020142
25130 0.00168482
25140 0.00140668
25150 0.00117228
25160 0.000975121
25170 0.00080962
25180 0.000670966
25190 0.000555031
25200 0.000458282
25210 0.000377702
25220 0.000310718
25230 0.000255145
25240 0.000209128
25250 0.000171097
25260 0.000139726
25270 0.0001139
25280 9.26782e-05
25290 7.52735e-05
25300 6.10266e-05
25310 4.93865e-05
25320 3.98945e-05
25330 3.21686e-05
25340 2.58922e-05
25350 2.08029e-05
25360 1.66839e-05
25370 1.33565e-05
25380 1.06735e-05
25390 8.51424e-06
25400 6.77968e-06
25410 5.38887e-06
25420 4.27575e-06
25430 3.38653e-06
25440 2.67748e-06
25450 2.11313e-06
25460 1.66479e-06
25470 1.30925e-06
25480 1.02783e-06
25490 8.05481e-07
25500 6.30121e-07
25510 4.92073e-07
25520 3.83595e-07
25530 2.98508e-07
25540 2.31888e-07
25550 1.79822e-07
25560 1.39203e-07
25570 1.07572e-07
25580 8.29841e-08
25590 6.39052e-08
25600 4.91274e-08
25610 3.77016e-08
25620 2.88831e-08
25630 2.20892e-08
25640 1.68642e-08
25650 1.2853e-08
25660 9.77901e-09
25670 7.42747e-09
25680 5.63173e-09
25690 4.26285e-09
25700 3.22118e-09
25710 2.4299e-09
25720 1.82988e-09
25730 1.37567e-09
25740 1.03245e-09
25750 7.7355e-10
25760 5.78589e-10
25770 4.32032e-10
25780 3.22053e-10
25790 2.39666e-10
25800 1.78054e-10
25810 1.32058e-10
25820 9.77798e-11
25830 7.22776e-11
25840 5.33371e-11
25850 3.92941e-11
25860 2.89001e-11
25870 2.122e-11
25880 1.55549e-11
25890 1.13832e-11
25900 8.31646e-12
25910 6.06584e-12
25920 4.41696e-12
25930 3.21096e-12
25940 2.33039e-12
25950 1.68851e-12
25960 1.22141e-12
25970 8.82066e-13
25980 6.35956e-13
25990 4.5776e-13
26000 3.28954e-13
26010 2.36005e-13
26020 1.69042e-13
26030 1.20881e-13
26040 8.62996e-14
26050 6.15109e-14
26060 4.3771e-14
26070 3.10967e-14
26080 2.20564e-14
26090 1.56189e-14
26100 1.10423e-14
26110 7.79414e-15
26120 5.49252e-15
26130 3.86432e-15
26140 2.7144e-15
26150 1.90359e-15
26160 1.33282e-15
26170 9.31695e-16
26180 6.50244e-16
26190 4.53088e-16
26200 3.15204e-16
26210 2.1893e-16
26220 1.51819e-16
26230 1.05112e-16
26240 7.26579e-17
26250 5.01445e-17
26260 3.45519e-17
26270 2.377e-17
26280 1.63267e-17
26290 1.11964e-17
26300 7.66598e-18
26310 5.24048e-18
26320 3.57674e-18
26330 2.43735e-18
26340 1.6583e-18
26350 1.12648e-18
26360 7.64016e-19
26370 5.17365e-19
26380 3.49792e-19
26390 2.36125e-19
26400 1.59145e-19
26410 1.07094e-19
26420 7.19541e-20
26430 4.82691e-20
26440 3.233e-20
26450 2.16205e-20
26460 1.44361e-20
26470 9.62402e-21
26480 6.40605e-21
26490 4.25745e-21
26500 2.82512e-21
26510 1.87176e-21
26520 1.23821e-21
26530 8.17834e-22
26540 5.39345e-22
26550 3.55139e-22
26560 2.33486e-22
26570 1.5327e-22
26580 1.00458e-22
26590 6.57424e-23
26600 4.29576e-23
26610 2.80266e-23
26620 1.82572e-23
26630 1.18751e-23
26640 7.71213e-24
26650 5.00092e-24
26660 3.2379e-24
26670 2.09322e-24
26680 1.35116e-24
26690 8.70843e-25
26700 5.60419e-25
26710 3.60103e-25
26720 2.31038e-25
26730 1.48007e-25
26740 9.46731e-26
26750 6.04664e-26
26760 3.85608e-26
26770 2.45541e-26
26780 1.56116e-26
26790 9.911e-27
26800 6.28254e-27
26810 3.97651e-27
26820 2.51314e-27
26830 1.58592e-27
26840 9.99297e-28
26850 6.28723e-28
26860 3.9498e-28
26870 2.47767e-28
26880 1.5519e-28
26890 9.70592e-29
26900 6.06127e-29
26910 3.7796e-29
26920 2.35333e-29
26930 1.4631e-29
26940 9.08286e-30
26950 5.63025e-30
26960 3.4849e-30
26970 2.15383e-30
26980 1.3292e-30
26990 8.19086e-31
27000 5.03997e-31
27010 3.09661e-31
27020 1.89979e-31
27030 1.16383e-31
27040 7.11921e-32
27050 4.34849e-32
27060 2.65221e-32
27070 1.61526e-32
27080 9.82292e-33
27090 5.96492e-33
27100 3.61688e-33
27110 2.18992e-33
27120 1.32401e-33
27130 7.99321e-34
27140 4.81858e-34
27150 2.90058e-34
27160 1.7435e-34
27170 1.04647e-34
27180 6.27193e-35
27190 3.75359e-35
27200 2.24318e-35
27210 1.33861e-35
27220 7.97657e-36
27230 4.74625e-36
27240 2.82007e-36
27250 1.67318e-36
27260 9.91285e-37
27270 5.8645e-37
27280 3.46449e-37
27290 2.04373e-37
27300 1.20388e-37
27310 7.08145e-38
27320 4.15947e-38
27330 2.43968e-38
27340 1.42891e-38
27350 8.35716e-39
27360 4.88081e-39
27370 2.84646e-39
27380 1.65767e-39
27390 9.63993e-40
27400 5.59798e-40
27410 3.24617e-40
27420 1.87972e-40
27430 1.08692e-40
27440 6.27607e-41
27450 3.61877e-41
27460 2.08362e-41
27470 1.19801e-41
27480 6.87844e-42
27490 3.9437e-42
27500 2.25789e-42
27510 1.29089e-42
27520 7.36985e-43
27530 4.20161e-43
27540 2.39199e-43
27550 1.35984e-43
27560 7.71975e-44
27570 4.37626e-44
27580 2.47736e-44
27590 1.40042e-44
27600 7.9052e-45
27610 4.45604e-45
27620 2.50823e-45
27630 1.40983e-45
27640 7.91304e-46
27650 4.43505e-46
27660 2.48215e-46
27670 1.38717e-46
27680 7.7411e-47
27690 4.31362e-47
27700 2.40018e-47
27710 1.33354e-47
27720 7.3982e-48
27730 4.09823e-48
27740 2.2668e-48
27750 1.2519e-48
27760 6.9034e-49
27770 3.80089e-49
27780 2.08943e-49
27790 1.1468e-49
27800 6.28426e-50
27810 3.43811e-50
27820 1.87792e-50
27830 1.02404e-50
27840 5.57476e-51
27850 3.0297e-51
27860 1.64371e-51
27870 8.90209e-52
27880 4.81271e-52
27890 2.59721e-52
27900 1.39905e-52
27910 7.52234e-53
27920 4.03699e-53
27930 2.16239e-53
27940 1.15603e-53
27950 6.16806e-54
27960 3.28445e-54
27970 1.74541e-54
27980 9.25635e-55
27990 4.89866e-55
28000 2.587e-55
28010 1.36328e-55
28020 7.16849e-56
28030 3.7611e-56
28040 1.96895e-56
28050 1.02842e-56
28060 5.35938e-57
28070 2.78646e-57
28080 1.44535e-57
28090 7.47939e-58
28100 3.86117e-58
28110 1.98847e-58
28120 1.02155e-58
28130 5.23512e-59
28140 2.67616e-59
28150 1.3646e-59
28160 6.94061e-60
28170 3.5211e-60
28180 1.78172e-60
28190 8.99237e-61
28200 4.52659e-61
28210 2.27261e-61
28220 1.13796e-61
28230 5.68287e-62
28240 2.83037e-62
28250 1.40587e-62
28260 6.96419e-63
28270 3.4404e-63
28280 1.69495e-63
28290 8.32737e-64
28300 4.07997e-64
28310 1.99342e-64
28320 9.71248e-65
28330 4.71895e-65
28340 2.28633e-65
28350 1.10461e-65
28360 5.32172e-66
28370 2.5566e-66
28380 1.22472e-66
28390 5.85026e-67
28400 2.78658e-67
28410 1.3235e-67
28420 6.26801e-68
28430 2.95997e-68
28440 1.39378e-68
28450 6.54404e-69
28460 3.06368e-69
28470 1.43016e-69
28480 6.65683e-70
28490 3.08952e-70
28500 1.42972e-70
28510 6.59707e-71
28520 3.03519e-71
28530 1.39238e-71
28540 6.36886e-72
28550 2.9047e-72
28560 1.32091e-72
28570 5.98931e-73
28580 2.70777e-73
28590 1.22062e-73
28600 5.48628e-74
28610 2.45871e-74
28620 1.09867e-74
28630 4.89506e-75
28640 2.1746e-75
28650 9.63229e-76
28660 4.25414e-76
28670 1.87337e-76
28680 8.22559e-77
28690 3.60115e-77
28700 1.57198e-77
28710 6.84201e-78
28720 2.96929e-78
28730 1.28485e-78
28740 5.54355e-79
28750 2.38482e-79
28760 1.02296e-79
28770 4.37515e-80
28780 1.86579e-80
28790 7.93359e-81
28800 3.36366e-81
28810 1.42197e-81
28820 5.99388e-82
28830 2.5192e-82
28840 1.05574e-82
28850 4.41155e-83
28860 1.83808e-83
28870 7.63626e-84
28880 3.16328e-84
28890 1.30659e-84
28900 5.38124e-85
28910 2.20989e-85
28920 9.04908e-86
28930 3.69475e-86
28940 1.50422e-86
28950 6.10642e-87
28960 2.47179e-87
28970 9.97665e-88
28980 4.01522e-88
28990 1.61133e-88
29000 6.44783e-89
29010 2.57274e-89
29020 1.0236e-89
29030 4.06091e-90
29040 1.60646e-90
29050 6.33688e-91
29060 2.49252e-91
29070 9.77597e-92
29080 3.82333e-92
29090 1.49102e-92
29100 5.79814e-93
29110 2.24831e-93
29120 8.69333e-94
29130 3.35183e-94
29140 1.28867e-94
29150 4.94049e-95
29160 1.88871e-95
29170 7.19992e-96
29180 2.73691e-96
29190 1.03744e-96
29200 3.92135e-97
29210 1.47802e-97
29220 5.55521e-98
29230 2.08206e-98
29240 7.78143e-99
29250 2.90003e-99
29260 1.07776e-99
29270 3.99409e-100
29280 1.47602e-100
29290 5.43935e-101
29300 1.99886e-101
29310 7.32482e-102
29320 2.67666e-102
29330 9.75379e-103
29340 3.54435e-103
29350 1.28435e-103
29360 4.64106e-104
29370 1.67239e-104
29380 6.00955e-105
29390 2.15346e-105
29400 7.69517e-106
29410 2.74214e-106
29420 9.74432e-107
29430 3.45306e-107
29440 1.22025e-107
29450 4.30018e-108
29460 1.51118e-108
29470 5.29592e-109
29480 1.85081e-109
29490 6.45025e-110
29500 2.24176e-110
29510 7.76958e-111
29520 2.68537e-111
29530 9.25572e-112
29540 3.18138e-112
29550 1.09049e-112
29560 3.72758e-113
29570 1.27068e-113
29580 4.31961e-114
29590 1.46439e-114
29600 4.95079e-115
29610 1.66915e-115
29620 5.61206e-116
29630 1.88172e-116
29640 6.29205e-117
29650 2.09816e-117
29660 6.97736e-118
29670 2.31394e-118
29680 7.65284e-119
29690 2.52408e-119
29700 8.3022e-120
29710 2.72329e-120
29720 8.90854e-121
29730 2.90624e-121
29740 9.45515e-122
29750 3.06774e-122
29760 9.92621e-123
29770 3.20304e-123
29780 1.03076e-123
29790 3.308e-124
29800 1.05874e-124
29810 3.37935e-125
29820 1.0757e-125
29830 3.41483e-126
29840 1.0811e-126
29850 3.41333e-127
29860 1.07476e-127
29870 3.37493e-128
29880 1.05691e-128
29890 3.3009e-129
29900 1.02813e-129
29910 3.19363e-130
29920 9.89335e-131
29930 3.05649e-131
29940 9.4167e-132
29950 2.89144e-132
29960 8.79161e-133
29970 2.45904e-133
29980 0
