-10 0
0 3.25076e-15
10 -2.50638e-15
20 -2.64074e-15
30 5.5592e-15
40 -1.12285e-14
50 -1.43182e-15
60 1.53011e-15
70 -5.1443e-16
80 -1.26894e-14
90 -3.04957e-14
100 -1.86919e-14
110 -4.53165e-14
120 -2.6078e-14
130 -5.00584e-14
140 -4.513e-14
150 -5.71936e-14
160 -5.23692e-14
170 -6.29667e-14
180 -4.75588e-14
190 -3.22602e-14
200 -1.98003e-14
210 -8.7061e-15
220 -1.90775e-14
230 -1.1617e-14
240 1.55471e-14
250 3.35823e-15
260 -2.04595e-14
270 -2.17141e-14
280 -2.36515e-14
290 -2.14726e-14
300 -2.1004e-14
310 3.50942e-15
320 -6.72451e-15
330 -3.23559e-14
340 -3.3283e-14
350 3.13608e-15
360 -6.10926e-15
370 -1.09953e-14
380 1.39365e-15
390 9.62393e-15
400 -1.48971e-14
410 6.45245e-16
420 1.15562e-14
430 -2.43775e-14
440 -3.10136e-14
450 -5.33596e-14
460 -2.95052e-14
470 -3.06116e-14
480 -4.03973e-14
490 -4.37193e-14
500 -2.43849e-14
510 -4.96129e-14
520 -3.538e-14
530 -3.78825e-14
540 -3.69229e-14
550 -6.83572e-14
560 -5.32985e-14
570 -3.28476e-14
580 -4.66658e-14
590 -4.40865e-14
600 -2.89032e-14
610 -3.23111e-14
620 -1.9589e-14
630 -2.48877e-14
640 -2.00918e-14
650 -2.78171e-14
660 -3.29651e-14
670 -3.12525e-14
680 -4.89052e-14
690 -1.71807e-14
700 -2.29231e-14
710 -1.96213e-14
720 -1.08831e-14
730 -8.05608e-15
740 -1.11956e-14
750 -2.27613e-14
760 6.64368e-16
770 -1.62271e-14
780 1.1853e-14
790 1.62679e-14
800 1.26053e-14
810 2.88537e-14
820 2.36533e-15
830 -7.26042e-15
840 1.0537e-14
850 2.05844e-14
860 1.05984e-14
870 -9.28567e-15
880 4.8823e-15
890 2.21615e-14
900 1.59073e-14
910 3.98125e-14
920 4.53708e-14
930 5.54396e-14
940 5.55125e-14
950 5.59256e-14
960 5.20454e-14
970 5.50996e-14
980 5.7365e-14
990 3.27886e-14
1000 1.34347e-14
1010 2.68969e-14
1020 -5.35759e-15
1030 -3.12977e-15
1040 -2.69223e-14
1050 -2.04715e-14
1060 -1.02391e-14
1070 -2.77251e-14
1080 -3.06193e-14
1090 -3.45886e-14
1100 -2.20991e-14
1110 -3.23386e-14
1120 -2.81042e-14
1130 -2.51035e-14
1140 -4.51719e-14
1150 -4.35357e-14
1160 -3.31743e-14
1170 -1.86526e-14
1180 -2.94458e-14
1190 -2.56085e-14
1200 -3.16982e-14
1210 -2.05274e-14
1220 -1.94467e-14
1230 -3.02696e-14
1240 -1.2045e-14
1250 8.49437e-15
1260 -9.06569e-15
1270 -1.19916e-14
1280 -2.0312e-15
1290 -2.94063e-14
1300 -4.82148e-14
1310 -3.60422e-14
1320 -4.69603e-14
1330 -4.68753e-14
1340 -4.82331e-14
1350 -6.18338e-14
1360 -6.6967e-14
1370 -5.59988e-14
1380 -7.03025e-14
1390 -6.83027e-14
1400 -9.30196e-14
1410 -7.35038e-14
1420 -7.66027e-14
1430 -9.27795e-14
1440 -1.19708e-13
1450 -1.1742e-13
1460 -1.11714e-13
1470 -1.14245e-13
1480 -1.29559e-13
1490 -1.18734e-13
1500 -1.45894e-13
1510 -1.55918e-13
1520 -1.54649e-13
1530 -1.49859e-13
1540 -1.61969e-13
1550 -1.4507e-13
1560 -1.4002e-13
1570 -1.39856e-13
1580 -1.30185e-13
1590 -1.4855e-13
1600 -1.53094e-13
1610 -1.52218e-13
1620 -1.42947e-13
1630 -1.4852e-13
1640 -1.56797e-13
1650 -1.70925e-13
1660 -1.52317e-13
1670 -1.5699e-13
1680 -1.61757e-13
1690 -1.5358e-13
1700 -1.31789e-13
1710 -1.33056e-13
1720 -1.52152e-13
1730 -1.45974e-13
1740 -1.40143e-13
1750 -1.27153e-13
1760 -1.32027e-13
1770 -1.18524e-13
1780 -1.04255e-13
1790 -1.16491e-13
1800 -1.20667e-13
1810 -1.22727e-13
1820 -1.18291e-13
1830 -1.14967e-13
1840 -1.45674e-13
1850 -1.36419e-13
1860 -1.43583e-13
1870 -1.41521e-13
1880 -1.37338e-13
1890 -1.53095e-13
1900 -1.58333e-13
1910 -1.59377e-13
1920 -1.40517e-13
1930 -1.61672e-13
1940 -1.49522e-13
1950 -1.53041e-13
1960 -1.51644e-13
1970 -1.65377e-13
1980 -1.43387e-13
1990 -1.67906e-13
2000 -1.85341e-13
2010 -1.89996e-13
2020 -1.57534e-13
2030 -1.76991e-13
2040 -1.80314e-13
2050 -1.83703e-13
2060 -1.79443e-13
2070 -1.94897e-13
2080 -1.95653e-13
2090 -1.79298e-13
2100 -1.84658e-13
2110 -1.73746e-13
2120 -1.45215e-13
2130 -1.2087e-13
2140 -1.17648e-13
2150 -1.17055e-13
2160 -1.10809e-13
2170 -8.63046e-14
2180 -1.0472e-13
2190 -9.72074e-14
2200 -1.03828e-13
2210 -1.44964e-13
2220 -1.45549e-13
2230 -1.17876e-13
2240 -1.5741e-13
2250 -1.54475e-13
2260 -1.58262e-13
2270 -1.55515e-13
2280 -1.67897e-13
2290 -1.79852e-13
2300 -1.68464e-13
2310 -1.74439e-13
2320 -1.85632e-13
2330 -1.90136e-13
2340 -1.89833e-13
2350 -1.73601e-13
2360 -1.818e-13
2370 -1.69114e-13
2380 -1.6642e-13
2390 -1.64599e-13
2400 -1.88651e-13
2410 -1.62168e-13
2420 -1.87202e-13
2430 -1.78695e-13
2440 -1.66111e-13
2450 -1.73895e-13
2460 -1.69055e-13
2470 -1.7491e-13
2480 -1.683e-13
2490 -1.73409e-13
2500 -1.8246e-13
2510 -1.75217e-13
2520 -1.87347e-13
2530 -1.96939e-13
2540 -1.85555e-13
2550 -1.85902e-13
2560 -1.93965e-13
2570 -1.94831e-13
2580 -1.91753e-13
2590 -1.79557e-13
2600 -2.14659e-13
2610 -2.07161e-13
2620 -1.96932e-13
2630 -1.85313e-13
2640 -2.04847e-13
2650 -2.10417e-13
2660 -2.12881e-13
2670 -2.13059e-13
2680 -2.26048e-13
2690 -2.29508e-13
2700 -2.34032e-13
2710 -2.75078e-13
2720 -2.95406e-13
2730 -3.58801e-13
2740 -4.31742e-13
2750 -5.28755e-13
2760 -6.98392e-13
2770 -9.30165e-13
2780 -1.29053e-12
2790 -1.8502e-12
2800 -2.65868e-12
2810 -3.9e-12
2820 -5.73452e-12
2830 -8.5198e-12
2840 -1.26553e-11
2850 -1.8817e-11
2860 -2.79129e-11
2870 -4.14072e-11
2880 -6.13239e-11
2890 -9.05856e-11
2900 -1.33542e-10
2910 -1.96335e-10
2920 -2.8785e-10
2930 -4.20919e-10
2940 -6.13871e-10
2950 -8.92797e-10
2960 -1.29491e-09
2970 -1.87292e-09
2980 -2.70132e-09
2990 -3.88519e-09
3000 -5.57209e-09
3010 -7.96871e-09
3020 -1.13637e-08
3030 -1.61586e-08
3040 -2.29108e-08
3050 -3.23908e-08
3060 -4.56608e-08
3070 -6.41802e-08
3080 -8.99476e-08
3090 -1.25691e-07
3100 -1.75122e-07
3110 -2.43272e-07
3120 -3.36942e-07
3130 -4.65292e-07
3140 -6.40614e-07
3150 -8.79354e-07
3160 -1.20343e-06
3170 -1.64197e-06
3180 -2.23352e-06
3190 -3.02894e-06
3200 -4.09506e-06
3210 -5.51942e-06
3220 -7.41629e-06
3230 -9.93418e-06
3240 -1.32656e-05
3250 -1.76588e-05
3260 -2.34332e-05
3270 -3.0998e-05
3280 -4.08751e-05
3290 -5.37282e-05
3300 -7.03976e-05
3310 -9.19432e-05
3320 -0.000119696
3330 -0.000155323
3340 -0.000200899
3350 -0.000259
3360 -0.000332809
3370 -0.000426245
3380 -0.000544105
3390 -0.000692246
3400 -0.000877778
3410 -0.0011093
3420 -0.00139716
3430 -0.00175375
3440 -0.00219385
3450 -0.00273501
3460 -0.00339792
3470 -0.0042069
3480 -0.00519038
3490 -0.00638141
3500 -0.00781819
3510 -0.00954463
3520 -0.011611
3530 -0.0140742
3540 -0.0169988
3550 -0.0204571
3560 -0.0245296
3570 -0.0293056
3580 -0.034883
3590 -0.0413687
3600 -0.0488781
3610 -0.0575351
3620 -0.0674711
3630 -0.0788241
3640 -0.0917374
3650 -0.106358
3660 -0.122835
3670 -0.141314
3680 -0.161941
3690 -0.184851
3700 -0.210169
3710 -0.238006
3720 -0.268453
3730 -0.301576
3740 -0.337414
3750 -0.37597
3760 -0.417211
3770 -0.461061
3780 -0.507397
3790 -0.556047
3800 -0.606786
3810 -0.659335
3820 -0.713362
3830 -0.76848
3840 -0.824251
3850 -0.880188
3860 -0.935763
3870 -0.990409
3880 -1.04353
3890 -1.09452
3900 -1.14276
3910 -1.18761
3920 -1.22849
3930 -1.26481
3940 -1.29604
3950 -1.3217
3960 -1.34138
3970 -1.35471
3980 -1.36147
3990 -1.36146
4000 -1.35464
4010 -1.34104
4020 -1.32078
4030 -1.29412
4040 -1.26137
4050 -1.22297
4060 -1.17941
4070 -1.13127
4080 -1.07917
4090 -1.02379
4100 -0.965826
4110 -0.905992
4120 -0.844999
4130 -0.783543
4140 -0.722289
4150 -0.66186
4160 -0.602827
4170 -0.5457
4180 -0.49092
4190 -0.438858
4200 -0.389808
4210 -0.343992
4220 -0.301558
4230 -0.262586
4240 -0.227091
4250 -0.195031
4260 -0.166314
4270 -0.140804
4280 -0.118333
4290 -0.0987046
4300 -0.0817033
4310 -0.067103
4320 -0.0546725
4330 -0.0441814
4340 -0.0354054
4350 -0.0281297
4360 -0.0221529
4370 -0.0172886
4380 -0.0133672
4390 -0.0102364
4400 -0.00776154
4410 -0.00582504
4420 -0.00432554
4430 -0.00317687
4440 -0.00230664
4450 -0.00165489
4460 -0.00117254
4470 -0.000819934
4480 -0.000565479
4490 -0.000384311
4500 -0.000257136
4510 -0.000169187
4520 -0.000109323
4530 -6.92598e-05
4540 -4.29324e-05
4550 -2.59709e-05
4560 -1.52787e-05
4570 -8.70001e-06
4580 -4.76214e-06
4590 -2.47917e-06
4600 -1.20541e-06
4610 -5.28085e-07
4620 -1.9036e-07
4630 -3.72812e-08
4640 2.1303e-08
4650 3.55717e-08
4660 3.19047e-08
4670 2.31028e-08
4680 1.46271e-08
4690 8.25242e-09
4700 4.10047e-09
4710 1.6972e-09
4720 4.69723e-10
4730 -5.78426e-11
4740 -2.17343e-10
4750 -2.12428e-10
4760 -1.53595e-10
4770 -9.21644e-11
4780 -4.62978e-11
4790 -1.81159e-11
4800 -3.63034e-12
4810 2.17644e-12
4820 3.42954e-12
4830 2.74932e-12
4840 1.65711e-12
4850 7.31635e-13
4860 1.13257e-13
4870 -2.06969e-13
4880 -3.01341e-13
4890 -3.45315e-13
4900 -3.27771e-13
4910 -2.89614e-13
4920 -2.83075e-13
4930 -2.77749e-13
4940 -2.75541e-13
4950 -2.52053e-13
4960 -2.52409e-13
4970 -2.49403e-13
4980 -2.38493e-13
4990 -2.45383e-13
5000 -2.49593e-13
5010 -2.46475e-13
5020 -2.58216e-13
5030 -2.54274e-13
5040 -2.52936e-13
5050 -2.56148e-13
5060 -2.52167e-13
5070 -2.63589e-13
5080 -2.66244e-13
5090 -2.24433e-13
5100 -1.70298e-13
5110 -6.45225e-14
5120 8.26529e-14
5130 1.87821e-13
5140 1.16397e-13
5150 -4.82427e-13
5160 -2.20679e-12
5170 -5.93507e-12
5180 -1.27096e-11
5190 -2.30205e-11
5200 -3.54914e-11
5210 -4.38727e-11
5220 -3.19806e-11
5230 3.41127e-11
5240 2.16665e-10
5250 6.16885e-10
5260 1.37867e-09
5270 2.66928e-09
5280 4.60306e-09
5290 7.04707e-09
5300 9.19868e-09
5310 8.75337e-09
5320 3.6863e-10
5330 -2.70324e-08
5340 -9.48056e-08
5350 -2.41985e-07
5360 -5.36974e-07
5370 -1.09552e-06
5380 -2.10768e-06
5390 -3.87738e-06
5400 -6.87916e-06
5410 -1.1838e-05
5420 -1.98394e-05
5430 -3.24787e-05
5440 -5.20587e-05
5450 -8.18493e-05
5460 -0.000126419
5470 -0.000192055
5480 -0.000287279
5490 -0.000423487
5500 -0.000615697
5510 -0.000883443
5520 -0.0012518
5530 -0.00175252
5540 -0.00242535
5550 -0.00331934
5560 -0.00449436
5570 -0.00602248
5580 -0.00798944
5590 -0.0104959
5600 -0.0136588
5610 -0.0176116
5620 -0.0225054
5630 -0.0285084
5640 -0.0358055
5650 -0.0445965
5660 -0.0550943
5670 -0.0675218
5680 -0.0821077
5690 -0.099082
5700 -0.11867
5710 -0.141086
5720 -0.166525
5730 -0.195157
5740 -0.227119
5750 -0.262503
5760 -0.301354
5770 -0.343658
5780 -0.389339
5790 -0.438253
5800 -0.490181
5810 -0.544832
5820 -0.601841
5830 -0.66077
5840 -0.721112
5850 -0.7823
5860 -0.843714
5870 -0.90469
5880 -0.964535
5890 -1.02254
5900 -1.07798
5910 -1.13017
5920 -1.17843
5930 -1.22213
5940 -1.26069
5950 -1.2936
5960 -1.32045
5970 -1.34089
5980 -1.35468
5990 -1.36168
6000 -1.36186
6010 -1.35527
6020 -1.34208
6030 -1.32253
6040 -1.29698
6050 -1.26583
6060 -1.22957
6070 -1.18873
6080 -1.14389
6090 -1.09565
6100 -1.04463
6110 -0.991465
6120 -0.936757
6130 -0.881109
6140 -0.825088
6150 -0.769225
6160 -0.714011
6170 -0.659885
6180 -0.607236
6190 -0.5564
6200 -0.507657
6210 -0.461234
6220 -0.417303
6230 -0.375989
6240 -0.337368
6250 -0.301475
6260 -0.268304
6270 -0.237818
6280 -0.209951
6290 -0.184609
6300 -0.161684
6310 -0.141047
6320 -0.122564
6330 -0.106089
6340 -0.0914732
6350 -0.0785685
6360 -0.0672268
6370 -0.0573041
6380 -0.0486618
6390 -0.041168
6400 -0.0346985
6410 -0.0291372
6420 -0.0243771
6430 -0.02032
6440 -0.0168764
6450 -0.0139656
6460 -0.0115152
6470 -0.00946068
6480 -0.00774505
6490 -0.00631805
6500 -0.0051358
6510 -0.00416012
6520 -0.00335804
6530 -0.00270119
6540 -0.00216532
6550 -0.00172978
6560 -0.00137713
6570 -0.00109264
6580 -0.000863985
6590 -0.000680878
6600 -0.000534777
6610 -0.000418625
6620 -0.000326611
6630 -0.00025398
6640 -0.00019685
6650 -0.000152072
6660 -0.000117096
6670 -8.98715e-05
6680 -6.87539e-05
6690 -5.24293e-05
6700 -3.98526e-05
6710 -3.01962e-05
6720 -2.2807e-05
6730 -1.71715e-05
6740 -1.28878e-05
6750 -9.64245e-06
6760 -7.19181e-06
6770 -5.34733e-06
6780 -3.9636e-06
6790 -2.92889e-06
6800 -2.15765e-06
6810 -1.58463e-06
6820 -1.16026e-06
6830 -8.46953e-07
6840 -6.16385e-07
6850 -4.47235e-07
6860 -3.23532e-07
6870 -2.33346e-07
6880 -1.678e-07
6890 -1.20308e-07
6900 -8.6003e-08
6910 -6.12993e-08
6920 -4.35636e-08
6930 -3.08692e-08
6940 -2.18103e-08
6950 -1.53653e-08
6960 -1.07936e-08
6970 -7.56035e-09
6980 -5.28051e-09
6990 -3.67764e-09
7000 -2.55406e-09
7010 -1.76874e-09
7020 -1.22144e-09
7030 -8.4113e-10
7040 -5.77638e-10
7050 -3.95585e-10
7060 -2.7017e-10
7070 -1.84024e-10
7080 -1.25022e-10
7090 -8.47191e-11
7100 -5.72729e-11
7110 -3.86172e-11
7120 -2.59913e-11
7130 -1.74687e-11
7140 -1.16927e-11
7150 -7.84278e-12
7160 -5.26753e-12
7170 -3.53326e-12
7180 -2.37403e-12
7190 -1.61807e-12
7200 -1.11558e-12
7210 -7.88634e-13
7220 -5.57361e-13
7230 -4.10175e-13
7240 -3.03171e-13
7250 -2.25526e-13
7260 -2.01369e-13
7270 -1.62104e-13
7280 -1.50233e-13
7290 -1.58196e-13
7300 -1.51727e-13
7310 -1.42034e-13
7320 -1.50731e-13
7330 -1.45506e-13
7340 -1.66556e-13
7350 -1.58707e-13
7360 -1.48818e-13
7370 -1.71267e-13
7380 -1.68745e-13
7390 -1.80609e-13
7400 -1.93552e-13
7410 -1.92808e-13
7420 -1.85931e-13
7430 -1.56304e-13
7440 -1.59249e-13
7450 -1.59156e-13
7460 -1.79895e-13
7470 -1.75951e-13
7480 -1.78315e-13
7490 -1.80949e-13
7500 -1.9355e-13
7510 -1.8673e-13
7520 -2.00709e-13
7530 -2.09639e-13
7540 -1.94897e-13
7550 -2.05857e-13
7560 -1.94643e-13
7570 -2.03437e-13
7580 -1.92823e-13
7590 -2.02171e-13
7600 -1.92038e-13
7610 -1.90736e-13
7620 -2.01693e-13
7630 -2.03929e-13
7640 -2.14282e-13
7650 -2.18713e-13
7660 -2.11001e-13
7670 -2.0934e-13
7680 -2.04053e-13
7690 -2.12789e-13
7700 -1.97409e-13
7710 -2.14107e-13
7720 -2.00041e-13
7730 -2.12308e-13
7740 -2.23202e-13
7750 -2.15895e-13
7760 -2.04952e-13
7770 -2.01332e-13
7780 -1.95736e-13
7790 -1.88157e-13
7800 -2.04507e-13
7810 -1.99565e-13
7820 -2.02884e-13
7830 -1.98865e-13
7840 -1.99597e-13
7850 -1.91227e-13
7860 -1.9351e-13
7870 -1.77606e-13
7880 -1.97357e-13
7890 -1.79082e-13
7900 -1.65458e-13
7910 -1.79484e-13
7920 -1.76929e-13
7930 -1.83706e-13
7940 -1.79238e-13
7950 -1.90982e-13
7960 -1.8661e-13
7970 -1.8454e-13
7980 -1.75522e-13
7990 -1.38227e-13
8000 -1.07772e-13
8010 -7.13898e-14
8020 -1.83439e-14
8030 7.79098e-14
8040 2.05738e-13
8050 4.20924e-13
8060 7.78452e-13
8070 1.33236e-12
8080 2.16054e-12
8090 3.45759e-12
8100 5.41981e-12
8110 8.43624e-12
8120 1.30446e-11
8130 2.00123e-11
8140 3.05444e-11
8150 4.64242e-11
8160 7.02707e-11
8170 1.05965e-10
8180 1.59225e-10
8190 2.38396e-10
8200 3.55749e-10
8210 5.29114e-10
8220 7.84281e-10
8230 1.15865e-09
8240 1.70599e-09
8250 2.50354e-09
8260 3.66167e-09
8270 5.33768e-09
8280 7.75467e-09
8290 1.12283e-08
8300 1.62029e-08
8310 2.33025e-08
8320 3.3399e-08
8330 4.7707e-08
8340 6.79117e-08
8350 9.63418e-08
8360 1.36203e-07
8370 1.91893e-07
8380 2.69415e-07
8390 3.7694e-07
8400 5.25538e-07
8410 7.30153e-07
8420 1.01087e-06
8430 1.39457e-06
8440 1.91711e-06
8450 2.62608e-06
8460 3.58442e-06
8470 4.87499e-06
8480 6.60641e-06
8490 8.92051e-06
8500 1.20016e-05
8510 1.60883e-05
8520 2.14881e-05
8530 2.85951e-05
8540 3.79131e-05
8550 5.00821e-05
8560 6.59123e-05
8570 8.64242e-05
8580 0.000112897
8590 0.000146927
8600 0.000190495
8610 0.000246052
8620 0.000316608
8630 0.000405848
8640 0.000518256
8650 0.000659262
8660 0.000835406
8670 0.00105452
8680 0.00132595
8690 0.00166075
8700 0.00207195
8710 0.00257481
8720 0.0031871
8730 0.00392938
8740 0.00482526
8750 0.00590174
8760 0.00718944
8770 0.00872281
8780 0.0105404
8790 0.012685
8800 0.0152037
8810 0.0181478
8820 0.0215728
8830 0.0255381
8840 0.0301068
8850 0.0353447
8860 0.0413199
8870 0.0481019
8880 0.0557601
8890 0.064363
8900 0.0739758
8910 0.0846597
8920 0.0964689
8930 0.109449
8940 0.123636
8950 0.139051
8960 0.1557
8970 0.173574
8980 0.19264
8990 0.212847
9000 0.234119
9010 0.256358
9020 0.279438
9030 0.30321
9040 0.327499
9050 0.352107
9060 0.376814
9070 0.401381
9080 0.425552
9090 0.44906
9100 0.471628
9110 0.492979
9120 0.512836
9130 0.530931
9140 0.547012
9150 0.560844
9160 0.572218
9170 0.580956
9180 0.586914
9190 0.589988
9200 0.590114
9210 0.587274
9220 0.581492
9230 0.572839
9240 0.561426
9250 0.547407
9260 0.530972
9270 0.512346
9280 0.49178
9290 0.469547
9300 0.445936
9310 0.421248
9320 0.395785
9330 0.369846
9340 0.343721
9350 0.317687
9360 0.292002
9370 0.266899
9380 0.242587
9390 0.219244
9400 0.197022
9410 0.176037
9420 0.156381
9430 0.138113
9440 0.121264
9450 0.105844
9460 0.091835
9470 0.0792035
9480 0.0678973
9490 0.0578512
9500 0.0489895
9510 0.041229
9520 0.0344818
9530 0.0286578
9540 0.0236667
9550 0.0194201
9560 0.0158329
9570 0.0128245
9580 0.0103197
9590 0.0082493
9600 0.00655031
9610 0.00516625
9620 0.00404698
9630 0.00314848
9640 0.00243253
9650 0.00186626
9660 0.00142172
9670 0.00107536
9680 0.000807533
9690 0.000602007
9700 0.000445497
9710 0.000327233
9720 0.000238563
9730 0.000172603
9740 0.000123924
9750 8.82857e-05
9760 6.24039e-05
9770 4.37604e-05
9780 3.04409e-05
9790 2.1004e-05
9800 1.43737e-05
9810 9.75467e-06
9820 6.56434e-06
9830 4.37982e-06
9840 2.89707e-06
9850 1.89955e-06
9860 1.23446e-06
9870 7.95035e-07
9880 5.07368e-07
9890 3.20797e-07
9900 2.00931e-07
9910 1.24656e-07
9920 7.65884e-08
9930 4.65943e-08
9940 2.80641e-08
9950 1.6732e-08
9960 9.87292e-09
9970 5.7646e-09
9980 3.32996e-09
9990 1.90268e-09
10000 8.22483e-10
10010 -9.26456e-11
10020 -9.96539e-10
10030 -2.03671e-09
10040 -3.37462e-09
10050 -5.20695e-09
10060 -7.78979e-09
10070 -1.14684e-08
10080 -1.67151e-08
10090 -2.41792e-08
10100 -3.47517e-08
10110 -4.96513e-08
10120 -7.05362e-08
10130 -9.96515e-08
10140 -1.40019e-07
10150 -1.95685e-07
10160 -2.72034e-07
10170 -3.76192e-07
10180 -5.1754e-07
10190 -7.08354e-07
10200 -9.64612e-07
10210 -1.307e-06
10220 -1.76213e-06
10230 -2.36411e-06
10240 -3.15632e-06
10250 -4.19373e-06
10260 -5.54559e-06
10270 -7.29863e-06
10280 -9.56096e-06
10290 -1.24666e-05
10300 -1.61807e-05
10310 -2.09058e-05
10320 -2.68892e-05
10330 -3.44306e-05
10340 -4.38921e-05
10350 -5.5708e-05
10360 -7.03973e-05
10370 -8.8576e-05
10380 -0.000110972
10390 -0.000138441
10400 -0.000171983
10410 -0.000212758
10420 -0.00026211
10430 -0.000321583
10440 -0.000392939
10450 -0.000478185
10460 -0.000579586
10470 -0.000699687
10480 -0.000841329
10490 -0.00100767
10500 -0.00120218
10510 -0.00142868
10520 -0.00169132
10530 -0.00199458
10540 -0.00234329
10550 -0.00274258
10560 -0.00319788
10570 -0.0037149
10580 -0.00429954
10590 -0.00495792
10600 -0.00569624
10610 -0.00652078
10620 -0.00743776
10630 -0.0084533
10640 -0.0095733
10650 -0.0108033
10660 -0.0121485
10670 -0.0136135
10680 -0.015202
10690 -0.0169173
10700 -0.0187614
10710 -0.0207355
10720 -0.0228395
10730 -0.025072
10740 -0.0274303
10750 -0.0299101
10760 -0.0325059
10770 -0.0352102
10780 -0.0380142
10790 -0.0409073
10800 -0.0438775
10810 -0.0469111
10820 -0.0499932
10830 -0.0531071
10840 -0.0562354
10850 -0.0593593
10860 -0.0624592
10870 -0.0655148
10880 -0.0685054
10890 -0.0714099
10900 -0.0742076
10910 -0.0768776
10920 -0.0793998
10930 -0.0817549
10940 -0.0839246
10950 -0.0858917
10960 -0.0876408
10970 -0.0891581
10980 -0.0904315
10990 -0.0914513
11000 -0.0922096
11010 -0.0927011
11020 -0.0929227
11030 -0.0928735
11040 -0.0925552
11050 -0.0919717
11060 -0.0911292
11070 -0.090036
11080 -0.0887023
11090 -0.0871403
11100 -0.0853639
11110 -0.0833882
11120 -0.08123
11130 -0.0789066
11140 -0.0764366
11150 -0.0738388
11160 -0.0711325
11170 -0.0683371
11180 -0.0654719
11190 -0.0625557
11200 -0.0596072
11210 -0.056644
11220 -0.053683
11230 -0.0507402
11240 -0.0478304
11250 -0.0449674
11260 -0.0421635
11270 -0.0394298
11280 -0.0367763
11290 -0.0342112
11300 -0.0317418
11310 -0.0293738
11320 -0.0271119
11330 -0.0249594
11340 -0.0229186
11350 -0.0209905
11360 -0.0191754
11370 -0.0174725
11380 -0.0158804
11390 -0.0143967
11400 -0.0130187
11410 -0.011743
11420 -0.0105657
11430 -0.0094826
11440 -0.00848935
11450 -0.00758126
11460 -0.00675354
11470 -0.00600134
11480 -0.0053198
11490 -0.00470409
11500 -0.00414948
11510 -0.00365133
11520 -0.00320519
11530 -0.00280674
11540 -0.00245189
11550 -0.00213676
11560 -0.00185765
11570 -0.00161115
11580 -0.00139402
11590 -0.00120328
11600 -0.00103619
11610 -0.000890183
11620 -0.000762952
11630 -0.00065237
11640 -0.000556509
11650 -0.000473626
11660 -0.000402148
11670 -0.000340665
11680 -0.000287914
11690 -0.00024277
11700 -0.000204233
11710 -0.000171419
11720 -0.000143548
11730 -0.000119934
11740 -9.99768e-05
11750 -8.31513e-05
11760 -6.9001e-05
11770 -5.71295e-05
11780 -4.7194e-05
11790 -3.88989e-05
11800 -3.199e-05
11810 -2.62495e-05
11820 -2.14912e-05
11830 -1.75563e-05
11840 -1.43102e-05
11850 -1.16384e-05
11860 -9.44468e-06
11870 -7.64759e-06
11880 -6.17887e-06
11890 -4.98131e-06
11900 -4.0071e-06
11910 -3.21641e-06
11920 -2.57614e-06
11930 -2.05886e-06
11940 -1.6419e-06
11950 -1.30656e-06
11960 -1.03748e-06
11970 -8.22051e-07
11980 -6.49963e-07
11990 -5.12804e-07
12000 -4.0373e-07
12010 -3.17181e-07
12020 -2.48659e-07
12030 -1.94529e-07
12040 -1.51862e-07
12050 -1.18304e-07
12060 -9.19685e-08
12070 -7.13461e-08
12080 -5.52325e-08
12090 -4.26692e-08
12100 -3.28951e-08
12110 -2.53074e-08
12120 -1.94297e-08
12130 -1.48864e-08
12140 -1.1382e-08
12150 -8.6847e-09
12160 -6.61303e-09
12170 -5.02526e-09
12180 -3.81091e-09
12190 -2.88415e-09
12200 -2.17832e-09
12210 -1.64191e-09
12220 -1.23507e-09
12230 -9.27193e-10
12240 -6.94658e-10
12250 -5.19418e-10
12260 -3.876e-10
12270 -2.88649e-10
12280 -2.1453e-10
12290 -1.5914e-10
12300 -1.17831e-10
12310 -8.70553e-11
12320 -6.42139e-11
12330 -4.72591e-11
12340 -3.47243e-11
12350 -2.547e-11
12360 -1.86362e-11
12370 -1.3622e-11
12380 -9.91703e-12
12390 -7.22324e-12
12400 -5.24486e-12
12410 -3.81286e-12
12420 -2.76163e-12
12430 -1.99162e-12
12440 -1.45742e-12
12450 -1.06057e-12
12460 -7.62691e-13
12470 -5.49905e-13
12480 -4.01865e-13
12490 -2.9209e-13
12500 -2.27293e-13
12510 -1.61343e-13
12520 -1.25542e-13
12530 -9.95231e-14
12540 -7.73145e-14
12550 -4.7628e-14
12560 -6.04828e-14
12570 -4.85725e-14
12580 -6.78007e-14
12590 -6.68351e-14
12600 -5.35975e-14
12610 -4.18686e-14
12620 -2.25387e-14
12630 5.10767e-15
12640 -1.97117e-15
12650 -1.80802e-15
12660 1.49791e-15
12670 1.40195e-14
12680 -3.02995e-16
12690 1.22253e-14
12700 -8.92791e-15
12710 -4.61735e-15
12720 -2.00054e-14
12730 -2.0544e-14
12740 -6.56779e-15
12750 -1.87685e-14
12760 -1.33467e-14
12770 -1.33474e-14
12780 -3.45676e-15
12790 -8.14421e-15
12800 -2.55765e-15
12810 1.36052e-14
12820 3.27895e-14
12830 4.17792e-14
12840 2.97415e-14
12850 2.33507e-14
12860 1.32334e-14
12870 1.82725e-14
12880 1.04821e-14
12890 8.01116e-15
12900 1.1682e-14
12910 2.77342e-14
12920 3.88129e-14
12930 2.83012e-14
12940 2.39858e-14
12950 3.51345e-14
12960 3.12081e-14
12970 3.24446e-14
12980 1.84595e-14
12990 3.14134e-14
13000 1.79212e-14
13010 2.18553e-14
13020 8.57062e-15
13030 -3.35992e-15
13040 8.94055e-15
13050 8.27547e-15
13060 -4.70318e-15
13070 9.46646e-15
13080 -2.46782e-15
13090 -1.26327e-15
13100 1.65169e-14
13110 1.58233e-14
13120 2.47994e-14
13130 3.83871e-14
13140 1.24337e-14
13150 5.94042e-15
13160 -1.88065e-15
13170 8.38911e-15
13180 -1.05235e-14
13190 -1.10834e-15
13200 -1.08911e-14
13210 -1.2971e-16
13220 2.81371e-15
13230 -7.68795e-15
13240 -2.4739e-14
13250 -2.58984e-14
13260 -2.10467e-14
13270 -2.60257e-14
13280 -1.41786e-14
13290 -1.99868e-14
13300 -2.9236e-14
13310 -3.26273e-14
13320 -1.46161e-14
13330 -2.3348e-14
13340 -4.85142e-14
13350 -6.56808e-14
13360 -5.99532e-14
13370 -2.77702e-14
13380 -6.27938e-14
13390 -8.16105e-14
13400 -6.8482e-14
13410 -4.10275e-14
13420 -6.60273e-14
13430 -6.58569e-14
13440 -7.0964e-14
13450 -7.18928e-14
13460 -9.32301e-14
13470 -7.62403e-14
13480 -7.7631e-14
13490 -7.44666e-14
13500 -6.02407e-14
13510 -8.18008e-14
13520 -5.26228e-14
13530 -5.23144e-14
13540 -5.34915e-14
13550 -7.47708e-14
13560 -7.43336e-14
13570 -7.56774e-14
13580 -9.02095e-14
13590 -8.06207e-14
13600 -8.38448e-14
13610 -8.08659e-14
13620 -6.67017e-14
13630 -7.03091e-14
13640 -7.08225e-14
13650 -5.1507e-14
13660 -5.44956e-14
13670 -4.78475e-14
13680 -6.57051e-14
13690 -6.64656e-14
13700 -8.08639e-14
13710 -5.61503e-14
13720 -8.38595e-14
13730 -9.10511e-14
13740 -9.94133e-14
13750 -9.61839e-14
13760 -1.03515e-13
13770 -1.31862e-13
13780 -1.37035e-13
13790 -1.1879e-13
13800 -1.37227e-13
13810 -1.30369e-13
13820 -1.37791e-13
13830 -1.30408e-13
13840 -1.32105e-13
13850 -1.34974e-13
13860 -1.38417e-13
13870 -1.3918e-13
13880 -1.44303e-13
13890 -1.58104e-13
13900 -1.75032e-13
13910 -1.75066e-13
13920 -1.82705e-13
13930 -1.84309e-13
13940 -1.74726e-13
13950 -1.737e-13
13960 -1.88875e-13
13970 -1.84808e-13
13980 -1.92963e-13
13990 -1.68337e-13
14000 -1.52583e-13
14010 -1.64059e-13
14020 -1.8107e-13
14030 -1.78103e-13
14040 -1.64251e-13
14050 -1.86181e-13
14060 -1.87514e-13
14070 -1.72752e-13
14080 -1.65121e-13
14090 -1.56542e-13
14100 -1.7149e-13
14110 -1.95062e-13
14120 -1.72561e-13
14130 -1.74835e-13
14140 -1.85164e-13
14150 -1.9981e-13
14160 -1.86962e-13
14170 -1.90908e-13
14180 -1.76718e-13
14190 -1.89991e-13
14200 -1.9704e-13
14210 -1.98701e-13
14220 -1.87902e-13
14230 -1.83832e-13
14240 -1.70912e-13
14250 -1.98385e-13
14260 -1.67224e-13
14270 -1.83396e-13
14280 -1.62115e-13
14290 -1.78847e-13
14300 -1.5839e-13
14310 -1.51381e-13
14320 -1.55948e-13
14330 -1.44394e-13
14340 -1.46337e-13
14350 -1.36655e-13
14360 -1.42097e-13
14370 -1.18983e-13
14380 -1.20159e-13
14390 -1.12809e-13
14400 -1.2449e-13
14410 -1.15428e-13
14420 -1.2687e-13
14430 -1.24776e-13
14440 -1.26143e-13
14450 -1.25695e-13
14460 -1.10263e-13
14470 -1.09091e-13
14480 -1.14776e-13
14490 -1.17242e-13
14500 -1.13574e-13
14510 -1.19702e-13
14520 -1.39207e-13
14530 -1.45336e-13
14540 -1.47611e-13
14550 -1.54862e-13
14560 -1.61681e-13
14570 -1.76545e-13
14580 -1.49423e-13
14590 -1.54846e-13
14600 -1.44677e-13
14610 -1.69897e-13
14620 -1.67292e-13
14630 -1.89844e-13
14640 -1.76158e-13
14650 -1.82952e-13
14660 -1.69784e-13
14670 -1.71534e-13
14680 -1.8442e-13
14690 -1.89919e-13
14700 -1.92478e-13
14710 -1.86531e-13
14720 -1.65504e-13
14730 -1.92729e-13
14740 -2.13825e-13
14750 -2.24183e-13
14760 -2.20353e-13
14770 -2.31208e-13
14780 -2.26879e-13
14790 -2.37341e-13
14800 -2.1879e-13
14810 -2.1817e-13
14820 -2.09517e-13
14830 -2.10571e-13
14840 -2.32155e-13
14850 -2.36115e-13
14860 -2.27917e-13
14870 -2.05649e-13
14880 -1.8867e-13
14890 -2.01275e-13
14900 -2.04392e-13
14910 -2.11623e-13
14920 -2.11883e-13
14930 -1.91215e-13
14940 -1.94414e-13
14950 -1.85627e-13
14960 -1.77805e-13
14970 -1.56468e-13
14980 -1.54329e-13
14990 -1.54723e-13
15000 -1.72052e-13
15010 -1.79204e-13
15020 -1.64461e-13
15030 -1.57045e-13
15040 -1.68459e-13
15050 -1.70431e-13
15060 -1.88978e-13
15070 -1.87041e-13
15080 -1.88443e-13
15090 -2.01492e-13
15100 -2.0788e-13
15110 -2.2081e-13
15120 -2.13611e-13
15130 -2.21167e-13
15140 -2.65046e-13
15150 -2.65243e-13
15160 -2.47077e-13
15170 -2.23944e-13
15180 -2.17729e-13
15190 -2.44918e-13
15200 -2.55096e-13
15210 -2.49553e-13
15220 -2.69615e-13
15230 -2.48212e-13
15240 -2.40581e-13
15250 -2.40361e-13
15260 -2.56726e-13
15270 -2.75525e-13
15280 -2.712e-13
15290 -2.77313e-13
15300 -2.9243e-13
15310 -2.81842e-13
15320 -2.82679e-13
15330 -2.48229e-13
15340 -2.53341e-13
15350 -2.85277e-13
15360 -2.92838e-13
15370 -2.84464e-13
15380 -2.77904e-13
15390 -2.61366e-13
15400 -2.45603e-13
15410 -2.29873e-13
15420 -2.34917e-13
15430 -2.45084e-13
15440 -2.49223e-13
15450 -2.44016e-13
15460 -2.37305e-13
15470 -2.31049e-13
15480 -2.19296e-13
15490 -2.26849e-13
15500 -2.08634e-13
15510 -2.12163e-13
15520 -2.1743e-13
15530 -2.44949e-13
15540 -2.33948e-13
15550 -2.55949e-13
15560 -2.581e-13
15570 -2.38585e-13
15580 -2.46082e-13
15590 -2.4647e-13
15600 -2.42751e-13
15610 -2.46883e-13
15620 -2.58527e-13
15630 -2.54965e-13
15640 -2.52748e-13
15650 -2.65148e-13
15660 -2.60004e-13
15670 -2.7744e-13
15680 -2.73818e-13
15690 -2.68543e-13
15700 -2.66577e-13
15710 -2.9267e-13
15720 -2.65673e-13
15730 -2.67631e-13
15740 -2.63609e-13
15750 -2.73747e-13
15760 -2.60403e-13
15770 -2.52018e-13
15780 -2.7455e-13
15790 -2.80398e-13
15800 -2.8931e-13
15810 -2.78653e-13
15820 -2.82559e-13
15830 -2.874e-13
15840 -2.8608e-13
15850 -2.87312e-13
15860 -2.64927e-13
15870 -2.37273e-13
15880 -2.35632e-13
15890 -2.57216e-13
15900 -2.65516e-13
15910 -2.6312e-13
15920 -2.44689e-13
15930 -2.42594e-13
15940 -2.21424e-13
15950 -2.28866e-13
15960 -1.98553e-13
15970 -2.11372e-13
15980 -2.16758e-13
15990 -2.32037e-13
16000 -2.32251e-13
16010 -2.19763e-13
16020 -2.18406e-13
16030 -2.16678e-13
16040 -2.24578e-13
16050 -2.35693e-13
16060 -2.41402e-13
16070 -2.25009e-13
16080 -2.2564e-13
16090 -2.12739e-13
16100 -2.06692e-13
16110 -2.24563e-13
16120 -2.19304e-13
16130 -1.99886e-13
16140 -1.92347e-13
16150 -2.01375e-13
16160 -1.96727e-13
16170 -2.02375e-13
16180 -2.18856e-13
16190 -2.17195e-13
16200 -2.22055e-13
16210 -1.95841e-13
16220 -1.94141e-13
16230 -2.21311e-13
16240 -2.34184e-13
16250 -2.3708e-13
16260 -2.35208e-13
16270 -2.22451e-13
16280 -1.99607e-13
16290 -2.09012e-13
16300 -1.95292e-13
16310 -2.02415e-13
16320 -2.08139e-13
16330 -1.96757e-13
16340 -2.00703e-13
16350 -1.92808e-13
16360 -2.12848e-13
16370 -2.03307e-13
16380 -2.07475e-13
16390 -2.20786e-13
16400 -1.90394e-13
16410 -1.91492e-13
16420 -1.92869e-13
16430 -1.85486e-13
16440 -1.75988e-13
16450 -1.51652e-13
16460 -1.66047e-13
16470 -1.52803e-13
16480 -1.67454e-13
16490 -1.4484e-13
16500 -1.34398e-13
16510 -1.26123e-13
16520 -1.35873e-13
16530 -1.39264e-13
16540 -1.70114e-13
16550 -1.58429e-13
16560 -1.58804e-13
16570 -1.11071e-13
16580 -1.18137e-13
16590 -1.09723e-13
16600 -1.28448e-13
16610 -1.30604e-13
16620 -1.23609e-13
16630 -1.21927e-13
16640 -1.13457e-13
16650 -8.44653e-14
16660 -7.22272e-14
16670 -6.46226e-14
16680 -9.83417e-14
16690 -1.88585e-13
16700 -3.73555e-13
16710 -7.11563e-13
16720 -1.21486e-12
16730 -1.97134e-12
16740 -2.89682e-12
16750 -3.71883e-12
16760 -3.69948e-12
16770 -1.39779e-12
16780 5.90099e-12
16790 2.26442e-11
16800 5.56264e-11
16810 1.14237e-10
16820 2.09575e-10
16830 3.51477e-10
16840 5.40642e-10
16850 7.52009e-10
16860 9.02422e-10
16870 7.91389e-10
16880 -2.71014e-12
16890 -2.29759e-09
16900 -7.5945e-09
16910 -1.8538e-08
16920 -3.96354e-08
16930 -7.83624e-08
16940 -1.4683e-07
16950 -2.64259e-07
16960 -4.60599e-07
16970 -7.81743e-07
16980 -1.29695e-06
16990 -2.10929e-06
17000 -3.3701e-06
17010 -5.29887e-06
17020 -8.21025e-06
17030 -1.25503e-05
17040 -1.89446e-05
17050 -2.82619e-05
17060 -4.16967e-05
17070 -6.08759e-05
17080 -8.79957e-05
17090 -0.000125995
17100 -0.000178771
17110 -0.000251455
17120 -0.000350738
17130 -0.00048529
17140 -0.000666245
17150 -0.000907806
17160 -0.00122795
17170 -0.00164925
17180 -0.0021999
17190 -0.0029148
17200 -0.00383689
17210 -0.00501863
17220 -0.00652367
17230 -0.00842875
17240 -0.0108257
17250 -0.0138238
17260 -0.017552
17270 -0.0221617
17280 -0.0278296
17290 -0.0347601
17300 -0.0431883
17310 -0.0533832
17320 -0.0656499
17330 -0.0803324
17340 -0.0978162
17350 -0.11853
17360 -0.142946
17370 -0.171584
17380 -0.205009
17390 -0.243829
17400 -0.288698
17410 -0.34031
17420 -0.399395
17430 -0.466717
17440 -0.543063
17450 -0.629239
17460 -0.72606
17470 -0.834339
17480 -0.954873
17490 -1.08844
17500 -1.23576
17510 -1.39751
17520 -1.57431
17530 -1.76665
17540 -1.97496
17550 -2.19953
17560 -2.4405
17570 -2.69789
17580 -2.97152
17590 -3.26107
17600 -3.566
17610 -3.88559
17620 -4.21892
17630 -4.56487
17640 -4.92211
17650 -5.2891
17660 -5.66415
17670 -6.04533
17680 -6.43061
17690 -6.81775
17700 -7.20443
17710 -7.58819
17720 -7.96651
17730 -8.33682
17740 -8.69652
17750 -9.04302
17760 -9.37379
17770 -9.68634
17780 -9.97832
17790 -10.2475
17800 -10.4918
17810 -10.7093
17820 -10.8985
17830 -11.0577
17840 -11.186
17850 -11.2824
17860 -11.3462
17870 -11.3771
17880 -11.375
17890 -11.3403
17900 -11.2733
17910 -11.1748
17920 -11.0459
17930 -10.8878
17940 -10.702
17950 -10.4902
17960 -10.2542
17970 -9.99604
17980 -9.71776
17990 -9.4216
18000 -9.10982
18010 -8.78472
18020 -8.44861
18030 -8.10379
18040 -7.75253
18050 -7.39701
18060 -7.03935
18070 -6.68158
18080 -6.32558
18090 -5.97315
18100 -5.62591
18110 -5.28536
18120 -4.95284
18130 -4.62953
18140 -4.31646
18150 -4.01451
18160 -3.7244
18170 -3.4467
18180 -3.18185
18190 -2.93015
18200 -2.69177
18210 -2.46678
18220 -2.25512
18230 -2.05667
18240 -1.87117
18250 -1.69835
18260 -1.53782
18270 -1.38918
18280 -1.25194
18290 -1.12561
18300 -1.00967
18310 -0.903559
18320 -0.806728
18330 -0.718612
18340 -0.638649
18350 -0.566284
18360 -0.500974
18370 -0.44219
18380 -0.389421
18390 -0.342176
18400 -0.299989
18410 -0.262414
18420 -0.229035
18430 -0.199458
18440 -0.173316
18450 -0.150269
18460 -0.130001
18470 -0.11222
18480 -0.0966609
18490 -0.0830781
18500 -0.0712494
18510 -0.0609733
18520 -0.0520672
18530 -0.0443669
18540 -0.0377248
18550 -0.0320089
18560 -0.0271015
18570 -0.0228981
18580 -0.0193059
18590 -0.0162431
18600 -0.0136377
18610 -0.0114264
18620 -0.00955371
18630 -0.00797145
18640 -0.00663752
18650 -0.00551545
18660 -0.00457368
18670 -0.00378497
18680 -0.00312589
18690 -0.00257634
18700 -0.00211911
18710 -0.00173952
18720 -0.00142504
18730 -0.00116508
18740 -0.000950641
18750 -0.000774125
18760 -0.000629132
18770 -0.000510284
18780 -0.00041307
18790 -0.000333718
18800 -0.000269081
18810 -0.000216538
18820 -0.000173916
18830 -0.000139411
18840 -0.000111535
18850 -8.90607e-05
18860 -7.09777e-05
18870 -5.64574e-05
18880 -4.48215e-05
18890 -3.55157e-05
18900 -2.80883e-05
18910 -2.21719e-05
18920 -1.74685e-05
18930 -1.37368e-05
18940 -1.0782e-05
18950 -8.44675e-06
18960 -6.6049e-06
18970 -5.15501e-06
18980 -4.01588e-06
18990 -3.12264e-06
19000 -2.42358e-06
19010 -1.87753e-06
19020 -1.45182e-06
19030 -1.12057e-06
19040 -8.63305e-07
19050 -6.63886e-07
19060 -5.09598e-07
19070 -3.90453e-07
19080 -2.9862e-07
19090 -2.27971e-07
19100 -1.73722e-07
19110 -1.32143e-07
19120 -1.00334e-07
19130 -7.60454e-08
19140 -5.75331e-08
19150 -4.34495e-08
19160 -3.2755e-08
19170 -2.46488e-08
19180 -1.85158e-08
19190 -1.38841e-08
19200 -1.03926e-08
19210 -7.76547e-09
19220 -5.79224e-09
19230 -4.31282e-09
19240 -3.20567e-09
19250 -2.37856e-09
19260 -1.7618e-09
19270 -1.3027e-09
19280 -9.61577e-10
19290 -7.08565e-10
19300 -5.21219e-10
19310 -3.8277e-10
19320 -2.80616e-10
19330 -2.05378e-10
19340 -1.50069e-10
19350 -1.09482e-10
19360 -7.97442e-11
19370 -5.79869e-11
19380 -4.21142e-11
19390 -3.05561e-11
19400 -2.21245e-11
19410 -1.60138e-11
19420 -1.15857e-11
19430 -8.39918e-12
19440 -6.0712e-12
19450 -4.38764e-12
19460 -3.18094e-12
19470 -2.3062e-12
19480 -1.697e-12
19490 -1.22929e-12
19500 -9.26359e-13
19510 -7.03151e-13
19520 -5.38914e-13
19530 -4.21786e-13
19540 -3.45535e-13
19550 -2.8756e-13
19560 -2.29154e-13
19570 -2.17505e-13
19580 -1.80789e-13
19590 -1.88413e-13
19600 -1.82192e-13
19610 -1.69799e-13
19620 -1.73472e-13
19630 -1.62971e-13
19640 -1.6334e-13
19650 -1.42957e-13
19660 -1.50531e-13
19670 -1.40175e-13
19680 -1.46785e-13
19690 -1.51583e-13
19700 -1.61762e-13
19710 -1.61102e-13
19720 -1.6823e-13
19730 -1.65078e-13
19740 -1.66064e-13
19750 -1.63816e-13
19760 -1.56704e-13
19770 -1.64524e-13
19780 -1.69177e-13
19790 -1.75481e-13
19800 -1.85638e-13
19810 -1.86674e-13
19820 -1.98772e-13
19830 -2.01537e-13
19840 -1.91628e-13
19850 -1.94435e-13
19860 -1.97771e-13
19870 -1.98295e-13
19880 -1.95175e-13
19890 -1.87918e-13
19900 -1.92186e-13
19910 -1.93041e-13
19920 -1.84616e-13
19930 -1.89903e-13
19940 -1.90342e-13
19950 -1.91993e-13
19960 -2.03536e-13
19970 -1.95296e-13
19980 -2.12201e-13
19990 -2.00516e-13
20000 -1.77506e-13
20010 -1.85329e-13
20020 -1.8035e-13
20030 -1.76113e-13
20040 -1.79106e-13
20050 -1.73171e-13
20060 -1.91099e-13
20070 -1.84646e-13
20080 -1.82687e-13
20090 -1.79524e-13
20100 -1.90297e-13
20110 -2.06548e-13
20120 -2.01471e-13
20130 -1.88693e-13
20140 -1.86947e-13
20150 -2.03097e-13
20160 -2.0145e-13
20170 -2.06205e-13
20180 -1.93518e-13
20190 -1.93774e-13
20200 -2.03276e-13
20210 -2.04971e-13
20220 -2.09478e-13
20230 -2.127e-13
20240 -2.344e-13
20250 -2.26481e-13
20260 -2.24612e-13
20270 -2.11385e-13
20280 -2.08019e-13
20290 -2.19853e-13
20300 -2.20651e-13
20310 -2.15113e-13
20320 -2.04516e-13
20330 -2.08708e-13
20340 -2.09646e-13
20350 -2.00282e-13
20360 -1.97439e-13
20370 -1.97872e-13
20380 -2.00627e-13
20390 -1.91239e-13
20400 -1.90337e-13
20410 -1.78251e-13
20420 -1.8974e-13
20430 -1.93237e-13
20440 -2.00575e-13
20450 -2.12174e-13
20460 -2.20584e-13
20470 -2.36281e-13
20480 -2.29852e-13
20490 -2.225e-13
20500 -2.47115e-13
20510 -2.46266e-13
20520 -2.46778e-13
20530 -2.49422e-13
20540 -2.51249e-13
20550 -2.52013e-13
20560 -2.45645e-13
20570 -2.47463e-13
20580 -2.53125e-13
20590 -2.46351e-13
20600 -2.40818e-13
20610 -2.36623e-13
20620 -2.22893e-13
20630 -2.33765e-13
20640 -2.22912e-13
20650 -2.30986e-13
20660 -2.43808e-13
20670 -2.43265e-13
20680 -2.44593e-13
20690 -2.43585e-13
20700 -2.32541e-13
20710 -2.34637e-13
20720 -2.47314e-13
20730 -2.47116e-13
20740 -2.4334e-13
20750 -2.41576e-13
20760 -2.37529e-13
20770 -2.4833e-13
20780 -2.33374e-13
20790 -2.46777e-13
20800 -2.26854e-13
20810 -2.37897e-13
20820 -2.43179e-13
20830 -2.42921e-13
20840 -2.44038e-13
20850 -2.53502e-13
20860 -2.68657e-13
20870 -2.54378e-13
20880 -2.56007e-13
20890 -2.55046e-13
20900 -2.51925e-13
20910 -2.45438e-13
20920 -2.47627e-13
20930 -2.46538e-13
20940 -2.61187e-13
20950 -2.56101e-13
20960 -2.57476e-13
20970 -2.68239e-13
20980 -2.70855e-13
20990 -2.7125e-13
21000 -2.60504e-13
21010 -2.54023e-13
21020 -2.67679e-13
21030 -2.65173e-13
21040 -2.52457e-13
21050 -2.51349e-13
21060 -2.45442e-13
21070 -2.45352e-13
21080 -2.45468e-13
21090 -2.49225e-13
21100 -2.41367e-13
21110 -2.59383e-13
21120 -2.58558e-13
21130 -2.66441e-13
21140 -2.60055e-13
21150 -2.63998e-13
21160 -2.70105e-13
21170 -2.67584e-13
21180 -2.54304e-13
21190 -2.50585e-13
21200 -2.45766e-13
21210 -2.44726e-13
21220 -2.37187e-13
21230 -2.2363e-13
21240 -2.25173e-13
21250 -2.23796e-13
21260 -2.34769e-13
21270 -2.24019e-13
21280 -2.07608e-13
21290 -2.00966e-13
21300 -1.93369e-13
21310 -1.88459e-13
21320 -1.92514e-13
21330 -1.86894e-13
21340 -1.95277e-13
21350 -2.03207e-13
21360 -2.08356e-13
21370 -1.96177e-13
21380 -1.88475e-13
21390 -1.88947e-13
21400 -2.03509e-13
21410 -2.0374e-13
21420 -1.99656e-13
21430 -1.87652e-13
21440 -1.88965e-13
21450 -1.84153e-13
21460 -1.65255e-13
21470 -1.63897e-13
21480 -1.6311e-13
21490 -1.75916e-13
21500 -1.59971e-13
21510 -1.59915e-13
21520 -1.37462e-13
21530 -1.3212e-13
21540 -1.53448e-13
21550 -1.42812e-13
21560 -1.44788e-13
21570 -1.50677e-13
21580 -1.26834e-13
21590 -1.35844e-13
21600 -1.39638e-13
21610 -1.37212e-13
21620 -1.35717e-13
21630 -1.45209e-13
21640 -1.33625e-13
21650 -1.4018e-13
21660 -1.58539e-13
21670 -1.58551e-13
21680 -1.58563e-13
21690 -1.50478e-13
21700 -1.42131e-13
21710 -1.47095e-13
21720 -1.40881e-13
21730 -1.42416e-13
21740 -1.44291e-13
21750 -1.39282e-13
21760 -1.46548e-13
21770 -1.56095e-13
21780 -1.4903e-13
21790 -1.44817e-13
21800 -1.32428e-13
21810 -1.39059e-13
21820 -1.38623e-13
21830 -1.50061e-13
21840 -1.41355e-13
21850 -1.37566e-13
21860 -1.48923e-13
21870 -1.56973e-13
21880 -1.49333e-13
21890 -1.61534e-13
21900 -1.68004e-13
21910 -1.67627e-13
21920 -1.6545e-13
21930 -1.6826e-13
21940 -1.68416e-13
21950 -1.63973e-13
21960 -1.76746e-13
21970 -1.71643e-13
21980 -1.69237e-13
21990 -1.66723e-13
22000 -1.65432e-13
22010 -1.66856e-13
22020 -1.62556e-13
22030 -1.55662e-13
22040 -1.64858e-13
22050 -1.58543e-13
22060 -1.562e-13
22070 -1.57854e-13
22080 -1.58221e-13
22090 -1.5533e-13
22100 -1.46839e-13
22110 -1.6523e-13
22120 -1.62014e-13
22130 -1.74546e-13
22140 -1.82341e-13
22150 -1.89648e-13
22160 -1.8267e-13
22170 -2.07974e-13
22180 -1.91932e-13
22190 -1.96782e-13
22200 -2.11348e-13
22210 -1.99733e-13
22220 -1.97088e-13
22230 -2.02395e-13
22240 -2.03941e-13
22250 -1.9214e-13
22260 -2.1511e-13
22270 -2.11361e-13
22280 -2.0805e-13
22290 -2.06999e-13
22300 -1.95289e-13
22310 -1.95705e-13
22320 -1.93548e-13
22330 -1.87016e-13
22340 -1.94156e-13
22350 -2.06341e-13
22360 -2.10042e-13
22370 -2.06868e-13
22380 -2.14235e-13
22390 -2.27529e-13
22400 -2.20855e-13
22410 -2.13834e-13
22420 -2.19489e-13
22430 -2.19609e-13
22440 -2.30211e-13
22450 -2.27889e-13
22460 -2.19375e-13
22470 -2.28142e-13
22480 -2.33334e-13
22490 -2.33438e-13
22500 -2.3563e-13
22510 -2.21731e-13
22520 -2.16237e-13
22530 -2.11994e-13
22540 -2.06371e-13
22550 -2.20612e-13
22560 -2.226e-13
22570 -2.32003e-13
22580 -2.41288e-13
22590 -2.21192e-13
22600 -2.31195e-13
22610 -2.3446e-13
22620 -2.42633e-13
22630 -2.42289e-13
22640 -2.52136e-13
22650 -2.61228e-13
22660 -2.61147e-13
22670 -2.57644e-13
22680 -2.51691e-13
22690 -2.51034e-13
22700 -2.66352e-13
22710 -2.59258e-13
22720 -2.69012e-13
22730 -2.68389e-13
22740 -2.66694e-13
22750 -2.79492e-13
22760 -2.66553e-13
22770 -2.59917e-13
22780 -2.71554e-13
22790 -2.61644e-13
22800 -2.63588e-13
22810 -2.5356e-13
22820 -2.60739e-13
22830 -2.72724e-13
22840 -2.63452e-13
22850 -2.58982e-13
22860 -2.4572e-13
22870 -2.47333e-13
22880 -2.52047e-13
22890 -2.46471e-13
22900 -2.37869e-13
22910 -2.37766e-13
22920 -2.43582e-13
22930 -2.39689e-13
22940 -2.30464e-13
22950 -2.29729e-13
22960 -2.25392e-13
22970 -2.33356e-13
22980 -2.50254e-13
22990 -2.36648e-13
23000 -2.37607e-13
23010 -2.44938e-13
23020 -2.40479e-13
23030 -2.39807e-13
23040 -2.33092e-13
23050 -2.4064e-13
23060 -2.37985e-13
23070 -2.56491e-13
23080 -2.5789e-13
23090 -2.46359e-13
23100 -2.51162e-13
23110 -2.53795e-13
23120 -2.58894e-13
23130 -2.4841e-13
23140 -2.52576e-13
23150 -2.50469e-13
23160 -2.39713e-13
23170 -2.38166e-13
23180 -2.36282e-13
23190 -2.30358e-13
23200 -2.40715e-13
23210 -2.33685e-13
23220 -2.44693e-13
23230 -2.43416e-13
23240 -2.49414e-13
23250 -2.57373e-13
23260 -2.50577e-13
23270 -2.60258e-13
23280 -2.54387e-13
23290 -2.58883e-13
23300 -2.62926e-13
23310 -2.6924e-13
23320 -2.72803e-13
23330 -2.6523e-13
23340 -2.58514e-13
23350 -2.57311e-13
23360 -2.66534e-13
23370 -2.61586e-13
23380 -2.68219e-13
23390 -2.74683e-13
23400 -2.66297e-13
23410 -2.6208e-13
23420 -2.65851e-13
23430 -2.60701e-13
23440 -2.73121e-13
23450 -2.75952e-13
23460 -2.65491e-13
23470 -2.6074e-13
23480 -2.64658e-13
23490 -2.73785e-13
23500 -2.70351e-13
23510 -2.71421e-13
23520 -2.75624e-13
23530 -2.57448e-13
23540 -2.52057e-13
23550 -2.42429e-13
23560 -2.41848e-13
23570 -2.31714e-13
23580 -2.33667e-13
23590 -2.42968e-13
23600 -2.35343e-13
23610 -2.28355e-13
23620 -2.23109e-13
23630 -2.16652e-13
23640 -2.22005e-13
23650 -2.31561e-13
23660 -2.21404e-13
23670 -2.12869e-13
23680 -2.21039e-13
23690 -2.17999e-13
23700 -2.28887e-13
23710 -2.189e-13
23720 -2.3336e-13
23730 -2.11204e-13
23740 -2.14631e-13
23750 -2.04369e-13
23760 -1.97502e-13
23770 -2.00343e-13
23780 -2.0332e-13
23790 -2.02855e-13
23800 -1.98331e-13
23810 -1.98799e-13
23820 -1.90239e-13
23830 -2.01581e-13
23840 -2.09423e-13
23850 -2.08991e-13
23860 -2.17817e-13
23870 -2.19034e-13
23880 -2.15426e-13
23890 -2.00573e-13
23900 -1.98954e-13
23910 -1.95749e-13
23920 -2.00991e-13
23930 -1.97781e-13
23940 -1.84795e-13
23950 -1.96198e-13
23960 -1.98613e-13
23970 -1.88634e-13
23980 -1.87007e-13
23990 -1.74212e-13
24000 -1.80366e-13
24010 -1.8486e-13
24020 -1.83922e-13
24030 -1.84147e-13
24040 -1.72438e-13
24050 -1.87316e-13
24060 -1.87719e-13
24070 -1.82692e-13
24080 -1.73512e-13
24090 -1.73396e-13
24100 -1.7063e-13
24110 -1.8513e-13
24120 -1.69242e-13
24130 -1.72969e-13
24140 -1.75623e-13
24150 -1.80788e-13
24160 -1.77266e-13
24170 -1.84492e-13
24180 -1.67961e-13
24190 -1.6816e-13
24200 -1.77721e-13
24210 -1.96785e-13
24220 -1.76452e-13
24230 -1.75596e-13
24240 -1.63429e-13
24250 -1.63882e-13
24260 -1.50689e-13
24270 -1.57805e-13
24280 -1.56698e-13
24290 -1.65741e-13
24300 -1.64057e-13
24310 -1.78214e-13
24320 -1.57263e-13
24330 -1.52387e-13
24340 -1.58243e-13
24350 -1.71455e-13
24360 -1.67565e-13
24370 -1.76541e-13
24380 -1.76582e-13
24390 -1.74588e-13
24400 -1.56807e-13
24410 -1.65582e-13
24420 -1.48626e-13
24430 -1.4302e-13
24440 -1.35286e-13
24450 -1.40009e-13
24460 -1.40401e-13
24470 -1.39975e-13
24480 -1.4739e-13
24490 -1.51038e-13
24500 -1.39055e-13
24510 -1.40626e-13
24520 -1.40797e-13
24530 -1.44711e-13
24540 -1.42256e-13
24550 -1.35161e-13
24560 -1.32005e-13
24570 -1.13533e-13
24580 -1.37181e-13
24590 -1.29417e-13
24600 -1.27362e-13
24610 -1.30974e-13
24620 -1.25254e-13
24630 -1.13965e-13
24640 -1.07939e-13
24650 -9.86623e-14
24660 -1.08036e-13
24670 -9.58406e-14
24680 -8.94508e-14
24690 -1.05857e-13
24700 -1.14908e-13
24710 -1.06254e-13
24720 -9.33276e-14
24730 -9.85826e-14
24740 -9.23544e-14
24750 -8.48865e-14
24760 -1.02896e-13
24770 -9.23457e-14
24780 -9.78999e-14
24790 -1.02485e-13
24800 -9.65595e-14
24810 -9.96108e-14
24820 -9.42119e-14
24830 -9.42476e-14
24840 -9.46049e-14
24850 -1.00428e-13
24860 -9.60649e-14
24870 -9.55966e-14
24880 -9.30467e-14
24890 -8.80181e-14
24900 -9.87503e-14
24910 -9.17368e-14
24920 -7.99387e-14
24930 -8.50088e-14
24940 -8.87622e-14
24950 -7.7051e-14
24960 -8.16073e-14
24970 -8.75087e-14
24980 -8.30104e-14
24990 -9.19972e-14
25000 -8.78723e-14
25010 -1.02247e-13
25020 -9.63656e-14
25030 -1.1494e-13
25040 -1.17051e-13
25050 -1.32506e-13
25060 -1.40332e-13
25070 -1.26228e-13
25080 -1.40302e-13
25090 -1.30309e-13
25100 -1.29644e-13
25110 -1.3307e-13
25120 -1.27581e-13
25130 -1.26896e-13
25140 -1.39079e-13
25150 -1.36708e-13
25160 -1.34114e-13
25170 -1.33354e-13
25180 -1.26372e-13
25190 -1.37089e-13
25200 -1.33125e-13
25210 -1.26319e-13
25220 -1.26264e-13
25230 -1.3199e-13
25240 -1.35147e-13
25250 -1.35896e-13
25260 -1.38714e-13
25270 -1.37423e-13
25280 -1.43233e-13
25290 -1.48139e-13
25300 -1.31882e-13
25310 -1.2699e-13
25320 -1.19595e-13
25330 -1.17684e-13
25340 -1.21109e-13
25350 -1.27156e-13
25360 -1.26312e-13
25370 -1.40424e-13
25380 -1.32088e-13
25390 -1.20195e-13
25400 -1.11583e-13
25410 -1.161e-13
25420 -1.24651e-13
25430 -1.30978e-13
25440 -1.16455e-13
25450 -1.16851e-13
25460 -1.16264e-13
25470 -1.12379e-13
25480 -1.12759e-13
25490 -1.04878e-13
25500 -9.84468e-14
25510 -1.09352e-13
25520 -1.20216e-13
25530 -1.31206e-13
25540 -1.17413e-13
25550 -1.25485e-13
25560 -1.2086e-13
25570 -1.08924e-13
25580 -1.25653e-13
25590 -1.14145e-13
25600 -1.19456e-13
25610 -1.0724e-13
25620 -1.11441e-13
25630 -9.95231e-14
25640 -9.44149e-14
25650 -8.83284e-14
25660 -1.03061e-13
25670 -1.29735e-13
25680 -1.36328e-13
25690 -1.60136e-13
25700 -1.85771e-13
25710 -2.14467e-13
25720 -2.77327e-13
25730 -3.41128e-13
25740 -4.33421e-13
25750 -5.57122e-13
25760 -7.50351e-13
25770 -1.01789e-12
25780 -1.35604e-12
25790 -1.82526e-12
25800 -2.47497e-12
25810 -3.36332e-12
25820 -4.56605e-12
25830 -6.22461e-12
25840 -8.44823e-12
25850 -1.14949e-11
25860 -1.56344e-11
25870 -2.12464e-11
25880 -2.88112e-11
25890 -3.90455e-11
25900 -5.28349e-11
25910 -7.14145e-11
25920 -9.63854e-11
25930 -1.29895e-10
25940 -1.74797e-10
25950 -2.34867e-10
25960 -3.15085e-10
25970 -4.22042e-10
25980 -5.64444e-10
25990 -7.53671e-10
26000 -1.00476e-09
26010 -1.33737e-09
26020 -1.77728e-09
26030 -2.35813e-09
26040 -3.1238e-09
26050 -4.13149e-09
26060 -5.45545e-09
26070 -7.1921e-09
26080 -9.46629e-09
26090 -1.24395e-08
26100 -1.63202e-08
26110 -2.13767e-08
26120 -2.79546e-08
26130 -3.64971e-08
26140 -4.75725e-08
26150 -6.19077e-08
26160 -8.0431e-08
26170 -1.04326e-07
26180 -1.35097e-07
26190 -1.74657e-07
26200 -2.2543e-07
26210 -2.90483e-07
26220 -3.7369e-07
26230 -4.79937e-07
26240 -6.1537e-07
26250 -7.8771e-07
26260 -1.00664e-06
26270 -1.28427e-06
26280 -1.63574e-06
26290 -2.07992e-06
26300 -2.64027e-06
26310 -3.34597e-06
26320 -4.23315e-06
26330 -5.34655e-06
26340 -6.74139e-06
26350 -8.48576e-06
26360 -1.06634e-05
26370 -1.33771e-05
26380 -1.67529e-05
26390 -2.09448e-05
26400 -2.61409e-05
26410 -3.25704e-05
26420 -4.05115e-05
26430 -5.03024e-05
26440 -6.2352e-05
26450 -7.71549e-05
26460 -9.53071e-05
26470 -0.000117526
26480 -0.000144674
26490 -0.000177783
26500 -0.000218089
26510 -0.000267067
26520 -0.000326472
26530 -0.000398391
26540 -0.0004853
26550 -0.000590129
26560 -0.000716337
26570 -0.000868
26580 -0.00104991
26590 -0.0012677
26600 -0.00152794
26610 -0.00183832
26620 -0.00220781
26630 -0.00264682
26640 -0.00316743
26650 -0.00378364
26660 -0.0045116
26670 -0.0053699
26680 -0.00637994
26690 -0.00756623
26700 -0.0089568
26710 -0.0105836
26720 -0.0124832
26730 -0.0146967
26740 -0.0172711
26750 -0.0202591
26760 -0.0237203
26770 -0.0277217
26780 -0.0323382
26790 -0.0376535
26800 -0.0437611
26810 -0.0507648
26820 -0.0587795
26830 -0.0679322
26840 -0.078363
26850 -0.0902256
26860 -0.103688
26870 -0.118935
26880 -0.136165
26890 -0.155596
26900 -0.177462
26910 -0.202015
26920 -0.229525
26930 -0.260282
26940 -0.294595
26950 -0.332789
26960 -0.375209
26970 -0.422219
26980 -0.474197
26990 -0.531538
27000 -0.594653
27010 -0.663962
27020 -0.739897
27030 -0.822898
27040 -0.913408
27050 -1.01187
27060 -1.11873
27070 -1.23442
27080 -1.35936
27090 -1.49397
27100 -1.63862
27110 -1.79367
27120 -1.95944
27130 -2.13622
27140 -2.32424
27150 -2.52368
27160 -2.73466
27170 -2.95724
27180 -3.1914
27190 -3.43705
27200 -3.69399
27210 -3.96196
27220 -4.24058
27230 -4.52939
27240 -4.8278
27250 -5.13515
27260 -5.45065
27270 -5.7734
27280 -6.10239
27290 -6.43653
27300 -6.77459
27310 -7.11529
27320 -7.45721
27330 -7.79888
27340 -8.13874
27350 -8.47516
27360 -8.80648
27370 -9.13098
27380 -9.44691
27390 -9.75253
27400 -10.0461
27410 -10.3258
27420 -10.59
27430 -10.8371
27440 -11.0654
27450 -11.2735
27460 -11.46
27470 -11.6235
27480 -11.7631
27490 -11.8775
27500 -11.9661
27510 -12.0281
27520 -12.0629
27530 -12.0704
27540 -12.0502
27550 -12.0026
27560 -11.9276
27570 -11.8257
27580 -11.6976
27590 -11.544
27600 -11.3658
27610 -11.1642
27620 -10.9405
27630 -10.6959
27640 -10.4321
27650 -10.1506
27660 -9.85321
27670 -9.54164
27680 -9.21775
27690 -8.8834
27700 -8.54047
27710 -8.19085
27720 -7.83639
27730 -7.47894
27740 -7.12026
27750 -6.76208
27760 -6.40602
27770 -6.05363
27780 -5.70635
27790 -5.36552
27800 -5.03237
27810 -4.70798
27820 -4.39334
27830 -4.08929
27840 -3.79656
27850 -3.51573
27860 -3.24728
27870 -2.99157
27880 -2.74883
27890 -2.5192
27900 -2.30269
27910 -2.09925
27920 -1.90872
27930 -1.73087
27940 -1.56541
27950 -1.41197
27960 -1.27014
27970 -1.13947
27980 -1.01946
27990 -0.909602
28000 -0.809358
28010 -0.718177
28020 -0.635505
28030 -0.560785
28040 -0.493468
28050 -0.433012
28060 -0.378891
28070 -0.330594
28080 -0.287631
28090 -0.249536
28100 -0.215862
28110 -0.186193
28120 -0.160134
28130 -0.13732
28140 -0.117411
28150 -0.100091
28160 -0.0850735
28170 -0.0720932
28180 -0.06091
28190 -0.0513063
28200 -0.0430858
28210 -0.0360721
28220 -0.0301075
28230 -0.0250516
28240 -0.0207802
28250 -0.0171832
28260 -0.0141644
28270 -0.011639
28280 -0.00953356
28290 -0.00778406
28300 -0.00633519
28310 -0.00513935
28320 -0.00415569
28330 -0.00334931
28340 -0.00269053
28350 -0.00215416
28360 -0.00171898
28370 -0.00136711
28380 -0.0010836
28390 -0.000855971
28400 -0.000673847
28410 -0.000528647
28420 -0.000413299
28430 -0.000321993
28440 -0.000249977
28450 -0.000193382
28460 -0.000149068
28470 -0.000114497
28480 -8.76258e-05
28490 -6.68173e-05
28500 -5.07636e-05
28510 -3.84248e-05
28520 -2.89771e-05
28530 -2.17705e-05
28540 -1.62946e-05
28550 -1.21496e-05
28560 -9.02437e-06
28570 -6.67716e-06
28580 -4.92124e-06
28590 -3.61286e-06
28600 -2.64185e-06
28610 -1.92412e-06
28620 -1.39575e-06
28630 -1.00837e-06
28640 -7.25531e-07
28650 -5.19876e-07
28660 -3.70966e-07
28670 -2.636e-07
28680 -1.86517e-07
28690 -1.31411e-07
28700 -9.2188e-08
28710 -6.43911e-08
28720 -4.47784e-08
28730 -3.10017e-08
28740 -2.13678e-08
28750 -1.46612e-08
28760 -1.00138e-08
28770 -6.80804e-09
28780 -4.60705e-09
28790 -3.10296e-09
28800 -2.08004e-09
28810 -1.38766e-09
28820 -9.21245e-10
28830 -6.08617e-10
28840 -4.00082e-10
28850 -2.61663e-10
28860 -1.70291e-10
28870 -1.1023e-10
28880 -7.09829e-11
28890 -4.54623e-11
28900 -2.89416e-11
28910 -1.83068e-11
28920 -1.15337e-11
28930 -7.22667e-12
28940 -4.49253e-12
28950 -2.76982e-12
28960 -1.66754e-12
28970 -9.84198e-13
28980 -5.9644e-13
28990 -3.44854e-13
29000 -1.92371e-13
29010 -6.98995e-14
29020 -1.66327e-14
29030 -3.61248e-15
29040 6.20339e-15
29050 1.56774e-14
29060 1.47659e-15
29070 -3.03839e-14
29080 4.91374e-15
29090 1.73176e-14
29100 3.18552e-14
29110 3.46368e-16
29120 -2.75438e-14
29130 -1.32524e-14
29140 1.47936e-14
29150 3.42714e-14
29160 2.53949e-14
29170 1.42459e-14
29180 -2.85293e-15
29190 1.45227e-14
29200 3.75608e-14
29210 1.99419e-14
29220 1.09868e-14
29230 1.28317e-14
29240 5.02773e-15
29250 -6.97823e-15
29260 7.68607e-15
29270 -1.34733e-15
29280 7.812e-15
29290 -1.50269e-15
29300 -2.70001e-14
29310 -1.48341e-14
29320 -3.44385e-14
29330 9.26382e-15
29340 -2.13805e-14
29350 -4.18888e-14
29360 -1.9266e-14
29370 -2.29802e-15
29380 -1.30162e-14
29390 4.5698e-15
29400 9.11967e-16
29410 2.13514e-14
29420 -1.29912e-14
29430 -3.32899e-14
29440 -6.86186e-14
29450 -4.88072e-14
29460 9.13521e-15
29470 -1.07666e-14
29480 -2.19292e-14
29490 -3.19471e-14
29500 -3.08398e-14
29510 -9.99706e-15
29520 -1.74625e-14
29530 -2.01665e-14
29540 -2.37389e-14
29550 -7.09352e-15
29560 1.29057e-14
29570 -1.31188e-14
29580 -1.56892e-14
29590 -2.9427e-14
29600 -4.94471e-15
29610 4.57857e-15
29620 -2.21921e-14
29630 -2.19156e-14
29640 -9.44566e-16
29650 3.05483e-14
29660 2.42945e-14
29670 -3.6525e-15
29680 1.31169e-15
29690 1.75072e-14
29700 4.94961e-14
29710 4.92694e-14
29720 1.62479e-14
29730 1.03297e-14
29740 6.33353e-15
29750 1.30343e-14
29760 1.06379e-14
29770 -4.11239e-15
29780 1.26387e-14
29790 1.10102e-14
29800 2.50304e-14
29810 3.60494e-14
29820 2.2634e-14
29830 2.64331e-14
29840 4.97555e-14
29850 5.06961e-14
29860 5.49784e-14
29870 6.40125e-14
29880 3.27729e-14
29890 1.80408e-14
29900 3.14547e-14
29910 4.04958e-14
29920 3.96269e-14
29930 3.28448e-14
29940 2.44958e-14
29950 1.2312e-14
29960 5.80361e-15
29970 -2.46671e-14
29980 0
