-20 0
0 -0.000191634
20 -0.00038186
40 -0.000569281
60 -0.000752527
80 -0.000930263
100 -0.0011012
120 -0.00126412
140 -0.00141787
160 -0.00156138
180 -0.00169368
200 -0.00181392
220 -0.00192133
240 -0.00201531
260 -0.00209536
280 -0.00216115
300 -0.00221246
320 -0.00224924
340 -0.00227158
360 -0.00227972
380 -0.00227404
400 -0.00225506
420 -0.00222342
440 -0.00217989
460 -0.00212537
480 -0.00206082
500 -0.00198732
520 -0.00190601
540 -0.00181811
560 -0.00172488
580 -0.00162762
600 -0.00152768
620 -0.00142642
640 -0.00132522
660 -0.0012255
680 -0.00112865
700 -0.00103613
720 -0.000949381
740 -0.000869886
760 -0.000799157
780 -0.000738747
800 -0.000690261
820 -0.000655363
840 -0.000635788
860 -0.000633353
880 -0.000649961
900 -0.00068761
920 -0.000748394
940 -0.000834503
960 -0.000948217
980 -0.00109189
1000 -0.00126795
1020 -0.00147885
1040 -0.00172707
1060 -0.00201505
1080 -0.00234516
1100 -0.00271966
1120 -0.00314062
1140 -0.00360987
1160 -0.00412894
1180 -0.00469896
1200 -0.00532063
1220 -0.0059941
1240 -0.00671893
1260 -0.00749399
1280 -0.00831744
1300 -0.00918664
1320 -0.0100981
1340 -0.0110476
1360 -0.0120297
1380 -0.0130386
1400 -0.0140673
1420 -0.0151081
1440 -0.0161526
1460 -0.0171917
1480 -0.0182159
1500 -0.0192151
1520 -0.0201793
1540 -0.021098
1560 -0.0219611
1580 -0.0227587
1600 -0.0234814
1620 -0.0241202
1640 -0.0246672
1660 -0.0251154
1680 -0.025459
1700 -0.0256933
1720 -0.0258151
1740 -0.0258226
1760 -0.0257155
1780 -0.0254951
1800 -0.0251639
1820 -0.0247262
1840 -0.0241873
1860 -0.023554
1880 -0.022834
1900 -0.0220362
1920 -0.02117
1940 -0.0202455
1960 -0.0192732
1980 -0.0182637
2000 -0.0172277
2020 -0.0161758
2040 -0.0151179
2060 -0.0140638
2080 -0.0130224
2100 -0.0120021
2120 -0.0110101
2140 -0.010053
2160 -0.00913631
2180 -0.00826477
2200 -0.00744199
2220 -0.00667076
2240 -0.00595297
2260 -0.00528971
2280 -0.00468133
2300 -0.00412753
2320 -0.00362743
2340 -0.00317969
2360 -0.00278254
2380 -0.00243394
2400 -0.0021316
2420 -0.00187309
2440 -0.0016559
2460 -0.00147747
2480 -0.00133529
2500 -0.0012269
2520 -0.00114993
2540 -0.00110214
2560 -0.00108138
2580 -0.00108567
2600 -0.00111312
2620 -0.00116197
2640 -0.00123057
2660 -0.00131734
2680 -0.00142076
2700 -0.00153938
2720 -0.00167175
2740 -0.00181643
2760 -0.00197197
2780 -0.00213686
2800 -0.00230957
2820 -0.00248852
2840 -0.00267205
2860 -0.00285846
2880 -0.00304599
2900 -0.00323284
2920 -0.00341718
2940 -0.00359718
2960 -0.00377101
2980 -0.0039369
3000 -0.00409312
3020 -0.00423806
3040 -0.00437022
3060 -0.00448828
3080 -0.00459108
3100 -0.00467768
3120 -0.00474735
3140 -0.00479964
3160 -0.00483434
3180 -0.00485149
3200 -0.00485143
3220 -0.00483473
3240 -0.00480221
3260 -0.00475493
3280 -0.00469414
3300 -0.00462128
3320 -0.00453791
3340 -0.0044457
3360 -0.0043464
3380 -0.00424176
3400 -0.00413352
3420 -0.00402336
3440 -0.00391287
3460 -0.0038035
3480 -0.00369657
3500 -0.00359317
3520 -0.00349423
3540 -0.00340042
3560 -0.00331222
3580 -0.00322987
3600 -0.00315339
3620 -0.00308259
3640 -0.00301709
3660 -0.00295633
3680 -0.00289959
3700 -0.00284606
3720 -0.00279481
3740 -0.00274485
3760 -0.00269515
3780 -0.00264469
3800 -0.00259246
3820 -0.0025375
3840 -0.0024789
3860 -0.00241586
3880 -0.00234766
3900 -0.00227369
3920 -0.00219349
3940 -0.00210667
3960 -0.00201299
3980 -0.00191233
4000 -0.00180466
4020 -0.00169009
4040 -0.0015688
4060 -0.00144106
4080 -0.00130725
4100 -0.00116781
4120 -0.00102325
4140 -0.000874161
4160 -0.000721197
4180 -0.000565096
4200 -0.00040668
4220 -0.000246872
4240 -8.6716e-05
4260 7.26013e-05
4280 0.000229715
4300 0.000383043
4320 0.000530738
4340 0.000670632
4360 0.000800162
4380 0.000916296
4400 0.00101543
4420 0.00109328
4440 0.00114475
4460 0.00116379
4480 0.00114319
4500 0.00107445
4520 0.00094746
4540 0.000750332
4560 0.000469069
4580 8.72656e-05
4600 -0.000414227
4620 -0.00105767
4640 -0.00186883
4660 -0.00287736
4680 -0.00411723
4700 -0.00562713
4720 -0.00745082
4740 -0.00963756
4760 -0.0122423
4780 -0.0153261
4800 -0.0189561
4820 -0.0232055
4840 -0.0281538
4860 -0.0338858
4880 -0.040492
4900 -0.0480672
4920 -0.0567099
4940 -0.0665208
4960 -0.0776016
4980 -0.0900531
5000 -0.0998444
5020 -0.110762
5040 -0.12285
5060 -0.136147
5080 -0.150686
5100 -0.166493
5120 -0.183585
5140 -0.20197
5160 -0.221645
5180 -0.242596
5200 -0.264795
5220 -0.2882
5240 -0.312755
5260 -0.338387
5280 -0.365008
5300 -0.392515
5320 -0.420787
5340 -0.449686
5360 -0.479061
5380 -0.508746
5400 -0.538561
5420 -0.568313
5440 -0.597801
5460 -0.626815
5480 -0.655138
5500 -0.682551
5520 -0.708834
5540 -0.73377
5560 -0.757145
5580 -0.778754
5600 -0.798405
5620 -0.815917
5640 -0.831126
5660 -0.843888
5680 -0.85408
5700 -0.861602
5720 -0.866377
5740 -0.868358
5760 -0.867521
5780 -0.863872
5800 -0.857441
5820 -0.848289
5840 -0.836499
5860 -0.82218
5880 -0.805465
5900 -0.786505
5920 -0.765472
5940 -0.742552
5960 -0.717944
5980 -0.69186
6000 -0.664515
6020 -0.636131
6040 -0.60693
6060 -0.577133
6080 -0.546954
6100 -0.516604
6120 -0.486282
6140 -0.456176
6160 -0.426461
6180 -0.397298
6200 -0.368831
6220 -0.341188
6240 -0.314481
6260 -0.288803
6280 -0.26423
6300 -0.240824
6320 -0.218626
6340 -0.197666
6360 -0.177956
6380 -0.159498
6400 -0.142279
6420 -0.126278
6440 -0.111461
6460 -0.09779
6480 -0.0852172
6500 -0.073691
6520 -0.0631556
6540 -0.0535522
6560 -0.0448206
6580 -0.0368999
6600 -0.0297292
6620 -0.0232493
6640 -0.0174023
6660 -0.0121329
6680 -0.00738883
6700 -0.00312076
6720 0.00071696
6740 0.00416636
6760 0.00726573
6780 0.0100496
6800 0.0125489
6820 0.014791
6840 0.0167998
6860 0.0185961
6880 0.0201979
6900 0.0216205
6920 0.0228767
6940 0.0239776
6960 0.0249322
6980 0.0257482
7000 0.026432
7020 0.0269891
7040 0.0274243
7060 0.027742
7080 0.0279461
7100 0.0280406
7120 0.0280294
7140 0.0279165
7160 0.0277063
7180 0.0274034
7200 0.0270127
7220 0.0265395
7240 0.0259896
7260 0.0253688
7280 0.0246836
7300 0.0239406
7320 0.0231464
7340 0.0223082
7360 0.0214329
7380 0.0205275
7400 0.0195989
7420 0.0186541
7440 0.0176996
7460 0.0167416
7480 0.0157863
7500 0.0148392
7520 0.0139054
7540 0.0129897
7560 0.0120964
7580 0.011229
7600 0.0103908
7620 0.00958442
7640 0.00881208
7660 0.00807537
7680 0.00737548
7700 0.00671309
7720 0.00608848
7740 0.00550152
7760 0.00495171
7780 0.00443821
7800 0.00395992
7820 0.00351546
7840 0.00310325
7860 0.0027215
7880 0.00236832
7900 0.00204169
7920 0.0017395
7940 0.00145962
7960 0.00119988
7980 0.000958138
8000 0.000732267
8020 0.000520202
8040 0.000319948
8060 0.0001296
8080 -5.26419e-05
8100 -0.000228459
8120 -0.000399403
8140 -0.000566886
8160 -0.00073217
8180 -0.000896365
8200 -0.00106042
8220 -0.00122511
8240 -0.00139106
8260 -0.00155872
8280 -0.00172837
8300 -0.00190013
8320 -0.00207396
8340 -0.00224966
8360 -0.00242688
8380 -0.00260515
8400 -0.00278385
8420 -0.00296226
8440 -0.00313954
8460 -0.00331479
8480 -0.00348701
8500 -0.00365518
8520 -0.00381822
8540 -0.00397505
8560 -0.00412459
8580 -0.00426578
8600 -0.00439762
8620 -0.00451915
8640 -0.00462952
8660 -0.00472794
8680 -0.00481377
8700 -0.00488646
8720 -0.00494561
8740 -0.00499097
8760 -0.00502243
8780 -0.00504004
8800 -0.00504397
8820 -0.00503458
8840 -0.00501235
8860 -0.00497791
8880 -0.00493199
8900 -0.00487546
8920 -0.00480929
8940 -0.00473451
8960 -0.00465224
8980 -0.00456364
9000 -0.00446991
9020 -0.00437227
9040 -0.00427192
9060 -0.00417007
9080 -0.00406789
9100 -0.00396648
9120 -0.00386694
9140 -0.00377027
9160 -0.0036774
9180 -0.00358921
9200 -0.0035065
9220 -0.00342997
9240 -0.0033603
9260 -0.00329808
9280 -0.00324383
9300 -0.00319807
9320 -0.00316125
9340 -0.00313381
9360 -0.00311621
9380 -0.00310888
9400 -0.00311229
9420 -0.00312695
9440 -0.00315341
9460 -0.00319229
9480 -0.00324426
9500 -0.00331007
9520 -0.00339057
9540 -0.00348665
9560 -0.00359932
9580 -0.00372963
9600 -0.00387869
9620 -0.00404769
9640 -0.00423781
9660 -0.00445027
9680 -0.00468626
9700 -0.00494694
9720 -0.00523339
9740 -0.00554658
9760 -0.00588735
9780 -0.00625638
9800 -0.00665411
9820 -0.00708076
9840 -0.00753627
9860 -0.00802024
9880 -0.00853198
9900 -0.00907038
9920 -0.00963399
9940 -0.0102209
9960 -0.0108289
9980 -0.0114553
10000 -0.0119533
10020 -0.012462
10040 -0.0129787
10060 -0.0135006
10080 -0.0140245
10100 -0.0145472
10120 -0.0150651
10140 -0.0155747
10160 -0.0160722
10180 -0.0165538
10200 -0.0170156
10220 -0.0174539
10240 -0.0178649
10260 -0.018245
10280 -0.0185907
10300 -0.0188988
10320 -0.0191662
10340 -0.0193903
10360 -0.0195686
10380 -0.0196992
10400 -0.0197803
10420 -0.0198107
10440 -0.0197897
10460 -0.0197169
10480 -0.0195923
10500 -0.0194166
10520 -0.0191906
10540 -0.0189159
10560 -0.0185941
10580 -0.0182275
10600 -0.0178186
10620 -0.0173703
10640 -0.0168857
10660 -0.0163682
10680 -0.0158214
10700 -0.015249
10720 -0.0146548
10740 -0.0140428
10760 -0.0134167
10780 -0.0127806
10800 -0.0121383
10820 -0.0114933
10840 -0.0108494
10860 -0.0102098
10880 -0.00957775
10900 -0.00895624
10920 -0.00834793
10940 -0.00775529
10960 -0.00718048
10980 -0.0066254
11000 -0.00609165
11020 -0.00558058
11040 -0.00509324
11060 -0.00463044
11080 -0.00419272
11100 -0.00378039
11120 -0.00339353
11140 -0.00303202
11160 -0.00269555
11180 -0.00238365
11200 -0.00209571
11220 -0.00183096
11240 -0.00158857
11260 -0.00136759
11280 -0.001167
11300 -0.000985757
11320 -0.00082275
11340 -0.000676862
11360 -0.000546967
11380 -0.000431944
11400 -0.000330684
11420 -0.000242106
11440 -0.000165157
11460 -9.8827e-05
11480 -4.21458e-05
11500 5.80735e-06
11520 4.59031e-05
11540 7.89594e-05
11560 0.00010574
11580 0.000126957
11600 0.000143264
11620 0.000155266
11640 0.000163514
11660 0.000168509
11680 0.000170705
11700 0.000170507
11720 0.000168278
11740 0.000164338
11760 0.00015897
11780 0.000152416
11800 0.000144885
11820 0.000136555
11840 0.000127571
11860 0.00011805
11880 0.000108084
11900 9.77388e-05
11920 8.70585e-05
11940 7.60654e-05
11960 6.47626e-05
11980 5.31349e-05
12000 4.11505e-05
12020 2.87624e-05
12040 1.59094e-05
12060 2.51768e-06
12080 -1.14981e-05
12100 -2.62335e-05
12120 -4.17933e-05
12140 -5.82899e-05
12160 -7.58421e-05
12180 -9.45741e-05
12200 -0.000114614
12220 -0.000136091
12240 -0.000159136
12260 -0.00018388
12280 -0.000210449
12300 -0.000238967
12320 -0.00026955
12340 -0.000302308
12360 -0.000337337
12380 -0.000374726
12400 -0.000414545
12420 -0.000456851
12440 -0.000501681
12460 -0.000549053
12480 -0.00059896
12500 -0.000651375
12520 -0.000706241
12540 -0.000763479
12560 -0.000822977
12580 -0.000884597
12600 -0.000948171
12620 -0.0010135
12640 -0.00108036
12660 -0.00114848
12680 -0.00121759
12700 -0.00128738
12720 -0.0013575
12740 -0.0014276
12760 -0.00149731
12780 -0.00156623
12800 -0.00163396
12820 -0.00170009
12840 -0.00176421
12860 -0.0018259
12880 -0.00188478
12900 -0.00194044
12920 -0.00199254
12940 -0.00204073
12960 -0.0020847
12980 -0.0021242
13000 -0.00215901
13020 -0.00218895
13040 -0.00221394
13060 -0.00223392
13080 -0.00224895
13100 -0.00225911
13120 -0.00226463
13140 -0.00226579
13160 -0.00226296
13180 -0.00225665
13200 -0.00224744
13220 -0.00223605
13240 -0.0022233
13260 -0.00221015
13280 -0.00219768
13300 -0.0021871
13320 -0.00217977
13340 -0.0021772
13360 -0.00218103
13380 -0.00219307
13400 -0.00221529
13420 -0.0022498
13440 -0.00229891
13460 -0.00236507
13480 -0.00245091
13500 -0.00255922
13520 -0.00269298
13540 -0.0028553
13560 -0.00304946
13580 -0.00327888
13600 -0.00354712
13620 -0.00385785
13640 -0.00421485
13660 -0.00462193
13680 -0.005083
13700 -0.00560194
13720 -0.0061826
13740 -0.00682878
13760 -0.00754413
13780 -0.00833217
13800 -0.00919614
13820 -0.010139
13840 -0.0111634
13860 -0.0122715
13880 -0.0134651
13900 -0.0147452
13920 -0.0161125
13940 -0.0175666
13960 -0.0191067
13980 -0.0207311
14000 -0.0224371
14020 -0.0242212
14040 -0.0260789
14060 -0.0280047
14080 -0.0299922
14100 -0.0320339
14120 -0.0341212
14140 -0.0362449
14160 -0.0383944
14180 -0.0405587
14200 -0.0427255
14220 -0.0448822
14240 -0.0470154
14260 -0.0491111
14280 -0.0511551
14300 -0.0531329
14320 -0.0550298
14340 -0.0568312
14360 -0.0585228
14380 -0.0600905
14400 -0.0615209
14420 -0.0628011
14440 -0.0639193
14460 -0.0648643
14480 -0.0656265
14500 -0.0661971
14520 -0.066569
14540 -0.0667363
14560 -0.0666948
14580 -0.0664418
14600 -0.0659761
14620 -0.0652985
14640 -0.0644111
14660 -0.0633177
14680 -0.0620238
14700 -0.0605362
14720 -0.0588633
14740 -0.0570148
14760 -0.0550016
14780 -0.0528357
14800 -0.0505301
14820 -0.0480987
14840 -0.0455559
14860 -0.0429169
14880 -0.0401971
14900 -0.0374123
14920 -0.0345783
14940 -0.0317108
14960 -0.0288255
14980 -0.0259375
15000 -0.0239504
15020 -0.0219831
15040 -0.0200441
15060 -0.018141
15080 -0.0162811
15100 -0.014471
15120 -0.0127165
15140 -0.011023
15160 -0.00939509
15180 -0.00783662
15200 -0.00635088
15220 -0.00494047
15240 -0.00360736
15260 -0.00235288
15280 -0.00117776
15300 -8.21719e-05
15320 0.000934256
15340 0.0018724
15360 0.00273362
15380 0.00351968
15400 0.00423275
15420 0.00487536
15440 0.00545034
15460 0.0059608
15480 0.00641006
15500 0.00680167
15520 0.00713929
15540 0.00742672
15560 0.00766783
15580 0.00786654
15600 0.00802678
15620 0.00815244
15640 0.00824737
15660 0.00831535
15680 0.00836005
15700 0.00838501
15720 0.00839362
15740 0.0083891
15760 0.00837452
15780 0.00835271
15800 0.00832634
15820 0.00829785
15840 0.00826947
15860 0.0082432
15880 0.00822083
15900 0.00820396
15920 0.00819394
15940 0.00819194
15960 0.00819893
15980 0.00821569
16000 0.00824284
16020 0.00828081
16040 0.0083299
16060 0.00839027
16080 0.00846195
16100 0.00854487
16120 0.00863883
16140 0.00874358
16160 0.00885878
16180 0.00898403
16200 0.00911886
16220 0.00926276
16240 0.00941519
16260 0.00957555
16280 0.00974322
16300 0.00991756
16320 0.0100979
16340 0.0102835
16360 0.0104736
16380 0.0106675
16400 0.0108643
16420 0.0110632
16440 0.0112634
16460 0.0114638
16480 0.0116634
16500 0.0118613
16520 0.0120563
16540 0.0122474
16560 0.0124332
16580 0.0126125
16600 0.012784
16620 0.0129463
16640 0.013098
16660 0.0132377
16680 0.0133639
16700 0.013475
16720 0.0135695
16740 0.0136458
16760 0.0137024
16780 0.0137377
16800 0.0137501
16820 0.0137383
16840 0.0137005
16860 0.0136355
16880 0.0135416
16900 0.0134177
16920 0.0132623
16940 0.0130741
16960 0.0128519
16980 0.0125944
17000 0.0123006
17020 0.0119691
17040 0.011599
17060 0.0111891
17080 0.0107383
17100 0.0102454
17120 0.00970942
17140 0.00912913
17160 0.00850338
17180 0.00783096
17200 0.0071106
17220 0.006341
17240 0.00552083
17260 0.00464871
17280 0.0037232
17300 0.00274289
17320 0.00170632
17340 0.000612055
17360 -0.000541295
17380 -0.00175506
17400 -0.00303048
17420 -0.00436866
17440 -0.00577051
17460 -0.00723675
17480 -0.00876783
17500 -0.0103639
17520 -0.0120247
17540 -0.0137496
17560 -0.0155375
17580 -0.0173868
17600 -0.0192954
17620 -0.0212606
17640 -0.0232789
17660 -0.0253463
17680 -0.0274582
17700 -0.0296092
17720 -0.0317931
17740 -0.0340033
17760 -0.0362322
17780 -0.0384718
17800 -0.0407132
17820 -0.0429472
17840 -0.045164
17860 -0.0473533
17880 -0.0495045
17900 -0.0516066
17920 -0.0536486
17940 -0.0556192
17960 -0.0575073
17980 -0.0593018
18000 -0.060992
18020 -0.0625675
18040 -0.0640184
18060 -0.0653353
18080 -0.0665096
18100 -0.0675336
18120 -0.0684002
18140 -0.0691037
18160 -0.0696391
18180 -0.0700026
18200 -0.0701918
18220 -0.0702052
18240 -0.0700425
18260 -0.0697049
18280 -0.0691944
18300 -0.0685145
18320 -0.0676695
18340 -0.0666649
18360 -0.0655071
18380 -0.0642034
18400 -0.0627618
18420 -0.0611909
18440 -0.0595
18460 -0.0576986
18480 -0.0557965
18500 -0.0538037
18520 -0.05173
18540 -0.0495853
18560 -0.0473791
18580 -0.0451204
18600 -0.0428179
18620 -0.0404795
18640 -0.0381126
18660 -0.0357234
18680 -0.0333178
18700 -0.0309003
18720 -0.0284748
18740 -0.0260439
18760 -0.0236095
18780 -0.0211724
18800 -0.0187325
18820 -0.0162887
18840 -0.0138394
18860 -0.0113818
18880 -0.00891261
18900 -0.00642807
18920 -0.00392382
18940 -0.00139517
18960 0.00116277
18980 0.003755
19000 0.00638646
19020 0.0090619
19040 0.0117858
19060 0.014562
19080 0.017394
19100 0.0202844
19120 0.023235
19140 0.0262466
19160 0.0293189
19180 0.0324507
19200 0.0356392
19220 0.0388808
19240 0.04217
19260 0.0455006
19280 0.0488645
19300 0.0522528
19320 0.055655
19340 0.0590595
19360 0.0624537
19380 0.0658237
19400 0.069155
19420 0.0724323
19440 0.0756396
19460 0.0787604
19480 0.0817781
19500 0.0846761
19520 0.0874376
19540 0.0900463
19560 0.0924866
19580 0.0947432
19600 0.096802
19620 0.0986498
19640 0.100275
19660 0.101666
19680 0.102815
19700 0.103714
19720 0.104358
19740 0.104743
19760 0.104866
19780 0.104727
19800 0.104329
19820 0.103675
19840 0.10277
19860 0.101622
19880 0.10024
19900 0.0986333
19920 0.0968147
19940 0.0947971
19960 0.092595
19980 0.0902236
20000 0.087699
20020 0.085038
20040 0.0822578
20060 0.0793758
20080 0.0764097
20100 0.0733769
20120 0.0702947
20140 0.0671799
20160 0.064049
20180 0.0609174
20200 0.0578003
20220 0.0547115
20240 0.0516641
20260 0.0486701
20280 0.0457404
20300 0.042885
20320 0.0401123
20340 0.03743
20360 0.0348444
20380 0.0323608
20400 0.0299834
20420 0.0277152
20440 0.0255583
20460 0.023514
20480 0.0215826
20500 0.0197635
20520 0.0180556
20540 0.0164568
20560 0.0149649
20580 0.0135767
20600 0.0122889
20620 0.0110977
20640 0.00999912
20660 0.00898877
20680 0.00806226
20700 0.00721504
20720 0.00644251
20740 0.00574005
20760 0.00510312
20780 0.0045272
20800 0.00400791
20820 0.00354099
20840 0.00312233
20860 0.00274802
20880 0.0024143
20900 0.00211763
20920 0.00185466
20940 0.00162226
20960 0.0014175
20980 0.00123766
21000 0.00108021
21020 0.000942824
21040 0.000823374
21060 0.000719901
21080 0.000630621
21100 0.000553914
21120 0.000488314
21140 0.000432494
21160 0.000385262
21180 0.000345548
21200 0.000312394
21220 0.000284946
21240 0.000262441
21260 0.000244204
21280 0.000229636
21300 0.000218208
21320 0.000209453
21340 0.00020296
21360 0.000198369
21380 0.000195363
21400 0.000193667
21420 0.000193039
21440 0.000193272
21460 0.000194183
21480 0.000195618
21500 0.000197442
21520 0.000199543
21540 0.000201825
21560 0.000204208
21580 0.000206628
21600 0.000209031
21620 0.000211377
21640 0.000213635
21660 0.000215784
21680 0.000217813
21700 0.000219714
21720 0.00022149
21740 0.000223148
21760 0.0002247
21780 0.000226163
21800 0.000227556
21820 0.000228901
21840 0.000230224
21860 0.00023155
21880 0.000232906
21900 0.000234318
21920 0.000235813
21940 0.000237413
21960 0.000239142
21980 0.000241019
22000 0.000243061
22020 0.000245281
22040 0.000247689
22060 0.00025029
22080 0.000253084
22100 0.000256068
22120 0.000259234
22140 0.000262566
22160 0.000266049
22180 0.000269659
22200 0.000273369
22220 0.000277148
22240 0.000280962
22260 0.000284773
22280 0.00028854
22300 0.000292222
22320 0.000295773
22340 0.000299149
22360 0.000302304
22380 0.000305192
22400 0.000307769
22420 0.000309992
22440 0.000311821
22460 0.000313217
22480 0.000314146
22500 0.000314577
22520 0.000314482
22540 0.000313839
22560 0.000312631
22580 0.000310846
22600 0.000308475
22620 0.000305517
22640 0.000301975
22660 0.000297857
22680 0.000293176
22700 0.000287951
22720 0.000282204
22740 0.000275962
22760 0.000269256
22780 0.000262119
22800 0.000254589
22820 0.000246704
22840 0.000238507
22860 0.000230039
22880 0.000221345
22900 0.000212468
22920 0.000203453
22940 0.000194342
22960 0.000185177
22980 0.000176
23000 0.000166848
23020 0.000157759
23040 0.000148765
23060 0.000139898
23080 0.000131183
23100 0.000122645
23120 0.000114302
23140 0.000106169
23160 9.82558e-05
23180 9.05671e-05
23200 8.31018e-05
23220 7.58528e-05
23240 6.88062e-05
23260 6.19408e-05
23280 5.5227e-05
23300 4.86262e-05
23320 4.20893e-05
23340 3.55555e-05
23360 2.89508e-05
23380 2.21857e-05
23400 1.51537e-05
23420 7.72794e-06
23440 -2.41119e-07
23460 -8.92935e-06
23480 -1.85427e-05
23500 -2.93216e-05
23520 -4.15457e-05
23540 -5.55396e-05
23560 -7.16785e-05
23580 -9.03952e-05
23600 -0.000112188
23620 -0.000137626
23640 -0.000167363
23660 -0.000202141
23680 -0.000242804
23700 -0.000290308
23720 -0.00034573
23740 -0.000410281
23760 -0.000485319
23780 -0.000572359
23800 -0.000673084
23820 -0.00078936
23840 -0.000923247
23860 -0.00107701
23880 -0.00125311
23900 -0.00145427
23920 -0.00168339
23940 -0.00194365
23960 -0.00223844
23980 -0.00257138
24000 -0.00294636
24020 -0.00336746
24040 -0.00383898
24060 -0.00436543
24080 -0.0049515
24100 -0.00560202
24120 -0.00632195
24140 -0.00711633
24160 -0.00799026
24180 -0.0089488
24200 -0.00999699
24220 -0.0111397
24240 -0.0123817
24260 -0.0137274
24280 -0.0151809
24300 -0.016746
24320 -0.0184259
24340 -0.0202232
24360 -0.0221399
24380 -0.0241773
24400 -0.0263358
24420 -0.0286148
24440 -0.0310129
24460 -0.0335276
24480 -0.0361553
24500 -0.038891
24520 -0.041729
24540 -0.0446618
24560 -0.0476811
24580 -0.0507771
24600 -0.0539389
24620 -0.0571544
24640 -0.0604102
24660 -0.063692
24680 -0.0669846
24700 -0.0702716
24720 -0.0735362
24740 -0.0767606
24760 -0.0799269
24780 -0.0830166
24800 -0.0860112
24820 -0.0888923
24840 -0.0916415
24860 -0.094241
24880 -0.0966736
24900 -0.0989229
24920 -0.100973
24940 -0.102811
24960 -0.104422
24980 -0.105796
25000 -0.106923
25020 -0.107794
25040 -0.108404
25060 -0.108747
25080 -0.108822
25100 -0.108628
25120 -0.108166
25140 -0.107441
25160 -0.106457
25180 -0.105222
25200 -0.103744
25220 -0.102036
25240 -0.100108
25260 -0.0979753
25280 -0.0956516
25300 -0.0931532
25320 -0.0904967
25340 -0.0876997
25360 -0.0847801
25380 -0.081756
25400 -0.0786457
25420 -0.0754676
25440 -0.0722395
25460 -0.068979
25480 -0.0657031
25500 -0.0624281
25520 -0.0591695
25540 -0.0559417
25560 -0.0527582
25580 -0.0496314
25600 -0.0465723
25620 -0.0435911
25640 -0.0406964
25660 -0.0378957
25680 -0.0351952
25700 -0.0326001
25720 -0.030114
25740 -0.0277399
25760 -0.0254792
25780 -0.0233326
25800 -0.0212998
25820 -0.0193797
25840 -0.0175701
25860 -0.0158685
25880 -0.0142715
25900 -0.0127754
25920 -0.0113758
25940 -0.0100681
25960 -0.00884737
25980 -0.00770855
26000 -0.00664634
26020 -0.00565542
26040 -0.00473045
26060 -0.00386617
26080 -0.00305742
26100 -0.00229917
26120 -0.00158661
26140 -0.000915156
26160 -0.000280488
26180 0.00032143
26200 0.000894328
26220 0.00144161
26240 0.00196634
26260 0.00247125
26280 0.00295873
26300 0.0034308
26320 0.00388916
26340 0.00433519
26360 0.00476992
26380 0.00519409
26400 0.00560814
26420 0.00601223
26440 0.00640628
26460 0.00678995
26480 0.00716272
26500 0.00752387
26520 0.0078725
26540 0.00820763
26560 0.00852811
26580 0.00883276
26600 0.00912032
26620 0.00938952
26640 0.00963909
26660 0.00986778
26680 0.0100744
26700 0.0102578
26720 0.0104171
26740 0.0105512
26760 0.0106595
26780 0.0107412
26800 0.0107961
26820 0.0108237
26840 0.010824
26860 0.0107971
26880 0.0107433
26900 0.0106631
26920 0.010557
26940 0.0104261
26960 0.0102712
26980 0.0100936
27000 0.00989472
27020 0.00967591
27040 0.00943884
27060 0.00918524
27080 0.00891692
27100 0.00863577
27120 0.00834375
27140 0.00804286
27160 0.00773509
27180 0.00742248
27200 0.00710703
27220 0.00679072
27240 0.00647547
27260 0.00616317
27280 0.00585564
27300 0.00555459
27320 0.00526167
27340 0.00497842
27360 0.00470629
27380 0.0044466
27400 0.00420058
27420 0.00396933
27440 0.00375384
27460 0.00355499
27480 0.00337353
27500 0.00321011
27520 0.00306526
27540 0.00293939
27560 0.00283283
27580 0.00274578
27600 0.00267833
27620 0.00263051
27640 0.00260221
27660 0.00259324
27680 0.00260334
27700 0.00263211
27720 0.00267911
27740 0.00274379
27760 0.00282551
27780 0.00292354
27800 0.0030371
27820 0.0031653
27840 0.00330717
27860 0.00346166
27880 0.00362767
27900 0.00380399
27920 0.00398937
27940 0.00418248
27960 0.00438191
27980 0.00458623
28000 0.00479392
28020 0.00500344
28040 0.00521318
28060 0.00542154
28080 0.00562684
28100 0.00582742
28120 0.0060216
28140 0.00620768
28160 0.00638398
28180 0.00654881
28200 0.00670053
28220 0.00683749
28240 0.00695809
28260 0.00706074
28280 0.00714391
28300 0.00720609
28320 0.00724583
28340 0.0072617
28360 0.00725231
28380 0.00721632
28400 0.00715243
28420 0.00705933
28440 0.00693577
28460 0.00678051
28480 0.00659231
28500 0.00636995
28520 0.00611219
28540 0.00581781
28560 0.00548555
28580 0.00511415
28600 0.00470233
28620 0.00424877
28640 0.00375216
28660 0.00321117
28680 0.00262443
28700 0.00199061
28720 0.00130839
28740 0.000576458
28760 -0.000206422
28780 -0.00104142
28800 -0.0019296
28820 -0.00287189
28840 -0.00386905
28860 -0.00492162
28880 -0.00602991
28900 -0.00719392
28920 -0.00841332
28940 -0.00968738
28960 -0.011015
28980 -0.0123945
29000 -0.0138237
29020 -0.0153
29040 -0.0168201
29060 -0.0183799
29080 -0.0199749
29100 -0.0215997
29120 -0.0232484
29140 -0.0249141
29160 -0.0265895
29180 -0.0282663
29200 -0.0299356
29220 -0.031588
29240 -0.0332133
29260 -0.0348008
29280 -0.0363392
29300 -0.037817
29320 -0.0392222
29340 -0.0405426
29360 -0.0417658
29380 -0.0428794
29400 -0.0438713
29420 -0.0447294
29440 -0.0454421
29460 -0.0459982
29480 -0.0463873
29500 -0.0465996
29520 -0.0466264
29540 -0.0464599
29560 -0.0460935
29580 -0.045522
29600 -0.0447414
29620 -0.0437495
29640 -0.0425452
29660 -0.0411294
29680 -0.0395046
29700 -0.0376748
29720 -0.0356459
29740 -0.0334254
29760 -0.0310224
29780 -0.0284478
29800 -0.0257139
29820 -0.0228343
29840 -0.0198242
29860 -0.0166999
29880 -0.0134787
29900 -0.0101788
29920 -0.00681931
29940 -0.00341972
29960 0
